value,sup,dur,Y,S
1.0,2.3288885926042833524452654686412609724e-293,110.0,0.99999199613834690519774365551186203492,0.29330651210404798175166849175208079302
0.98999999999999999111821580299874767661,1.4424804673214027514002741346348771793e-146,110.0,0.99921099706061383591257830878416628658,0.28562551920260635434525249789323126318
0.97999999999999998223643160599749535322,2.8735883543399918217934734226566932984e-117,109.0,0.99842784245163858440317549188910483931,0.28076099131187599470560671028109738599
0.96999999999999997335464740899624302983,1.3930045112885793890628579374317208801e-99,109.0,0.99764572164840856844615030078690143662,0.27658677705236583378169495222329063189
0.95999999999999996447286321199499070644,8.0491641633181045271593926753571545752e-87,109.0,0.9968649108204058533553269222463446084,0.27283791589133543846591350319302129911
0.94999999999999995559107901499373838305,8.2066703180755879273937187455018832498e-77,108.0,0.9960851706225097103028764129178611246,0.2694585752565112229062626850589331686
0.93999999999999994670929481799248605967,1.4305129974184190894093458087861311703e-68,108.0,0.99530665462074898068300807934989002132,0.26633167566170934122409397014290682131
0.93000000000000004884981308350688777864,1.4565697656511762247753799334977167461e-61,108.0,0.99452931783982130868040989854410746391,0.26331541879866100419058869456638413302
0.92000000000000003996802888650563545525,1.8183486608720351387515733220459592926e-55,107.0,0.9937529734794813402700746329326345933,0.26055834533920235389063052542756503819
0.91000000000000003108624468950438313186,4.5085827553722384467525101712414763452e-50,107.0,0.99297833136904742402708434900647371032,0.25793248059750871028934317890855893141
0.90000000000000002220446049250313080847,3.0938721304700012232210531996243473324e-45,107.0,0.99220451387597830563014378223764634065,0.25531504567968478783661704084395557799
0.89000000000000001332267629550187848508,7.4549553976227419091288403117090873701e-41,106.0,0.99143217712647818074212724187565637059,0.25297835730365948546392562753973524301
0.88000000000000000444089209850062616169,7.5261693167697874045752648862188665607e-37,106.0,0.99066067662146193985427905626689556784,0.25071313632912428654843870343783446244
0.86999999999999999555910790149937383831,3.6422147224818099013183457403871493962e-33,105.0,0.98989091927628314718885249476154994415,0.24846838260065245770077104711388110321
0.85999999999999998667732370449812151492,9.3842783464114560140500458525920971371e-30,105.0,0.98912177486358754786234702118265934252,0.24625026977985113752420219435251352079
0.84999999999999997779553950749686919153,1.3991649093464769225574791752536113917e-26,104.0,0.98835429802030072856103145459916511026,0.24425854893307967651342736183851295376
0.83999999999999996891375531049561686814,1.2910444485429049905404505163933116814e-23,104.0,0.9875880052957029266060278012869704129,0.24232987701749752819664989911298828917
0.82999999999999996003197111349436454475,7.7879573331645331561375410185817163308e-21,103.0,0.98682242771460012086896483642333815748,0.24042364542979770241885739110548322251
0.81999999999999995115018691649311222136,3.2131107939900376197639710886193824196e-18,103.0,0.98605846277411330387563319347092220357,0.23854201673571256341257076909498843596
0.81000000000000005329070518200751394033,9.4122893524352565017685690287115329708e-16,102.0,0.98529589985456404804014296243431627658,0.23668654643004799656591598218423406827
0.80000000000000004440892098500626161695,2.0193053641670644778087846365722758618e-13,101.0,0.98453412948353204400288685171002194103,0.23490565059501554597424251723209988988
0.79000000000000003552713678800500929356,3.2546767160475180111151893442423749592e-11,100.0,0.98377315581302812663877680101606152761,0.23328104412499939800166490809550006479
0.78000000000000002664535259100375697017,4.021500548993040237664219231263162136e-09,99.0,0.98301422899856463372049134286641801378,0.23167625520592125326932841986201542812
0.77000000000000001776356839400250464678,3.8630379363360245721794359705959549433e-07,98.0,0.9822564144667448274079289045621924551,0.23009197440901055191773462990616227016
0.76000000000000000888178419700125232339,2.6703327874829490432334832222836846461e-05,97.0,0.98149945428278002072773046568545641896,0.22852868808460793522595511014768923207
0.75,0.00045055970180680113250721167827252184048,95.0,0.98074335054246605165177075210420046314,0.22698671659777773517220431028048563723
0.73999999999999999111821580299874767661,0.0022662902373224375563798864535114595977,75.0,0.97998847889818750756125128228997570895,0.22546624527154617384434962700158607612
0.72999999999999998223643160599749535322,0.0060982898628080790606632252059033695566,36.0,0.9792356036230077938429737836206390582,0.22396734953774328770360740398152177698
0.71999999999999997335464740899624302983,0.011815103746442439496028348608223604822,0.0,0.97848362881021283229552631523634288759,0.22257669001039368193223166941743068645
0.70999999999999996447286321199499070644,0.018990844540919855117397544087385070442,0.0,0.9777325550411360322800463709838653959,0.22125136044053692213888230334923117329
0.69999999999999995559107901499373838305,0.027190572484758079837789660018524695153,0.0,0.9769823830410787442496275730665107981,0.21994229953102706305712291574449994519
0.68999999999999994670929481799248605967,0.036117161537143614181511157802740215272,0.0,0.97623311364159973017955175082548584811,0.21864955549168059408805916930022092106
0.68000000000000004884981308350688777864,0.04554648258512749689780315983546346962,0.0,0.9754857707205911886969240087922766225,0.2173731260724742582566097779452957662
0.67000000000000003996802888650563545525,0.055327035122215065849373442129375343044,0.0,0.97473981320994467737397087915229617777,0.21611296675848469205041518990129281331
0.66000000000000003108624468950438313186,0.065333590158453356088315625842181361999,0.0,0.97399479020520289789783851008862378166,0.21486899769829812275718162214108185267
0.65000000000000002220446049250313080847,0.075486646613531166412252853156672025711,0.0,0.97325070141330931169841122305462750259,0.21364110957394236771458368418638129282
0.64000000000000001332267629550187848508,0.085748330385368777923876420103912849393,0.0,0.9725075466229897535080288580929051058,0.21242916858336618526043375346366163056
0.63000000000000000444089209850062616169,0.096116335283875039331996689683995724317,0.0,0.97176532568703701586286161128895904599,0.21123302067660397675897688999650116752
0.61999999999999999555910790149937383831,0.10652542511304322540638780130734913443,0.0,0.97102403850744766776481687168788990422,0.2100971961384827822138798534577547078
0.60999999999999998667732370449812151492,0.11695113933802051863565570967118576946,0.0,0.97028505450015027750225101086468075462,0.20903197237037909270905708384527825168
0.59999999999999997779553950749686919153,0.12741246509240233099980989639956315787,0.0,0.96954712228962198392825153125561416662,0.20797890611157282169268119885091289725
0.58999999999999996891375531049561686814,0.13786877558051389578793078319867868763,0.0,0.96881014669443651881942637045945618657,0.20693791256488260058248511660543691486
0.57999999999999996003197111349436454475,0.14830510141830594834073785889460095857,0.0,0.96807412681113341570480853565284731331,0.2059088948133367129406902849316430776
0.56999999999999995115018691649311222136,0.15880143305713604396625716244440949137,0.0,0.96733906178616869565443126405641732072,0.2048917456753543890695377604207515062
0.56000000000000005329070518200751394033,0.16917277789388202133579721762701291868,0.0,0.96660495080726887968878271587417942855,0.20388634932239139371354616893136065756
0.55000000000000004440892098500626161695,0.17958007137541838512795290949130787948,0.0,0.96587179309595463218183381529648517597,0.20289258269055989400632153279315049669
0.54000000000000003552713678800500929356,0.19001968500844163413880760181973495421,0.0,0.96513958790106925211589080884498048776,0.20191031671323480395895223962246672024
0.53000000000000002664535259100375697017,0.20031956303856259822962419095979682584,0.0,0.96440937969123556086629470903094009194,0.20093941739785549892315431108463076183
0.52000000000000001776356839400250464678,0.21063800416459351171167965035205357549,0.0,0.96368053632617519998064479609710652449,0.1999797467669083755690127456357566988
0.51000000000000000888178419700125232339,0.22097380905603957265267885874121676714,0.0,0.96295266163342817295285819408172188575,0.19903116368033559286025081436570022227
0.50,0.23124083872521542229323410093658657079,0.0,0.96222575429073134496726579376483753322,0.19809352455428102492843701362267781789
0.48999999999999999111821580299874767661,0.24143650493625592342524410578584183914,0.0,0.9614998130091129920784372650389850943,0.19717572906904432065744973610012351377
0.47999999999999998223643160599749535322,0.25164074187657612172516141911953441655,0.0,0.96077483652845311418744757786486338885,0.19633657710172055390921808976278469369
0.46999999999999997335464740899624302983,0.26185064477168432621763509871657064904,0.0,0.96005082361354860705088737995808190076,0.19550602709348503437414317584686359076
0.46000000000000001998401444325281772763,0.2719762909210186232117091581753033854,0.0,0.95932777305062301586416200247840857155,0.19468399040841915931159242111028256233
0.45000000000000001110223024625156540424,0.28203007439190743393617808712374674265,0.0,0.95860568364422846146321277556515278531,0.19387037619316445024337884389383881957
0.44000000000000000222044604925031308085,0.2920848687546861961562628517161261497,0.0,0.95788455421449417229616789014952870052,0.19306509177958539533327428924803802294
0.42999999999999999333866185224906075746,0.30213894933955812204153192455733092997,0.0,0.95716544828342991849438103818907649714,0.19226804304337002526992564205236534272
0.41999999999999998445687765524780843407,0.31216891397751732049366364417597827068,0.0,0.95644766879360873645386064653958068254,0.19147913472333159273029462980747947252
0.40999999999999997557509345824655611068,0.3220554236548437105243482617985092899,0.0,0.95573086005933275767519232110560166881,0.1906982707056280733626894980594362174
0.40000000000000002220446049250313080847,0.33193849398180426559824580677222419828,0.0,0.95501502050340765108379113063550896288,0.18992535427663729174344660059576562293
0.39000000000000001332267629550187848508,0.34181702816513203767219639840828958164,0.0,0.95430014857039986417546346983773878895,0.18916028834780507066077276556588639432
0.38000000000000000444089209850062616169,0.35169005434825721020213565638539169916,0.0,0.95358624272445877552892182667166454337,0.18840297565541437269814373338888095257
0.36999999999999999555910790149937383831,0.36150280508924656532240852895424374426,0.0,0.95287330144734584454351188001323419653,0.18765331893789795291865603675418142454
0.35999999999999998667732370449812151492,0.37119764279735354381915432040547775161,0.0,0.95216132323665003033594313032424383697,0.1869112210930304087458141340852118335
0.34999999999999997779553950749686919153,0.38088547702034820076607049041112618978,0.0,0.95145030660417096504548599464133907171,0.18617658531708224538871080361149286979
0.34000000000000002442490654175344388932,0.39056565112128093627927551189191900238,0.0,0.95074025007445341516259322712526462534,0.18544931522779479891085403210897427475
0.33000000000000001554312234475219156593,0.40023757606039570315023753588992538075,0.0,0.95003115218345830686945055297640434856,0.18472931497283671907517243733445916864
0.32000000000000000666133814775093924254,0.40987175608145819429965634059793322239,0.0,0.94932301147735723743689100697749968832,0.18402614129661397276130556489751377279
0.30999999999999999777955395074968691915,0.41935586383661966012412537827426564829,0.0,0.94861671024142673251876068221457178459,0.1833798022561653504725414466463017621
0.29999999999999998889776975374843459576,0.42883082567841258875499707459911206205,0.0,0.94791188295432443497628827993918611882,0.18273927180080695745903307071627221296
0.28999999999999998001598555674718227237,0.43829622808096567877656487263517148991,0.0,0.94720801950046007023576630564255748863,0.18210448654970908640450677321044684123
0.28000000000000002664535259100375697017,0.44775169691660742656530498987688407279,0.0,0.94650511815322327989609145162295276342,0.1814753831195125647553994373318213508
0.27000000000000001776356839400250464678,0.45719689350843753418375774611438161799,0.0,0.9458031772009960351921805991773959298,0.18085189820294005726613399253335295853
0.26000000000000000888178419700125232339,0.46650312478847915202899111859258861184,0.0,0.94510219494607925461314414196212489897,0.18023396863956386386629807316689881388
0.25,0.47575073108622772112104673963426442369,0.0,0.9444021697037042980997012034902429288,0.17962153147943292307250820011994103756
0.23999999999999999111821580299874767661,0.48498756535100719003473647877783751322,0.0,0.94370309980112223880852577349180447913,0.17901452404019669210539766078597115142
0.23000000000000000999200722162640886381,0.49421338409242906715336944005942059335,0.0,0.9430049835767643990661740087139936931,0.17841288395830479589363646600503242058
0.22000000000000000111022302462515654042,0.50342796590446729876684409620541150258,0.0,0.94230781937946824804070018562957046928,0.1778165492348084093414884175837873182
0.20999999999999999222843882762390421703,0.51261967974625600379601236978319158113,0.0,0.94161160556776333180613050764096034904,0.1772254582762415856014931489524874724
0.20000000000000001110223024625156540424,0.52162694950253575683444897633031402652,0.0,0.94091634050921232300387956980894264492,0.17663954993101752089750258435741927293
0.19000000000000000222044604925031308085,0.53062265668246401101843348631966000005,0.0,0.94022202257980276605073665922054525586,0.17605876352173576676383909292064395164
0.17999999999999999333866185224906075746,0.53960664236543074380503601865428765354,0.0,0.93952865016338548533573230066295725682,0.17548303887376108556508458924814591729
0.17000000000000001221245327087672194466,0.5485787619370351359614854994589483507,0.0,0.93883622165115592536992976559876101199,0.17491231634040262177588125182147596146
0.16000000000000000333066907387546962127,0.55753888391346884344742761129636129768,0.0,0.93814599561475162803272266490632883038,0.17434653682499312280305117841140759378
0.14999999999999999444888487687421729788,0.56644047089452628582507884913376109231,0.0,0.93745682380462638794904413313063789241,0.17378564180014165543503396581156776128
0.14000000000000001332267629550187848508,0.57518306300429108821677471310896216287,0.0,0.93676859927776365949873689472711747253,0.17322957332440936278994403545636887024
0.13000000000000000444089209850062616169,0.58391348273547915631282690796166043212,0.0,0.9360813202432098696293450182722695779,0.17267827405663617917916929239386256099
0.11999999999999999555910790149937383831,0.59263163817825272282514027191856170864,0.0,0.93539498492064816794678421280465274477,0.17213168726812672270617017677700463762
0.11000000000000000055511151231257827021,0.60133744622040249361657036181811011785,0.0,0.93470959153988610434580193971170847942,0.17159189077168983614165871699137391774
0.10000000000000000555111512312578270212,0.61003083188282546879139317155394144276,0.0,0.93402513834037665660436023642900018468,0.17110098611840132461602858744575014921
0.089999999999999996669330926124530378729,0.61864439242810156820407605835448338347,0.0,0.93334162357077026104029214814602114674,0.17061388191016499264133612333997117271
0.080000000000000001665334536937734810635,0.62710968263919218098374827894262649264,0.0,0.93265904548849568246031520977818632572,0.17013053911549293032685523406167301026
0.070000000000000006661338147750939242542,0.63556248252669099260656099422292415686,0.0,0.9319774023593677185459239125290576176,0.16965091897011271403738677844475449831
0.059999999999999997779553950749686919153,0.64400274362099284787381895015121761903,0.0,0.93129669245721991260727566397968403554,0.16917498299077133743660849441315191258
0.050000000000000002775557561562891351059,0.65243042301539378192705469443377478747,0.0,0.93061691406356056237663886202428588707,0.16870269298760470236930663722987721766
0.040000000000000000832667268468867405318,0.66084548297366891789752837254169605869,0.0,0.9299380654672504398462359752525073786,0.1682340110751826119795257184557683784
0.029999999999999998889776975374843459576,0.66916061935144368783729213175343240414,0.0,0.92926014496420078351505095035633618177,0.16776889968233085392905227336856442779
0.020000000000000000416333634234433702659,0.67733667706213720038198511744574313041,0.0,0.92858315085709019295042215859697607969,0.16730732156082423137014233762607344419
0.010000000000000000208166817117216851329,0.68550013354054602412251904714516660938,0.0,0.92790708145509918205265665473077952656,0.16684923979303732984828986046068908387
0.0,0.69365096949992505862418505322216156775,0.0,0.92723193507366122871677337274547738054,0.16639461779863327462876891291301359
