value,sup,dur,Y,S
1.0,1.8576092139221847390409077816797697138e-369,130.0,0.99999743973707733714477693504585011352,0.89507028398489347785524193758304997925
0.98999999999999999111821580299874767661,5.6617544731823317797372350989904044961e-150,130.0,0.99920461414925376817360824267541036443,0.89343784420571360841094236919229974141
0.97999999999999998223643160599749535322,5.9402745387088679859355509869937974355e-112,129.0,0.99841155798477223913102545508158747857,0.89221036105495081047988358463012002608
0.96999999999999997335464740899624302983,1.9931711472840484129032262690216165307e-89,129.0,0.99762042961230713555029851624983968526,0.89081697042366637579532767789713602878
0.95999999999999996447286321199499070644,2.3595015981882483998273073010182037266e-73,129.0,0.9968305544664526156592854462910617495,0.88990628540877805555328313786650566108
0.94999999999999995559107901499373838305,7.5683825683505855874996090887263733161e-61,129.0,0.99604126356473749530504037549221850888,0.88888399640339364055666098561897805176
0.93999999999999994670929481799248605967,1.3047305670046120911351010884698705081e-50,129.0,0.99525330541437200409576222488449691211,0.88764561098345826844440674762262127987
0.93000000000000004884981308350688777864,6.0093894622630212541676292053260678561e-42,129.0,0.99446773248046660950415125834781540609,0.8866016081141915396223016150336046568
0.92000000000000003996802888650563545525,1.9346255528667083983297241150891183808e-34,129.0,0.99368220954343597330063663773215848821,0.88592789531223210954093061669982119897
0.91000000000000003108624468950438313186,8.1136202438674224621519854784739520514e-28,129.0,0.99289683666040956021103382845160645133,0.88516971200524782387049968306463218022
0.90000000000000002220446049250313080847,5.7179828332597852661309248135349792982e-22,129.0,0.99211459116784267595196078528435273379,0.88435498188015548829523256554550017262
0.89000000000000001332267629550187848508,8.0753501859468050814600414297165808175e-18,129.0,0.99133425836245518911180707985378220779,0.88350308117857454161545281434870389065
0.88000000000000000444089209850062616169,2.1816409345393176604601162544910333307e-15,129.0,0.99055442256577739829652168166733860063,0.88262769475413280965989577994360332371
0.86999999999999999555910790149937383831,6.9983980332592417622357814257698636949e-14,128.0,0.98977512203088868288901351405523764176,0.88173862202398965864917687392370652932
0.85999999999999998667732370449812151492,9.5266639984558638557235311414714676088e-13,128.0,0.98899639146492180121333552556137355624,0.88084295340716353449050645893777547976
0.84999999999999997779553950749686919153,8.2533316130142708152436315058840362443e-12,108.0,0.98821826234640649347092929621946256754,0.87994585645680560181284246857126749349
0.83999999999999996891375531049561686814,5.3074139902627676478938179257113057923e-11,91.0,0.98744228099315897128504279176543473267,0.87936038280531595420984063932830325996
0.82999999999999996003197111349436454475,2.7526115923781434717469312430885632693e-10,78.0,0.986669794562792883678126722356641104,0.87881558956201193949615172495370847844
0.81999999999999995115018691649311222136,1.1896827891196677686424248293756170246e-09,68.0,0.9858980662697867476342047625386753408,0.87825982115647843480857159689392560578
0.81000000000000005329070518200751394033,4.4766435293943657747753733823170058412e-09,61.0,0.98512710992481049348721526981726329991,0.87769592580597400488912311062980534151
0.80000000000000004440892098500626161695,1.5007382062706396460594794625961823258e-08,55.0,0.984356938509210706873008637372426469,0.87712622680624994287031327838270948209
0.79000000000000003552713678800500929356,4.4950158578285038686136289931508164507e-08,50.0,0.98358756419800245630268080077143330688,0.87655262662538126217831776776871422229
0.78000000000000002664535259100375697017,1.2349514398689000798467537424644696709e-07,45.0,0.98281899839444271745906772063743558949,0.87597668802492900178388359824461909857
0.77000000000000001776356839400250464678,3.1717664334340098721834088359091156708e-07,41.0,0.98205125177043982488551821517749384381,0.87539969782603748773257967240491628095
0.76000000000000000888178419700125232339,7.4738349128737422707411128574457900263e-07,38.0,0.98128433430926931508512877032500090021,0.87482271743182962497111238772576775952
0.75,1.6760149586019063800079464076642890672e-06,36.0,0.98051825534844799711463431353456033435,0.87424662314940513689477319306376654557
0.73999999999999999111821580299874767661,3.5170922069067725062272186336810572734e-06,34.0,0.97975302362148692347277101270806845757,0.87367213858785797002828401514253651553
0.72999999999999998223643160599749535322,7.0865774864506001697948528096732022144e-06,32.0,0.97899197853324483109416829933376658685,0.87309986085167648920722877751878474717
0.71999999999999997335464740899624302983,1.3447439895185815458642391615070406292e-05,30.0,0.97823273933495566492612253371053715099,0.87253028183989233030690669438666240074
0.70999999999999996447286321199499070644,2.4880110468184068175145162877252968797e-05,27.0,0.97747441251293551497817882597487653527,0.87196380565803893547436849513924280384
0.69999999999999995559107901499373838305,4.3235743268978096014366216126517490721e-05,26.0,0.97671700175647277578214064426371511157,0.87140076292295384549349503928455487871
0.68999999999999994670929481799248605967,7.3491219468807737999860590719418613112e-05,25.0,0.97596051057281108283694244434712094161,0.87084142256904341176468937017920517904
0.68000000000000004884981308350688777864,0.00012003131140492565261244547502004930139,23.0,0.97520494228830523436738645285511614182,0.8702860016341448256324530987571438434
0.67000000000000003996802888650563545525,0.00018913025341052979732778848351272664739,22.0,0.9744503000511777057857552125820146055,0.86973467340303299608195156607120664693
0.66000000000000003108624468950438313186,0.00029263353388507058761893254568172654497,20.0,0.97369658683540561038410317431338973987,0.86918757420929515645247329868216518358
0.65000000000000002220446049250313080847,0.00043209324049396547991438164790285189162,19.0,0.97294380544538630663373815018864938009,0.86864480913615169893960295721875232026
0.64000000000000001332267629550187848508,0.00062579675736762205370065838817388754825,18.0,0.97219195852111860779427801480523448212,0.86810645680972191087246921474370718417
0.63000000000000000444089209850062616169,0.0008893329259211127123188550962365561572,17.0,0.97144104854370267768602370725168621965,0.86757257344115693876706652028299118563
0.61999999999999999555910790149937383831,0.0012137702850186675109112518799548167041,16.0,0.97069107784101167596732951429844268804,0.86704319624469747758554609556778028345
0.60999999999999998667732370449812151492,0.0016334886136581124695493864009480638654,15.0,0.96994204859342593548846256253731252955,0.86651834633533044976675894578350855236
0.59999999999999997779553950749686919153,0.0021616888874658942785031950842428966879,14.0,0.96919396283954905371048184111463409451,0.86599803119100334244068977681023052054
0.58999999999999996891375531049561686814,0.0027651450893555049342434468235140434538,13.0,0.96844682248184700915036684488976446835,0.86557997286928562208983596164481344748
0.57999999999999996003197111349436454475,0.0034951471866637547805358644260599836577,11.0,0.96770062929216794660537963081160930991,0.86521014403936157772195390935739601834
0.56999999999999995115018691649311222136,0.0043666633327156048587195490221715707305,11.0,0.96695538491711286076401659213199778462,0.86484141278020661692546703088923925623
0.56000000000000005329070518200751394033,0.0053069092242356909535872587594751745983,9.0,0.96621148645770203727364249997156374468,0.86447389364096073971977245785183361692
0.55000000000000004440892098500626161695,0.0063708190054022231058058983719437155817,8.0,0.96547226288522883305228365174126567331,0.86410768775816755196272710510077522354
0.54000000000000003552713678800500929356,0.0075769031137664800195075293492202645893,6.0,0.96473401409796347271941017177098526525,0.86374288426956785425975093438245991979
0.53000000000000002664535259100375697017,0.0089093914460896557763872386505694446192,4.0,0.96399674008417565389591849525403347333,0.86337956156726436504107703588325327924
0.52000000000000001776356839400250464678,0.010269052512093112854092426150806067947,0.0,0.96326044079514697080135668165075779392,0.86301778841041378916170248042966229088
0.51000000000000000888178419700125232339,0.011752139036500860354251536278420435709,0.0,0.96252511614487025094421819289459805998,0.86265762491481218950422683740090190223
0.50,0.01335817777667305339610191727597428859,0.0,0.961790766009971735144726134502179445,0.86229912343437264971001856668870286844
0.48999999999999999111821580299874767661,0.015085532130170938693442902950502074844,0.0,0.96105739022981667177097240004183536573,0.86194232934748061264547376017117732154
0.47999999999999998223643160599749535322,0.016810583267828491320146603704785986675,0.0,0.96032498860676532672231465069707557828,0.86158728175949472053518657532382981138
0.46999999999999997335464740899624302983,0.018590468121514568639844168219032478285,0.0,0.9595935609065517567772443707087804903,0.86123401413119215331667015003706648018
0.46000000000000001998401444325281772763,0.020461776828645987282974536409669433505,0.0,0.9588631068587621536223895338152284544,0.86088255484169821208409178457840232991
0.45000000000000001110223024625156540424,0.022420770383424147608976809912901537248,0.0,0.9581336261573932597796942937759344701,0.86053292769335770642596028866898461062
0.44000000000000000222044604925031308085,0.024463403171073793064043439797876916599,0.0,0.95740511846147455920075543490434083443,0.86018515236507358714312025937066684825
0.42999999999999999333866185224906075746,0.02656643870293747781521871200818983641,0.0,0.95667758339574041788645114795628653918,0.85983924481983345778497520118654579027
0.41999999999999998445687765524780843407,0.028588179862607060138170088817755069437,0.0,0.9559510205513406893452196692154756049,0.85949521767144842153378340475944815337
0.40999999999999997557509345824655611068,0.030669896755112801305891257027685395694,0.0,0.95522542948658006475790172445309029491,0.85915308051492503769959094980158059572
0.40000000000000002220446049250313080847,0.032808198346138671406400229912685440861,0.0,0.95450080972767804039752444219892972289,0.85881284022436676159843504862457993616
0.39000000000000001332267629550187848508,0.034999734893479745993057856586074086705,0.0,0.95377716076954266024641552289025064277,0.85847450122184474277273205386112025975
0.38000000000000000444089209850062616169,0.037241226388406748278148261924537134573,0.0,0.95305448207655239026292774416585579132,0.85813806572027978917605925416797499828
0.36999999999999999555910790149937383831,0.039529485648130933447691796076591192946,0.0,0.95233277308334128297648955956452564365,0.85780353394302940344016913805172161947
0.35999999999999998667732370449812151492,0.041861436465795236620672939577484418033,0.0,0.95161203319558353082926853022090879039,0.85747090432256940871283006013400395146
0.34999999999999997779553950749686919153,0.044160927570465337006721994146834636486,0.0,0.95089226179077409958719004452842192068,0.85714017368039269605658947862176137903
0.34000000000000002442490654175344388932,0.046406296890771055310507562207414689636,0.0,0.95017345821900273998060722556587107664,0.85681133739001318943490314802402024653
0.33000000000000001554312234475219156593,0.048682992861268348344490286050504360436,0.0,0.94945562180371913151519239295355869976,0.85648438952475686232776540427890755784
0.32000000000000000666133814775093924254,0.050988990603487298722524277331923491921,0.0,0.9487387518424874101629032317860253533,0.85615932299183995487231669441499411555
0.30999999999999999777955395074968691915,0.053322367691736310735221171216280057062,0.0,0.94802284760772854340919213980641140606,0.85583612965407411511806237883874210539
0.29999999999999998889776975374843459576,0.055681303796470536706665070009802560019,0.0,0.94730790834744945400045483228912515305,0.85551480044039653022542437996721982674
0.28999999999999998001598555674718227237,0.058064079312357781515560555790094954211,0.0,0.94659393328595796282919042143748578871,0.85519532544629764503189076361979078173
0.28000000000000002664535259100375697017,0.060469073169816912833213452844193170709,0.0,0.94588092162456286761868286031552762182,0.8548776940251079124495955605522501212
0.27000000000000001776356839400250464678,0.062894760005480990809227843393852996239,0.0,0.94516887254225862379944989035477334258,0.85456189487100634432909972203713215979
0.26000000000000000888178419700125232339,0.065339706844446579193676061904128391838,0.0,0.94445976448292390978636246738156985392,0.85424791609452598915028964665486345009
0.25,0.067802569425838912816472575524461638738,0.0,0.94375357751709276364397799580967904673,0.85393574529125338100218049342844560662
0.23999999999999999111821580299874767661,0.070247079043431413522734283478682767607,0.0,0.94304835855289105423776457858305839249,0.85362536960434955335997093535350774646
0.23000000000000000999200722162640886381,0.072602045064517596503449912772142985112,0.0,0.94234410625510809861144617801959469451,0.85331677578145816618867735158971101692
0.22000000000000000111022302462515654042,0.074970391906285343716984439689723839892,0.0,0.94164081928406923364748704037364836269,0.85300995022651092041867426766369135737
0.20999999999999999222843882762390421703,0.077351238341370654948713838784724278389,0.0,0.94093849629558406300122644369827565821,0.85270487904689093118760641263197163524
0.20000000000000001110223024625156540424,0.07974375533312921312619340612733824557,0.0,0.94023713594091454797646403426261324156,0.85240154809637037473669012754995485217
0.19000000000000000222044604925031308085,0.082147163328589637962703383360328204599,0.0,0.93953673686676075782127335885332313062,0.85209994301419902408821256598998293471
0.17999999999999999333866185224906075746,0.084560729605646743662634072942182191358,0.0,0.93883729771526232097325403235919636789,0.85180004926068465165542919314459747974
0.17000000000000001221245327087672194466,0.086983765690543013354400425758974980653,0.0,0.93813881712401376832892094893351656446,0.85150185214957425099112799108677904039
0.16000000000000000333066907387546962127,0.089415624857882032296245436154341762701,0.0,0.93744129372609219284532568215866766931,0.85120533687751628301147671694188257418
0.14999999999999999444888487687421729788,0.091855699722189444195719408900587918596,0.0,0.93674472615009581119852192317603829255,0.85091048855085826322128564935576506805
0.14000000000000001332267629550187848508,0.094303419927320437638425887070752939527,0.0,0.93604911302019210567401171046412358338,0.85061729221001066592866033745116826085
0.13000000000000000444089209850062616169,0.096758249937746130056623602040769219029,0.0,0.93535445295617440660414211445916842326,0.85032573285158712080830084660771651226
0.11999999999999999555910790149937383831,0.099219686933878198438738086159838032548,0.0,0.93466074457352589186541347373469393437,0.85003579544851190565712031709440109092
0.11000000000000000055511151231257827021,0.10168725881205962509807517705289066418,0.0,0.93396798648349003141710441173265321646,0.84974746496826858203978268624468562742
0.10000000000000000555111512312578270212,0.10416052228861170902052133912061930902,0.0,0.93327617729314665863206711415668413531,0.84946072638944815596076129208137319107
0.089999999999999996669330926124530378729,0.10663906110634192538292219016511408405,0.0,0.93258531560549290750843321697558503849,0.84917556471674111958235756725791738803
0.080000000000000001665334536937734810635,0.10912248434114577750746062147230575716,0.0,0.93189540001952833180914320926434774523,0.84889196499450504003006932691306061882
0.070000000000000006661338147750939242542,0.11161042480574542419421253794456668315,0.0,0.9312064291303435829565594640651203589,0.84860991231902785759688712649202837812
0.059999999999999997779553950749686919153,0.11401407544810093994799761356429852041,0.0,0.93051840152921211195980511909688989226,0.84832939184959663607417999250902127967
0.050000000000000002775557561562891351059,0.11639757831157707919556884933587251114,0.0,0.92983131580368439029448297663024356305,0.84805038881847202977124137430464160256
0.040000000000000000832667268468867405318,0.11878450729590124056498178410651407372,0.0,0.92914517053768419438627165753121431007,0.84777288853986013212376226967679462421
0.029999999999999998889776975374843459576,0.12117459523938311551781165170563593522,0.0,0.92845996431160657313257033709905207984,0.84749687641796556572168430288133496577
0.020000000000000000416333634234433702659,0.12356758948613900126455742298379043125,0.0,0.92777569570241711936181514089949612715,0.84722233795420254677199684074224640297
0.010000000000000000208166817117216851329,0.12596325105018929822221457515431327975,0.0,0.92709236328375223105968016877227066984,0.84694925875363419563389664729243167033
0.0,0.12836135382726313767864448339698567413,0.0,0.92640996562602007196090061360632623842,0.84667762453070446509288128408097542132
