value,sup,dur,Y,S
1.0,1.919657040555815243591318309240733499e-78,111.0,0.99594849049241030484641605462689262363,0.28368044895644965934653423200778268274
0.98999999999999999111821580299874767661,3.8471184919543129522840523344107379177e-78,110.0,0.99597659285779792209576045473456351669,0.28083331983465037633458032578064151523
0.97999999999999998223643160599749535322,7.9189686423118484837813297095184358898e-78,110.0,0.99600442499406123905455793813723261769,0.27788546061775972941646584859537489039
0.96999999999999997335464740899624302983,1.6761952659877326358002120966678761569e-77,109.0,0.99603173820712608106626251032113812817,0.27513389912736050038174400444257875164
0.95999999999999996447286321199499070644,3.652882754043037406491889842496137072e-77,109.0,0.9960585078007938705545449748904479533,0.27232608328156811321624126941994542742
0.94999999999999995559107901499373838305,8.2066703180748618845321240000160836718e-77,108.0,0.99608517062250971388159525451338115092,0.26945857525651122664930277386905499151
0.93999999999999994670929481799248605967,1.9033503069716128780813303541445829068e-76,108.0,0.99611118421461675516023544342013524182,0.26658589314183479658005390920945303395
0.93000000000000004884981308350688777864,4.5638302892565070288964502697030055197e-76,108.0,0.99613676554206198154635293212602719732,0.26383886650228574007346710501928347742
0.92000000000000003996802888650563545525,1.13312827314829182348428251045501344e-75,107.0,0.99616193314573752925704757682589156834,0.26105526568310291752963025259294305648
0.91000000000000003108624468950438313186,2.918044925840669277097562061124526549e-75,106.0,0.99618648855415202146567117273728438312,0.25824981377510095364864477892478587473
0.90000000000000002220446049250313080847,7.8080225959489201949707808921301335879e-75,106.0,0.99621064971132785607458607592315829436,0.25543438853185621993186948762882203982
0.89000000000000001332267629550187848508,2.1749622895721240563809245919813511621e-74,105.0,0.99623420053848067613481904618128907862,0.252618216640666810958391073915737847
0.88000000000000000444089209850062616169,6.3198448749278246610274578314595993313e-74,105.0,0.99625714432014413899176523754925294964,0.24980801881306933328267770448477481362
0.86999999999999999555910790149937383831,1.9197717661705242707807208481936146928e-73,104.0,0.99627965106496190187677970254339348632,0.24700811897150930028655797439337454619
0.85999999999999998667732370449812151492,6.1107332714410969192419453231761655726e-73,104.0,0.99630141198476807151136403586068107863,0.24422052715021260420437337982287238168
0.84999999999999997779553950749686919153,2.0432586462365731726272960821542810638e-72,103.0,0.99632246526454433846484933614657564829,0.24144500289644169187671332696380693292
0.83999999999999996891375531049561686814,7.1962440420244546943253843668376324475e-72,102.0,0.99634305401148648648284694182134303153,0.23867910396606519249177593114983415078
0.82999999999999996003197111349436454475,2.677288626623132694457778101331293166e-71,102.0,0.99636288344010033646345113935046671397,0.23591822388606315416054970994696948313
0.81999999999999995115018691649311222136,1.0554603884215744376971176322392955948e-70,101.0,0.99638195029201678912715318003501696545,0.23315562140300190275603501096903127226
0.81000000000000005329070518200751394033,4.4238718209704891857313113571611392086e-70,100.0,0.99640023824655115496061824091010276755,0.23038244484216785023228679685986886902
0.80000000000000004440892098500626161695,1.9785615767296271575093919025844101602e-69,99.0,0.99641771739980861657461862797614678116,0.22758775486834422784119965239498719615
0.79000000000000003552713678800500929356,9.4794568517582928277220429407177452777e-69,98.0,0.99643434346053784081276456935351516567,0.22475854998197816871789548959710183013
0.78000000000000002664535259100375697017,4.885909737429231522238158752350650254e-68,98.0,0.99645005662918174945611589542422348199,0.22202283993512324395380716789922254313
0.77000000000000001776356839400250464678,2.7216496941730224957942955924990270474e-67,97.0,0.99646478011357115193488313644377178614,0.21923943777012787487514415821282117636
0.76000000000000000888178419700125232339,1.6466918292919041581980151032631960421e-66,96.0,0.99647866789285942562286764062948303809,0.21641555798696017259024399552710309324
0.75,1.0880390322875069174928896856806985298e-65,95.0,0.9964914655688149232733173941862594884,0.21365992480293897585223294205517695855
0.73999999999999999111821580299874767661,7.8976567573246230582647108151560893306e-65,94.0,0.9965030343920400656400811122687094578,0.2108290192419323665550521312685550929
0.72999999999999998223643160599749535322,6.3383668816960074094204931832213214912e-64,93.0,0.99651363677766321521822753687459281536,0.20805044675670972003665357899194170238
0.71999999999999997335464740899624302983,5.6642939889751373732022214517807048352e-63,92.0,0.99652285732683601796140254166608225044,0.20524686227227080200431261354959707666
0.70999999999999996447286321199499070644,5.6801143191324392841909322156776969082e-62,91.0,0.99653079230733078881575493246004640891,0.20241099796809623487032260026473419073
0.69999999999999995559107901499373838305,6.4459576564497686195678114875935845386e-61,89.0,0.99653256139267933786032024149845801448,0.19957413981812076906202288328549763456
0.68999999999999994670929481799248605967,8.3555043524781759610125904977901111643e-60,88.0,0.99652448621441990751816597814685565259,0.19675691019502718828341143024962802496
0.68000000000000004884981308350688777864,1.2498252243875796140741268606545495402e-58,87.0,0.99650507019720286632895429791769584282,0.1939180542003515093292962535092818672
0.67000000000000003996802888650563545525,2.1817264099660469234652755175609041537e-57,85.0,0.99647246076123989770538415553035629607,0.19106903257815184087987233586231797618
0.66000000000000003108624468950438313186,4.4999245446829628373199218578496392114e-56,84.0,0.99642434271122978176074941427724443255,0.18823664871757968845261094786377951261
0.65000000000000002220446049250313080847,1.1117172514346895842507096997025576603e-54,82.0,0.9963577928766268259086961007895129454,0.18537553718159153908989612921402843604
0.64000000000000001332267629550187848508,3.3396853358123809448599176028554710827e-53,81.0,0.99626907938166859469295102086624615975,0.18248392258438453207053447811457245046
0.63000000000000000444089209850062616169,1.2403436993472221422359161595844146707e-51,79.0,0.99615338068846482149313196680441141168,0.17960758424998186672324854919445912401
0.61999999999999999555910790149937383831,5.7999761005702673529174570850914199774e-50,77.0,0.9960043866909867283490587884229576761,0.17671513909135434677613775427092714143
0.60999999999999998667732370449812151492,3.4837120891229721144446286698820586542e-48,75.0,0.99581372373529773953206882279492556102,0.17380334574804320872991626029415259536
0.59999999999999997779553950749686919153,2.7469765401657627237319578974560980577e-46,73.0,0.99557011259406994943683761835882142878,0.17087723832285527345283845321190818825
0.58999999999999996891375531049561686814,2.9112725800039330622373618141599410725e-44,71.0,0.99525811474666940653711113929875468688,0.16792137966466135487369078245088990516
0.57999999999999996003197111349436454475,4.2519814259033813233367194337281226736e-42,68.0,0.99485623334991039215083406141219342092,0.16498579070096921059584235444670549642
0.56999999999999995115018691649311222136,8.7831128739976983731218158193242833392e-40,66.0,0.99433398596079622021551473921085388876,0.16201443846866064074791869616284134349
0.56000000000000005329070518200751394033,2.6330178828663305852406396259328991131e-37,63.0,0.99364731301505197557247684035344441132,0.1590312166807157391291272630867064121
0.55000000000000004440892098500626161695,1.1730054612269760752599488996518049562e-34,60.0,0.99273125529275019386162084472863224902,0.15602312179186081697040616633116865942
0.54000000000000003552713678800500929356,7.9095985282425148673413903159231375892e-32,57.0,0.9914881035749421580368893371692907109,0.15300991224249872990927420345306722652
0.53000000000000002664535259100375697017,8.1349277763552382646558666828572124786e-29,53.0,0.98976801103635946642386235866056853497,0.14996979591954936015602121050657612386
0.52000000000000001776356839400250464678,1.2618266318417739826175374024926110888e-25,49.0,0.98733713976078181783897207652660947009,0.14691150110389621890172420495918777969
0.51000000000000000888178419700125232339,2.8286393428586673234621086671819915838e-22,45.0,0.98382568262464788451363742787589206359,0.14383529201526867906197811117291085995
0.50,8.363945677006777401259757067634796382e-19,40.0,0.97864512071814142346300605511043358102,0.14072599418145093815502719901026080615
0.48999999999999999111821580299874767661,2.7737251860334490463456438232080672261e-15,35.0,0.97086339640771326810927283667771632565,0.13504382125895296711633667806400632304
0.47999999999999998223643160599749535322,7.9794747754611935719521374880841502979e-12,29.0,0.9590350452062803350782171944223945662,0.12490602824917443107468695295831366353
0.46999999999999997335464740899624302983,1.3754430676750071766962831093825503679e-08,22.0,0.94101304991379635669197944684224750247,0.11103974149645166987989991952265368184
0.46000000000000001998401444325281772763,8.735579187193971942515515654650683366e-06,15.0,0.9138338862031465955550887869471513825,0.094818998255352314135077887456939928514
0.45000000000000001110223024625156540424,0.0011499641731331626393838006235013618976,6.0,0.87386607602741037316402445840995770771,0.077798503194342744727822933492412475754
0.44000000000000000222044604925031308085,0.021086935981177736252887157710676946858,0.0,0.81749692613787968819777975679437342874,0.061308827635784200938264144527742368634
0.42999999999999999333866185224906075746,0.089154682816190547465754277175031296859,0.0,0.74255221296488482610561711171441713988,0.046330685079629514035333687057294676226
0.41999999999999998445687765524780843407,0.19568033547091956312190930878162998333,0.0,0.65016494057247989579366871220691875404,0.033531538437453966686502460062874266578
0.40999999999999997557509345824655611068,0.32238423739006458809906627712424233232,0.0,0.5459752290645819005807833985272306731,0.023268036337615417944707567174689945669
0.40000000000000002220446049250313080847,0.45382970695681128747955555097854484177,0.0,0.43924578195344076947270845692367975299,0.015550175311519866093791743997345726117
0.39000000000000001332267629550187848508,0.57669329626682151602225343700504262591,0.0,0.33979716556170380834259800536172215885,0.010080364346428055319383593484738415709
0.38000000000000000444089209850062616169,0.68197574425315983076331678314377478059,0.0,0.25468742317064475687972113480491160298,0.0063902917626984473287258559018724569578
0.36999999999999999555910790149937383831,0.76613472273056094861088116609237104859,0.0,0.18675674473870906687302875166901749839,0.0039924690228179837601137542847998536755
0.35999999999999998667732370449812151492,0.83001029809501209520956855032371434823,0.0,0.13531231350700741598472112826014014134,0.0024749176142544478970198502217098351792
0.34999999999999997779553950749686919153,0.87679013849779160779008765731580631534,0.0,0.097743257728456495233925073106330383295,0.0015308923337123987502171430535423759947
0.34000000000000002442490654175344388932,0.9102939516303793372974866408516100584,0.0,0.070923339469888415896585354519969226688,0.00094962240836926375084531444759619776295
0.33000000000000001554312234475219156593,0.9340077039824224176137483602185744598,0.0,0.052005567459574008398804615514241849036,0.00059349790427405432717441224767825718057
0.32000000000000000666133814775093924254,0.95072024264330758093676112502726652471,0.0,0.038724783504451293139843386717567276518,0.00049956196272356148331221368146430897241
0.30999999999999999777955395074968691915,0.96068903492717358525370278953827861439,0.0,0.03088744840654238445264238897009820319,0.00049779121343968895801883964733877663119
0.29999999999999998889776975374843459576,0.96670539574095148878724869476394304974,0.0,0.026159937864759363357441333389821899141,0.00049602046428275444055493200779697765529
0.28999999999999998001598555674718227237,0.97087552591925689805915286430346518082,0.0,0.022883645964876355490333761936418194196,0.00049424971525275791727096617944297858879
0.28000000000000002664535259100375697017,0.97398368916775817063227795943262719709,0.0,0.020441554927616903440375288500500810719,0.00049247896634969938434705019854450737993
0.27000000000000001776356839400250464678,0.97641020232762600107735177060266567553,0.0,0.018535739063230465944646241668851968391,0.00049070821757357880847440136557332479178
0.26000000000000000888178419700125232339,0.97836752688611074945928357489600864863,0.0,0.016998031240638553735039107794610923946,0.00048893746892439618583313233536471091717
0.25,0.97998586067619592558921103402961136125,0.0,0.015727002229858676616220759819619212969,0.00048716672040215150277372635236322553127
0.23999999999999999111821580299874767661,0.98134901998489690334449601143529414098,0.0,0.01465644774963966014331293473756885852,0.00048539597200684474564666861797267490497
0.23000000000000000999200722162640886381,0.98251565799530898295487388042047734728,0.0,0.01374007632767023002188176467719621599,0.00048362522373847590571725986028957156822
0.22000000000000000111022302462515654042,0.98352729092603988873101173433302021334,0.0,0.012946111979267529329633942058159264435,0.00048185447559704495950636170284411631898
0.20999999999999999222843882762390421703,0.98441252599315005676332833508054936136,0.0,0.012250351465168986514038927603756438681,0.00048008372758255189827927913997302447199
0.20000000000000001110223024625156540424,0.98519554853911517081115713016528574015,0.0,0.011635297110589983133773498602961311755,0.00047831297969499671330131771367722892997
0.19000000000000000222044604925031308085,0.985893370969715316831392134498184397,0.0,0.01108754329809495298292696109021861546,0.00047654223193437938109334703230090053213
0.17999999999999999333866185224906075746,0.98652024336165670513051113568375328823,0.0,0.010595874869853185870370934698174938338,0.00047477148430069989292067690408295701238
0.17000000000000001221245327087672194466,0.98708446206879610657496587171874975339,0.0,0.010151862190091423322040980672294584386,0.00047300073679395824004861768492593616758
0.16000000000000000333066907387546962127,0.98759797584786970959504577656997449645,0.0,0.009749074400949841646974695698721760216,0.00047122998941415439899804696798414049971
0.14999999999999999444888487687421729788,0.98806575816618120061821620585329538918,0.0,0.0093819801636955370349331215249275952861,0.0004694592421612883610342793753958746865
0.14000000000000001332267629550187848508,0.9884939651666766387826872873650136047,0.0,0.0090454173514821724829446628498664996924,0.00046768849503536011742263007696246593475
0.13000000000000000444089209850062616169,0.98888801458740316519030599759374238806,0.0,0.0087358506844436368551765765509056924878,0.00046591774803636964468398465064451004031
0.11999999999999999555910790149937383831,0.98925182810949954388538449617759041329,0.0,0.008450187117224052702032760134767342919,0.00046414700116431693408366253247688314425
0.11000000000000000055511151231257827021,0.98958885958486153476023927810610649124,0.0,0.0081857052990933402945128783104986181131,0.00046237625441920197442957903522928370799
0.10000000000000000555111512312578270212,0.98990217060943239385483324216540399366,0.0,0.0079399958241100727863222025309564742838,0.00046060550780102474961484173444757048731
0.089999999999999996669330926124530378729,0.99019394396947195837067619884643280803,0.0,0.0077109101717439665809934287391073115827,0.00045883476130978524353256086727756757006
0.080000000000000001665334536937734810635,0.9904655018839761885604574768424462837,0.0,0.0074965165885645704453177640581115981835,0.00045706401494548344744806175979413399015
0.070000000000000006661338147750939242542,0.99072021734029050069392607083295182386,0.0,0.0072970673113109136084983735736109536781,0.00045529326870811934525445838688854675846
0.059999999999999997779553950749686919153,0.99096012203428784212323163233052876442,0.0,0.0071094713198253476759027916449443558735,0.00045352252259769292084486738505076877017
0.050000000000000002775557561562891351059,0.99118428616353803062486561380152264455,0.0,0.0069321807813714302972964737711494754664,0.00045175177661420416548461889424583156436
0.040000000000000000832667268468867405318,0.9913960323138632262728157671152329493,0.0,0.006766669049744690665243201498376461954,0.00044998103075765306183813156980830221878
0.029999999999999998889776975374843459576,0.99159635853181544147718965309692259755,0.0,0.0066094705671553459924235726035915959302,0.00044821028502803959748463360426535932524
0.020000000000000000416333634234433702659,0.99178467492504978353604013307094847723,0.0,0.0064612711616994824383753046670324328313,0.00044643953942536375938900402340425868053
0.010000000000000000208166817117216851329,0.99196438683443420391684530163748437042,0.0,0.0063207841202854517172771322887243806311,0.00044466879394962553298024681548112065119
0.0,0.99213321984818942618976171784803726489,0.0,0.0061876160624149775415941294519334017826,0.00044289804860082490491606955652101978412
