value,sup,dur,Y,S
-6.0,0.00028688295620267971820909938198351378278,11.0,0.98414616058091058398088981678962454291,0.26724334162420942325557942084170959668
-5.9500000000000001776356839400250464678,0.00032389648426877521176464546905758801766,11.0,0.9841119748158329419643880401150946866,0.26711476191652297634306363991480298726
-5.9000000000000003552713678800500929356,0.00036812117853160590399148107005579391103,10.0,0.98266121043800681392813344920224950065,0.26700565127095641904014797768875664104
-5.8499999999999996447286321199499070644,0.00042116657627053840564319919762343011857,10.0,0.98262854441745216094258094292620235653,0.26688387163112604042206138254511199523
-5.7999999999999998223643160599749535322,0.00046946842775184757974747600417484937468,10.0,0.98259431760989546514185640128348931026,0.26674803664655005350397361344829086375
-5.75,0.00051438285646054497286711569006297852841,10.0,0.9825584823595291785214551654875949292,0.26659662920445474812031093298540881795
-5.7000000000000001776356839400250464678,0.0005671358640696771970978965094070194886,10.0,0.98252098981139608443334336924635090881,0.2664279942998383911880058125593981936
-5.6500000000000003552713678800500929356,0.00062931033257002290897979156481703804279,9.0,0.98081538383881592472388847672404274433,0.26624033290338398927053282459706487632
-5.5999999999999996447286321199499070644,0.0007028503785799097586749484847002917402,9.0,0.98077998519093912595714151472882976646,0.26603169728344526766646240175450890376
-5.5499999999999998223643160599749535322,0.00079015103062893482727044250274763521466,9.0,0.98074274909421494022722767339734065283,0.26579998833084513425187285758688559236
-5.5,0.00089417131641048797038200205188086850496,9.0,0.9807036154095601116886659706711973249,0.26554295553380056605676370333952785638
-5.4500000000000001776356839400250464678,0.0010185770110288480265521610016110616355,8.0,0.97868487961222971302872191033960162576,0.26525820035084321141477084041865737824
-5.4000000000000003552713678800500929356,0.0011215724568027202122892398109088588182,8.0,0.97864868563945671093546892746748954932,0.26494318382596628694933312240099857655
-5.3499999999999996447286321199499070644,0.0012253906945875257451228072889184329355,8.0,0.97861040116180322457756921350246353821,0.26459523937368250917560722436377943136
-5.2999999999999998223643160599749535322,0.0013470861837324359567751902525274946747,8.0,0.97856995048343829401662779325611459989,0.26425859347122025042243299891882988878
-5.25,0.0014902082380009114787775246231679931171,8.0,0.97852725641697556535489260138882261406,0.26406444516728289823797353637655146724
-5.2000000000000001776356839400250464678,0.0016590993216224142306339711342955738845,7.0,0.97613402863233707899754379323316433085,0.26384872226872147230025004892352750893
-5.1500000000000003552713678800500929356,0.0018590863619134237346984726333419337695,7.0,0.97609512792445519200098614323431141515,0.26360929594744727753624298150348884042
-5.0999999999999996447286321199499070644,0.0020967198048687780428333522787998391018,7.0,0.97605377193156306598861202105015238767,0.2633438914188661171908111268982091172
-5.0499999999999998223643160599749535322,0.0023538452327066307174051406080662467974,7.0,0.97600986182069569385426734606504151008,0.26305009355489617447414879904109948003
-5.0,0.0025520375578415105819175678690043570225,7.0,0.9759632969680258731426775312034502005,0.2627253571690893211421502229243264138
-4.9500000000000001776356839400250464678,0.0027831990496787544069991135170243854801,6.0,0.97311660306660398977711633068079000923,0.26236702292313433911304391505637873435
-4.9000000000000003552713678800500929356,0.0030536137523337437035098973198561044424,6.0,0.97307478593293935597918307725145044384,0.26197233984240521380208774342032598463
-4.8499999999999996447286321199499070644,0.0033709082863294736274325346712920090435,6.0,0.97303008954721707352908886811655878977,0.26153849541811951326250544030777844496
-4.7999999999999998223643160599749535322,0.0037443585684441018941157385791806765061,6.0,0.97298238369929258261843890520918283206,0.26106265419590093946283835552399774565
-4.75,0.0041852672278745057486565190267863930995,5.0,0.96957832446365787315975594464340998321,0.26054200558406432759822650796751448534
-4.7000000000000001776356839400250464678,0.0047074268162468266627186348575391316222,5.0,0.96953643291456647118808137514894213669,0.26014834851378968914310131073939632684
-4.6500000000000003552713678800500929356,0.0050750831617979553358277614639500580755,5.0,0.96949133761697901257378091728093906385,0.25983780149594995079545363700331036449
-4.5999999999999996447286321199499070644,0.0054978340503756283222773500047832912501,5.0,0.96944287004861352006223154338621697164,0.25949506542299069093350057376879058792
-4.5499999999999998223643160599749535322,0.0059897834862549073654410856256230978062,3.0,0.96536536866989254665456955311134731582,0.25911749256069904168417155113475574847
-4.5,0.0065637411563461590033626147914635854525,3.0,0.96532362323735190510266402352552723437,0.25870237342292372636578759175335189922
-4.4500000000000001776356839400250464678,0.007235119620116215109176721682120496259,3.0,0.96527836210577260122385397716700350448,0.25824697352238482509183813133040740111
-4.4000000000000003552713678800500929356,0.008022478561479073609652838093330279143,2.0,0.96038012744393150779493535126888553686,0.25774857903903990337320120462076705483
-4.3499999999999996447286321199499070644,0.0089319847190993222979677564856989957328,2.0,0.96034203580415146193734147144231050831,0.25720455187992918650290495954090636764
-4.2999999999999998223643160599749535322,0.0095726393390498296233395724105089953669,1.0,0.9544535718369386955993527466586824132,0.256612394219001287676342767505629116
-4.25,0.010312579966113021756975927840465643797,0.0,0.99070214097592830285913658562833945646,0.25596982208194040119794818369511876023
-4.2000000000000001776356839400250464678,0.011168933648507771103881361110484464245,0.0,0.99059102108281831073514380793890585205,0.25527484687704366333666354265051968928
-4.1500000000000003552713678800500929356,0.01216202148636024854038696147674247336,0.0,0.9904768240554850927742939306354225126,0.25481879673091278905555191450886551713
-4.0999999999999996447286321199499070644,0.013315952278337648859293988666192016192,0.0,0.99035956238397458622641748586614786138,0.25437292505809618396999783015325239313
-4.0499999999999998223643160599749535322,0.014659307291561779204899819190244641911,0.0,0.99023919824462843253123798512881467343,0.2538852860998001960558667204028980478
-4.0,0.015997288464905534941301545147994466342,0.0,0.99011541674768854794796712936966732408,0.25335339173988363446917818554603189558
-3.9500000000000001776356839400250464678,0.017073312259518606770017587602315933607,0.0,0.98998809150308464409402253295055409941,0.25277490770265611850045626101540469136
-3.8999999999999999111821580299874767661,0.018309401328051099004461063510615462448,0.0,0.98985709031416565119821705117065690193,0.25214772651150712091046828557121687322
-3.8500000000000000888178419700125232339,0.019731365996261581667351574169054117286,0.0,0.9897222748626072681146981603560711291,0.25147004765228878911427875329295979736
-3.7999999999999998223643160599749535322,0.021369325701979897878010072619881973383,0.0,0.98958350037410738379967141367130046679,0.25074046287164323467626126991304283474
-3.75,0.023258355120802920803326007717853454507,0.0,0.98944061526335308802886109398430002541,0.24995804366314056718295037636392655866
-3.7000000000000001776356839400250464678,0.025439174881444534684278875041157825267,0.0,0.98929346075681778720328686149298236067,0.2491224271046429739960776395227503122
-3.6499999999999999111821580299874767661,0.027091732680030084468445259804087891893,0.0,0.98914187049207101773572671476689107122,0.24841102416837508992079882310854709171
-3.6000000000000000888178419700125232339,0.028819416004251525967723387346754316813,0.0,0.98898567009232264378934691345589081014,0.24783497090467863774438492396938797763
-3.5499999999999998223643160599749535322,0.030791985663047744996925556429177561824,0.0,0.98882467671481025865805794860032750166,0.24721177209724851606043182214605399904
-3.5,0.033045626644130537875623101522868223524,0.0,0.98865869857140954976247707423569640023,0.24653996216191329196885272073496857405
-3.4500000000000001776356839400250464678,0.035621644353375244871342408418328566686,0.0,0.98848763696824128790600785015394415463,0.24581850148910115059260275280441110142
-3.3999999999999999111821580299874767661,0.038566955035582281821918761829282657255,0.0,0.98831147523049852976056570526289775686,0.24504685861396923287205632499625513549
-3.3500000000000000888178419700125232339,0.041228151254278499325025310905961501503,0.0,0.98812970511940041740508116528521718239,0.24422508783620624145073944128803475495
-3.2999999999999998223643160599749535322,0.043577129383420545531634032379624417746,0.0,0.98794209402942005639090136901288467818,0.24335389739727668155414676347524705887
-3.25,0.046239952168605506612379814554627820102,0.0,0.98774839753899760241184594817525210818,0.24243470291423266957682795401299094554
-3.2000000000000001776356839400250464678,0.049258486293237574180757484534439323716,0.0,0.98754835872256129189297235549272690583,0.24146966074395358755600929142458120552
-3.1499999999999999111821580299874767661,0.052679453748101205598631443196988431698,0.0,0.9873417074202437595360926659635102513,0.24047110412043936798764591710344268286
-3.1000000000000000888178419700125232339,0.056554607755688778084199180090931891586,0.0,0.98712815946282301232503722259018466776,0.2397494159191258387138077573720294279
-3.0499999999999998223643160599749535322,0.060378688036942682248906616041909559414,0.0,0.98690741584929355497282128014424008317,0.23898094577899438450223562017172142742
-3.0,0.063505898043818169361003256576731296901,0.0,0.98667916187441999333944087561043378601,0.23816637285021291984158003875076467206
-2.9500000000000001776356839400250464678,0.067026234116282045374808780036379776943,0.0,0.98644306620361963671020617176755304573,0.23730703463255087449078631207633075032
-2.8999999999999999111821580299874767661,0.070986324912489379757584129834058191506,0.0,0.98619877989251972302082022070656344072,0.23640495546534404324083496867666696464
-2.8500000000000000888178419700125232339,0.075436835251266169541317018272527990212,0.0,0.98594593534851274210962911352853382292,0.23546285101453464625962579847110107827
-2.7999999999999998223643160599749535322,0.080432220834129856166952020719934216697,0.0,0.98568430951052850589039066891347927706,0.2344841051624112262456316777405402839
-2.75,0.085520691069793550352378999616215269047,0.0,0.9854136529051123743004032591926113843,0.23347271720337803007355627313013563798
-2.7000000000000001776356839400250464678,0.089624579785110255365722772841553433313,0.0,0.985133225398663268151821053592422961,0.2324332191733631145563737411520209006
-2.6499999999999999111821580299874767661,0.09421140985304820576935893858277329114,0.0,0.98484257350576684062313598703123139789,0.23137056532783337752616180537527684468
-2.6000000000000000888178419700125232339,0.099330800759459610693811503622567187187,0.0,0.98454121892531071018496716933257783279,0.23028999800615425123864175101736121431
-2.5499999999999998223643160599749535322,0.10503487002716259035969084980184895007,0.0,0.98422865709499418306046155193848479423,0.22922056952564135705877124499552549924
-2.5,0.11137748074056126453174294898017544493,0.0,0.98390435567013390274343219247503862158,0.22830536565556147904982521105971506589
-2.4500000000000001776356839400250464678,0.11779212542396403476403836811074761231,0.0,0.98356775292514441001120774683365146073,0.22736141163603269274081221891228708347
-2.3999999999999999111821580299874767661,0.12312762163841629708342124972602564148,0.0,0.98321825607650154575839125907361585572,0.22639292678641631627195395030267775592
-2.3500000000000000888178419700125232339,0.12904489166678351745079189895173547563,0.0,0.98285523952653876925229879554670700302,0.22540443594473913208461251546649746132
-2.2999999999999998223643160599749535322,0.13559328462412436661966197028687104069,0.0,0.98247804302809338225136916045168994248,0.22440063356648681357680471269911299978
-2.25,0.14282219339992434536592644488895056345,0.0,0.98208596977081896812780290550390499849,0.22338623508820093530533929533158133877
-2.2000000000000001776356839400250464678,0.15077976751076404281524320510883744131,0.0,0.98167828439092302836447255273079021488,0.22236582339954277441074478184076516281
-2.1499999999999999111821580299874767661,0.15857553972001908587598044112206830522,0.0,0.98125421090719352702335127346230062858,0.22134369872791672250440101226980239824
-2.1000000000000000888178419700125232339,0.16546216095140523036959041698398037884,0.0,0.9808132190220493937946217537908717356,0.22032373993789974986423651667086074252
-2.0499999999999998223643160599749535322,0.17303222560526266300891129737675805823,0.0,0.98035441249928885310540457005641110385,0.21930928423340469202172895589254385144
-2.0,0.18132915107060172566603494206011230345,0.0,0.97987663291209932941210788489924735947,0.2183030306703565521033976647285005634
-1.9499999999999999555910790149937383831,0.19039291393261376252766635506008871299,0.0,0.97937891901317202432119165872955817316,0.2173069709555470292250334406692545261
-1.8999999999999999111821580299874767661,0.20025834275622010771415591296052162077,0.0,0.97886025752405986425207939446942629676,0.21632234896402041698077987380822106975
-1.8500000000000000888178419700125232339,0.20954694341217062699191661779534083101,0.0,0.97831958074864710486051852699557220365,0.21534964847942574620740104962759687699
-1.8000000000000000444089209850062616169,0.21835715490665781657753456815691998022,0.0,0.97775576417793524543244993345951305005,0.21438860702882257821894068748239713857
-1.75,0.22794026289077635325143095081716194176,0.0,0.97716762410541376034210948214844160156,0.21343825245898803529828543353307602823
-1.6999999999999999555910790149937383831,0.23832494184221412801774478108430743796,0.0,0.97655391527550981418979828168400327721,0.21249695812892605026726121869162210743
-1.6499999999999999111821580299874767661,0.24953217334577769701074212153998119241,0.0,0.97591332859108746828126710095591511896,0.21156251225536469250929000259583238897
-1.6000000000000000888178419700125232339,0.26157349522659848640262774669068296873,0.0,0.97524448890966811975749579772457832169,0.21063219698224585020574625331696556007
-1.5500000000000000444089209850062616169,0.27262604689780914291245314132250736188,0.0,0.97454595296193125451253433368814991104,0.20970287306398679481173210228397036238
-1.5,0.28373432925661027066176964839229221722,0.0,0.97381620743007237865383093821916361164,0.20877106656062576491573510332567436192
-1.4499999999999999555910790149937383831,0.29566488917400172477522708821739670459,0.0,0.97305366722766766231493351184801136891,0.20783305455216758087955982278776302519
-1.3999999999999999111821580299874767661,0.3084202394344737776576652676864322159,0.0,0.97225667402672460971787034080089019227,0.20688494751579479964323134609525428801
-1.3500000000000000888178419700125232339,0.3219912577104105923969949792269157912,0.0,0.97142349508146069109192148428076868291,0.20592276661820276198941227241565808783
-1.3000000000000000444089209850062616169,0.3363560822340622623233032569962267291,0.0,0.97055232240189541261656894915804531262,0.20494251472020817890390074485549756552
-1.25,0.34972738019660849345096596659512441696,0.0,0.96964127233338232886695846008096816938,0.2039402403526806973312636031613115611
-1.1999999999999999555910790149937383831,0.36339947098412574500500925333722522085,0.0,0.96868838560052975885636771770000489312,0.20291209429559752968720145677146198424
-1.1499999999999999111821580299874767661,0.37786348683335697960512912515539281648,0.0,0.96769162787531307061259992555989472385,0.20185437867878831558927784866522044661
-1.1000000000000000888178419700125232339,0.39308529401386718519960394058892317864,0.0,0.96664889092928396861733878834836975471,0.20076358873272464523527423151073594779
-1.0500000000000000444089209850062616169,0.40901755982801650939375165491030027701,0.0,0.96555799442831943572405013873300239549,0.19963644746252107549482030693162619115
-1.0,0.42560006222331750383615107152378972051,0.0,0.96441668842498439449051537549182818752,0.19846993361106088155713664492897885685
-0.94999999999999995559107901499373838305,0.44220053813577890883620903666806859348,0.0,0.96322265659794706281043222146329730443,0.19726130333025159035735953003036491229
-0.90000000000000002220446049250313080847,0.45842235048094190432730682754560972927,0.0,0.96197352027961493362769088433638252963,0.19600810600394268590497959297147634926
-0.84999999999999997779553950749686919153,0.47528758500422164117011851304998465699,0.0,0.96066684330188538500321894571545289511,0.19481210464643233959680660416575819892
-0.80000000000000004440892098500626161695,0.4927230152734749187513535274607348446,0.0,0.95930013767528266690495776828824542624,0.1935694365816306438589085539676363943
-0.75,0.51064518653545863498371640047197917298,0.0,0.95787087009847717899304651196210809987,0.19227729253484255866988531416363942491
-0.69999999999999995559107901499373838305,0.52896235993542845332394491037710750926,0.0,0.95637646927301388850342745162373140218,0.19093330802976470519516616487401829024
-0.65000000000000002220446049250313080847,0.5475768528555876886847414350263744959,0.0,0.95481433397186542152506695403487933983,0.18953545849848999141988438784147729524
-0.59999999999999997779553950749686919153,0.56638765062205772736217768863095774869,0.0,0.95318184178014390281892234069410761047,0.18808206423274050275444624618740307016
-0.55000000000000004440892098500626161695,0.58529314378272036388539250300153334668,0.0,0.95147635839207420628846719984364542994,0.18657178992063098367616791770364731839
-0.5,0.60419383826298313194826990343304422815,0.0,0.94969524731044749012716235415693008341,0.18500363934849764909171635309681779122
-0.45000000000000001110223024625156540424,0.62299489326328446742651801745461799483,0.0,0.94783853272279411371678545547553704337,0.18337694585412694844247993690753668802
-0.40000000000000002220446049250313080847,0.64160836200493561859119397895251825204,0.0,0.94590156260242593669359966265759455792,0.18169135912202965505368210317826301941
-0.34999999999999997779553950749686919153,0.65995504000160957733908290010944714082,0.0,0.94388169294878123417906285838804390778,0.17994682891430432784048643996365451446
-0.29999999999999998889776975374843459576,0.67660000146412109265862288791286957648,0.0,0.94177644055621071216064016802472385185,0.17814358633232908594713520756115784155
-0.25,0.69151161301822514684157479098556445672,0.0,0.93958337222967533376991907727136955148,0.17629040850733012308534729204472696162
-0.20000000000000001110223024625156540424,0.70238363207045105061975649014937126392,0.0,0.93730158043134063027533820926967453414,0.17446185806801827243962415833364700346
-0.14999999999999999444888487687421729788,0.70924972158726730623109620067733831183,0.0,0.93493157599847934878041623014056905959,0.17256957100293290816381779535494283582
-0.10000000000000000555111512312578270212,0.71462726116695210104584238748855209547,0.0,0.93246769995452850536319208474552488567,0.17061433923652304746339611387973139849
-0.050000000000000002775557561562891351059,0.719427965621568757029725114775721508,0.0,0.92990786206680506831620147799928054214,0.16859723579071344296204591107031534066
0.0,0.7239396170855203282856433005847266587,0.0,0.9272536157205045064054754653553770105,0.16651959180086699837457809175752236103
