value,sup,dur,Y,S
-6.0,1.7715974479538597453468361093444561391e-11,30.0,0.99599468632084077027638224229005510897,0.88888512280066549524486892389442631917
-5.9500000000000001776356839400250464678,2.2315901164071224395980151044022386882e-11,30.0,0.995991433061841911097416508636397735,0.88888526003274915648891719084765971516
-5.9000000000000003552713678800500929356,2.8189415604488972047313469207216681226e-11,29.0,0.99598799097746039934525948802184743413,0.8888854139555754401209039455270343509
-5.8499999999999996447286321199499070644,3.5325164758980931548349703515843670531e-11,29.0,0.99598435183303645354576418381021903619,0.88888558659173687256143566109405596256
-5.7999999999999998223643160599749535322,4.3356525568788823794021911716628164991e-11,29.0,0.99598095871152102514455227352499034805,0.88888578020700764754349032316753629732
-5.75,5.3436937668527053045149305178000892216e-11,29.0,0.99597761424683137907617749997145162006,0.88888599733908492524656208373438439628
-5.7000000000000001776356839400250464678,6.6123592914766557506787456226903289034e-11,29.0,0.99597405330468253125997753631065011755,0.88888624082959754235740071908656432404
-5.6500000000000003552713678800500929356,8.2131878777171760438582488873656270314e-11,29.0,0.99597026561098781154509315811054848872,0.88888651385971944416151993653808033442
-5.5999999999999996447286321199499070644,1.0238167984347473775337565674775659031e-10,28.0,0.99596624047978527057853926951630696474,0.8888868199897506850059556067904792024
-5.5499999999999998223643160599749535322,1.2805753221708725569072242858745076047e-10,28.0,0.99596196678525796682585325708575101064,0.88888716320305355909564859896436787083
-5.5,1.6068684343384467726922554185892758392e-10,28.0,0.9959574329316947413687986332001197552,0.88888754795475424536474751755705479324
-5.4500000000000001776356839400250464678,2.0224168776173878668498995848133202015e-10,28.0,0.99595262682078016693304264975275706294,0.88888797922563983810652909494553266853
-5.4000000000000003552713678800500929356,2.5527138716422775684450439016739865695e-10,28.0,0.99594753581577864467430331526729800797,0.88888846258169488723601983995943359477
-5.3499999999999996447286321199499070644,3.230753177218942608697176934992651122e-10,28.0,0.99594214670249723407048773028048294913,0.88888900423972810116311646651909441324
-5.2999999999999998223643160599749535322,4.0396810934622688080079791500110964487e-10,28.0,0.99593644564726348352256075424642419244,0.88888961113953545310556722712292377884
-5.25,4.9739195607036164690638474266270472696e-10,27.0,0.99593041815240455305907682991385290655,0.88889029102302644740064616296004439491
-5.2000000000000001776356839400250464678,6.1489407798658848344111589608847365807e-10,27.0,0.99592404900975362341864667223101262568,0.88889105252070048329653495381716887099
-5.1500000000000003552713678800500929356,7.630688064553143912728619049457795321e-10,27.0,0.9959173222524985632081236222861700908,0.88889190524579344642614789441758057118
-5.0999999999999996447286321199499070644,9.503922763757959752783732745590026379e-10,27.0,0.99591022110527589503880690233881867012,0.88889285989631250291551401744174060046
-5.0499999999999998223643160599749535322,1.1877752216843902491805467936930061646e-09,27.0,0.99590272793193012591389825000639034009,0.88889392836502914021968339772012537234
-5.0,1.4892815969319376862030975687048399592e-09,27.0,0.99589482417997265389799482428187150393,0.88889512385729387186124367664447743899
-4.9500000000000001776356839400250464678,1.8730635488355160976447018694578886895e-09,26.0,0.99588649032063155896308346959251852737,0.8888964610162548042018804288313255973
-4.9000000000000003552713678800500929356,2.3625788390393541971817410880345279662e-09,26.0,0.99587770578354900496293961198184572622,0.88889795605468705141422425637204523732
-4.8499999999999996447286321199499070644,2.988177239506841910155232437472407814e-09,26.0,0.99586844888560896428851485543808261974,0.88889962689214729201549651506675689995
-4.7999999999999998223643160599749535322,3.7891691972093957292352824472150856037e-09,26.0,0.99585869675391146078387300059718112033,0.88890149329552942766576760532941613535
-4.75,4.6884883580679018101081810054076641054e-09,26.0,0.99584842524334162967764831235855133157,0.88890357702027993562712416844051614567
-4.7000000000000001776356839400250464678,5.7915942577513001403103722292621052194e-09,26.0,0.99583760884932379417042232107506825316,0.88890590194849599260203901286991908228
-4.6500000000000003552713678800500929356,7.1819682324464047814151095620914955948e-09,25.0,0.99582622061610878878708866291894615805,0.88890849421883070709184530783479257837
-4.5999999999999996447286321199499070644,8.938859095746630610165776074632849214e-09,25.0,0.99581502975355628503912827921970944328,0.88891138234151682950577866084368660486
-4.5499999999999998223643160599749535322,1.1164248130477453888607572698988221185e-08,25.0,0.99580344182943476886492742704664292283,0.88891459728983683471115192147287195911
-4.5,1.3989551524227687724348820977294956098e-08,25.0,0.99579119605278189366528402347437255248,0.88891817255695318941026702578329261929
-4.4500000000000001776356839400250464678,1.758433854511164043981347209403168668e-08,25.0,0.99577825874074343205099189006838318198,0.88892214416410669068803491887021166707
-4.4000000000000003552713678800500929356,2.2167680650506199770583431881225897606e-08,24.0,0.99576459424848873122957627307230627417,0.88892655060273503518641837046066985383
-4.3499999999999996447286321199499070644,2.8022936533371043082189701981024824488e-08,24.0,0.99575016482745716083595822507810760127,0.88893143268901027760830416141851017424
-4.2999999999999998223643160599749535322,3.5517026910220666360248422857509589072e-08,24.0,0.99573493047149833591551176455527149677,0.88893683330461437386936332075329254911
-4.25,4.4392958083866881900699193495356108263e-08,24.0,0.99571884875111494980709239193595793506,0.88894279699227180615610885867723054743
-4.2000000000000001776356839400250464678,5.4808799386599402632066781322813374334e-08,24.0,0.99570187463619262668364725873016425703,0.88894936936869433908186136592012851181
-4.1500000000000003552713678800500929356,6.7932798449964087678387483747064940683e-08,24.0,0.99568396030724003203834197109722909091,0.88895659631129779043339084258545865342
-4.0999999999999996447286321199499070644,8.4511159146931371324380317788698773739e-08,23.0,0.99566505495432471533166744050852729655,0.88896452286856192924949104316559926226
-4.0499999999999998223643160599749535322,1.0550390285010504297187274424705483502e-07,23.0,0.99564510456182575448754317162224370713,0.88897319183760006515287048665617231059
-4.0,1.3214783810183687726752319814015617202e-07,23.0,0.99562405167618922224842073155009399745,0.88898264194694174732124681686981725746
-3.9500000000000001776356839400250464678,1.6603844174855758542771731518613601656e-07,23.0,0.99560183515339508499661221780221199967,0.88899290557848676494836748601277296923
-3.8999999999999999111821580299874767661,2.0923641226478123465520502761007181727e-07,23.0,0.99557838988299059144819597385025881005,0.88900400596109216984438931777402394674
-3.8500000000000000888178419700125232339,2.6440642857818675660399275172722862409e-07,22.0,0.99555364648623918097871655881050186825,0.8890159537706120679011145922581473624
-3.7999999999999998223643160599749535322,3.3499796898484950696314906278693162195e-07,22.0,0.99552753098686686394968207842842621276,0.88902874307899607918261806741609515549
-3.75,4.1873601397293546782074315265230402724e-07,22.0,0.99549996445362446208590029218137782179,0.88904234661005549596059718171289863446
-3.7000000000000001776356839400250464678,5.1687739089264760318171203131536944137e-07,22.0,0.99547086261402699758877310962846544538,0.88905671028361079975348586777443377685
-3.6499999999999999111821580299874767661,6.4051737295385642541842031958945493308e-07,22.0,0.99544013543798549699445317117138205318,0.88907174706471106884219774379918231386
-3.6000000000000000888178419700125232339,7.9667548326659067982962820391760059332e-07,21.0,0.99540852706614161816259770744771903164,0.88908733018180332404549531093896193326
-3.5499999999999998223643160599749535322,9.9437983704299358887641063026107635019e-07,21.0,0.99537569167385603914805050947570620073,0.88910328583759780393842588835014371196
-3.5,1.2452573658987846531155420706850068927e-06,21.0,0.99534093238547857977503988742965607971,0.88911938560798418209347726842630457014
-3.4500000000000001776356839400250464678,1.5643006744203814941662646690084199589e-06,21.0,0.99530413237435035523049708313266275817,0.88913533880475813035209730233697566123
-3.3999999999999999111821580299874767661,1.9708650278112220626669064130499514451e-06,20.0,0.9952651664880351931557556863662203529,0.88915078516160497004374796212518003161
-3.3500000000000000888178419700125232339,2.48996527943453448058128806153604074e-06,20.0,0.99522390056058441079896790184457083677,0.88916528828130083204788851204706550668
-3.2999999999999998223643160599749535322,3.153963829818610380280624628790139147e-06,20.0,0.99518019065984714453852309739913401392,0.8891783303440273006356266667388745506
-3.25,3.8983794811154131536187266523247589497e-06,20.0,0.99513388226574661943391558807190993048,0.88918930860828155963498141894539124048
-3.2000000000000001776356839400250464678,4.8127080454495945764255655426181531078e-06,19.0,0.99508480937508854928097226243560636389,0.88919753422230640058976142899314120347
-3.1499999999999999111821580299874767661,5.964472981185430501602057314129491839e-06,19.0,0.99503279352704832686886954087556191989,0.88920223379162745885635533123791762904
-3.1000000000000000888178419700125232339,7.4189023155502231522793663983926686589e-06,19.0,0.9949776427412267250924138424575688467,0.88920255400759760630389308845654230543
-3.0499999999999998223643160599749535322,9.2598067911804156628369643092225045571e-06,19.0,0.9949191503576288424509793828982032442,0.88919756943056958593069333164120116795
-3.0,1.1594997114357896870680591192150676993e-05,18.0,0.9948570937657792421733616211870548576,0.88918629324753313601968559894633158223
-2.9500000000000001776356839400250464678,1.4563300307269485764958720050788616539e-05,18.0,0.99479123300893888094493798875501861472,0.88916769050807815315594462111998862068
-2.8999999999999999111821580299874767661,1.8343648235077415848436862304979041655e-05,18.0,0.99472130924914069223728655645838890368,0.88914069301689533770970209921426255534
-2.8500000000000000888178419700125232339,2.3166849763683140447771538195622796959e-05,17.0,0.99464704307914654286512955410213554438,0.88910421476782258598750614681019106472
-2.7999999999999998223643160599749535322,2.8764974388332261653659602578694612677e-05,17.0,0.99456813266774375118153941282518878895,0.88905716659013388836643938036627965405
-2.75,3.5377595002186338876367545406928736953e-05,17.0,0.99448425172428010494295640141948454281,0.88899846858566539956261594544360214962
-2.7000000000000001776356839400250464678,4.3680764215162559782668522296830455472e-05,16.0,0.99439709248313591262974916340905952874,0.8889270589972764754880219039926104249
-2.6499999999999999111821580299874767661,5.4131076193792987613044392218658104267e-05,16.0,0.99430429723488083715183199206009099369,0.88884189837770149254143221020700378187
-2.6000000000000000888178419700125232339,6.7312328990719955451530055269967819074e-05,16.0,0.9942054215000112111734617025295965576,0.8887419683115457337173778705477644031
-2.5499999999999998223643160599749535322,8.3971382292184731176569194317848249285e-05,15.0,0.99410002083718782587686404572842415759,0.88862626444540403922759708512470046189
-2.5,0.00010506402808662274060270004334362777216,15.0,0.99398761314443221871604193466184002809,0.88849378414397752677939194730839807634
-2.4500000000000001776356839400250464678,0.00013181355354452344564015764687928866121,15.0,0.99386767510665031191604667699183138924,0.88849888617270605065770377890683503281
-2.3999999999999999111821580299874767661,0.00016578531359816861989551067747141489757,14.0,0.99373963828029378206535187836078546462,0.88850556239076593031522345165960610601
-2.3500000000000000888178419700125232339,0.00020328525181119397068925347148177716645,14.0,0.99360288477925155250800734242098634909,0.88850078621054861470163325104970181605
-2.2999999999999998223643160599749535322,0.00024882679496915093016323234888506672945,13.0,0.99345674252388722858158736844507928864,0.88848289037245451899702217007245467621
-2.25,0.00030567356776288764507837858453737929982,13.0,0.99330048001152331638505675967676894369,0.88845017022278397556745455068588324931
-2.2000000000000001776356839400250464678,0.00037674999540816677994936584345088061146,12.0,0.99313330056145218839846499546937146086,0.88840088882325288467703299979414513291
-2.1499999999999999111821580299874767661,0.00046573970410240143833912249394464290758,12.0,0.99295433598114534864474247678556205726,0.88833327689486535764896331722516253287
-2.1000000000000000888178419700125232339,0.00057727405308671380968714346051768160521,11.0,0.99276263959354620519406918578101720981,0.88824552748089213926079460814853230682
-2.0499999999999998223643160599749535322,0.00071716121871487018831338849284238902063,11.0,0.99255717855899098541223061982424193835,0.88813578584257235466638064140838182372
-2.0,0.00089266084306816437251585765661111420881,11.0,0.99233682541986155295692518156274951636,0.88800213568939436772511335332277384519
-1.9499999999999999555910790149937383831,0.0010904537705233362592712620287374319995,10.0,0.99210058276671931962747286067673892248,0.88784258330962822786798156152008358721
-1.8999999999999999111821580299874767661,0.001318486451922583883004266637086910836,10.0,0.99184987865020393396068431610583171525,0.88765504144022931040976857348801185897
-1.8500000000000000888178419700125232339,0.0015987233066884629345325749015416384382,9.0,0.99158034310321289266597035730332939786,0.88743731476155118149465736979178490454
-1.8000000000000000444089209850062616169,0.0019430891996951783708268698324604835329,9.0,0.99129037823952993948433582539445677948,0.88718708871959035946127587713071324326
-1.75,0.0023659799781011263084060802810366816576,8.0,0.99097823546712485472302504109695896868,0.88690192299866696149874018577509695185
-1.6999999999999999555910790149937383831,0.0028846199091773817165921286698879996289,7.0,0.99059633884946281430082195305793931915,0.88657925044913213362766203516924458926
-1.6499999999999999111821580299874767661,0.003519390549341039456803127103609258675,7.0,0.99023743299698894036142105242994529704,0.88621638169173909744962888378732564001
-1.6000000000000000888178419700125232339,0.0042940818673936557654100614191376233807,6.0,0.98970983810210999704323803001495712917,0.88581051504874240309561832968595834613
-1.5500000000000000444089209850062616169,0.0051108872232147799196506416863523713751,5.0,0.98929477996319121960179545095124028276,0.88535875095779662417050158651555106009
-1.5,0.0060542246222642636198360651238606433134,4.0,0.98854368234103117244222830720905580446,0.88485810965593536723321574914542519285
-1.4499999999999999555910790149937383831,0.0071773548448591707513432851606072570837,4.0,0.98806060936762604398400540825352174842,0.884305550702072898925686174537930305
-1.3999999999999999111821580299874767661,0.0085094666915400737546855378752415785488,3.0,0.98695395488025489953462404345140109837,0.88369799283968919953545532249975756775
-1.3500000000000000888178419700125232339,0.010081942476438055331584526260449788183,0.0,0.98740986772437510193758055092280793964,0.88332560351890473612210210463933824633
-1.3000000000000000444089209850062616169,0.01192747524545362787645430572886408647,0.0,0.98678591744274903842602573425533333425,0.88295888412994898869871602844262029919
-1.25,0.014078767862912366934684206925908960571,0.0,0.98610991053277281909490190640502880196,0.88253488864387359144064141789740485745
-1.1999999999999999555910790149937383831,0.016566799773888469694992504671229712705,0.0,0.98537707126852783346595561254306279122,0.88204959361862985866504516562315151569
-1.1499999999999999111821580299874767661,0.019145842271204732591514023557213437639,0.0,0.98458216908037511947764350141973821911,0.88149892492883446323004403889491529692
-1.1000000000000000888178419700125232339,0.021969731268398919324945885141211792616,0.0,0.98372298898618411760936849091186270824,0.88087878055211444906505177763865132708
-1.0500000000000000444089209850062616169,0.025163417387598204344850597673410914729,0.0,0.98279116123095760671046753911685759154,0.88018505278305481752704212831354015787
-1.0,0.028747617287408575239767311081042035812,0.0,0.98177853848052254213955736143367404234,0.87941364813470177677190110626756201363
-0.94999999999999995559107901499373838305,0.032736289053419122388501348180301671877,0.0,0.98067761016666831182540368357827457526,0.87856050337001366782035127498617064002
-0.90000000000000002220446049250313080847,0.037135003289936772004415577569714559973,0.0,0.97948016761887288806797910444224828953,0.87762159640519109843715625099986017846
-0.84999999999999997779553950749686919153,0.041939724792369976797605079442107495849,0.0,0.97817724702536268421572523988443524965,0.87659295119768603598569581025017999742
-0.80000000000000004440892098500626161695,0.047136217109528918408034194017670574605,0.0,0.97675906984197818989512879973732099279,0.87547063612939713663168071688170927394
-0.75,0.052700224874730860684197512373013692214,0.0,0.9752149810524821424922803982856054417,0.87425075578219492045653637283359449104
-0.69999999999999995559107901499373838305,0.058598491331668823306236580570497944019,0.0,0.97353338583725010744505736343013171125,0.87292943635010498876279786787038302341
-0.65000000000000002220446049250313080847,0.064790548318721883350216998438690565279,0.0,0.97170168538899949043353980047504664817,0.87150280522219819020095221674020089543
-0.59999999999999997779553950749686919153,0.071231099510746539928481844425503051133,0.0,0.96970621282667307056672273792402339255,0.87009870268018450222230192588075759336
-0.55000000000000004440892098500626161695,0.077872732426529297823116122581753194314,0.0,0.96753217040353741924588528344423677878,0.86890265958263310882714303453725766282
-0.50,0.084668659942181211969082463136688100982,0.0,0.9651635694837125319142907949823901026,0.86758611259416769131012812453920784642
-0.45000000000000001110223024625156540424,0.091496274898917150224789936675930555722,0.0,0.96258317507189399748931784147120588232,0.86614399702602509520571333276347271158
-0.40000000000000002220446049250313080847,0.097417635647903283087725425558118083056,0.0,0.95977245702097383220041696799897783876,0.86457129400782177811973136026994780367
-0.34999999999999997779553950749686919153,0.10299309244916227039749249399683248165,0.0,0.95671155040577880459728503157766770046,0.86286300438120965250380615797031089149
-0.29999999999999998889776975374843459576,0.10765247656852853555507664406514258226,0.0,0.95337922792881122971394273991321419355,0.86101411771461230274611691690933930895
-0.25,0.11138679807528795636651300868736719364,0.0,0.9497528876019323182329713622364503906,0.85901957814603314422927398350136822401
-0.20000000000000001110223024625156540424,0.11506923695675521740575910698549129223,0.0,0.94580855930752961338420751769263613046,0.85687424895479791689688051732315016243
-0.14999999999999999444888487687421729788,0.11824642060389826872914340376726412845,0.0,0.94152093415938806307194205973980745845,0.85457287787831848507717533613120401357
-0.10000000000000000555111512312578270212,0.12150280258969215181361308476536231075,0.0,0.93687559501906763726950477233891603297,0.85211006524141059859630652615049980401
-0.050000000000000002775557561562891351059,0.12486541605365550692345199353508215405,0.0,0.9318516075165984320193155800556275252,0.84948023696973503768183503236439286683
0.0,0.12836135382726313767864448339698567431,0.0,0.92640996562602007196090061360632623842,0.84667762453070446509288128408097542057
