value,sup,dur,Y,S
-6.0,3.4155823228523295791310019049879777758e-09,24.0,0.99599468632084077027638224229005510446,0.8888851228006654952448689238944263124
-5.9500000000000001776356839400250464678,4.1346799323988086873821957309144589105e-09,24.0,0.9959914330618419110974165086363977335,0.88888526003274915648891719084765970839
-5.9000000000000003552713678800500929356,5.0292900815502317264678477702764791133e-09,23.0,0.99598799097746039934525948802184743338,0.8888854139555754401209039455270343539
-5.8499999999999996447286321199499070644,6.1456648798167870382366105715448254505e-09,23.0,0.99598435183303645354576418381021903394,0.88888558659173687256143566109405596106
-5.7999999999999998223643160599749535322,7.5428916622661578543030689809856694204e-09,23.0,0.99598095871152102514455227352499034881,0.88888578020700764754349032316753630334
-5.75,8.9338461502108443312314405364757125377e-09,23.0,0.99597761424683137907617749997145162006,0.88888599733908492524656208373438439779
-5.7000000000000001776356839400250464678,1.0511590764323853795438111039626202418e-08,23.0,0.99597405330468253125997753631065011755,0.8888862408295975423574007190865643248
-5.6500000000000003552713678800500929356,1.2439887306436071946236464931064679005e-08,23.0,0.99597026561098781154509315811054849173,0.88888651385971944416151993653808033442
-5.5999999999999996447286321199499070644,1.4805074448369441543293700980857375432e-08,22.0,0.99596624047978527057853926951630696324,0.88888681998975068500595560679047919713
-5.5499999999999998223643160599749535322,1.7716301206948220449744522338127031594e-08,22.0,0.99596196678525796682585325708575100613,0.88888716320305355909564859896436787911
-5.5,2.1311852474653729099159733014880124262e-08,22.0,0.99595743293169474136879863320011976122,0.88888754795475424536474751755705478647
-5.4500000000000001776356839400250464678,2.576729198390378481794463619562021684e-08,22.0,0.99595262682078016693304264975275706595,0.88888797922563983810652909494553266477
-5.4000000000000003552713678800500929356,3.1305958843875558300503598443433006719e-08,22.0,0.99594753581577864467430331526729800872,0.88888846258169488723601983995943359025
-5.3499999999999996447286321199499070644,3.8212514950907736939438452662395386518e-08,22.0,0.99594214670249723407048773028048294913,0.88888900423972810116311646651909439895
-5.2999999999999998223643160599749535322,4.6850450828234184156235140566538085297e-08,21.0,0.99593644564726348352256075424642418793,0.8888896111395354531055672271229237811
-5.25,5.6714057705699172657907003779985376522e-08,21.0,0.99593041815240455305907682991385290429,0.88889029102302644740064616296004438664
-5.2000000000000001776356839400250464678,6.6648234805271174705597334244996466513e-08,21.0,0.99592404900975362341864667223101262117,0.88889105252070048329653495381716887099
-5.1500000000000003552713678800500929356,7.878091429279339069016874299126589412e-08,21.0,0.99591732225249856320812362228617009155,0.8888919052457934464261478944175805614
-5.0999999999999996447286321199499070644,9.3652008431053882171846041980512496474e-08,21.0,0.99591022110527589503880690233881866636,0.88889285989631250291551401744174060572
-5.0499999999999998223643160599749535322,1.1194376962909927984964473187174089035e-07,21.0,0.99590272793193012591389825000639033784,0.88889392836502914021968339772012537535
-5.0,1.345201946769846368069937314474829775e-07,20.0,0.99589482417997265389799482428187150168,0.8888951238572938718612436766444774405
-4.9500000000000001776356839400250464678,1.624777328359775735264424139944014735e-07,20.0,0.99588649032063155896308346959251852812,0.88889646101625480420188042883132560483
-4.9000000000000003552713678800500929356,1.9721062731405402710701413946833798868e-07,20.0,0.99587770578354900496293961198184572923,0.88889795605468705141422425637204523431
-4.8499999999999996447286321199499070644,2.4049521886446844275034587848015131824e-07,20.0,0.99586844888560896428851485543808261974,0.88889962689214729201549651506675689844
-4.7999999999999998223643160599749535322,2.9459884320554682534242744712885051276e-07,20.0,0.99585869675391146078387300059718112033,0.88890149329552942766576760532941613159
-4.75,3.6049691945920898322788437348416698745e-07,20.0,0.99584842524334162967764831235855132781,0.88890357702027993562712416844051613363
-4.7000000000000001776356839400250464678,4.2326256943247341258977030237282714105e-07,19.0,0.99583760884932379417042232107506825015,0.88890590194849599260203901286991907476
-4.6500000000000003552713678800500929356,4.998793029224934527705887783540931324e-07,19.0,0.99582622061610878878708866291894615881,0.8889084942188307070918453078347925746
-4.5999999999999996447286321199499070644,5.9374137804064762365783936052921418615e-07,19.0,0.99581502975355628503912827921970944629,0.88891138234151682950577866084368660862
-4.5499999999999998223643160599749535322,7.0913634339151946346842298047476976647e-07,19.0,0.99580344182943476886492742704664291907,0.8889145972898368347111519214728719576
-4.5,8.5149190777441943269455501924691844686e-07,19.0,0.99579119605278189366528402347437255248,0.88891817255695318941026702578329262531
-4.4500000000000001776356839400250464678,1.0276934879524285010074300359282716074e-06,18.0,0.99577825874074343205099189006838317821,0.88892214416410669068803491887021165353
-4.4000000000000003552713678800500929356,1.2464931983727252625296631084015527402e-06,18.0,0.99576459424848873122957627307230627493,0.88892655060273503518641837046066986135
-4.3499999999999996447286321199499070644,1.5190372552629390890118266978221863188e-06,18.0,0.99575016482745716083595822507810760955,0.88893143268901027760830416141851017274
-4.2999999999999998223643160599749535322,1.8595468530575265610580266105415277788e-06,18.0,0.99573493047149833591551176455527149677,0.88893683330461437386936332075329254384
-4.25,2.2720967220525610689668939645525066875e-06,18.0,0.99571884875111494980709239193595793882,0.88894279699227180615610885867723053238
-4.2000000000000001776356839400250464678,2.6664489252261634162894344270032337311e-06,17.0,0.99570187463619262668364725873016426305,0.88894936936869433908186136592012851407
-4.1500000000000003552713678800500929356,3.1476885956288631402522019847890889029e-06,17.0,0.99568396030724003203834197109722909317,0.88895659631129779043339084258545865267
-4.0999999999999996447286321199499070644,3.737073215888825846458905858008580391e-06,17.0,0.99566505495432471533166744050852729655,0.88896452286856192924949104316559925775
-4.0499999999999998223643160599749535322,4.4614434547568354707029315607113257083e-06,17.0,0.99564510456182575448754317162224370713,0.88897319183760006515287048665617230156
-4.0,5.3547615729548277572197179724390490889e-06,16.0,0.99562405167618922224842073155009399444,0.88898264194694174732124681686981725896
-3.9500000000000001776356839400250464678,6.4600882262517957346599633967712720247e-06,16.0,0.99560183515339508499661221780221199591,0.88899290557848676494836748601277296923
-3.8999999999999999111821580299874767661,7.8321255031937678133756227172928213198e-06,16.0,0.99557838988299059144819597385025880779,0.88900400596109216984438931777402394072
-3.8500000000000000888178419700125232339,9.5404918000912655530189081034168894182e-06,16.0,0.99555364648623918097871655881050186524,0.88901595377061206790111459225814736541
-3.7999999999999998223643160599749535322,1.1673943090753446874011974866035141961e-05,16.0,0.99552753098686686394968207842842621051,0.88902874307899607918261806741609515549
-3.75,1.4038084815621826019940782243935310695e-05,15.0,0.99549996445362446208590029218137782329,0.88904234661005549596059718171289862619
-3.7000000000000001776356839400250464678,1.6475094420142120852061272855165149715e-05,15.0,0.99547086261402699758877310962846544538,0.88905671028361079975348586777443377911
-3.6499999999999999111821580299874767661,1.9448527112484679271739385777099500094e-05,15.0,0.99544013543798549699445317117138205242,0.8890717470647110688421977437991823116
-3.6000000000000000888178419700125232339,2.3089268586415466796911166160466383181e-05,15.0,0.99540852706614161816259770744771903239,0.88908733018180332404549531093896192649
-3.5499999999999998223643160599749535322,2.7562399927164956594972434578547824639e-05,14.0,0.99537569167385603914805050947570620449,0.88910328583759780393842588835014372024
-3.5,3.3076531882218194798540729545065923455e-05,14.0,0.99534093238547857977503988742965607445,0.8891193856079841820934772684263045739
-3.4500000000000001776356839400250464678,3.9895756478971438834336810538724870065e-05,14.0,0.99530413237435035523049708313266275591,0.88913533880475813035209730233697566273
-3.3999999999999999111821580299874767661,4.8354958319069347016751953213032156308e-05,13.0,0.99526516648803519315575568636622035741,0.88915078516160497004374796212518003613
-3.3500000000000000888178419700125232339,5.8879436719334701207929637907849611014e-05,13.0,0.99522390056058441079896790184457083601,0.88916528828130083204788851204706551496
-3.2999999999999998223643160599749535322,7.1759677452295013000510289963388695379e-05,13.0,0.99518019065984714453852309739913401543,0.88917833034402730063562666673887454609
-3.25,8.3752139499900189823514895939355686264e-05,13.0,0.99513388226574661943391558807190992973,0.88918930860828155963498141894539123446
-3.2000000000000001776356839400250464678,9.8324251645868990904909647195045777801e-05,12.0,0.9950848093750885492809722624356063654,0.88919753422230640058976142899314120799
-3.1499999999999999111821580299874767661,0.00011609099950788350092664597033143344292,12.0,0.9950327935270483268688695408755619229,0.88920223379162745885635533123791762227
-3.1000000000000000888178419700125232339,0.00013782374960658192610331220515511671093,12.0,0.9949776427412267250924138424575688467,0.88920255400759760630389308845654230543
-3.0499999999999998223643160599749535322,0.00016449136943374382344604347607049402792,12.0,0.9949191503576288424509793828982032442,0.88919756943056958593069333164120116945
-3.0,0.00019731222296571308307891500600422977295,11.0,0.99485709376577924217336162118705485835,0.88918629324753313601968559894633157847
-2.9500000000000001776356839400250464678,0.00023781982869579237320781192720706294502,11.0,0.99479123300893888094493798875501861548,0.8891676905080781531559446211199886267
-2.8999999999999999111821580299874767661,0.00028794560771134218788689218170142812196,11.0,0.99472130924914069223728655645838890443,0.88914069301689533770970209921426255911
-2.8500000000000000888178419700125232339,0.0003479304117672119529813019052869539383,10.0,0.99464704307914654286512955410213554212,0.88910421476782258598750614681019106095
-2.7999999999999998223643160599749535322,0.00040376350509772568688504408371356978841,10.0,0.99456813266774375118153941282518879196,0.88905716659013388836643938036627965857
-2.75,0.00047121056952268085618212156324656058051,10.0,0.99448425172428010494295640141948454205,0.88899846858566539956261594544360214285
-2.7000000000000001776356839400250464678,0.00055292070244526085597314440286351382202,9.0,0.99439709248313591262974916340905953024,0.88892705899727647548802190399261042565
-2.6499999999999999111821580299874767661,0.00065217409208174961329447227954746735539,8.0,0.99430429723488083715183199206009099218,0.88884189837770149254143221020700378488
-2.6000000000000000888178419700125232339,0.00077303089597997865221387217094857276607,8.0,0.99420542150001121117346170252959655986,0.8887419683115457337173778705477644046
-2.5499999999999998223643160599749535322,0.00092051214998407830129051525830429334839,8.0,0.99410002083718782587686404572842415458,0.88862626444540403922759708512470045286
-2.5,0.0011008176158790578803815361224202426518,7.0,0.99395688387928524617799880219794064489,0.88849378414397752677939194730839808536
-2.4500000000000001776356839400250464678,0.0013215850576272429164507359894466939073,7.0,0.99383953178908457094901572675686251701,0.88849888617270605065770377890683502829
-2.3999999999999999111821580299874767661,0.0015444864213707938299200318006226674721,7.0,0.99371410981547922007005168520782608273,0.88850556239076593031522345165960611729
-2.3500000000000000888178419700125232339,0.0017789857931813568843459032997461192616,6.0,0.9934922250411628558505597046351660901,0.88850078621054861470163325104970181831
-2.2999999999999998223643160599749535322,0.0020591366774887045074025338829819941891,6.0,0.99335193534031370463006222932040000923,0.88848289037245451899702217007245468599
-2.25,0.002394307263507623555500036327235055733,6.0,0.99320156369790067214631294954196677877,0.88845017022278397556745455068588325232
-2.2000000000000001776356839400250464678,0.0027957198895779271563567089873995009956,5.0,0.99285715509717215478280268387993195334,0.88840088882325288467703299979414513367
-2.1499999999999999111821580299874767661,0.0032767449984991749723262561192692525858,5.0,0.99268816268763286003207203557750873925,0.88833327689486535764896331722516253437
-2.1000000000000000888178419700125232339,0.0038532025883065090862681681346474014229,5.0,0.99250642968445462435668789415495918108,0.88824552748089213926079460814853231133
-2.0499999999999998223643160599749535322,0.0045436495818648433115284542982238042796,4.0,0.99196486982796786757479235660056227765,0.88813578584257235466638064140838183125
-2.0,0.0052658500475153739519463157131550765354,4.0,0.9917596839826048762695068595550554477,0.88800213568939436772511335332277384519
-1.9499999999999999555910790149937383831,0.0059700418493923216862636591783002850867,4.0,0.99153818636700777274608036276227308164,0.8878425833096282278679815615200835842
-1.8999999999999999111821580299874767661,0.0067936474270195330490705183893967278195,3.0,0.99066923067297635315600267782633587361,0.88765504144022931040976857348801186122
-1.8500000000000000888178419700125232339,0.0077562102087612968942342582738971722637,3.0,0.99041812626996778603937702204220639947,0.88743731476155118149465736979178490153
-1.8000000000000000444089209850062616169,0.0088796662510889911848519728015136789362,1.0,0.98900328963635272421304365101153119349,0.88718708871959035946127587713071325229
-1.75,0.010188263587086658574855574012571821294,0.0,0.99097823546712485472302504109695896643,0.88690192299866696149874018577509694808
-1.6999999999999999555910790149937383831,0.011708306425372427167011045874233425828,0.0,0.99064200057203029183899111761037197114,0.88657925044913213362766203516924458926
-1.6499999999999999111821580299874767661,0.013467671924805499727901610797776533202,0.0,0.99027957735114207271575979686310083793,0.88621638169173909744962888378732563249
-1.6000000000000000888178419700125232339,0.015386781358275899916187128236235920992,0.0,0.98988866966769052442418091650789357004,0.88581051504874240309561832968595834839
-1.5500000000000000444089209850062616169,0.01712304446572920760816264813992898224,0.0,0.98946676179734617719943554014144652294,0.88535875095779662417050158651555105257
-1.5,0.019096274345759282373832634173852631395,0.0,0.98901109692869339126628051387688245388,0.88485810965593536723321574914542518608
-1.4499999999999999555910790149937383831,0.02133152899049653604644834759775041387,0.0,0.98851865367895568015580137075256017703,0.88430555070207289892568617453793030425
-1.3999999999999999111821580299874767661,0.023853687557486478491289539917808577997,0.0,0.98798612048432400100098986655533268433,0.88369799283968919953545532249975757527
-1.3500000000000000888178419700125232339,0.026686469875610428088402948950815425951,0.0,0.98740986772437510193758055092280793814,0.88332560351890473612210210463933824934
-1.3000000000000000444089209850062616169,0.02985127023482773230943933812397914422,0.0,0.98678591744274903842602573425533333048,0.8829588841299489886987160284426203052
-1.25,0.03336585774973889119993030973353722433,0.0,0.98610991053277281909490190640502880723,0.8825348886438735914406414178974048552
-1.1999999999999999555910790149937383831,0.037243029663830741938728326464786270022,0.0,0.98537707126852783346595561254306279498,0.8820495936186298586650451656231515187
-1.1499999999999999111821580299874767661,0.041489335710237294707958873858494196926,0.0,0.98458216908037511947764350141973821761,0.88149892492883446323004403889491529617
-1.1000000000000000888178419700125232339,0.045552423421987358657979177363787430604,0.0,0.98372298898618411760936849091186270824,0.88087878055211444906505177763865131655
-1.0500000000000000444089209850062616169,0.049795784281892979107123425670079087404,0.0,0.98279116123095760671046753911685759531,0.88018505278305481752704212831354016088
-1.0,0.054422858302233610224617842885822082273,0.0,0.98177853848052254213955736143367404309,0.87941364813470177677190110626756201363
-0.94999999999999995559107901499373838305,0.059439023913077689882415611923244077129,0.0,0.98067761016666831182540368357827457526,0.87856050337001366782035127498617063476
-0.90000000000000002220446049250313080847,0.064843461069917343112812445485430640744,0.0,0.97948016761887288806797910444224829104,0.87762159640519109843715625099986017019
-0.84999999999999997779553950749686919153,0.0706286868895145951668611970212770694,0.0,0.97817724702536268421572523988443524739,0.87659295119768603598569581025017999892
-0.80000000000000004440892098500626161695,0.076780446013275479205463128179991122529,0.0,0.97675906984197818989512879973732099129,0.87547063612939713663168071688170927619
-0.75,0.083278002705177303401201121320539213092,0.0,0.97521498105248214249228039828560544471,0.87425075578219492045653637283359449104
-0.69999999999999995559107901499373838305,0.090094841382840547360724947572744972869,0.0,0.97353338583725010744505736343013171501,0.8729294363501049887627978678703830392
-0.65000000000000002220446049250313080847,0.0971997375081481083959793536269833805,0.0,0.97170168538899949043353980047504664893,0.87150280522219819020095221674020088565
-0.59999999999999997779553950749686919153,0.10455811916042622371834095453404657695,0.0,0.96970621282667307056672273792402339556,0.87009870268018450222230192588075759261
-0.55000000000000004440892098500626161695,0.1121336085464779582482957414282431669,0.0,0.96753217040353741924588528344423677878,0.86890265958263310882714303453725765905
-0.50,0.11988961738964906605003308302224165999,0.0,0.9651635694837125319142907949823901041,0.86758611259416769131012812453920784642
-0.45000000000000001110223024625156540424,0.12755122022110063045779499671548346691,0.0,0.96258317507189399748931784147120588609,0.86614399702602509520571333276347270631
-0.40000000000000002220446049250313080847,0.13425930228910584649762445553056576252,0.0,0.95977245702097383220041696799897784026,0.86457129400782177811973136026994780216
-0.34999999999999997779553950749686919153,0.14091587644919709809435478336266735355,0.0,0.9567115504057788045972850315776676982,0.86286300438120965250380615797031088697
-0.29999999999999998889776975374843459576,0.14610704695476034926761770924532703096,0.0,0.95337922792881122971394273991321419355,0.86101411771461230274611691690933930744
-0.25,0.15018062066281573115384047831257356952,0.0,0.94975288760193231823297136223645039211,0.85901957814603314422927398350136822852
-0.20000000000000001110223024625156540424,0.15358945710648414994749163392388128905,0.0,0.94580855930752961338420751769263612519,0.85687424895479791689688051732315016469
-0.14999999999999999444888487687421729788,0.15671970569692527023371034111790006299,0.0,0.94152093415938806307194205973980746146,0.85457287787831848507717533613120401056
-0.10000000000000000555111512312578270212,0.15994454540859690569905979035901898172,0.0,0.93687559501906763726950477233891603448,0.85211006524141059859630652615049979348
-0.050000000000000002775557561562891351059,0.16313382600723942673720091115546364467,0.0,0.93185160751659843201931558005562752219,0.84948023696973503768183503236439286081
0.0,0.16626932912122143906702998774620921856,0.0,0.92640996562602007196090061360632624143,0.84667762453070446509288128408097542433
