value,sup,dur,Y,S
-6.0,0.016450559182047333428643699062009485149,0.0,0.99325587113627055113201100307053717686,0.26727088578751862432772983338789120323
-5.9500000000000001776356839400250464678,0.016972603133990127221120053656675529584,0.0,0.99320750677015472700447498674969853155,0.26716241165117830353214913617190112309
-5.9000000000000003552713678800500929356,0.017563683065185525218515820089252252983,0.0,0.99315809108705211736270759537107129262,0.26704133730939761285418679019200816892
-5.8499999999999996447286321199499070644,0.01823347490219395098602524478214589667,0.0,0.99310759489611571140261826230631402132,0.26690628265865482414674103939247847906
-5.7999999999999998223643160599749535322,0.018993107999692888812158226351393622407,0.0,0.9930559879974880837718390483443906702,0.26675573709851361880856734072943187145
-5.75,0.019855393072293549571763929264548656383,0.0,0.99300323913852528585286793886547972282,0.2665880523276669636317667096408300313
-5.7000000000000001776356839400250464678,0.020835083459107643092780979215363801568,0.0,0.99294931596760436053750018384461798909,0.26640143610932219045468031501316898149
-5.6500000000000003552713678800500929356,0.021820889806094899104853948769606086715,0.0,0.99289418498647914320802712777434930049,0.26619394745638525788468535018411676766
-5.5999999999999996447286321199499070644,0.022416471975266733313657760563751417425,0.0,0.99283792365810190005231772587191746768,0.2659634937789695977719536952024554932
-5.5499999999999998223643160599749535322,0.023089122163694023468758298133614296782,0.0,0.99278048362742714420821888961606824522,0.26570783063510797937135260337464403484
-5.5,0.023849250206517480567460670192173423966,0.0,0.99272173159030591328802549923792248311,0.26542456482623487803436660816170146734
-5.4500000000000001776356839400250464678,0.024708744893261112561245918827642486401,0.0,0.99266162907737532968793867466837079408,0.2651111616760205942260683830886711884
-5.4000000000000003552713678800500929356,0.025681188711204158813430113912543883084,0.0,0.9926001362147927974214335161790924702,0.2647649574159567083722611464830639876
-5.3499999999999996447286321199499070644,0.026782100404421908247146720645380347186,0.0,0.99253721166175889101197248533992622293,0.26451758634737337666081623247641999128
-5.2999999999999998223643160599749535322,0.028029206660355740359410985850507649027,0.0,0.99247281254402433579078911071207156924,0.26432503025479264813417134870678748688
-5.25,0.029317443186771689930589319404058756645,0.0,0.99240689438408982870626904234269701029,0.26411105255703758319003566903681125766
-5.2000000000000001776356839400250464678,0.030089802460175471272663914279700568193,0.0,0.99233941102873934346023019872548163816,0.2638735337080397381468115326495574063
-5.1500000000000003552713678800500929356,0.030960607910244110257035933565969205488,0.0,0.99227031457405163773694680192896241005,0.26361020738746368371948306182404423929
-5.0999999999999996447286321199499070644,0.031942772360616205072665563686626782579,0.0,0.99219955528737633581810920816938993649,0.26331866567636500112599728888274438674
-5.0499999999999998223643160599749535322,0.033050945458223325606869886374713644904,0.0,0.9921270815252813405982610914145762019,0.26299636881800697226116777161690055147
-5.0,0.034301740769731745240400358442268284661,0.0,0.99205283964641323882961005691211487697,0.26264066050883215877923887396539111462
-4.9500000000000001776356839400250464678,0.035713985259182584487007747022792818328,0.0,0.99197677391857060973672171644208983594,0.26224878970716563842295634265500106596
-4.9000000000000003552713678800500929356,0.037308989587519364020201605854525310127,0.0,0.99189882641985517207790651765346787865,0.26181793994314519774962958538257722944
-4.8499999999999996447286321199499070644,0.038863207359996210296473209488982799784,0.0,0.99181913085821826713111148231404770178,0.26134526704369177182358658131682274788
-4.7999999999999998223643160599749535322,0.039873867574468166770638968234624577896,0.0,0.9917374969838542577999996075296346863,0.26082794603013756189184959576390621024
-4.75,0.041011291967413045403019506139974452775,0.0,0.9916537986936928479953789904055088725,0.26051793084788660227920396828065981539
-4.7000000000000001776356839400250464678,0.042291571909874972539929332290525148543,0.0,0.99156796839229282844592818037309400848,0.26021053235011526926127048229407967068
-4.6500000000000003552713678800500929356,0.043732824212031974644961992074883302859,0.0,0.9914799357257624480989840398561800629,0.25987118787526332198481078261018310637
-4.5999999999999996447286321199499070644,0.045355419289072731292006711114455931735,0.0,0.9913896274478605499934976387025673213,0.25949725032966101058282340371756349667
-4.5499999999999998223643160599749535322,0.047182220983580969971403518279650133898,0.0,0.99129696727773129089184302502032903381,0.25908600597446032605278563529071255806
-4.5,0.049238832234529476537392104915865651698,0.0,0.99120187574880880583061123668752931131,0.25863471007333840174714343459714012202
-4.4500000000000001776356839400250464678,0.050957413910680676687847441364855301011,0.0,0.99110427004879778577919477166091339408,0.25814063139470398052834846083309571062
-4.4000000000000003552713678800500929356,0.052297067632039641785806726154669466002,0.0,0.99100406385074013499767225733311939825,0.25760110608860836450241443057350827677
-4.3499999999999996447286321199499070644,0.053801656714313588514480300026250477677,0.0,0.99090116713495666027719835258921531249,0.25701360109119507716948841271119312126
-4.2999999999999998223643160599749535322,0.055491305711369019371623633426367045938,0.0,0.99079548600123342728250309982127468234,0.25637578670517686133012284809722501765
-4.25,0.057388459347989325613593927229483210728,0.0,0.99068692247023616037590592039250786534,0.25571020188856094556742861306114148304
-4.2000000000000001776356839400250464678,0.059518086472456647504934988427740441251,0.0,0.99057537427297790654769285318026649454,0.25530828988382868719126804987943378047
-4.1500000000000003552713678800500929356,0.061907876082287550234014684515860731792,0.0,0.99046102098098023388873125309904502833,0.25486746197716245173768477887886968015
-4.0999999999999996447286321199499070644,0.064588413643854917881515329465590573897,0.0,0.99034350017551567377025896156694114374,0.25438511729588491227888635165502536048
-4.0499999999999998223643160599749535322,0.06627395885338902056857222899049639099,0.0,0.99022266750201451919736169595284605316,0.25385873388802481780449237506221576495
-4.0,0.068078058657037469659359498149429097976,0.0,0.99009840143299039930898881421915626603,0.25328593187483904595085635870727700991
-3.9500000000000001776356839400250464678,0.070099138991909037074697746428630335999,0.0,0.98997057490067392796467434696215356707,0.25266454527238585653935263909797585663
-3.8999999999999999111821580299874767661,0.072362329981263401633908239686339015392,0.0,0.98983905499847816095780304312951465252,0.2519927013423421326775533225013200836
-3.8500000000000000888178419700125232339,0.074895307133309158459066698100951133314,0.0,0.9897037026643825932062333156465794057,0.25126890554913838807816187180972187159
-3.7999999999999998223643160599749535322,0.077728418618744797730547877854288677789,0.0,0.98956437234477257685729181883979161153,0.25049212933046200031559091075265806853
-3.75,0.080894771276248138375082657659303634973,0.0,0.98942091163734758762042922193647869787,0.24966189699208318987714216529378548425
-3.7000000000000001776356839400250464678,0.083542460792497900926407673249496951561,0.0,0.98927316091185179292670449877672882619,0.24902797999936859382422512745718413849
-3.6499999999999999111821580299874767661,0.085754589109738979845184149717609574164,0.0,0.98912095290744207225217635614396148865,0.2484585339812614081620338980466541937
-3.6000000000000000888178419700125232339,0.088226185776716903497175601815496266363,0.0,0.98896411230541264884686041385259536895,0.24784201996295536956937224645047707933
-3.5499999999999998223643160599749535322,0.090985697437021991248231705335581336604,0.0,0.98880245527576970170807993018912765807,0.24717687928305819119473793772028759524
-3.5,0.094064064426776095971799687307899942094,0.0,0.98863607252313251871361453883622354619,0.24646196338490318808604362660182453753
-3.4500000000000001776356839400250464678,0.097494742256836129752679731129918466124,0.0,0.98846459060986195269823097970768976295,0.24569661693570229288000084735511065581
-3.3999999999999999111821580299874767661,0.10131365328364683027105143157047391957,0.0,0.98828769527506914308364109168669335706,0.24488075739726226855382190241344625095
-3.3500000000000000888178419700125232339,0.10488199474513261965576984898797611731,0.0,0.98810516389991346760249194482116405255,0.24401494626592984697823233246911222211
-3.2999999999999998223643160599749535322,0.10765851117449700370721766882265393603,0.0,0.98791676264159335275231103540167860354,0.24310044671920844407870262196880621546
-3.25,0.11075083055542881462507650018434608554,0.0,0.98772224578325994298719657940597034112,0.2421392622853385152348471154217292651
-3.2000000000000001776356839400250464678,0.11419118019914732924750605092003649753,0.0,0.98752135504401700992331035518348879534,0.24122486337130912205464949905474493903
-3.1499999999999999111821580299874767661,0.11801403048002419521049804038702053284,0.0,0.9873138188466613658514202395492452816,0.24051003428840346870817765031514052286
-3.1000000000000000888178419700125232339,0.12225594717881137464230949197359360999,0.0,0.98709935154068184775505915418618236835,0.23974799491607024446349671224397550554
-3.0499999999999998223643160599749535322,0.12695533806233060372845579749446377923,0.0,0.98687765257797272451236827406892640596,0.23893926475870757438207000801047742842
-3.0,0.13132722032845471578814840050455629061,0.0,0.98664840563871000540624681277265273862,0.23808501637057441738869573081757453137
-2.9500000000000001776356839400250464678,0.13489149659386548292469967926313629859,0.0,0.9864112777048403114609736461598885167,0.23718710990368313347800211579933836965
-2.8999999999999999111821580299874767661,0.13884494539279467113165307871312445776,0.0,0.98616591807860903335808588397533536422,0.23624810466562546548395835460607363587
-2.8500000000000000888178419700125232339,0.14322341421873834175867575241788067258,0.0,0.98591234591911572557729273111574617283,0.2352712437558328144899797408218606438
-2.7999999999999998223643160599749535322,0.14806431375563951162869916050315127261,0.0,0.98564987936045639005901347721479344211,0.2342604092229452712269208487853057164
-2.75,0.15340620741729836671750883181769873645,0.0,0.98537802555847308156759693332184362204,0.2332200470192730714119830592192760431
-2.7000000000000001776356839400250464678,0.15928825782857602919480093825617083068,0.0,0.9850963524509848561363919937883264963,0.23215506317657408648008927100932966713
-2.6499999999999999111821580299874767661,0.16427354783380187241166026034081290264,0.0,0.98480440446532170589860117274247914839,0.2310706948764625232582792978896082484
-2.6000000000000000888178419700125232339,0.16893755451802531802158419140358273586,0.0,0.98450170114972650062323405487060757703,0.23011607853695663171257935212936508351
-2.5499999999999998223643160599749535322,0.17408227285481814577399782659553680114,0.0,0.98418773573229307261516248390313297534,0.22920226477545254018071430932799012374
-2.5,0.17974543304305912480204140226953233681,0.0,0.98386197360571021822704950202444649892,0.22825829666403634461362605208923532263
-2.4500000000000001776356839400250464678,0.18596485657963480216735338932148975368,0.0,0.98352385073645342634834602624939200369,0.22728833313981689046528604127070607333
-2.3999999999999999111821580299874767661,0.19277768042990256167281153737873042278,0.0,0.98317277199754423111305244577599841651,0.22629688348501117660469824901275330338
-2.3500000000000000888178419700125232339,0.19997242721215217138176794512409279575,0.0,0.98280810942459321917648500461161713936,0.22528867601508823939653570374065292439
-2.2999999999999998223643160599749535322,0.20560247175597577890761252703805956646,0.0,0.98242920039556370249330394787673784132,0.22426851167704799914523206249286424401
-2.25,0.21178120529409488188305727940509220561,0.0,0.98203534573554813028235115062662290953,0.22324111015437929819229881535528807826
-2.2000000000000001776356839400250464678,0.21854485727471196074801458251319156294,0.0,0.98162592282888197855763489580759250654,0.22221095676694814826875936589258712437
-2.1499999999999999111821580299874767661,0.22592810880254091471016670968514337059,0.0,0.98120046476318105302562984844285316163,0.22118215838558153686185752895636078725
-2.1000000000000000888178419700125232339,0.23396306415132541959076076765427863962,0.0,0.98075773432477691588463703683062594927,0.22015831576965179725532908002325322524
-2.0499999999999998223643160599749535322,0.2426780917571501265508297645528671644,0.0,0.9802968652463097874529252053901272991,0.21914241830178327748204591247500883146
-2.0,0.25023308344962261272097735089437796489,0.0,0.97981694408784906931857042388893706691,0.21813676523539689506689852875356814396
-1.9499999999999999555910790149937383831,0.25777229802291056093339346650527712178,0.0,0.97931700796662361702153551841826357862,0.21714291552660279639979589578563392246
-1.8999999999999999111821580299874767661,0.26596609721533710933273139331615725587,0.0,0.97879604225714959270177906982338632632,0.21616166632814246294793292886080078998
-1.8500000000000000888178419700125232339,0.27484134102830527909700846890625775282,0.0,0.97825297827663612580008639973317743501,0.21519305847728880848870667464436016811
-1.8000000000000000444089209850062616169,0.28441972642403826468254731292993709349,0.0,0.97768669097338601733588649159484829173,0.21423640594720196545374563087973909225
-1.75,0.29471650891134866856566029901286291344,0.0,0.97709599663902601137475772249945841606,0.21329034531689825762229875221391015696
-1.6999999999999999555910790149937383831,0.30448190646384592396988398265812155063,0.0,0.97647965066879272347677258230457332793,0.21235290084809242859807423027571454574
-1.6499999999999999111821580299874767661,0.31374654325628442671923733284533594881,0.0,0.97583634539775102748471833868245028593,0.21142156068664474444440038558334665138
-1.6000000000000000888178419700125232339,0.32372235722728182626953128349198474143,0.0,0.97516470804470431217797726082443033827,0.2104933599498122525341229832614160888
-1.5500000000000000444089209850062616169,0.33442090754224885775456627970889849197,0.0,0.97446329879962946120064038171538313492,0.20956496692306698728543947237614127035
-1.5,0.3458455894913977359960665180858676082,0.0,0.97373060909467477962138293961376433554,0.20863276917970541023049724401661461924
-1.4499999999999999555910790149937383831,0.35799054109511438905140737999191579148,0.0,0.97296506010301667965530991002419749663,0.20769295707358528090646448016079282714
-1.3999999999999999111821580299874767661,0.3701496593226813030477676529285894689,0.0,0.97216500151407792198193733681833761453,0.20674160267903633307036015251458161116
-1.3500000000000000888178419700125232339,0.3814808116089441223174912915622575044,0.0,0.97132871063763626145733797345111851967,0.20577473282057047174292484431338265519
-1.3000000000000000444089209850062616169,0.39353826331171173216614903805575075826,0.0,0.97045439189303839263067184797512905931,0.20478839532435158280319757655708937671
-1.25,0.40630886125062707895681780990073632332,0.0,0.96954017674288837104056146847031722071,0.20377871802369200428987486135105437547
-1.1999999999999999555910790149937383831,0.41976888348948813727902308685235801256,0.0,0.9685841241329767018692046536054000238,0.2027419603628536128400262904485912496
-1.1499999999999999111821580299874767661,0.43388365671492687366194167905128778355,0.0,0.96758422150159642720234396320883259849,0.20167455767474795222162583274390405062
-1.1000000000000000888178419700125232339,0.44860755477712362172815504141040529332,0.0,0.96653838642146164973454812347986082663,0.20057315837015663922436745663698733847
-1.0500000000000000444089209850062616169,0.46244625175221481730402323868427924783,0.0,0.96544446893587758359904824607404622629,0.19943465438170888627132377151737702785
-1.0,0.47670047911819577199773970515489195434,0.0,0.96430025464725827952194249426160702949,0.1982562052678003633160677199226930681
-0.94999999999999995559107901499373838305,0.49157142335124916452644872408713831911,0.0,0.96310346861017918586643263217478694043,0.19708706928817642426223791176109492124
-0.90000000000000002220446049250313080847,0.50700309501846024372480295210808211537,0.0,0.96185178007251041612994842353173797423,0.19592202798448526748342513680768810009
-0.84999999999999997779553950749686919153,0.52292976462533624273368258336859830289,0.0,0.96054280809643314901831639908184741736,0.19471270638725606184710729401392968089
-0.80000000000000004440892098500626161695,0.53927722919644644445805652577225854927,0.0,0.95917412807595277146627568209934479605,0.19345629123563467248994784677716375895
-0.75,0.5559644627948212668041378363131899009,0.0,0.95774327914859218102212044084017686681,0.19215029008716539258356784895143945803
-0.69999999999999995559107901499373838305,0.57290557806500072448162163881729223084,0.0,0.95624777247605571233356742990448224332,0.19079254528510500085804267850288008357
-0.65000000000000002220446049250313080847,0.58994193692099225014053179671268830235,0.0,0.95468510034167848044632865312021268217,0.18938124178397315105857800510947185782
-0.59999999999999997779553950749686919153,0.60689244216632779774161963477173350418,0.0,0.95305274598143214990721096182024151232,0.18791490937575161546772691627149209677
-0.55000000000000004440892098500626161695,0.62408219581054649515893080044305419389,0.0,0.95134819403032355619845628746674381531,0.18639241987046077137869045648230388541
-0.50,0.64142104656115463053992362870959399331,0.0,0.94956894142756848464865181110077443542,0.18481297979085656143536519965466266552
-0.45000000000000001110223024625156540424,0.6583513759161085823542316860584380285,0.0,0.94771333478316936308890508590087430594,0.18317611914441770097196100174624644611
-0.40000000000000002220446049250313080847,0.67501699444864997149820333909675800038,0.0,0.94578049445075113542454579835880097325,0.1814816768381418173617766439253018379
-0.34999999999999997779553950749686919153,0.69138035343120993952260342697094074647,0.0,0.94376617728600408656590859950101718683,0.17972978330348648313031573397585918176
-0.29999999999999998889776975374843459576,0.70672488076733288967041603005400737295,0.0,0.94166810341757338802550268334961465411,0.17795835623898820961186753282734993886
-0.25,0.7200948080494002361220204836999959776,0.0,0.93948406397613319281285872528840843221,0.17618441457550863217100841324773009095
-0.20000000000000001110223024625156540424,0.72983327917487854189498911435466073363,0.0,0.93721192940022117474345324396410627618,0.17434796124209731286155117364657183411
-0.14999999999999999444888487687421729788,0.7359332556032175384371593062830054241,0.0,0.93485476284597872236547778661387385572,0.17244966379812130419500199501237155853
-0.10000000000000000555111512312578270212,0.74072257052688844986099609866803723513,0.0,0.93240695565314042302715832293853741406,0.17049048145826858419929177163609991717
-0.050000000000000002775557561562891351059,0.74495263830470561075381046628629783394,0.0,0.92986615845633101135303058246078195023,0.16847164191400658685959559913770568335
0.0,0.74913906145589446245705091755551400433,0.0,0.92723193507366122871677337274547736775,0.16639461779863327462876891291301359207
