value,sup,dur,Y,S
0.0,1.1770071716504165725786602993132723292e-101,130.0,0.9954223484406165154382312834663533515,0.99996488396291393078676320751511789119
0.010000000000000000208166817117216851329,7.0678559017268832122903565184187432647e-84,130.0,0.99553814159058084165845964316491120669,0.96837171366922224361976635252679602418
0.020000000000000000416333634234433702659,5.2081009601440709849070708804048370951e-80,130.0,0.99565543450282801488347945453731075541,0.9446490569001404472292993578341059963
0.029999999999999998889776975374843459576,1.8095562291236389620428161996579930642e-78,130.0,0.99577746373940563202895033107408289828,0.92387561389727297702478482143435229984
0.040000000000000000832667268468867405318,9.8804987467128922077384607221386992666e-78,130.0,0.99590551192995909122304904736957029998,0.90586088988981079791398835963041569433
0.050000000000000002775557561562891351059,2.5019756555378888274527678327822868544e-77,130.0,0.99604088457808246586522915044954111166,0.88881968448054697579452010792329620224
0.059999999999999997779553950749686919153,4.5105930100077920307900978549527675267e-77,130.0,0.99618911036985076120958337126306180792,0.87259588816201645855993545433722867628
0.070000000000000006661338147750939242542,6.9851485476543043181372013070500972902e-77,130.0,0.99635344749614593104262434710079905094,0.85749345392270814163333564308641192661
0.080000000000000001665334536937734810635,1.0136162704796285817875368955043687382e-76,129.0,0.99652995081153502051877715696631257074,0.84305485990322320352789204747435271922
0.089999999999999996669330926124530378729,1.436802703586939747844532147357364325e-76,129.0,0.99670182931813362982951981605753476012,0.82900960171440701265135332392792915916
0.10000000000000000555111512312578270212,2.0300758470484864188079495423152298523e-76,129.0,0.99685950540358106053584931692176776639,0.81529900697452264002883709833397704899
0.11000000000000000055511151231257827021,2.8869444807485850769638663499313849935e-76,129.0,0.99700146571373522458230886475606318277,0.80186871235174997315862464432796939904
0.11999999999999999555910790149937383831,4.1507567109951948764264774204243069281e-76,129.0,0.99712754580973857574228970844776377785,0.78866824454560175903003016241238496448
0.13000000000000000444089209850062616169,6.0449482367185488484277294632026498639e-76,129.0,0.99723979282758566919393493143808731828,0.7756506207676489018414160534658272031
0.14000000000000001332267629550187848508,8.9224735834666465767185819229016564195e-76,128.0,0.99733894940298229975967517132087131071,0.76277197460913755038749374641658828648
0.14999999999999999444888487687421729788,1.3347224807598491698418042225913081401e-75,128.0,0.9974265074755570686301674664075499412,0.75007122524672784805244951184055352378
0.16000000000000000333066907387546962127,2.0229503333253127960953935983912191857e-75,128.0,0.99750376696360218408862993189641402572,0.73789265616981172928157818460872359679
0.17000000000000001221245327087672194466,3.1053739401012535022538339077145460095e-75,128.0,0.99757185086169320690232056078981417232,0.72581523048384973219137098512649051253
0.17999999999999999333866185224906075746,4.8265204483734857809048270129985031277e-75,128.0,0.99763172489755529076511194354745218498,0.7137983761558518449889856953002873609
0.19000000000000000222044604925031308085,7.5933596527255802893178478866380855062e-75,127.0,0.99768421764232659814291962501549205011,0.70180395688528253097071164558706748569
0.20000000000000001110223024625156540424,1.2090399701379750460383496188055520142e-74,127.0,0.9977300392319897752870059958934458019,0.68979597631206090172973188073158994057
0.20999999999999999222843882762390421703,1.9481541418486005439020924130791294492e-74,127.0,0.99776979799831601372466696087092556249,0.67774030926508650891267911466586836967
0.22000000000000000111022302462515654042,3.1768188240056590350787478156995515871e-74,127.0,0.99780401486568495073459593766649058075,0.66591939155458167282629767267526609609
0.23000000000000000999200722162640886381,5.2432220294448079509700470012940826924e-74,127.0,0.99783313562760138133628950934013453944,0.65460762428787979050500906737933154616
0.23999999999999999111821580299874767661,8.7604912881615268442798614907195975095e-74,126.0,0.99785754132094066090484588124626844441,0.64319781203470974917301109781117167265
0.25,1.4821981280436607241557934130646986085e-73,126.0,0.9978775569439193890315654318726879342,0.63165846830414661016620182150768732367
0.26000000000000000888178419700125232339,2.5403198429925056458811008196077777569e-73,126.0,0.99789360895199063244541328574351360999,0.61995944696661038250534286854341023746
0.27000000000000001776356839400250464678,4.4122870145087217224362615024617700114e-73,126.0,0.99790581414945473030096727047942398377,0.60880453181596067826157967102442073859
0.28000000000000002664535259100375697017,7.7705590777664583892743765805409399734e-73,125.0,0.99791432869367809902061790173112382354,0.59780132783877811657314639118828368211
0.28999999999999998001598555674718227237,1.3883671665431718623585399184438684382e-72,125.0,0.9979193145834666172804339492713230525,0.5865790963766160246869392086202546283
0.29999999999999998889776975374843459576,2.5182603376697681174157404562648983849e-72,125.0,0.99792090412056040498232793621906672408,0.57511005688380954008192640894243835965
0.30999999999999999777955395074968691915,4.6403666566611634924022389055037533834e-72,124.0,0.99791920270510526430435345267260533406,0.5644024845434404625040696609129931473
0.32000000000000000666133814775093924254,8.6936394541182177195907892827536905245e-72,124.0,0.9979142911124541900952159682423111458,0.55354678335851575922403108572279573258
0.33000000000000001554312234475219156593,1.6573835226860449467829919803092737469e-71,124.0,0.99790632766306750807683413346582994045,0.54237774325876125176247106391558841892
0.34000000000000002442490654175344388932,3.2182844487214859779697624418293128743e-71,124.0,0.99789529875770435917562077919976047398,0.53165530135829245188144980700377887656
0.34999999999999997779553950749686919153,6.3716096112568573915855034432198091094e-71,123.0,0.99788115739818089745188329828118755928,0.52101661829719048773681485358551829234
0.35999999999999998667732370449812151492,1.2875914460389362391260424626302304657e-70,123.0,0.99786389991825147515505695556316521041,0.5099916658663455025790549115264552145
0.36999999999999999555910790149937383831,2.6590853531221300022496242610672240919e-70,123.0,0.99784350337665176505629427631777688426,0.49957075780059851610365389598796983582
0.38000000000000000444089209850062616169,5.6192212517862104850959760019688847359e-70,122.0,0.9978199256778587493106192532138140355,0.48896233777116016259258744019330187147
0.39000000000000001332267629550187848508,1.2168048775740555794059749548960398466e-69,122.0,0.99779310540453584135056249074654270909,0.47825277287556104463155257440868314763
0.40000000000000002220446049250313080847,2.704139236808190754609128374819218837e-69,121.0,0.9977629613570425608225503153073023898,0.46797736536579253226938728973330442445
0.40999999999999997557509345824655611068,6.1775830543590809830561828550104007117e-69,121.0,0.997729391786638957901500566107177951,0.45720281965415178850732574741900906788
0.41999999999999998445687765524780843407,1.4533456866440005043215255036091417935e-68,121.0,0.99769227329936929455540847777431746165,0.44715866758260956075229890135142168522
0.42999999999999999333866185224906075746,3.5279856627306821847434857917724695494e-68,120.0,0.99765145939655527028728077223732790762,0.43652710150857874953226897866933393875
0.44000000000000000222044604925031308085,8.8555080928568725366171140035966200636e-68,120.0,0.9976067786047264904337662685828265882,0.42655624897868302337192704357699763688
0.45000000000000001110223024625156540424,2.3037360399361664145869052095044627532e-67,119.0,0.99755803213184163697392586410472765529,0.41610918532802148089309285111813086445
0.46000000000000001998401444325281772763,6.2270168072065679994227834742192232448e-67,119.0,0.99750499096672314950992094009648541393,0.40614969687405554482210801583052563685
0.46999999999999997335464740899624302983,1.7536918892463846101748917096704342154e-66,118.0,0.99744739231328457087008021491091077809,0.39599028673724514814052818208339535427
0.47999999999999998223643160599749535322,5.1613672211217396501806415942160601173e-66,118.0,0.99738493521838620735262413674384377109,0.38585026335951544201786878023332577842
0.48999999999999999111821580299874767661,1.5927773960748332530175143308248346236e-65,117.0,0.99731727520926437640507411598541281518,0.37599277685372625029319629934182336613
0.5,5.1726056510857385301385470499571427349e-65,116.0,0.99724401769959712741865016378953935468,0.3659990731533255710008093582647475107
0.51000000000000000888178419700125232339,1.7749077793269074297096707715133393426e-64,116.0,0.99716503237589149111632872888408474023,0.35595700004666997447742690483959948571
0.52000000000000001776356839400250464678,6.4637897293620394876991233684893868465e-64,115.0,0.99707956213555151076237752506168251416,0.34622287427518537257630357853223978117
0.53000000000000002664535259100375697017,2.5106513947161350939664591785982381043e-63,114.0,0.99698700930814912140181305696256326301,0.33649585133490753770536186076623256019
0.54000000000000003552713678800500929356,1.0458165990896870049615718628814949407e-62,114.0,0.99688716609139696766597695333214610215,0.32677819971854467874506329358897816232
0.55000000000000004440892098500626161695,4.7005726961338626949066475855908588312e-62,113.0,0.99677896646208713445613826284840659671,0.31709924877301896905035175173420989918
0.56000000000000005329070518200751394033,2.2953204161751749966356333494104820635e-61,112.0,0.99666197249437468488694458704208557349,0.30747232166333023365136966237824362518
0.56999999999999995115018691649311222136,1.2270657750143965100848500924658819334e-60,111.0,0.99653497786239072337965836316028499062,0.29789527513331145589409637584786816041
0.57999999999999996003197111349436454475,7.2440320363804518665232959159396776244e-60,110.0,0.99639747715247451679283218073216238837,0.28835105010617737474884966730451427605
0.58999999999999996891375531049561686814,4.7690025596826350515194237782508919958e-59,109.0,0.99624805748098783670241686898128730875,0.27880828067081057999324082063688195554
0.59999999999999997779553950749686919153,3.5402202832773598180470215202745427743e-58,108.0,0.99608547830263100964276359055335693458,0.26949632711198443059382969906133598428
0.60999999999999998667732370449812151492,3.0011302384361989552252462999132322265e-57,107.0,0.99590832776422289947449226960656092381,0.26014381763693293648993021277963718656
0.61999999999999999555910790149937383831,2.9477212674984250311306756405866763787e-56,105.0,0.99571491527196237434003648637080541933,0.25084666014723569682683401221476109969
0.63000000000000000444089209850062616169,3.4109916830143069091913192883138471932e-55,104.0,0.9955031928153704409815940353144120616,0.24157262367824707964226234515028899748
0.64000000000000001332267629550187848508,4.7407932914995466468518548280312806934e-54,103.0,0.9952713888920430455960540005793270412,0.23243811543927484383355916003811138809
0.65000000000000002220446049250313080847,8.0937878672148883717906069537441242078e-53,101.0,0.99501621237139065922651229123359142719,0.22332119780408481899180432004541335309
0.66000000000000003108624468950438313186,1.7426108451508174328639797207261632704e-51,99.0,0.99473501565143794513898195191416309875,0.21423965469215217404246997278240679819
0.67000000000000003996802888650563545525,4.8802932308536922554669612525482272518e-50,97.0,0.99442402948588864136838322861138653533,0.2052265626353472074661729190964841198
0.68000000000000004884981308350688777864,1.8443259040920526378730375368390127209e-48,95.0,0.99407911723763164571350024452455690093,0.19629707806077781736358602887307001408
0.68999999999999994670929481799248605967,9.8270642223722588473410336300927794713e-47,93.0,0.9936944811353495153391248414811916159,0.18741637635891901918814908784521551837
0.69999999999999995559107901499373838305,7.7824952141508782758678322214904816506e-45,90.0,0.99326436619289383501551206221484023939,0.17857450513067391467464473382665118985
0.70999999999999996447286321199499070644,9.7653500453541524630392246148415059335e-43,87.0,0.99278098019610241947175134219030151913,0.16980661491126417091939410383303639013
0.71999999999999997335464740899624302983,2.0989209595632740380266579296780004192e-40,84.0,0.99223456280420509846043527217504961469,0.16109162347376562856989115204046278884
0.72999999999999998223643160599749535322,8.5026615360616875908673257628398589435e-38,80.0,0.99161325292758720341408829806598052524,0.15242237961876449754671801574971192992
0.73999999999999999111821580299874767661,7.2995327931615672663586722854375665476e-35,75.0,0.99089749868901466265073858024707105884,0.14381530423128381508967416943671696888
0.75,1.5317118252766629208660877552746303074e-31,70.0,0.98995873646756762424607908058658592037,0.13526937713904711837857487613977584262
0.76000000000000000888178419700125232339,9.2942631012259413398642617138904732295e-28,64.0,0.988600662644653911360402760881480643,0.12677407523580071331742248150272111074
0.77000000000000001776356839400250464678,1.9510310498121086037208888896433702971e-23,57.0,0.98645921096369096356527341285903861847,0.11832886362336692214194181214466908963
0.78000000000000002664535259100375697017,1.6099911083000889472514875909703245334e-18,48.0,0.98269689475775621590478057803354238536,0.10991228391915456252997405069877882923
0.79000000000000003552713678800500929356,4.5519220563512264917560381482087316717e-13,38.0,0.97516671626175070668962487835589386529,0.10151545498502881570047001629840775809
0.80000000000000004440892098500626161695,1.5769593969324439320293748268761353009e-07,24.0,0.9578793262092830571738985660234255578,0.093147217166156107660115207384780277937
0.81000000000000005329070518200751394033,0.0025870076824111380680496573659720411781,5.0,0.91444311457035312054529549321459784946,0.079574959669493260976185693159060935271
0.81999999999999995115018691649311222136,0.088510988690309420969266025008399772063,0.0,0.81025958372276048694784169641448975885,0.052773295341900098439868254160465208993
0.82999999999999996003197111349436454475,0.30626842491627426595037648618330384731,0.0,0.61526005250638422421853359986768726567,0.02662009232363000845708416817674792293
0.83999999999999996891375531049561686814,0.57400560490277065264105791598992127195,0.0,0.37741113314606472648626343227627553497,0.010563618765016683294847596906596025957
0.84999999999999997779553950749686919153,0.77810752011535584847692579016012207632,0.0,0.19569401540442562917399292817078315665,0.0036385396558289541140645920029464992575
0.85999999999999998667732370449812151492,0.88993075391879324151120140814590481426,0.0,0.096450408211826504707697375900736956501,0.001209179139137349300622417002668550695
0.86999999999999999555910790149937383831,0.94006416653704375662175496257811364666,0.0,0.052323823234104473052119118577700052715,0.00088580442240051084206701394018049722485
0.88000000000000000444089209850062616169,0.95705197953226793148277002848292423785,0.0,0.037491133432530598299888445498945898749,0.00088580442240051084206701394018049722485
0.89000000000000001332267629550187848508,0.9657396633959869352024900005212216513,0.0,0.029907886724113982597241319384590987831,0.00088580442240051084206701394018049722485
0.90000000000000002220446049250313080847,0.97119263590313494836573214962856588396,0.0,0.025148679144061522356194034048346816942,0.00088580442240051084206701394018049722485
0.91000000000000003108624468950438313186,0.97498326739494430241864037932753670229,0.0,0.021839831667042495512971109986696377777,0.00088580442240051084206701394018049722485
0.92000000000000003996802888650563545525,0.9777892089264953989219804716603240111,0.0,0.019391426880812777277306927577917712738,0.00088580442240051084206701394018049722485
0.93000000000000004884981308350688777864,0.97995953766467861633770466900138828636,0.0,0.017497956237546420297879448755625577933,0.00088580442240051084206701394018049722485
0.93999999999999994670929481799248605967,0.98169183361096676223397749678252085045,0.0,0.0159863406990418591579088403795150396,0.00088580442240051084206701394018049722485
0.94999999999999995559107901499373838305,0.98310859691800065616670521317475693802,0.0,0.014749174991631651038685526417853634781,0.00088580442240051084206701394018049722485
0.95999999999999996447286321199499070644,0.98429150878366731606555346124560759357,0.0,0.01371679876439960121709480240441008661,0.00088580442240051084206701394018049722485
0.96999999999999997335464740899624302983,0.98529412102311447151585241840122470115,0.0,0.012842376925661203835745269151222157747,0.00088580442240051084206701394018049722485
0.97999999999999998223643160599749535322,0.98615764079032379414560551038030786234,0.0,0.012089924118566656791204171111718695426,0.00088580442240051084206701394018049722485
0.98999999999999999111821580299874767661,0.98690495464806600401066415940762450477,0.0,0.011437063385349520267859760432373884793,0.00088580442240051084206701394018049722485
1.0,0.98756204843174852082729626854579725953,0.0,0.010863264174113671300272642435333100756,0.00088580442240051084206701394018049722485
