value,sup,dur,Y,S
0.50,1.7664661312084764260519655911177321369e-85,117.0,0.99724398962666471731189985796937498206,0.36602976024774990068050154634505620051
0.51000000000000000888178419700125232339,8.3382297611124757888744346582654644421e-85,116.0,0.9971649553820201638410906571440999079,0.3560799664330047725191512393928444624
0.52000000000000001776356839400250464678,4.2516567310536768021630849572300571181e-84,116.0,0.99707936486372598571675893603427209125,0.34616217789261880305977167634376690619
0.53000000000000002664535259100375697017,2.3570699807988309452692364429134802079e-83,115.0,0.99698695851779886565509943200141535876,0.33631505588088939725048507468215999101
0.54000000000000003552713678800500929356,1.4310400954344745953420365322900051769e-82,114.0,0.99688698218520738017872662957879021468,0.32661869328032937253390662936716332162
0.55000000000000004440892098500626161695,9.5917909423967216737480200761710071081e-82,113.0,0.99677885290667698121349826362399178298,0.31693522756207841745215073245492893949
0.56000000000000005329070518200751394033,7.1621667636687205517883577444885237025e-81,112.0,0.9966616544935112581616764298777281303,0.30734069072009884312289409352999686218
0.56999999999999995115018691649311222136,6.0187445571396555583195320749317984025e-80,112.0,0.99653489959864920855657050123802247231,0.29784118147000420321768826010098809547
0.57999999999999996003197111349436454475,5.7580566837330515219181122987194804072e-79,111.0,0.99639728602018961754817587854434328306,0.28836839400431237714878762877662383838
0.58999999999999996891375531049561686814,6.3535226658467275528717342188322289618e-78,110.0,0.99624778290761882374702207250701876962,0.27886949769442838491088926795656187741
0.59999999999999997779553950749686919153,8.2066703180747836562350759097268842143e-77,108.0,0.99608517062250971413958284064821271203,0.26945857525651125815388342599599383128
0.60999999999999998667732370449812151492,1.2621341838950596040789624805044852379e-75,107.0,0.99590799351375218694190313994976659421,0.26012912948063416433300135848776182059
0.61999999999999999555910790149937383831,2.3566993611731205040837580866416030979e-74,106.0,0.99571449512450872518940658517953580508,0.25084944134388967326767743945493609384
0.63000000000000000444089209850062616169,5.4645416549002496635455888021796724648e-73,105.0,0.99550287827913230497050240689162771718,0.24157543321499727762259858231476581774
0.64000000000000001332267629550187848508,1.6152116500542709828146358171753231088e-71,103.0,0.99527081841907751862186495650751696874,0.23238218624336327415794136571551821921
0.65000000000000002220446049250313080847,6.2751814625008320015309954258464890998e-70,102.0,0.99501578687948576104961450482577487754,0.22328640100589988487456853496648725393
0.66000000000000003108624468950438313186,3.3218689623389808873271690094191967288e-68,100.0,0.99473452672409859133571853392866544846,0.2142489761798656604606957621892230273
0.67000000000000003996802888650563545525,2.5004508992643272091673914464784023025e-66,98.0,0.99442332514345137951462110465104014219,0.20518521413360102470575528312093058747
0.68000000000000004884981308350688777864,2.8159647127116737220025293177712985667e-64,96.0,0.99407824579487326914713095838031672717,0.19627359182682136519571844165590317942
0.68999999999999994670929481799248605967,5.0439196341040198427785651775818908505e-62,93.0,0.99369360798956166328590857521934084948,0.18737473021917612550043363561809245288
0.69999999999999995559107901499373838305,1.5474777359991186292780072351904589013e-59,91.0,0.99326325932310368734142317024238234434,0.17856325409412603874990361057692856858
0.70999999999999996447286321199499070644,8.9024567876169943940204817336118526154e-57,88.0,0.99277950902922329003602408087552288182,0.16977694600319726224790874126369823545
0.71999999999999997335464740899624302983,1.0735344883956103217559238426618787982e-53,84.0,0.99223272346358967158660467224554594781,0.16107946655440809567773201602691552957
0.72999999999999998223643160599749535322,3.1150805218278524661079770063719752148e-50,81.0,0.99161116276230329387466257326315457173,0.15241904261892538363197651619693943155
0.73999999999999999111821580299874767661,2.5812508436729113395299094425817778737e-46,76.0,0.99083399600982857102780546697290424451,0.14379624027120577033768060102157016667
0.75,7.5412306869313729641068099980925358169e-42,71.0,0.98973801339804142646695071117864061479,0.13526477956068326232870496536446981207
0.76000000000000000888178419700125232339,9.983579623221258082263641317442277873e-37,65.0,0.98806692893200537162872584050750016935,0.1267606407178898993806510375853070791
0.77000000000000001776356839400250464678,7.8253892193660908543089252689029648698e-31,58.0,0.98525518761150053932605958549518248949,0.11830817832983613578393051191765445647
0.78000000000000002664535259100375697017,4.3336660003133763033493432136922565783e-24,49.0,0.97991231746633488749739159004605345494,0.10989100431701330196649016005068154997
0.79000000000000003552713678800500929356,1.292039173998104446048509184887837985e-16,38.0,0.9682489213470582276102140984054739497,0.10149381632761059544663432987415544004
0.80000000000000004440892098500626161695,4.0207419002558763737927091850451258784e-09,24.0,0.93950053064141740501027134631204146004,0.092123414757404536100238525113170915329
0.81000000000000005329070518200751394033,0.0015934431815172672881237312211109647275,5.0,0.86679026232558233092519052691111669667,0.069030158248849299530375798337662941449
0.81999999999999995115018691649311222136,0.12532273751790563888740016397857942491,0.0,0.70926172178646849178330107399996676451,0.039544604236941371234774080940259200727
0.82999999999999996003197111349436454475,0.4133600640437739190354486076114777095,0.0,0.4718235265022602763256006955170701874,0.017348240255119082364169983772003356644
0.83999999999999996891375531049561686814,0.68534791390207399525727280197190796633,0.0,0.25190802920550798040294408870392309149,0.006228462637612416415886183974367868494
0.84999999999999997779553950749686919153,0.85037712643347550980932459121097518015,0.0,0.11893030327279221261822520887526360364,0.0020367343497689048773069951297512141822
0.85999999999999998667732370449812151492,0.92912199048125513245177176502504267093,0.0,0.055895433809768981726454774394213324041,0.00066107761623515196367819695832791837746
0.86999999999999999555910790149937383831,0.96163773818201274595607129561161794033,0.0,0.030141719466575454671678525544180954821,0.00049756986978813022377000733076607045911
0.88000000000000000444089209850062616169,0.97254547790120866428349505302549309029,0.0,0.021571581867597091174233179603364804223,0.00049336434078536140163839330101327579879
0.89000000000000001332267629550187848508,0.97814909277706682996114008712650442613,0.0,0.017170179377631685335488826574055352624,0.00048915881249860208744026411110329302239
0.90000000000000002220446049250313080847,0.98165995362878582227254557104856854491,0.0,0.0144125053031714483331763784164385119,0.00048495328492785209832006051812693824357
0.91000000000000003108624468950438313186,0.98409485151890804061626001411322739945,0.0,0.012499568821921954291968786654357822966,0.00048074775807311125142228554306459745467
0.92000000000000003996802888650563545525,0.9858941498100901346856090081210094745,0.0,0.011086924897677691850780941676737805728,0.00047654223193437936389150447075972478616
0.93000000000000004884981308350688777864,0.98728381432806391389957558499925402371,0.0,0.0099961962476885991468785861087681737175,0.00047233670651165625287234484989234078813
0.93999999999999994670929481799248605967,0.98839131027434100304999500234124096291,0.0,0.0091265907300332014705336312493142452021,0.00046813118180494178220019611855119188854
0.94999999999999995559107901499373838305,0.9892954491819959715109738084464868718,0.0,0.0084156854206090023626148471112594117784,0.00046392565781423567563840315252338410246
0.95999999999999996447286321199499070644,0.99005000629432283203526249506044464493,0.0,0.007823022362462516713580251574766590425,0.00045972013453953779702248786672953822792
0.96999999999999997335464740899624302983,0.99068942931146795118661655628371194269,0.0,0.0073214375049352776947223464040199104349,0.00045551461198084796349732686493092354066
0.97999999999999998223643160599749535322,0.99123884028108994534932481877797176907,0.0,0.0068901096234231633321264040076595893274,0.00045130909013816599220785901459286733456
0.98999999999999999111821580299874767661,0.99171542583643450662767177690774459276,0.0,0.0065161312077637586562717288278947026291,0.00044710356901149170029908544685825327693
1.0,0.9921332198481894261897617178480372679,0.0,0.0061876160624149775415941294519334017767,0.00044289804860082490491606955652101978412
