value,sup,dur,Y,S
1.0,1.4129247932721538169093751524920012307e-65,132.0,0.99999970801063114514579027895636203094,0.86449714747301900901437175211459439322
0.98999999999999999111821580299874767661,1.0022789628313379679243373607326407425e-65,132.0,0.99997612636527664227544102293330289361,0.86527746240178178499102959945707622535
0.97999999999999998223643160599749535322,8.458151120260055245812252729134468727e-66,132.0,0.99990332526561921110953640183782175879,0.86739634462080291139125970282502362173
0.96999999999999997335464740899624302983,9.4959718174124516805141312719637257974e-66,131.0,0.99975176984280608792416604401947074865,0.86875373475714403224859782368839703624
0.95999999999999996447286321199499070644,1.5549161142506399685790566105854290071e-65,131.0,0.99949580881631034298607136809774894289,0.87143720344142428991414279302440726242
0.94999999999999995559107901499373838305,3.9109150496228055072404053806052735295e-65,131.0,0.99912014635969076027813945520663420471,0.87355255222123441276893053211152922779
0.93999999999999994670929481799248605967,1.5153242561060076415593557516387845405e-64,131.0,0.99862413094937767442410804895172887448,0.87643998983939420724793754400727252097
0.93000000000000004884981308350688777864,8.669089322007263207665731094397009837e-64,130.0,0.99802298016972031879669487748408370902,0.87958955509129887332705429100944552091
0.92000000000000003996802888650563545525,6.797517412566236123025812538575989167e-63,130.0,0.99735213496215903837024269533701699069,0.88240793634320564757189124870982777093
0.91000000000000003108624468950438313186,6.6853186571621889346038323521082468868e-62,130.0,0.99668270653043218615955927788748111327,0.88570884951926300205889831570033614891
0.90000000000000002220446049250313080847,7.5683825683496756280686872006914237982e-61,129.0,0.99604126356473750024231274227402939563,0.88888399640339363829807337931104159239
0.89000000000000001332267629550187848508,9.1892915133982794081150753371259763647e-60,129.0,0.99539634330705854313461124840574318151,0.89148335409883507620416477931703336164
0.88000000000000000444089209850062616169,1.1385254709969383980088547065984110361e-58,129.0,0.99473492180105094060154961937557285162,0.89469603056267124984851909336094793995
0.86999999999999999555910790149937383831,1.3982932493492827875338064027075751966e-57,128.0,0.99405430873460230333120311971919093212,0.89713420250039226172166231591838837812
0.85999999999999998667732370449812151492,1.6816384349315732149969051594746054353e-56,128.0,0.99335351436110692707697294062122493838,0.89976460842940354402775613245687885302
0.84999999999999997779553950749686919153,1.978292776538975496459443848637878087e-55,127.0,0.99263093433634180627253082881708147168,0.90207066609726336274790340880200666731
0.83999999999999996891375531049561686814,2.2877453852803219071119063356734323851e-54,127.0,0.99188435091724541295131124249427039548,0.90410307834105789081894060808293769704
0.82999999999999996003197111349436454475,2.6186933592014546744595484299261157934e-53,127.0,0.99111084762996692448485481119934931765,0.9062654699138723555588120548775928097
0.81999999999999995115018691649311222136,2.9859569366751079535969281852269122024e-52,126.0,0.99030665888016213441473371636783179168,0.90785635767799474495416301562314475913
0.81000000000000005329070518200751394033,3.406780323531966995128034841383874112e-51,126.0,0.98947478685432408981280348133024158598,0.90979780479150941453491041595181621395
0.80000000000000004440892098500626161695,3.8972881439200778444061410653802075217e-50,125.0,0.98862016431596357803647458967767179649,0.91132750949352006388712345578449772937
0.79000000000000003552713678800500929356,4.4688096118763507459211591456677579588e-49,125.0,0.98772655081430647058996176688897857894,0.91273124256233118714342699062324821814
0.78000000000000002664535259100375697017,5.1235063862577658661929227497050178447e-48,124.0,0.9868037156642501632598639264345151835,0.91421886523674092650256478938456614374
0.77000000000000001776356839400250464678,5.8492411166557782579332258109051676899e-47,124.0,0.9858512777098247612632521764294521538,0.91538813633375030202004096182008830154
0.76000000000000000888178419700125232339,6.318189658908717301299070893305216807e-46,123.0,0.98485154834219549386124389584946510361,0.91656886889980148850435796202755187503
0.75,5.3644163032412958084611813917821758358e-45,123.0,0.98383372358292031361175420537812029191,0.91774152092987783311656872757344271061
0.73999999999999999111821580299874767661,3.7010977315431383579018301901840137069e-44,122.0,0.98275592013653772311321773628602473494,0.91871388980017014003805635388698370149
0.72999999999999998223643160599749535322,2.2305682981418902510637212370173516679e-43,122.0,0.98166385386184693469356521666754521001,0.91956825778063929984294110424034902852
0.71999999999999997335464740899624302983,1.2757783451890021316045260705047184121e-42,121.0,0.98050635910583639900482383308813133951,0.92055610213689117469886027456409405815
0.70999999999999996447286321199499070644,7.5664238426144410910709404149539629029e-42,121.0,0.97932789148652923645009195818748500618,0.92140842613254932267532441640747257331
0.69999999999999995559107901499373838305,5.0830940130143753046454088965914799957e-41,120.0,0.97808837902589314194200073743505696128,0.92216637505671545447484666660090680383
0.68999999999999994670929481799248605967,4.1838740426847733475245849309703653009e-40,119.0,0.97680648568031508290716517311727161906,0.9228585347622973109322387250431802154
0.68000000000000004884981308350688777864,4.4902687127370834316217586869397787722e-39,119.0,0.97548138750453508000187179106955589675,0.92350400747906052423224288238622343496
0.67000000000000003996802888650563545525,6.5772580037994742596309653434830129415e-38,118.0,0.97408816462963322037727634169334418584,0.92413146216540891360431972975176140382
0.66000000000000003108624468950438313186,1.3347574915907324996732972454710558488e-36,117.0,0.97265533646324520262167492991098640136,0.92474624214857473793404189392938356305
0.65000000000000002220446049250313080847,3.7878092276975778872133358686873214529e-35,116.0,0.97116779237723797341546621102157867736,0.92531073034665722143217355416640693937
0.64000000000000001332267629550187848508,1.4528750334252177531147504736525059299e-33,116.0,0.96960979370604971996061186474414588328,0.92583124443454584544240468859165217733
0.63000000000000000444089209850062616169,7.1059347939481522665897025320954989256e-32,115.0,0.96798151691218951937606250868629776148,0.92631045871865198609704246063817865413
0.61999999999999999555910790149937383831,4.1042018687853187553125178660277095072e-30,114.0,0.96630331342546488183507584380603097605,0.9267900546788565663809464990677416459
0.60999999999999998667732370449812151492,2.5366537321308211570000874358712014559e-28,113.0,0.96455804081198442539782917102183209063,0.92724300284535501661661247507331476624
0.59999999999999997779553950749686919153,1.5391375353701512329321148665020985732e-26,112.0,0.96273509547115703290892935491839092581,0.92765883570871920462526225126574164213
0.58999999999999996891375531049561686814,8.5893787878642328821063663131044364914e-25,111.0,0.96083245198054609656203779742521482784,0.92803040269293020332110612226727318998
0.57999999999999996003197111349436454475,4.2305583496955215366683641040186148351e-23,110.0,0.9588472280317644711669884389615353993,0.92836599080453945868956665048740962031
0.56999999999999995115018691649311222136,1.8012293408562834715691370285578598665e-21,109.0,0.95677549076982134906435908728925057162,0.92872417103923199577452589227311978346
0.56000000000000005329070518200751394033,6.5587416661696868594683545253589069948e-20,108.0,0.95461198235675116577521656659450840555,0.92901612331117328782686605812198126579
0.55000000000000004440892098500626161695,2.0316511828052320525000159021791974969e-18,107.0,0.9523497414591045094828223825527195883,0.92932110395204517240778926861326690348
0.54000000000000003552713678800500929356,5.3727226511904109953138723689840227786e-17,105.0,0.94997958847826938575032563895826309951,0.929567782421543157054261536946128968
0.53000000000000002664535259100375697017,1.2153739861039567721293212643132268637e-15,104.0,0.94749304027746543986523657296088683172,0.92983111616442121863261717634358986861
0.52000000000000001776356839400250464678,2.3562586322673660407863685247993016287e-14,103.0,0.94492257598525855586577393162578826356,0.93006004217086069154473723527304187157
0.51000000000000000888178419700125232339,3.931668108212047962455089800225194672e-13,101.0,0.9422139595992113354876741042743654987,0.93026349140831751156401255646244937136
0.50,5.671302599571042137194531777711128604e-12,100.0,0.93934625929700827049689685288673637203,0.93044771087778222598623346783745861492
0.48999999999999999111821580299874767661,7.095147122137202114609501940165178219e-11,98.0,0.93638592083009894512486179571863622063,0.9306133775578234308954070689077711216
0.47999999999999998223643160599749535322,7.7078570067656085319553803193098417404e-10,96.0,0.93322736231732369138505243697049703718,0.93075693997925037264614231930124926161
0.46999999999999997335464740899624302983,7.2889161262560869714139874716663963071e-09,94.0,0.92995125609733654675007514412023283519,0.93087114699942888470941887651891922946
0.46000000000000001998401444325281772763,6.0130880800762795568071854102990149321e-08,92.0,0.92648381084302202278806007666680347993,0.93097685103498723931037212950530157233
0.45000000000000001110223024625156540424,4.3161223692479714324831935240184680804e-07,86.0,0.92282217587788430183941058320371611842,0.93104456607876759571875720984866812307
0.44000000000000000222044604925031308085,2.6897722015728024530471411489141406227e-06,77.0,0.91896423118437462030271841173145002609,0.93110198658113234178314126315378087609
0.42999999999999999333866185224906075746,1.4449269772212718781447860122899626389e-05,70.0,0.91489973599672886029643507675735087555,0.93112752729192256482291980690413666263
0.41999999999999998445687765524780843407,6.6287397380908815389731457538224960392e-05,62.0,0.91060765559607239220905207475703175811,0.93112178640798240969678682611925517874
0.40999999999999997557509345824655611068,0.00025501583927552857230864512545797421757,54.0,0.90605186098940144946689995877957143365,0.93109032274814810692040877830921592835
0.40000000000000002220446049250313080847,0.00080585249767147846736323900603137638065,46.0,0.9012286564415610740130658747753320805,0.93102244267451370796159678252802829335
0.39000000000000001332267629550187848508,0.0020715552286064692338895190494106885396,37.0,0.89610246559895459306352849284036981936,0.93092128749555607489919518360735733497
0.38000000000000000444089209850062616169,0.0043885959634562830709442569789203451628,27.0,0.89067705097901289040737970962384289055,0.93077626812179498447244135518898862166
0.36999999999999999555910790149937383831,0.0079040319315513892373578334188908997408,15.0,0.8848865526165804019759432551982654624,0.93059110967096456631187674885187500629
0.35999999999999998667732370449812151492,0.012589150629866976553056280036531392746,0.0,0.8787250514483828782997930139616376738,0.93035177470712653129993049855351909743
0.34999999999999997779553950749686919153,0.018313263282546373031797286059335411018,0.0,0.87214405153340167295319916575589320811,0.93005617733982266843643772815166619362
0.34000000000000002442490654175344388932,0.024962176691595243320736644010030858057,0.0,0.8651094619001331538082699184771079415,0.92969296094410882022013298293303947655
0.33000000000000001554312234475219156593,0.032462289825106502987659421577255761742,0.0,0.85754766690338439322051834522857327813,0.92925414421466951967093210288094834695
0.32000000000000000666133814775093924254,0.040783416693746292479480357896880517192,0.0,0.84947105157781997878629230901917666548,0.92872451382284711541596115113224148057
0.30999999999999999777955395074968691915,0.049926768008733480828970811149146365718,0.0,0.84074777390578250266324957273771506997,0.92808765590341232991651444834818186651
0.29999999999999998889776975374843459576,0.05990600956780019688907885400973459866,0.0,0.83137110333654076719629503098910917141,0.92732446129401941533613349150749150685
0.28999999999999998001598555674718227237,0.070784499997762028922718448987044220298,0.0,0.8212015137885171682441206647604114415,0.92585855464422788801583407387676659994
0.28000000000000002664535259100375697017,0.082648518573504032059611067517453879835,0.0,0.8102175281174229282389601160628758441,0.92164775864628724070620041143138579262
0.27000000000000001776356839400250464678,0.095591364588474301687259810854562426068,0.0,0.79827435968710738416893602854896409261,0.9111551265333681225341382583923132749
0.26000000000000000888178419700125232339,0.11037479037369680619531887368485981662,0.0,0.78525427843323048839437295730691478445,0.88569920720657974711354475892563218316
0.25,0.14446169938403347972740233628161838429,0.0,0.76238751808723001988097831977194229543,0.82494827529803642012011208008448715288
0.23999999999999999111821580299874767661,0.22534405393311187970312845015493128515,0.0,0.69810319553137539900760164807146910586,0.69384519904182922542155863929729081853
0.23000000000000000999200722162640886381,0.37895377104910478156521288549294935899,0.0,0.56638366867129375517568255305563801638,0.48188834396997707667292312848194985384
0.22000000000000000111022302462515654042,0.58439705375821738560811972003669586292,0.0,0.38251581100857903872145151285843624747,0.2663774617265686972378564027525260755
0.20999999999999999222843882762390421703,0.76584184907573926680135288407785573588,0.0,0.21606247916846143198837160881715553762,0.12633912673302415759336329965720352684
0.20000000000000001110223024625156540424,0.88080558630723327275718651381220332531,0.0,0.10962240744772289659130763178087308407,0.057009688285672043009932554644849173854
0.19000000000000000222044604925031308085,0.94129860074280156745276698363270393223,0.0,0.053662331750276099280038470051866185231,0.026018013059717618764761598232411343725
0.17999999999999999333866185224906075746,0.97085735947697251265947442648675005698,0.0,0.026461257664430507701517797643869460338,0.012315835254836872088480415271656701895
0.17000000000000001221245327087672194466,0.9850895584059275437135363660769153847,0.0,0.013449547219146025075227055155850676577,0.0061112963575843412951887621732199436345
0.16000000000000000333066907387546962127,0.99202998835985446755840852479562273966,0.0,0.0071462170584504402629957815284786805257,0.0032018952207674996717881720901129687961
0.14999999999999999444888487687421729788,0.99550370801195120085479477791569998635,0.0,0.004011201699125682815295564028518892023,0.0017836909549384149110665452167648141612
0.14000000000000001332267629550187848508,0.99710832033506039668934546290904443487,0.0,0.0025810860573478354201857118314429814993,0.0011354812442922720178644758376654062023
0.13000000000000000444089209850062616169,0.99776084176716105616955810984463715534,0.0,0.0020039645231013795237524186908851790555,0.0008853027123320259708555149713162308513
0.11999999999999999555910790149937383831,0.99813853298287951904171793238572200585,0.0,0.0016703629058339305895622756898695169745,0.0007450180136649646907086049642030885481
0.11000000000000000055511151231257827021,0.99838956876922242463470009491604045407,0.0,0.0014490223469451526308154144875954618954,0.00065400447534902212263802915278750751711
0.10000000000000000555111512312578270212,0.99856836177196142622226766219065944444,0.0,0.0012917947091202780463438954439530285308,0.0005910265416783940090996981052537275837
0.089999999999999996669330926124530378729,0.99870020860071803834522694457871436879,0.0,0.0011764224494808159809990089712814509592,0.00054668779857670817287536464425796674026
0.080000000000000001665334536937734810635,0.99879802724250928600946349460074502164,0.0,0.0010915868811750892031426733084506963625,0.00051685551888025023563782722238184669167
0.070000000000000006661338147750939242542,0.99886758701608346425582505684388881361,0.0,0.001032637743287703517896693092553093483,0.00050124768246851525841450345990376010296
0.059999999999999997779553950749686919153,0.99890824401626461837251869257462107359,0.0,0.0010012546731462039161904838679329474284,0.00049821072145879978918631675477801509801
0.050000000000000002775557561562891351059,0.99892264084539228096622167703743656077,0.0,0.00099518124443871464838283668125123996412,0.00049589829967906179959657475062792963288
0.040000000000000000832667268468867405318,0.99893297277513053362069085881789117667,0.0,0.00099010882133632475462928486344240780357,0.00049360946294900048999413502438453303825
0.029999999999999998889776975374843459576,0.99894315044669184815503880178608384767,0.0,0.00098508784418647313709635542140773817112,0.00049134385227338434034302558472580413676
0.020000000000000000416333634234433702659,0.99894901016763746438416361748973318054,0.0,0.00098011753426901572895374676470873212821,0.00048910111590603629529125174087234450498
0.010000000000000000208166817117216851329,0.99895395160011195675641617056150843075,0.0,0.00097519712850121025167923280632940795831,0.00048688090916778103635830534191714100093
0.0,0.99895884134941615838394534816655904888,0.0,0.0009703258790471605120325260031408593543,0.00048468289426985132474577741901915229844
