value,sup,dur,Y,S
1.0,1.2087092593315522172852967400416612746e-53,118.0,0.99999661388796145363819196125165800447,0.30066750072414887213770698443886216946
0.98999999999999999111821580299874767661,5.0485194558837249951408985544088969139e-53,117.0,0.99993655443231602182019389242740034125,0.29651030339865237426685373804547092982
0.97999999999999998223643160599749535322,2.5130586048390618037569892930242731318e-52,116.0,0.99980900364973494730557517467583325357,0.29281128035359748498593323314307832345
0.96999999999999997335464740899624302983,1.509854477143521706064097811178600127e-51,114.0,0.99960791261643906981593275576376613007,0.28904816122558248274754367723132597242
0.95999999999999996447286321199499070644,1.1035171090626391628678180646807995998e-50,113.0,0.99933050816714757337870510657923055898,0.28539987387932575115639370049191568647
0.94999999999999995559107901499373838305,9.8480360596913904921129565697035676275e-50,112.0,0.99897624007090764386880947987035583832,0.28204969922855909528741525791765072584
0.93999999999999994670929481799248605967,1.0734297556293456983633787007491012832e-48,111.0,0.99854584899023071707012279783691569724,0.27900099225099150146099058260105690369
0.93000000000000004884981308350688777864,1.425651467579687540217504074677914535e-47,109.0,0.99804043206049124346571824311855395916,0.27617386028438743062668482990408466
0.92000000000000003996802888650563545525,2.2971135195079731501698940676748929009e-46,108.0,0.99746116747437464666470075937892333137,0.27364136586129552855969895311013502993
0.91000000000000003108624468950438313186,4.4652355964769932790873139958630701687e-45,106.0,0.99680918168009761833499134059693048554,0.27137513835709792994039548179504555883
0.90000000000000002220446049250313080847,1.0406141808413412811303945952831324622e-43,104.0,0.99608517062250971545147095300853928424,0.26945857525651124068910620020761359614
0.89000000000000001332267629550187848508,2.8893036697924121816093674798110844041e-42,102.0,0.99528924140643350092848770024526105334,0.26782576680938331805064162375028682201
0.88000000000000000444089209850062616169,9.5028706124089569935117741653512728749e-41,100.0,0.9944213478842445437449354449359883269,0.26641962853255645254406220783262767556
0.86999999999999999555910790149937383831,3.6849773604434494738027492421411774963e-39,98.0,0.99348113045058799925689083227424782173,0.26516480339382196488165834622704576557
0.85999999999999998667732370449812151492,1.6795548147837863174886108311615346102e-37,95.0,0.99246727963299106573596890249736818649,0.26409466115843192289599531582074281818
0.84999999999999997779553950749686919153,8.9899795036923092912255619568054072662e-36,92.0,0.99137915552252879638711489895220320821,0.26316917795745202111215018217613160153
0.83999999999999996891375531049561686814,5.6627869615617960324053460150204721874e-34,89.0,0.99021435062945856261659971182375327069,0.26225507117237851300436425745203525395
0.82999999999999996003197111349436454475,4.2225766534126600033832891788670955323e-32,86.0,0.98897047152501984687908953835011049905,0.26149169866129366072187547398526630278
0.81999999999999995115018691649311222136,3.7683644167298312576430234165889880724e-30,82.0,0.98764559171255918400006684533695582993,0.26071524572333529330670046380574475386
0.81000000000000005329070518200751394033,4.0963727456787115400979853253938461933e-28,78.0,0.98623741987772060330893203525313851509,0.2598805312207967859695865883874105538
0.80000000000000004440892098500626161695,5.5698479044842444402413918415594123201e-26,74.0,0.98474061561019940602338595639786050031,0.25916151074622103887602222378784107742
0.79000000000000003552713678800500929356,9.846847244779762026201722287186232631e-24,69.0,0.9831512405238492785203810336788257557,0.25837470309247268530246805992316126292
0.78000000000000002664535259100375697017,2.3923158290120154525397577363540359992e-21,63.0,0.98146593405253674244875926722141370004,0.25754833037554894057934667088787788041
0.77000000000000001776356839400250464678,8.6344380957995013755861100742518048176e-19,56.0,0.97967839369166185646174798122942158751,0.25669882791150080208272988742415328951
0.76000000000000000888178419700125232339,5.1450894535418573053846778091205531237e-16,49.0,0.97778221146510152218957049112374995667,0.25579532231175175279527152323931154041
0.75,5.7440410920492011605342418809356314735e-13,40.0,0.97566823779707522852233570564857493977,0.2547718897014234060025855729186549904
0.73999999999999999111821580299874767661,1.2966971667362578528103760972564047423e-09,30.0,0.97202465527749880028025543965173555461,0.25371084059626454314925519387891389249
0.72999999999999998223643160599749535322,4.3246660967032630480404826996723175582e-06,18.0,0.96344219065743783961792775667720994745,0.25253281228068320279416456906765331125
0.71999999999999997335464740899624302983,0.0035529930253606214065837051231937314277,3.0,0.93783058747327428896925353934110584158,0.24762624402045039868810372272067574954
0.70999999999999996447286321199499070644,0.07744175832760769102002613338171141238,0.0,0.85492858310253233542201606830920691523,0.17881281418505416959145234109209280716
0.69999999999999995559107901499373838305,0.29908628360746308057541622916575468074,0.0,0.6518464653674619035811748728818196371,0.085394003997663441358926490893948661169
0.68999999999999994670929481799248605967,0.59424526811895992156851238026044238604,0.0,0.37828491706780483589210467487705297964,0.030934963440197949966769603687087784552
0.68000000000000004884981308350688777864,0.80676130886065241422378296538209706405,0.0,0.17938833018431696485997667445883890027,0.010306243496467357452941319475139614528
0.67000000000000003996802888650563545525,0.91249891128335856263213138065327210576,0.0,0.08062200606827313593637556416076502693,0.0035764803659345157494609639626211767956
0.66000000000000003108624468950438313186,0.95857265054432369080014449819513245696,0.0,0.037885974019209666960374700402452827342,0.001364645122074025331556978244288346691
0.65000000000000002220446049250313080847,0.97849261346801144714802543860228322745,0.0,0.019556519518177721200602261203127692868,0.00062309456226129636317400451520439425416
0.64000000000000001332267629550187848508,0.98524043908186420643544656243409644547,0.0,0.013419399215787803602478656341094517931,0.00050565887542852457624810560066722625321
0.63000000000000000444089209850062616169,0.98839781711068131803323360377933468765,0.0,0.010548850188224358660535438041085318998,0.0004974870050995319248696109333912221104
0.61999999999999999555910790149937383831,0.99035035131733909100815378100504025171,0.0,0.0087738276679235896251808741518509690191,0.00049413174444683203455076631515812472359
0.60999999999999998667732370449812151492,0.99170278956907654080048424957185865613,0.0,0.0075445539352504999697748363362849363563,0.00049082472876114415831804967104281924584
0.59999999999999997779553950749686919153,0.99270368388514148255709677827152475231,0.0,0.00663484913336492967995514024921229511,0.00048756492490561394549303181421190216371
0.58999999999999996891375531049561686814,0.9934783010549707057531247832156223982,0.0,0.0059309276123793707402025723172880419855,0.00048435132903298372969104081998164419881
0.57999999999999996003197111349436454475,0.99409743707680863446778249478128860474,0.0,0.0053682629425453897178709458958688651788,0.00048118296555494131515657882695554007866
0.56999999999999995115018691649311222136,0.99460514570358165970950661433604289528,0.0,0.0049071484201558057461315262346101196868,0.00047805888615468486393353286152489168677
0.56000000000000005329070518200751394033,0.9950289116242877700729727183187302625,0.0,0.0045220723749170815063308288020601803255,0.00047497816884060448623684280349878795712
0.55000000000000004440892098500626161695,0.99538907553692722380366251455957747314,0.0,0.0041949644576860054761735505529088098812,0.00047193991703909665489533598017454170967
0.54000000000000003552713678800500929356,0.99569865307488495263154885875651825647,0.0,0.0039134639948956876723924383108340459474,0.00046894325872463690638477622551513395707
0.53000000000000002664535259100375697017,0.99596829163686165565037185087222351384,0.0,0.0036688667932337906531492091131354051161,0.00046598734558533707434287504136345630927
0.52000000000000001776356839400250464678,0.99620485785894557587242317515618324425,0.0,0.0034539025611311468194378548319177189887,0.00046307135222231028133017226226072573799
0.51000000000000000888178419700125232339,0.99641459903477098949336682613394785623,0.0,0.0032633881423799797897931913372908353725,0.00046019447538125619401006609684494881449
0.50,0.99660176284178956000714221142247521117,0.0,0.0030934517875256292407778708031296089341,0.00045735593321476389065494831172846320257
0.48999999999999999111821580299874767661,0.99676982975781274284992050557252931601,0.0,0.0029409226028342049506389855753796534785,0.00045455496457390921909299164922390086349
0.47999999999999998223643160599749535322,0.99692168036916031075190242294181249178,0.0,0.0028031777545294850080159968157518022521,0.00045179082832779837872445977617677577482
0.46999999999999997335464740899624302983,0.99705972462624615292396660346799550192,0.0,0.002678024509999241727033868147407052371,0.00044906280270977991515058562072611781256
0.46000000000000001998401444325281772763,0.99718543932889909722716189702680154824,0.0,0.0025636079735066252935126189844521945209,0.00044637018468911367070352986307892416093
0.45000000000000001110223024625156540424,0.99730031961046503784385322244805795392,0.0,0.0024594928605924911813765924939100181514,0.00044371228936694762022796324903998010263
0.44000000000000000222044604925031308085,0.99740641317366374133771982560548976258,0.0,0.0023634700329948108739621555102784693212,0.00044108844939551272160392596615364208114
0.42999999999999999333866185224906075746,0.99750394404503677865091051566185972953,0.0,0.0022746611055773434987924303725258098758,0.00043849801441950090130283606438694013829
0.41999999999999998445687765524780843407,0.99759431794235626087108365195434313889,0.0,0.0021929646802168780405518103582948840528,0.00043594035053864417200507546605766368597
0.40999999999999997557509345824655611068,0.9976782991963105911641950262414763434,0.0,0.0021165043037556648438391662884732049949,0.00043341483979056195602879014952386775001
0.40000000000000002220446049250313080847,0.99775631902411835329797329616799727665,0.0,0.0020460716961063706942297350588032270931,0.00043092087965299042200165220098116608777
0.39000000000000001332267629550187848508,0.99782920823188184558656139437420255073,0.0,0.0019797142190404742519962198865680183078,0.00042845788256455154120023164842961656079
0.38000000000000000444089209850062616169,0.99789746202748768762067625859356977524,0.0,0.001918193423178559789104396421205452526,0.00042602527546326142680159049093240206692
0.36999999999999999555910790149937383831,0.99796114708291622122083534590359244136,0.0,0.0018602138415717249675352205269880294857,0.00042362249934201630828129328259311863075
0.35999999999999998667732370449812151492,0.99802159493066949594427747287046562704,0.0,0.0018057601602331298857050908191446246729,0.00042124900882033209722065388481803662083
0.34999999999999997779553950749686919153,0.99807761269961787603338732194279196345,0.0,0.001754820883850145816608275977321608253,0.00041890427173164830481554976457831001314
0.34000000000000002442490654175344388932,0.99813090237267456766834050956797468231,0.0,0.001706315880741670215630270985720343322,0.00041658776872554037532402766474722864345
0.33000000000000001554312234475219156593,0.99818138295859795666886050323122605866,0.0,0.0016610105104896977180626749897342914085,0.00041429899288421580205839188708066362433
0.32000000000000000666133814775093924254,0.99822854562825087811867858081179473111,0.0,0.0016180710745318457766935314578442611027,0.00041203744935269938625405015483326882366
0.30999999999999999777955395074968691915,0.99827364969085576795554312386595069804,0.0,0.0015770200315473696786946502954119948282,0.00040980265498214069178802596651887126219
0.29999999999999998889776975374843459576,0.99831654690281531728889318047977560361,0.0,0.00153863183732751916485037302081375364,0.0004075941379857038523881290038818215217
0.28999999999999998001598555674718227237,0.99835669018547440736038738830707325497,0.0,0.0015020800476489860006372249110534950148,0.00040541143760652486842842540280995125909
0.28000000000000002664535259100375697017,0.99839522235119691837296819704852791625,0.0,0.0014670072719211237608752979503629236116,0.00040325410379724556332941091012440396701
0.27000000000000001776356839400250464678,0.99843222723789649600607097816091021453,0.0,0.001433910622963516690489648563590139514,0.00040112169691065595950156376345413837016
0.26000000000000000888178419700125232339,0.99846675029511270872030864067502368832,0.0,0.0014025593099159998738239427170904017188,0.00039901378740099859815283003162731911125
0.25,0.9984999031783280931197389013696193453,0.0,0.0013723734994319163046080617576883849067,0.00039692995553550831620602468732250781018
0.23999999999999999111821580299874767661,0.99853184853726271640418926002705019665,0.0,0.0013433744693028437871438116824404106087,0.0003948697911157807777289190076179330106
0.23000000000000000999200722162640886381,0.99856219750592142696454875311885982284,0.0,0.0013163435582974632064593182242632866826,0.00039283289320858119134294977696532180387
0.22000000000000000111022302462515654042,0.99859085673480816006858513839562406459,0.0,0.0012902329511817199783951919378901031,0.00039081886988572214151888903520338314419
0.20999999999999999222843882762390421703,0.99861855999688240687487539730495945771,0.0,0.0012650020505190612258080400033683733332,0.00038882733797265614272935926876987942421
0.20000000000000001110223024625156540424,0.99864534874959204168825080672094938432,0.0,0.0012411097481029623296744742763473651832,0.00038685792280544407952565950646982843161
0.19000000000000000222044604925031308085,0.99867039371757913878209082674846711599,0.0,0.0012184740725210147653973739060663366113,0.0003849102579957758193207293959912078225
0.17999999999999999333866185224906075746,0.99869445797532436021992692528524480312,0.0,0.001196533640522309509508780874879948657,0.00038298398520373350437297870784674368892
0.17000000000000001221245327087672194466,0.99871779827609369210219141931141135058,0.0,0.0011752607670028221134216311279810516378,0.00038107875391800140831156026899374906908
0.16000000000000000333066907387546962127,0.99874010695227271701887006268280479813,0.0,0.0011556307545700387555029712170355936859,0.00037919422124323925524395441406159055232
0.14999999999999999444888487687421729788,0.99876096028738000416790528505947556962,0.0,0.0011365829002776392472755385556907882758,0.00037733005169434813351290821524015559937
0.14000000000000001332267629550187848508,0.99878124729080260938663169064399592086,0.0,0.0011180591047479071434018171254568146619,0.00037548591699736964116541410933740811027
0.13000000000000000444089209850062616169,0.99880088701093696862950036539234370559,0.0,0.0011008608846559750922625693516498260288,0.00037366149589677013040450866097017381214
0.11999999999999999555910790149937383831,0.99881879973701297344566822492410084094,0.0,0.0010844475354454530294512294612423248748,0.00037185647396887246994054773490041546435
0.11000000000000000055511151231257827021,0.99883627977724998698691997550935633345,0.0,0.0010684366672370788669852988208093978507,0.00037007054344120765809038164270591294336
0.10000000000000000555111512312578270212,0.99885280108498257811356700753321225315,0.0,0.0010540546934726009562209439574121501709,0.00036830340301756835592252072844982899001
0.089999999999999996669330926124530378729,0.99886787990066878094396278030712871944,0.0,0.0010401602139075049632914186553411359423,0.00036655475770855546310156186938889829246
0.080000000000000001665334536937734810635,0.99888248631804628556478251111820734139,0.0,0.0010276673669282005541209867029293035678,0.00036482431866741756082119830683663340849
0.070000000000000006661338147750939242542,0.99889485791784642007207712017052195587,0.0,0.0010161392194045488964000107472031100491,0.0003631118030309913209611834993080933694
0.059999999999999997779553950749686919153,0.99890701030515349055385736866522482706,0.0,0.0010069877056950204238806266464405769585,0.00036141693376555895675538766814275304749
0.050000000000000002775557561562891351059,0.99891635562771354861606103942378353682,0.0,0.0010004443177251884326811919037185260342,0.00035973943951744626801973929486727340955
0.040000000000000000832667268468867405318,0.9989253415546824570812629633035817021,0.0,0.00099534509553554306569635549290906430155,0.00035807905446819203223265976219826643318
0.029999999999999998889776975374843459576,0.99893420120043477598470863693106684221,0.0,0.00099029759083267134621099929945737159518,0.0003564355181941264338001876968435904061
0.020000000000000000416333634234433702659,0.99894293702321678731157052853119604323,0.0,0.00098530102079036824665143587754964898774,0.00035480857553020268399843227616620934828
0.010000000000000000208166817117216851329,0.99894940431264683403423143342076797104,0.0,0.00098035461830220277556372372174367187056,0.00035319797643793231353682020523978005967
0.0,0.9989542550398943277784337882946916613,0.0,0.00097545763158890698337760534447799898045,0.00035160347587728057474410905024149061288
