value,sup,dur,Y,S
1.0,8.2066703180748318136483688871510043429e-77,108.0,0.99608517062250971376375689442954661903,0.26945857525651123824616849868608101657
0.98999999999999999111821580299874767661,4.9920694056691166160843140669014989023e-76,108.0,0.99576877212793942112153723562036893862,0.26964258604779131516148993179608330086
0.97999999999999998223643160599749535322,3.0700543619218219293837740392217825867e-75,107.0,0.99545262383285829431619677897603770628,0.26989704322023826989518066814168298901
0.96999999999999997335464740899624302983,1.9075687214831643843155038211472162035e-74,106.0,0.99513788209055356933133234115047067876,0.27021744441576466150469776009537231782
0.95999999999999996447286321199499070644,1.1969785287230564629045898325048999427e-73,106.0,0.99482418521173283363590789130290068313,0.27059895494132057131603728748642571776
0.94999999999999995559107901499373838305,7.5831173810756154817468289133992763659e-73,105.0,0.99451224907130170364010595106675899819,0.27103648973041432910937653897223910776
0.93999999999999994670929481799248605967,4.849774671758595594319572250488772198e-72,104.0,0.99420266295442090782378537351964374441,0.27152475150398299688886252071496791446
0.93000000000000004884981308350688777864,3.1313633528807626223880764792757157389e-71,103.0,0.99389538492814258401240196264581915481,0.27205823436665768362906427974704567736
0.92000000000000003996802888650563545525,2.0416123252862782039778971358906954438e-70,103.0,0.99359069186596063359981815215659699787,0.27263120020661685072893509170624541709
0.91000000000000003108624468950438313186,1.3445929306652019684156574928226010624e-69,102.0,0.99328876453148373668899873807165146463,0.27323763362664746215153364877773914359
0.90000000000000002220446049250313080847,8.9493711141346011329054618178127967003e-69,101.0,0.9929901795962374492247489918294581519,0.27387117974341941434401326542934917557
0.89000000000000001332267629550187848508,6.0233553780544953040811308089093289729e-68,100.0,0.99269500916402694881633224668682193151,0.27452506805125010972295855876116690134
0.88000000000000000444089209850062616169,4.1024205191300053219185956367526374864e-67,99.0,0.99240294964054343165065736415277717254,0.27519202464307862986237808031194374245
0.86999999999999999555910790149937383831,2.8298175323928316923861783781592290859e-66,98.0,0.99211424734760441066320675266301697923,0.27596016208736200101576260875307113869
0.85999999999999998667732370449812151492,1.9788006893761696405877715521311325888e-65,98.0,0.99182983364698262653870593077131334106,0.27676701198912199098807336916159961148
0.84999999999999997779553950749686919153,1.4041927934229160949337081108265139271e-64,97.0,0.99154827564787705105319116164162701772,0.27757386254925297510513495900937610936
0.83999999999999996891375531049561686814,1.0123588481687501545575448969028407578e-63,96.0,0.99127162289084525636733804285178118814,0.27837087023360920979745183984963216567
0.82999999999999996003197111349436454475,7.4246045592704595809941552953680514876e-63,95.0,0.99099809437233735237199456876221871201,0.27914710253844074768702480153618017996
0.81999999999999995115018691649311222136,5.5467364172479067834386907834262641556e-62,94.0,0.99072870737098017916784852507718366489,0.28000512218567008252062646524933873317
0.81000000000000005329070518200751394033,4.2273487720931743931447249173393640544e-61,93.0,0.99046374130370471501736816837100529604,0.2809135881435136089488076341609280658
0.80000000000000004440892098500626161695,3.291952967922437028191720942274338725e-60,92.0,0.99020232044339811667116777088860739119,0.28177619771732216691171885296654826253
0.79000000000000003552713678800500929356,2.6238059697607730315758987405884266834e-59,90.0,0.98994465103015102913235110034961188596,0.28258038218522921793345590935345653145
0.78000000000000002664535259100375697017,2.1443244971748235895899976127698616966e-58,89.0,0.98969140072937441946794858784754784774,0.28356444475143253923802173229218525475
0.77000000000000001776356839400250464678,1.8004073227356342913579062159226069951e-57,88.0,0.98944259719193511754592583573909080354,0.28446557904050980915066424879450328356
0.76000000000000000888178419700125232339,1.5562105783372335400424758057608142913e-56,87.0,0.98919770213482995880929333851298134632,0.28532979166064422806688989244001024204
0.75,1.3878326306764033991547045512123911662e-55,86.0,0.98895675641308606817690151580187924503,0.28631802737396389548964569056266723107
0.73999999999999999111821580299874767661,1.2799471686184092969018896201210525079e-54,85.0,0.9887197469829993245666429605846303754,0.28716839584994578020006532269040613258
0.72999999999999998223643160599749535322,1.2238081700137421924134137638737337722e-53,83.0,0.98848659552286022349646855126781532635,0.28817700305445649500202979894628610249
0.71999999999999997335464740899624302983,1.216327402385739247132502144259643516e-52,82.0,0.988257144360373109523794850938143687,0.28904435462519554733023234352165218844
0.70999999999999996447286321199499070644,1.2601641933520868831746005872147373941e-51,81.0,0.98803276273421515094448187517683474868,0.29005669784486197822397471380858605155
0.69999999999999995559107901499373838305,1.3650436381940353053697353602806736925e-50,79.0,0.98781220115505153594722039965263201779,0.29092625682010830497573000019725363664
0.68999999999999994670929481799248605967,1.5509492051807491232115709922214810858e-49,78.0,0.98759494683331235370800093345663719778,0.29193297979159986692651282412387664982
0.68000000000000004884981308350688777864,1.8546479199415931516358648958989835656e-48,76.0,0.98738049496762903384261047323415925963,0.29287945408076068373673953852620592013
0.67000000000000003996802888650563545525,2.3427137961324718616790612547373045583e-47,75.0,0.98717217984758024221490088208639910395,0.29375452175249745891994508592075753403
0.66000000000000003108624468950438313186,3.1380495925080149575459523965866055232e-46,73.0,0.98696583226420763166615535026894006229,0.29475361451391999923368599528334887731
0.65000000000000002220446049250313080847,4.475989681136831419719979077640836068e-45,72.0,0.98676416875073408846952997484275348754,0.29572415769546902266048757992954282268
0.64000000000000001332267629550187848508,6.8287259659862243720202967086488234486e-44,70.0,0.98656496611231572999323163591700142199,0.29666476550282811413413979492740219331
0.63000000000000000444089209850062616169,1.1196481111642209423374026719941897868e-42,68.0,0.98637094060058228502615808084942536342,0.29759300504521393936468335537799243288
0.61999999999999999555910790149937383831,1.9830476401631205508799271102055737776e-41,66.0,0.98617890485971775705342096221449665035,0.29852134977713200783132730081667819508
0.60999999999999998667732370449812151492,3.8148127870821001139189458977417927593e-40,65.0,0.98599035958921855402969347870134955814,0.29945639667522490207586853492694393606
0.59999999999999997779553950749686919153,8.0177534184218865229033727875299535978e-39,63.0,0.98580657930961735783221825700888162283,0.30039793067819997584609242325278475649
0.58999999999999996891375531049561686814,1.8527033779755440705699662535677351819e-37,61.0,0.98562558534746313167833659656223046482,0.30133777628363043507942716315095668685
0.57999999999999996003197111349436454475,4.7387113404209154578815438137849649509e-36,59.0,0.98544760744540708597167007228440267492,0.30225837436440588287201123850883969261
0.56999999999999995115018691649311222136,1.3512706752084205975003230322751872462e-34,57.0,0.98527267031859973559646386686908464523,0.30313102472092123233537079778367101065
0.56000000000000005329070518200751394033,4.3288966061661948828030727609862120839e-33,54.0,0.98510052834761225086234444848452977162,0.3040643568635366886219937751605110135
0.55000000000000004440892098500626161695,1.5706361861165236702267538466333563416e-31,52.0,0.98493057708602182101177056311295134664,0.30499257882392072892967384138094524351
0.54000000000000003552713678800500929356,6.508792495986921600661560690633968255e-30,50.0,0.98476612273717079724108295577031582038,0.30585583822599274217495209500485900097
0.53000000000000002664535259100375697017,3.1074023991134191623213415390984957406e-28,47.0,0.98460327337508543062320884207263808853,0.30677316968081823145113758379134507822
0.52000000000000001776356839400250464678,1.7237151874116389736904210531043467346e-26,45.0,0.98444262577091486632815467946665710742,0.30767907589353659623588318897934720365
0.51000000000000000888178419700125232339,1.1197547849288633516290003485645471941e-24,42.0,0.98423981201637274417700686900650160284,0.30853754528251803362726193080937267494
0.50,8.5723513637340734307514478484062843756e-23,39.0,0.98388630646313595497229671703286251976,0.30939252039062282627578015286419865781
0.48999999999999999111821580299874767661,7.7577491048141123054141533359449732617e-21,36.0,0.98330255708387304265140234822959980637,0.31026460767386444486158890567328907195
0.47999999999999998223643160599749535322,8.2753598805466498904268576288487950147e-19,33.0,0.98236382180311734952182884194556766756,0.31114611142962000105831030478788805754
0.46999999999999997335464740899624302983,1.0267357896742657467363571030795228951e-16,30.0,0.9808707396749897063359057351084877921,0.31199425014967776558007422100161740648
0.46000000000000001998401444325281772763,1.4364835738599498569017487403359733061e-14,27.0,0.9785006175958315297872934638492353852,0.31278865006047228132293420535881238668
0.45000000000000001110223024625156540424,2.1366438493390813777550833626682059256e-12,23.0,0.97473062307754026116934043534975244394,0.31365622537162220950925286583899035216
0.44000000000000000222044604925031308085,3.0593002072099645534937938973665743203e-10,20.0,0.96872864209512495692597122301539094951,0.31449165402925665293070209209981043051
0.42999999999999999333866185224906075746,3.6294126242767787955716747974669607454e-08,16.0,0.95922780498965690499286185894329058742,0.31237238008030422638605224211008560427
0.41999999999999998445687765524780843407,2.9196141417788868683564690235665395431e-06,12.0,0.94444343090916127754951909895430424541,0.2992845363583024740579547622466105701
0.40999999999999997557509345824655611068,0.0001262049492305855194309903296452160238,7.0,0.92213918298163663454356162330876807747,0.27517936704178603748330839714313210756
0.40000000000000002220446049250313080847,0.0023529017817375498640490277989414717563,3.0,0.8899509971773534685077384638153760439,0.24280586835184102934441776716449712972
0.39000000000000001332267629550187848508,0.017280132244036311738346016841049644641,0.0,0.84598762556838670012225629934792390422,0.20620152037590145641148074814257096601
0.38000000000000000444089209850062616169,0.059448466587799953652928288067866490121,0.0,0.78956336907548027265440772172054770951,0.16929319920243849388400349530292889915
0.36999999999999999555910790149937383831,0.12872011444710854290150605727504307293,0.0,0.72176554501786007789778412901680000151,0.13506445621395893346612071860313904115
0.35999999999999998667732370449812151492,0.21570333336548726001516795508752640444,0.0,0.64553514317280000211516742858634846273,0.10530390725347796206663679083776727732
0.34999999999999997779553950749686919153,0.31107797993956939171741275106917244842,0.0,0.56512864668752497374647229057870639873,0.080705068199374898557219860316340601554
0.34000000000000002442490654175344388932,0.40727813426721073665617174176476452218,0.0,0.4851565142767653480865991082333332519,0.061147987555762109706323763056381428072
0.33000000000000001554312234475219156593,0.49863349375508630608063721189955828592,0.0,0.40961793755239225488905979345105191685,0.046035348807647594583123453979842646844
0.32000000000000000666133814775093924254,0.58146283367620375751409307981305614193,0.0,0.34129602484121307390945890704083379683,0.034581294288592798708521932025909871124
0.30999999999999999777955395074968691915,0.65392706298752983145040581335407361129,0.0,0.28162290624044572185311919757838423078,0.026003012628551841718133446870330494458
0.29999999999999998889776975374843459576,0.71563331230489968664836182882507103746,0.0,0.23089286136332146329222392870065157072,0.01961768214033085127375712668873777929
0.28999999999999998001598555674718227237,0.76714677131850156368323653643852906288,0.0,0.18862210066165602948455639075808706029,0.014873381115925319682502906267451562968
0.28000000000000002664535259100375697017,0.80955274645648309610718560798527421893,0.0,0.15389848195889448011323615211727428132,0.011344103807891659213885384907647476256
0.27000000000000001776356839400250464678,0.84413479805677634405302809967936405015,0.0,0.12564659622330292314102237896549539757,0.008710077777077088884588587606743615448
0.26000000000000000888178419700125232339,0.87217271821640035699483451482624347975,0.0,0.1027962600020302526724452967911659398,0.0067351155241970424181333340869573222434
0.25,0.89483474766622353211252321572787196919,0.0,0.08437264643737206973473750921801295627,0.0052462216009382991484212264852925970762
0.23999999999999999111821580299874767661,0.91313280743128364035475467525988279759,0.0,0.069533430470004402856190642807380652472,0.0041170913852304193948504622271765316465
0.23000000000000000999200722162640886381,0.92791483992269918063798449138872718562,0.0,0.057574670805390508358575425527900801224,0.0032554888195715499633196633897532348928
0.22000000000000000111022302462515654042,0.93987629380725939407029848285985265029,0.0,0.047920640189833903331896713150402256232,0.0025938901728921397523968851327442367174
0.20999999999999999222843882762390421703,0.94957967470114639547277639689795997154,0.0,0.040106992602023187096149791289209579306,0.002082668999029964775566727691894505405
0.20000000000000001110223024625156540424,0.95747597343252082445444826222892147741,0.0,0.033762489065220598721344736888517459297,0.001685176627057528315440584357545488677
0.19000000000000000222044604925031308085,0.96392487599043589484865349343064461133,0.0,0.028591868881633758419247834017469756435,0.0013742038547149450939133005423483073152
0.17999999999999999333866185224906075746,0.96921245611182485391294975815439835284,0.0,0.024360929052555606172223409964799131238,0.001129436460429571464472281672583223263
0.17000000000000001221245327087672194466,0.97356601672931549377343901605102042323,0.0,0.020884062711950354616437386853453740322,0.00093562153669255232165263161136608381524
0.16000000000000000333066907387546962127,0.97716621779554780902983429802935462743,0.0,0.018014116375826217141470665283802590996,0.00078124134628643500999388382798718666357
0.14999999999999999444888487687421729788,0.98015682387263670760882698083241579793,0.0,0.015634267647501622803591462404669683421,0.00066423958683847740351657719527457298152
0.14000000000000001332267629550187848508,0.98251224127268795721480183976959980521,0.0,0.0137732968249887877730065774028814169,0.00060421783908966693243458944757174346591
0.13000000000000000444089209850062616169,0.98417985526479774152566989822692299296,0.0,0.012460672018306752597504504287676909524,0.00056621715801030048008095826546199169756
0.11999999999999999555910790149937383831,0.98546907390433115016895656906915383277,0.0,0.011446408081960112383713357811203173773,0.00053977185469024589030238418363326539155
0.11000000000000000055511151231257827021,0.98651699153584229413761993941538206698,0.0,0.01062199493027759298070541814474361947,0.00052121459204855208680333762364357650413
0.10000000000000000555111512312578270212,0.98739572598886059768719338136953749017,0.0,0.0099310072051814213823175459799859440721,0.00050886635628767300314905807153097608988
0.089999999999999996669330926124530378729,0.98814797211909919534156729575370754838,0.0,0.0093393436421673230818023241936581866762,0.00050192967616675904852950753086439635766
0.080000000000000001665334536937734810635,0.98880263886000092502406596240773957439,0.0,0.0088244684405424352357191744752641034279,0.00049975040857632775147239467052737754127
0.070000000000000006661338147750939242542,0.98937925405940184789426880891560690991,0.0,0.0083711042083374578965245063149559777904,0.00049906280518391547937994175278928445231
0.059999999999999997779553950749686919153,0.98989251004037775565312539718940767396,0.0,0.0079676579625654022641894400266316611631,0.00049838156006099501270320226935527055502
0.050000000000000002775557561562891351059,0.99035288591343800142081435162100649543,0.0,0.0076056227038557643307847503911435022514,0.00049770658542105755855046181864309564124
0.040000000000000000832667268468867405318,0.99076891532685043601124208300790330593,0.0,0.0072786968497643646675416105276396996286,0.00049703779508624307267891845345020597249
0.029999999999999998889776975374843459576,0.99114719709529709585732091080954403232,0.0,0.0069812019267162546377829200579210252558,0.00049637510445066108046096861723038040648
0.020000000000000000416333634234433702659,0.99149299540714828444296297513332518155,0.0,0.0067094009753506664043896517475262011054,0.00049571843044471053166777328549322749033
0.010000000000000000208166817117216851329,0.99181046937805797889842577079474153173,0.0,0.0064598547857061464049452403963850646825,0.00049506769150036709528867641520020099142
0.0,0.99210324456423252636588033485870518147,0.0,0.0062298633390444479840151116265100083272,0.00049442280751740742842574577006730396081
