value,sup,dur,Y,S
1.0,7.5683825683497171666437808426727363966e-61,129.0,0.99604126356473749881158068547698459464,0.88888399640339364567959965223036112879
0.98999999999999999111821580299874767661,6.8733996446760336361650776335881504648e-61,129.0,0.99615728799164684620855557443931914274,0.88914683100778095626548824375705250708
0.97999999999999998223643160599749535322,6.2486281419337082082837550656313742902e-61,129.0,0.99626744579928367203903335119693132155,0.88940790640639400241094454238270289157
0.96999999999999997335464740899624302983,5.6893115655008127713749860969517107855e-61,129.0,0.99637214694489344225634026418005629642,0.88966729562042005446179872620793556035
0.95999999999999996447286321199499070644,5.189998275211355422509893264067384883e-61,129.0,0.99647176622383650075904165839413200242,0.8899250627044280021210153838143270196
0.94999999999999995559107901499373838305,4.745062759052459367277189382169396516e-61,129.0,0.99656681017452710736113875430920503905,0.89018126374998796074149168801422810565
0.93999999999999994670929481799248605967,4.3490178578605889771770392177133437906e-61,129.0,0.99665817394617082973833476648980199808,0.89043594778275891566870688125200177468
0.93000000000000004884981308350688777864,3.9966913924262153378375820978487189922e-61,129.0,0.9967452439066715222043490970883102997,0.89068915756436966797320574767580335106
0.92000000000000003996802888650563545525,3.6833159192691703900135339380998312129e-61,129.0,0.99682830768688813943098242606025584356,0.89094093030918593209641858750639894075
0.91000000000000003108624468950438313186,3.4045638222633133645889637689955276846e-61,129.0,0.99690762839808066976326341996062115512,0.8911912983249619844665077504210511048
0.90000000000000002220446049250313080847,3.1565489259420111188695318744940182372e-61,129.0,0.99698344708563434158748894892085199583,0.89144028958540314935917536708329314806
0.89000000000000001332267629550187848508,2.9358084712155927070066076693730952198e-61,129.0,0.99705598491176575424829355167090243257,0.89168792824180127061347281093360166628
0.88000000000000000444089209850062616169,2.7392744063946951718181441530415310806e-61,129.0,0.99712544509847163913125134550974479356,0.89199164148452865845785597726264102461
0.86999999999999999555910790149937383831,2.5642397013879356780205137356853522732e-61,129.0,0.99719201465847072844113256098693349632,0.89233915011129103907946404361658000394
0.85999999999999998667732370449812151492,2.4083232465068738786575706419494080781e-61,129.0,0.9972558659387077841679850592298119543,0.89268305791881179947355664729451653002
0.84999999999999997779553950749686919153,2.2694354854787613659753841911905746481e-61,129.0,0.99731715799812804205214668173149529163,0.89302343464081186898027441740346063988
0.83999999999999996891375531049561686814,2.1457460113007351375399931389420971384e-61,129.0,0.9973760378388737392619863523841839092,0.89336034695568166756082909596698700674
0.82999999999999996003197111349436454475,2.0356537600640900847913417078261056583e-61,129.0,0.99743264150778081394721447123728383992,0.89369385871277881925401408761475209749
0.81999999999999995115018691649311222136,1.9377600621921418796714752343774473461e-61,129.0,0.99748709508303973163408014910968435509,0.89402403113865627196810167178714256589
0.81000000000000005329070518200751394033,1.8508445790752080335073944921345185406e-61,129.0,0.99753951555910546862388587576449479191,0.89435092302513436631432097862248833237
0.80000000000000004440892098500626161695,1.7738440164694562292544528018745444285e-61,129.0,0.99759001164137416137997684537235118049,0.89467459090093829132324921536806058624
0.79000000000000003552713678800500929356,1.705833431159582076262051720369554526e-61,129.0,0.99763868446076511165089686580412108164,0.89499508918845040260219530280192119084
0.78000000000000002664535259100375697017,1.6460099121454981092856074510296945137e-61,129.0,0.99768562821713562609133138962406574758,0.89531247034697312818310330825245984935
0.77000000000000001776356839400250464678,1.5936784072706442567998809995817304383e-61,129.0,0.99773093075939309643748953233495344839,0.89562678500376021496472019919146867764
0.76000000000000000888178419700125232339,1.5482394710160529652654759331885872775e-61,129.0,0.99777467410923628226211213381133449259,0.89593808207395058171786265194175261181
0.75,1.5091787227462562871039855895237346669e-61,129.0,0.99781693493464010149645263366045852375,0.89624640887042818744730871331417656661
0.73999999999999999111821580299874767661,1.4760578228708128034296693759582266132e-61,129.0,0.99785778497848130329478783100620248217,0.89655181120453185319328204936054385493
0.72999999999999998223643160599749535322,1.4485067945489947401353481041831893368e-61,129.0,0.99789729144707370182122499337687118613,0.89685433347844963917065657995876112445
0.71999999999999997335464740899624302983,1.4262175390920406340882208942457576699e-61,129.0,0.99793551736283016675317147807079332597,0.89715401877005209886445534527894395674
0.70999999999999996447286321199499070644,1.4089384131509656397608075149058423399e-61,129.0,0.99797252188478460147315239787289164049,0.897450908910846545904192577720557479
0.69999999999999995559107901499373838305,1.3964697545990119378977889547438443275e-61,129.0,0.99800836060028218837315541135503075706,0.89774504455766952356934116148811419168
0.68999999999999994670929481799248605967,1.388660261490095219388818843840519728e-61,129.0,0.99804308579077279808444857073635371634,0.8980364652586762003651886434658718501
0.68000000000000004884981308350688777864,1.3854041445414203172893725053984920745e-61,129.0,0.99807674667431413988486537601661118425,0.89832520951413274830034399759233306515
0.67000000000000003996802888650563545525,1.3866389883042843705817915483256110357e-61,129.0,0.99810938962710229918724664680743686184,0.89861131483247031921218956199941133735
0.66000000000000003108624468950438313186,1.3923442696725201165919667392752149379e-61,129.0,0.99814105838609279982752227050636103353,0.89889481778201636628463885481406354267
0.65000000000000002220446049250313080847,1.4025404947905507434329442050526556059e-61,129.0,0.9981717942345509593524892543597995475,0.89917575403878055238052844874760749248
0.64000000000000001332267629550187848508,1.4172889269386739168493998729938319329e-61,129.0,0.99820163617217226748169480909494478525,0.89945415843063751251819420056013409228
0.63000000000000000444089209850062616169,1.4366918887753609810298323798460547317e-61,129.0,0.99823062107123858277092155518072676163,0.89973006497821731685761032799527112788
0.61999999999999999555910790149937383831,1.4608936325894589449699709416597300498e-61,129.0,0.99825878382012122474668662630784197118,0.90000350693278600185030564920374695644
0.60999999999999998667732370449812151492,1.4900817821414812651535842412310633075e-61,129.0,0.99828615745530506500478090135867374272,0.90027451681137281117337609267321390813
0.59999999999999997779553950749686919153,1.5244893594317531430849112780258556322e-61,129.0,0.99831277328298631962460947196145828689,0.90054312642937751260732162430825947013
0.58999999999999996891375531049561686814,1.5643974195002780274026027212102081634e-61,129.0,0.9983386609911890264191125488229762982,0.90080936693087009079593502755809560478
0.57999999999999996003197111349436454475,1.610138326313437440123436754207666416e-61,129.0,0.9983638487532495041801935532662232105,0.90107326881677603975825670585536351637
0.56999999999999995115018691649311222136,1.6620997131008308555595848729470321261e-61,129.0,0.99838836332343299661884213832203211247,0.90133486197112319672116278234519486689
0.56000000000000005329070518200751394033,1.720729181348857022170596710098410479e-61,129.0,0.99841223012537094213304967001752674062,0.90159417568551039129720203960408917182
0.55000000000000004440892098500626161695,1.7865398042179431289780584091813115836e-61,129.0,0.9984354733339397835159222032230530298,0.9018512386819439989905543307442678205
0.54000000000000003552713678800500929356,1.8601165126168482926292251174289786508e-61,129.0,0.99845811595114196646761777791581817276,0.90210607913417554013758270250937667422
0.53000000000000002664535259100375697017,1.9421234557395117195775642617075867132e-61,129.0,0.99848017987649595066997902327004360736,0.90235872468766186861915767665950698585
0.52000000000000001776356839400250464678,2.0333124427594895379279995688416376121e-61,129.0,0.99850168597239389913483745131342252794,0.9026092024782587718052455141376790612
0.51000000000000000888178419700125232339,2.1345325888120549460781047429443389952e-61,129.0,0.99852265412484260481678537991520061881,0.90285753914974921400261736764497530745
0.50,2.2467413066211164169219309586030777973e-61,129.0,0.99854310329996456553365661374782369949,0.90310376087029866518814919407868472288
0.48999999999999999111821580299874767661,2.3710168054158846337852519059447316057e-61,129.0,0.99856305159660143733201281722076700971,0.90334789334792198535045937989078643006
0.47999999999999998223643160599749535322,2.5085722814246178944791674205906846187e-61,129.0,0.99858251629533093892863958432836449937,0.90358996184503908104809031472288577666
0.46999999999999997335464740899624302983,2.6607720095525450244624214320337060052e-61,129.0,0.99860151390418025729661175525179080314,0.90382999119218994985430531259068322092
0.46000000000000001998401444325281772763,2.8291495742034612134069303131127689446e-61,129.0,0.99862006020129377392971110516517026246,0.90406800580097371768173562056762494701
0.45000000000000001110223024625156540424,3.0154285089812033093650915853824583499e-61,129.0,0.99863817027479019109194652981233225097,0.90430402967627081019659930883198703814
0.44000000000000000222044604925031308085,3.2215456506404419850439199150017267706e-61,129.0,0.99865585856002361631200950868242384407,0.90453808642780238533871870971889330929
0.42999999999999999333866185224906075746,3.449677552623243130403449632835929889e-61,129.0,0.99867313887444463353578665770529789159,0.90477019928107665516290722218940186511
0.41999999999999998445687765524780843407,3.7022703483453029965637649330781806707e-61,129.0,0.99869002445024062823534681478115565396,0.90500039108776753472797814794931364409
0.40999999999999997557509345824655611068,3.9820735046650340027121545102987131493e-61,129.0,0.99870652796491946864695914234822226672,0.90522868433556730335091616797310737083
0.40000000000000002220446049250313080847,4.2921779623206317323892663155083452488e-61,129.0,0.99872266156998690258734576749109069432,0.9054551011575515035562181280142395311
0.39000000000000001332267629550187848508,4.636059223261001016593558958367088829e-61,129.0,0.99873843691785556709701753471783639187,0.90567966334109116432941071004896074104
0.38000000000000000444089209850062616169,5.017626015502791489180539666561615759e-61,129.0,0.99875386518711219215169647289953919196,0.90590239233634453350071298727014990376
0.36999999999999999555910790149937383831,5.4412752452716495132779867143643173929e-61,129.0,0.99876895710625930157600565296426139887,0.90612330926435792131063554343318029874
0.35999999999999998667732370449812151492,5.9119540346676380084961718291990624217e-61,128.0,0.99878372297603835955516780695406175384,0.90634243492480281278560579231581503258
0.34999999999999997779553950749686919153,6.4352297419589639185681000101554639339e-61,128.0,0.99879817269043279896034320862974130679,0.90655978980337423863524278922823459761
0.34000000000000002442490654175344388932,7.0173689719766740185136952748059655686e-61,128.0,0.9988123157564416082148965611570819543,0.90677539407887337767133417427387151836
0.33000000000000001554312234475219156593,7.6654267071807469594185162706091927787e-61,128.0,0.99882616131270707707642721933143650562,0.90698926762999553764435824767340866138
0.32000000000000000666133814775093924254,8.3873468271291521946688747901393922278e-61,128.0,0.99883971814707383911398525970780491128,0.90720143004184295641413630930018261389
0.30999999999999999777955395074968691915,9.192075436756681082170171029716167525e-61,128.0,0.99885299471315044759692216481564220051,0.90741190061218036942456589808354739284
0.29999999999999998889776975374843459576,1.0089688593632513883937787939432719627e-60,128.0,0.99886599914593931931752593116860600481,0.90762069835744983931337014195740154837
0.28999999999999998001598555674718227237,1.1091536212917424606221233740409233992e-60,128.0,0.9988787728600824321969093632698845129,0.90782784201856007867036311440787477163
0.28000000000000002664535259100375697017,1.221040413792070228729712263773549046e-60,128.0,0.99889129698304948491016088781155800527,0.90803335006646430533527060590706854928
0.27000000000000001776356839400250464678,1.3460696595942040708337231487101561615e-60,128.0,0.99890357032671286729634076458275470072,0.90823724070753959522940324700116131152
0.26000000000000000888178419700125232339,1.4858641515598919789311971111494580829e-60,128.0,0.9989155999330755463629689142861924169,0.90843953188877968022009826579149704985
0.25,1.6422521465360095680376643785627506301e-60,128.0,0.99892739259046974782540607032636225543,0.90864024130281226705016829374080265062
0.23999999999999999111821580299874767661,1.8172933285956953244208931632162210968e-60,128.0,0.99893895484473880087085850424371941769,0.90883938639275107717374768870509752814
0.23000000000000000999200722162640886381,2.0133079834308899527739708003951325419e-60,128.0,0.99895029300983454840667685436547258818,0.90903698435689206323322448732158430413
0.22000000000000000111022302462515654042,2.2329097636312220654122974011133408931e-60,128.0,0.99896141317786567429486641079202227687,0.90923305215326254898438685220330485006
0.20999999999999999222843882762390421703,2.479042466319253261255758257690377481e-60,128.0,0.99897232122862987278512350932851978645,0.90942760650403138183208270465173604938
0.20000000000000001110223024625156540424,2.7550212904146658176577423424672612375e-60,128.0,0.99898302283866054637239441196111628742,0.90962066389978761107131252742619219408
0.19000000000000000222044604925031308085,3.0645790909878674772446488881244365816e-60,128.0,0.99899352348981664737609620801202640647,0.90981224060369464286671578768723462945
0.17999999999999999333866185224906075746,3.411918203067805971743384833831553978e-60,128.0,0.99900382847744236437889870342497345944,0.91000235265552632076838348931548044248
0.17000000000000001221245327087672194466,3.8017684672324611225293505736247541998e-60,128.0,0.99901394291812158417469376432766066568,0.91019101587559093274821133633934794037
0.16000000000000000333066907387546962127,4.239452154686460295373013937461363164e-60,128.0,0.9990238717570504189654882511202279405,0.91037824586854870596274607171787909934
0.14999999999999999444888487687421729788,4.7309565606795138026845399630230746508e-60,128.0,0.99903361977504956897601121729858527427,0.91056405802712795939601474206176830365
0.14000000000000001332267629550187848508,5.2830151124080343148587948907521757986e-60,128.0,0.9990431915952368825297241365279171138,0.91074846753574473828723010982661089536
0.13000000000000000444089209850062616169,5.9031979213383209751222516569530942969e-60,128.0,0.99905259168937916784112924337558463275,0.91093148937403040819672185686174337492
0.11999999999999999555910790149937383831,6.6000128005591464220957172947720396149e-60,128.0,0.99906182438394109753441064404146201811,0.91111313832027138113159599884621258145
0.11000000000000000055511151231257827021,7.3830178656739101046828310654444704226e-60,128.0,0.99907089386584792066584147491231221803,0.91129342895476487836991093791375806221
0.10000000000000000555111512312578270212,8.2629469432249150365653258142946001765e-60,128.0,0.99907980418797764880837387906619646662,0.91147237566309435894071212227541914696
0.089999999999999996669330926124530378729,9.2518491240340007131657123802704597416e-60,128.0,0.99908855927439740911470880988646452509,0.91164999263932801036289971707410101083
0.080000000000000001665334536937734810635,1.0363243920448241199791944494846831233e-59,128.0,0.99909716292535775093208909329335911385,0.91182629388914347686927527095001784716
0.070000000000000006661338147750939242542,1.1612293616566690397609667764594390751e-59,128.0,0.99910561882205784881570780499744164008,0.91200129323288179817143802744154506541
0.059999999999999997779553950749686919153,1.3015994539321234892529017694986704801e-59,128.0,0.99911393053119375838901863701367755124,0.91217500430853333650231521687970682406
0.050000000000000002775557561562891351059,1.4593389125965432951298786270248488407e-59,128.0,0.9991221015093011491610672180405401986,0.91234744057465830227447205876252583108
0.040000000000000000832667268468867405318,1.6365800820198597556254346549040392954e-59,128.0,0.99913013510690325512041405666164309224,0.91251861531324432778097857364121798127
0.029999999999999998889776975374843459576,1.8357093994849371133495594495025644472e-59,128.0,0.99913803457247414600743277317209125577,0.91268854163250338218103896950546898907
0.020000000000000000416333634234433702659,2.0593961273702932231260679305788627892e-59,128.0,0.99914580305622682741096831896320045039,0.91285723246961019331626818522825675941
0.010000000000000000208166817117216851329,2.3106240808509823671723534200090419122e-59,128.0,0.99915344361373512150199805212373964399,0.91302470059338420747102551167765906044
0.0,2.5927266259168929837181383529419512572e-59,128.0,0.99916095920939776071705377024945194199,0.91319095860691700270213820250375963045
