value,sup,dur,Y,S
0.0,1.1629172715791303532629025519540782726e-113,114.0,0.99602698802487803874679567260338182746,0.2809030910246049118848750324178247354
0.0050000000000000001040834085586084256647,1.1894710703454254954524649704124469925e-113,114.0,0.99602735201589415729060871601273238531,0.2808486123545850408362923607496545617
0.010000000000000000208166817117216851329,1.2166433906886567189304737345716654985e-113,114.0,0.99602771472617729681155967480285475641,0.28079404308400751483673832520654933045
0.014999999999999999444888487687421729788,1.2444489227759539491142970260202540793e-113,114.0,0.9960280761550178984527832846346630215,0.28073938319064428400896639077716791609
0.020000000000000000416333634234433702659,1.2729027123617673038327701703107967435e-113,114.0,0.99602843630170465292984340395017220786,0.28068463265235994603247910655997673111
0.02500000000000000138777878078144567553,1.3020201695564036491052909911793295674e-113,114.0,0.99602879516552449595404980432737377051,0.2806297914471115206051645963658532386
0.029999999999999998889776975374843459576,1.3318170778147503205195263755662280019e-113,114.0,0.99602915274576260364469573198015885122,0.28057485955294822290822865730629636172
0.035000000000000003330669073875469621271,1.3623096031508142601350139159275040331e-113,114.0,0.99602950904170238793034493779572056174,0.28051983694801123605098778465710555336
0.040000000000000000832667268468867405318,1.393514303583850772213543370410099939e-113,114.0,0.996029864052625491934373495241592721,0.28046472361053348323723151763123933673
0.044999999999999998334665463062265189365,1.4254481388220076008081492557448718357e-113,114.0,0.99603021777781178535450270945154546316,0.2804095195188393981523009523477386942
0.050000000000000002775557561562891351059,1.4581284801895625375932686611570118378e-113,114.0,0.99603057021653935982563851149560856693,0.28035422465134469521817296490946650483
0.055000000000000000277555756156289135106,1.4915731208039923690532569924361113889e-113,114.0,0.99603092136808452427071883103697902302,0.28029883898655613900083844257695684248
0.059999999999999997779553950749686919153,1.5258002860092735407055835451327012475e-113,114.0,0.99603127123172180024389237195629254315,0.28024336250307131208325794323603563451
0.065000000000000002220446049250313080847,1.5608286440719804918960024657668082845e-113,114.0,0.99603161980672391725718631470216813595,0.28018779517957838279195260286836510151
0.070000000000000006661338147750939242542,1.5966773171469201105252060274608340265e-113,114.0,0.9960319670923618080955475096538653246,0.28013213699485587201896086211693772512
0.074999999999999997224442438437108648941,1.6333658925192162208560756649363705691e-113,114.0,0.99603231308790460412116441051468883166,0.28007638792777241899029223651517777134
0.080000000000000001665334536937734810635,1.6709144341299385433681913116846475469e-113,114.0,0.99603265779261963056842563331072543671,0.28002054795728654575247396411492463715
0.08500000000000000610622663543836097233,1.7093434943925543308635995131626266283e-113,114.0,0.99603300120577240181750858925577963837,0.27996461706244642232091454382595562266
0.089999999999999996669330926124530378729,1.7486741263076742242762681747334195725e-113,114.0,0.99603334332662661666433135343466002383,0.27990859522238962963492894094475252297
0.095000000000000001110223024625156540424,1.7889278958837563481559753752055373158e-113,114.0,0.99603368415444415357810473997751354663,0.2798524824163429217133956684814112753
0.10000000000000000555111512312578270212,1.8301268948716328962111437706951245344e-113,114.0,0.99603402368848506593797951526689579503,0.27979627862362198842322675291948077589
0.10499999999999999611421941381195210852,1.8722937538209321948173443063684768857e-113,114.0,0.99603436192800757726584146900167120886,0.27973998382363121606891506846404520683
0.11000000000000000055511151231257827021,1.9154516554666775551265661124867193525e-113,114.0,0.99603469887226807644658752791615157418,0.27968359799586344720406041226425336497
0.11500000000000000499600361081320443191,1.9596243484545608675181830051065695403e-113,114.0,0.99603503452052111292747449861094944964,0.2796271211198997410839987202190958411
0.11999999999999999555910790149937383831,2.0048361614136147161662327727711215358e-113,114.0,0.99603536887201939191339880727390170764,0.27957055317540913195428253007801627645
0.125,2.0511120173852322327059550126448956217e-113,114.0,0.99603570192601376954953679491489092532,0.27951389414214838658284925565553466714
0.13000000000000000444089209850062616169,2.0984774486177183329459762038927778529e-113,114.0,0.99603603368175324808303397245423115225,0.27945714399996176246194891892116752724
0.13500000000000000888178419700125232339,2.1469586117358004510220675340388010837e-113,114.0,0.99603636413848497102132231002557537071,0.27940030272878076370316042691483779916
0.14000000000000001332267629550187848508,2.1965823032947699266081082312313880919e-113,114.0,0.99603669329545421827309565570240347099,0.27934337030862389698737529628876003521
0.14499999999999999000799277837359113619,2.247375975729181447392997417216238646e-113,114.0,0.99603704002850480649873924489393858476,0.27928634671959642695244351783630109535
0.14999999999999999444888487687421729788,2.2993677537062997572266366124041926953e-113,114.0,0.99603739754594167347701178570281078871,0.27922923194189012928256014700397077673
0.15499999999999999888977697537484345958,2.3525864508947446665842251797192853651e-113,114.0,0.99603775376921062714738971279592999157,0.27917202595578304625634153846599311093
0.16000000000000000333066907387546962127,2.4070615871590700908310977254067616817e-113,114.0,0.99603810869760399225934156576741625443,0.27911472874163923843025729145169850673
0.16500000000000000777156117237609578297,2.4628234061912851422435460243194445031e-113,114.0,0.99603846233041231241037375635058753869,0.27905734027990853721191499314640736147
0.17000000000000001221245327087672194466,2.5199028935906208908957946288943444037e-113,114.0,0.99603881466692434537475523590365783352,0.27899986055112629643257750608480069465
0.17499999999999998889776975374843459576,2.5783317954031415738466086067103718717e-113,114.0,0.99603916570642705841818195232612777003,0.27894228953591314356271464719549216568
0.17999999999999999333866185224906075746,2.6381426371331070123237020533592495407e-113,114.0,0.99603951544820562361001974258451035875,0.27888462721497472865978850779855857686
0.18499999999999999777955395074968691915,2.6993687432382997434190584296651842021e-113,114.0,0.99603986389154341310387468375371952247,0.27882687356910147585104091861996532196
0.19000000000000000222044604925031308085,2.7620442571218637361954180018410925322e-113,114.0,0.99604021103572199442542492862259075711,0.27876902857916833096740760245663006974
0.19500000000000000666133814775093924254,2.8262041616335208547889352760354746749e-113,114.0,0.99604055688002112573822674980318840407,0.27871109222613451012887130477207173003
0.20000000000000001110223024625156540424,2.8918843000933774983745451083754861374e-113,114.0,0.99604090142371875109916166616044243445,0.27865306449104324737263585536371667691
0.20499999999999998778754672912327805534,2.9591213978518798174615734875322775828e-113,114.0,0.99604124466609099569963098327108247803,0.27859494535502154197423778512337483227
0.20999999999999999222843882762390421703,3.0279530843998368160085576785263055604e-113,114.0,0.99604158660641216110387577655676482311,0.27853673479927990353277007399054353745
0.21499999999999999666933092612453037873,3.0984179160427903388026301307591400838e-113,114.0,0.99604192724395472045581976490022407354,0.27847843280511209966886044105379749072
0.22000000000000000111022302462515654042,3.1705553991544014681682852696265981714e-113,114.0,0.99604226657798931369250256576082742864,0.27842003935389489989090655454958310516
0.22500000000000000555111512312578270212,3.2444060140238973986113450650753924706e-113,114.0,0.99604260460778474273546435371285412279,0.27836155442708782047574996695286157699
0.23000000000000000999200722162640886381,3.3200112393130286616782425408604442658e-113,114.0,0.99604294133260796667148826069803699384,0.27830297800623286843714614987520355544
0.23499999999999998667732370449812151492,3.3974135771383922593901968014486722296e-113,114.0,0.99604327675172409691889267001342558511,0.27824431007295428523846597730296761903
0.23999999999999999111821580299874767661,3.4766565787953993765832945702084032478e-113,114.0,0.99604361086439639239048992324571546098,0.27818555060895828830275235337664874685
0.24499999999999999555910790149937383831,3.5577848711405882847191482934363081673e-113,114.0,0.99604394366988625462525946806755407826,0.27812669959603281521470082982483381106
0.25,3.6408441836494407305804278260004467084e-113,114.0,0.99604427516745322292593348116126662539,0.2780677570160472641093655219628865031
0.25500000000000000444089209850062616169,3.7258813761672996375901541988137429899e-113,114.0,0.99604460535635496947450643937393252278,0.27800872285095223513969416047706830373
0.26000000000000000888178419700125232339,3.8129444673714617238181716223507721594e-113,114.0,0.99604493423584729443681355106472925294,0.27794959708277927107819861499597941951
0.26500000000000001332267629550187848508,3.902082663962995047415785809017587587e-113,114.0,0.99604526180518412105427102807537117428,0.27789037969364059738654155364322417929
0.27000000000000001776356839400250464678,3.9933463906073242386644583054501701642e-113,114.0,0.99604558806361749072273659951621217506,0.27783107066572886176143867496736384863
0.27500000000000002220446049250313080847,4.0867873206431317912596076430708934578e-113,114.0,0.99604591301039755805844851383357798845,0.27777166998131687316531303896701614026
0.28000000000000002664535259100375697017,4.1824584075796430532659632216668286928e-113,114.0,0.9960462366447725859510011202795794481,0.27771217762275734035017499438076912672
0.28499999999999997557509345824655611068,4.2804139174028947548901672526810724428e-113,114.0,0.99604655896598894059974377287338399451,0.27765259357248261054526294992212035674
0.28999999999999998001598555674718227237,4.3807094617121422986060906088822953192e-113,114.0,0.99604687997329108655500257941091796499,0.27759291781300440434586092897712681152
0.29499999999999998445687765524780843407,4.4834020317081006083241324799213153637e-113,114.0,0.99604719966592158171044178638502252122,0.27753315032691355673715892788163711627
0.29999999999999998889776975374843459576,4.5885500330553291981465624802832965979e-113,114.0,0.99604751804312107231809198682611263395,0.27747329109687975103146017063461571778
0.30499999999999999333866185224906075746,4.6962133216416275037717770714188478492e-113,114.0,0.99604783510412828797228870975349146534,0.27741334010565125564758370958815219727
0.30999999999999999777955395074968691915,4.8064532402579386844358883253728705128e-113,114.0,0.99604815084818003658397861386611642296,0.27735329733605465977409628895920624794
0.31500000000000000222044604925031308085,4.9193326562228785086067484825073576317e-113,114.0,0.99604846527451119934176449642419925228,0.27729316277099460858610911880253009291
0.32000000000000000666133814775093924254,5.0349159999766499289547134898840780476e-113,114.0,0.99604877838235472565964594314121545672,0.27723293639345353802440435097319237707
0.32500000000000001110223024625156540424,5.1532693046697643011207295312267453986e-113,114.0,0.99604909017094162811141228388377228231,0.27717261818649140914569188256690908892
0.33000000000000001554312234475219156593,5.2744602467726684617592680793052885633e-113,114.0,0.99604940063950097735164435730999801019,0.27711220813324544205283281363179618654
0.33500000000000001998401444325281772763,5.3985581877330735482471679464872641182e-113,114.0,0.99604970978725989702328142526286128456,0.27705170621692984941390145332708907309
0.34000000000000002442490654175344388932,5.525634216708497023163067390169680471e-113,114.0,0.99605001761344355865170941477028849993,0.27699111242083556957899320089560081977
0.34499999999999997335464740899624302983,5.655761194402262921330824533577506934e-113,114.0,0.99605032411727517652193096918486284056,0.27693042672832999997797764330182924658
0.34999999999999997779553950749686919153,5.7890137980319705246890431559070567221e-113,114.0,0.99605062929797600255916104866511786244,0.27686964912285672676365486170949245837
0.35499999999999998223643160599749535322,5.9254685674601866936408046307065313041e-113,114.0,0.99605093315476532116179731301935725897,0.27680877958793526081807607197314503417
0.35999999999999998667732370449812151492,6.0652039525179643331896998518223059553e-113,114.0,0.99605123568686044405477836601080195664,0.27674781810716076665614645661055890353
0.36499999999999999111821580299874767661,6.2083003615525572795292907531789393687e-113,114.0,0.99605153689347670511220533545502506097,0.27668676466420379433923919201418894165
0.36999999999999999555910790149937383831,6.3548402112315726293616786873908169201e-113,114.0,0.99605183677382745516962860708285137562,0.27662561924281001036749928225200970272
0.375,6.5049079776366549532707854073031016224e-113,114.0,0.99605213532712405682254451274351820879,0.27656438182679992823322503237788392851
0.38000000000000000444089209850062616169,6.6585902486806852328806083956173531509e-113,114.0,0.99605243255257587921105682333049148486,0.27650305240006863864451292687198465408
0.38500000000000000888178419700125232339,6.8159757778833885088432917709676090165e-113,114.0,0.99605272844939029279065772786609027515,0.27644475285799147348838821072487456828
0.39000000000000001332267629550187848508,6.9771555395411802205639836562112076775e-113,114.0,0.99605302301677266408908281055560128452,0.27639235023320281515175203676674529771
0.39500000000000001776356839400250464678,7.1422227853280427478623349081040104394e-113,114.0,0.99605331625392635044919436731389189829,0.27633985244658506473955425117326080232
0.40000000000000002220446049250313080847,7.311273102365211437790074352802650488e-113,114.0,0.99605363429542976147384194622349435069,0.2762872594726883878382069061089057176
0.40500000000000002664535259100375697017,7.4844044727984641448348980901504731906e-113,114.0,0.99605395531999558815053990852840855109,0.27623457128617762689537040330585550469
0.40999999999999997557509345824655611068,7.6617173349228487863892431617458888972e-113,114.0,0.99605427502059431080157145621048684472,0.27618178786183207310440415847147907345
0.41499999999999998001598555674718227237,7.8433146458957682688641261938895902479e-113,114.0,0.99605459339647822953844172254138240684,0.27612890917454523412108605430739665639
0.41999999999999998445687765524780843407,8.0293019460804008311326000698341541121e-113,114.0,0.99605491044689772148428339623541500751,0.27607593519932460641216123168057620237
0.42499999999999998889776975374843459576,8.2197874250626331965943089329945121858e-113,114.0,0.99605522617110123573177325840684014099,0.27602286591129144052221123657658124813
0.42999999999999999333866185224906075746,8.4148819893857764196307165056505893104e-113,114.0,0.99605554056833528826993890115947830367,0.27596970128568050805322213872833550281
0.43499999999999999777955395074968691915,8.6146993320485684999894840937884016292e-113,114.0,0.99605585363784445690113768408953898809,0.27591644129783986684975422642820526303
0.44000000000000000222044604925031308085,8.8193560038131799187371382573441271064e-113,114.0,0.99605616537887137614460733220252954483,0.27586308592323062498212080664604221371
0.44500000000000000666133814775093924254,9.0289714863711995259669328851781924459e-113,114.0,0.99605647579065673212654415472176164446,0.27580963513742670353455124639464302826
0.45000000000000001110223024625156540424,9.2436682674168720668955784805445942432e-113,114.0,0.99605678487243925745666469904844703575,0.27575608891611459820536595889091606128
0.45500000000000001554312234475219156593,9.4635719176781879768230927732216064467e-113,114.0,0.99605709262345572609120648825125699869,0.27570244723509313972624355722917159436
0.46000000000000001998401444325281772763,9.6888111699577918962534909788884345383e-113,114.0,0.996057399042940948182323323913597323,0.27564871007027325310771286730646323906
0.46500000000000002442490654175344388932,9.9195180002370796729165709988690969884e-113,114.0,0.99605770413012776491383046894679983643,0.27559487739767771571805490891078215284
0.46999999999999997335464740899624302983,1.0155827710898292818806457318215571775e-112,114.0,0.99605800788424704331988991177676568761,0.27554094919344091480210605284475053321
0.47499999999999997779553950749686919153,1.0397879016120919385905281895257580925e-112,114.0,0.9960583103045276711067951747642924068,0.2754869254338086008527907322684355187
0.47999999999999998223643160599749535322,1.0645814129510177048950812116905406283e-112,114.0,0.99605861139019655142726224038209882043,0.275432806095137645826226985372217492
0.48499999999999998667732370449812151492,1.0899778854017010214843573335538229788e-112,114.0,0.99605891114047859767462823462071248768,0.27537859115389579423333339294503047929
0.48999999999999999111821580299874767661,1.1159922674210548414419511780267061743e-112,114.0,0.99605920955459672824629007914438644858,0.27532428058666141609358127860902501546
0.49499999999999999555910790149937383831,1.1426398850965679367831766579339805752e-112,114.0,0.99605950663177186129660111113210400795,0.27526987437012325816817218280006735562
0.50,1.1699364518630068711138214686674872678e-112,114.0,0.99605980237122290947580004624417850109,0.27521537248108019407838403284681282632
0.50500000000000000444089209850062616169,1.1978980784736704514633796965456240865e-112,114.0,0.99606009677216677465492623707141903794,0.27516077489644097331668838312124675593
0.51000000000000000888178419700125232339,1.2265412832329836331062973366524675618e-112,114.0,0.996060389833818342636675006036065733,0.27510608159322396915829297255248799295
0.51500000000000001332267629550187848508,1.255883002497401952297677354469834673e-112,114.0,0.99606068155539047785214665762549358493,0.27505129254855692548081565107951205121
0.52000000000000001776356839400250464678,1.2859406014517867418184577987822323515e-112,114.0,0.99606097193609401804344260004796228921,0.27499640773967670249984746014024531118
0.52500000000000002220446049250313080847,1.3167318851686057854980714062774110162e-112,114.0,0.99606126097513776893206183090135535878,0.27494142714392902142821431332584409218
0.53000000000000002664535259100375697017,1.3482751099575138369694364223363429873e-112,114.0,0.99606154867172849887305086523779554206,0.27488635073876820806679831014026843532
0.53500000000000003108624468950438313186,1.380588995013072715499488553556648631e-112,114.0,0.99606183502507093349486000748612093233,0.27483117850175693533483122666565150923
0.54000000000000003552713678800500929356,1.4136927343685816528153388068045941762e-112,114.0,0.99606212003436775032485869105731697454,0.2747759104105659647476241601114750433
0.54500000000000003996802888650563545525,1.4476060091642053588224825839118021406e-112,114.0,0.99606240369881957340046243110196952356,0.27472054644297388684974865798714050571
0.55000000000000004440892098500626161695,1.4823490002378100649505002760267227154e-112,114.0,0.9960626860176249678658237568104637844,0.27466508657686686061173593524912108995
0.55500000000000004884981308350688777864,1.5179424010471467602109260511889955034e-112,114.0,0.99606296698998043455403930984281764306,0.27460953079023835179841197250049758392
0.56000000000000005329070518200751394033,1.5544074309322561303792797172129908034e-112,114.0,0.99606324661508040455482511494250654678,0.27455387906118887031703739342645656405
0.56499999999999994670929481799248605967,1.5917658487272106838405979920803382858e-112,114.0,0.99606352489211723376144782855063546032,0.27449813136792570779238506851026995484
0.56999999999999995115018691649311222136,1.6300399667305639179691402990092664748e-112,114.0,0.99606380182028119743387768205157186088,0.27444228768876266794567966703870228131
0.57499999999999995559107901499373838305,1.6692526650441142745716091534933525954e-112,113.0,0.99606407739876048468550451315087559117,0.27438634800211980835875899998665572984
0.57999999999999996003197111349436454475,1.7094274062898832002435713928858193408e-112,113.0,0.99606435162674119301694806927416990722,0.27433031228652316887488262585629895484
0.58499999999999996447286321199499070644,1.7505882507154474188493308542010023996e-112,113.0,0.99606462450340732280415389889217706177,0.2742741805206045052069935887713615373
0.58999999999999996891375531049561686814,1.7927598716980601114921680338295006978e-112,113.0,0.99606489602794077177785957992901656558,0.27421795268310102033908461909232683553
0.59499999999999997335464740899624302983,1.8359675716582749037282758746759999263e-112,113.0,0.99606516619952132948818804593452028847,0.27416162875285509496597487049025718958
0.59999999999999997779553950749686919153,1.8802372983940802578940135917355321293e-112,113.0,0.99606543501732667175431854519250947993,0.27410520870881401698007167761970625457
0.60499999999999998223643160599749535322,1.9255956618468528886306291500971534939e-112,113.0,0.99606570248053235509918558069962292083,0.27404869253002971001374208382447790972
0.60999999999999998667732370449812151492,1.9720699513107482116206995114259656175e-112,113.0,0.99606596858831181116915599095037571625,0.2739920801956584610459690515905022293
0.61499999999999999111821580299874767661,2.0196881530974638358990914340053490479e-112,113.0,0.99606623333983634113863414270029171239,0.27393537168496064708201732798676618807
0.61999999999999999555910790149937383831,2.0684789686686389623729329225647092126e-112,113.0,0.99606649673427511009954501734679923644,0.27387856697730046091488389136694240485
0.625,2.1184718332484885058849600584241675986e-112,113.0,0.99606675877079514143564478226370456262,0.27382166605214563597735775239998418872
0.63000000000000000444089209850062616169,2.1696969349296160729925656566867974302e-112,113.0,0.99606701944856131118160824734603764725,0.27376466888906717029356362031644720786
0.63500000000000000888178419700125232339,2.2221852342853048677362077949853462171e-112,113.0,0.99606727876673634236684241516446180212,0.27370757546773904953891357235773841907
0.64000000000000001332267629550187848508,2.2759684845019504357929893715294578718e-112,113.0,0.99606753672448079934397514048879781314,0.27365038576793796921744037905716511799
0.64500000000000001776356839400250464678,2.3310792520456741741670378969238636464e-112,113.0,0.99606779332095308210196772151506179211,0.27359309976954305596553553842411227722
0.65000000000000002220446049250313080847,2.3875509378775420176558871016163576748e-112,113.0,0.99606805090247206968955038752732444132,0.27353571745253558799116435660580358352
0.65500000000000002664535259100375697017,2.4454177992322089617714094942808303363e-112,113.0,0.99606833472369899454327346562272633706,0.27347823879699871465767957942519275326
0.66000000000000003108624468950438313186,2.5047149719752174001706469267178021994e-112,113.0,0.99606861719061596392471369204556590531,0.27342066378311717522140412659935097445
0.66500000000000003552713678800500929356,2.5654784935545959573684368388808729414e-112,113.0,0.99606889830243225545861080271387436078,0.27336299239117701673220240669156562102
0.67000000000000003996802888650563545525,2.6277453265628359080374063181372335197e-112,113.0,0.9960691780583550726002524978654758631,0.27330522460156531110630849420415519802
0.67500000000000004440892098500626161695,2.6915533829257647253702806165553223965e-112,113.0,0.99606945645758953916449199141663038522,0.27324736039476987138072812894031777593
0.68000000000000004884981308350688777864,2.7569415487352911352183720391549941175e-112,113.0,0.99606973349933869384007349814717648023,0.27318939975137896715858005011549086618
0.68500000000000005329070518200751394033,2.8239497097434636223599227511301701203e-112,113.0,0.99607000918280348468921662207641667421,0.27313134265208103925479060194584301851
0.68999999999999994670929481799248605967,2.8926187775357634593041657467591730982e-112,113.0,0.996070283507182763626334293006950431,0.27307318907766441484394381810302740896
0.69499999999999995115018691649311222136,2.962990716402058232795241382065197014e-112,113.0,0.99607055647167328091232182575843289583,0.27301493900901701536790033526283991263
0.69999999999999995559107901499373838305,3.0351085709241176514727986602320482487e-112,113.0,0.99607082807546967957307454902717021879,0.27295659242712607658712955519470780482
0.70499999999999996003197111349436454475,3.1090164942991691143264242319871388449e-112,113.0,0.99607109831776448986400879132217632842,0.27289814931307785495998829967928902073
0.70999999999999996447286321199499070644,3.1847597774194541517889038923359972196e-112,113.0,0.99607136719774812368909235957287695803,0.27283960964805733972327407290667985462
0.71499999999999996891375531049561686814,3.2623848787283306732348101864567857077e-112,113.0,0.99607163471460886901094207539735156819,0.27278097341334796294042714680431815615
0.71999999999999997335464740899624302983,3.3419394548740228524534465296234589662e-112,113.0,0.99607190086753288424583169506729162925,0.27272224059033130881732822893799281621
0.72499999999999997779553950749686919153,3.4234723921827054133484783521695080915e-112,113.0,0.99607216565570419264355966414152208366,0.27266341116048682229548822392649563601
0.72999999999999998223643160599749535322,3.5070338389732089053459492999417933277e-112,113.0,0.99607242907830467665212596520124651602,0.27260448510539151693247379266530620584
0.73499999999999998667732370449812151492,3.5926752387362492567469292157875551614e-112,113.0,0.99607269113451407226716712379448212766,0.27254546240671968207945946160519410457
0.73999999999999999111821580299874767661,3.6804493642017189469708549086223583557e-112,113.0,0.99607295182350996336609824358094173806,0.27248634304624258936584393515523355387
0.74499999999999999555910790149937383831,3.7704103523182290417501211175919351244e-112,113.0,0.99607321114446777602691074675837361128,0.27242712700582819850091501625554514623
0.75,3.862613740169761599738310339214493856e-112,113.0,0.99607346909656077283157430014354626537,0.27236781426744086240259414157388362395
0.75500000000000000444089209850062616169,3.9571165018549811104258208023906911566e-112,113.0,0.99607372567896004715399121077210636852,0.27230840481314103166333798690450362475
0.76000000000000000888178419700125232339,4.0539770863554622027584230258702377009e-112,113.0,0.99607398089083451743245137756787007927,0.2722488986250849583633208934718973806
0.76500000000000001332267629550187848508,4.1532554564198194282182487976139407974e-112,113.0,0.99607423473135092142653568751013861228,0.27218929568552439924106800525223252984
0.77000000000000001776356839400250464678,4.2550131284914740443614987821057964119e-112,113.0,0.99607448719967381045841554579374946641,0.27212959597680631823175498940979568334
0.77500000000000002220446049250313080847,4.3593132137085629946180170368948587317e-112,113.0,0.99607473829496554363849602972715770788,0.27206979948137258838343603479465555301
0.78000000000000002664535259100375697017,4.4662204600052873044410378270002501152e-112,113.0,0.99607498801638628207534995554524366253,0.27200990618175969316150748545336656899
0.78500000000000003108624468950438313186,4.5758012953448115172471642611005320599e-112,113.0,0.99607523636309398306988994592210167377,0.27194991606059842715175996556125582888
0.79000000000000003552713678800500929356,4.6881238721146632188278354701865763802e-112,113.0,0.99607548333424439429372538375109962525,0.27188982910061359617241718738930311621
0.79500000000000003996802888650563545525,4.803258112716442807629809785231405432e-112,113.0,0.99607572892899104795165093471131338837,0.27182964528462371680560480316974443055
0.80000000000000004440892098500626161695,4.9212757563825391414004562882214035016e-112,113.0,0.99607597314648525492821311725731809442,0.27176936459554071535873766332355863136
0.80500000000000004884981308350688777864,5.0422504072534572289753852869057167702e-112,113.0,0.99607621598587609891830119394952594545,0.27170898701636962626635867576360031426
0.81000000000000005329070518200751394033,5.1662575837503004607377406857571141069e-112,113.0,0.99607645744631043054170845248104637719,0.27164851253020828994300712219546099282
0.81499999999999994670929481799248605967,5.2933747692779098671991633072773134115e-112,113.0,0.99607669752693286143629420298787492395,0.27158794112024705144377044951958916793
0.81999999999999995115018691649311222136,5.4236814642951729737537118102166131197e-112,113.0,0.99607693622688575836161602507358546701,0.2715272727697684518691488493516558335
0.82499999999999995559107901499373838305,5.5572592397899734627998807058568769159e-112,113.0,0.99607717354530923723309136700932787835,0.27146650746214693270465541175819933551
0.82999999999999996003197111349436454475,5.6941917921973989214862440284230278343e-112,113.0,0.9960774094813411571932510311667258627,0.27140564518084852620679862909547050197
0.83499999999999996447286321199499070644,5.8345649998008021877292039412760718209e-112,113.0,0.99607764403411711463998999199347589162,0.27134468590943055201519613965623875675
0.83999999999999996891375531049561686814,5.9784669806564781774991717537118285821e-112,113.0,0.996077877202770437243806832293788029,0.27128362963154131193623381100241226435
0.84499999999999997335464740899624302983,6.1259881520838373732446506804796883751e-112,113.0,0.99607810898643217794863022050740819862,0.27122247633091978425303506352522679304
0.84999999999999997779553950749686919153,6.2772212917641311916123128701110876512e-112,113.0,0.99607833938423110895617682210602329379,0.27116122599139531757266921990529021636
0.85499999999999998223643160599749535322,6.4322616004919890057388715401024252014e-112,113.0,0.99607856839529371569378482491996931439,0.27109987859688732422157071218976174178
0.85999999999999998667732370449812151492,6.5912067666252654239054074523281907452e-112,113.0,0.99607879601874419076566704402232300547,0.27103843413140497320018383641857779416
0.86499999999999999111821580299874767661,6.7541570322799705133596851091838542636e-112,113.0,0.99607902225370442788752735672770172482,0.27097689257904688270789041345357267368
0.86999999999999999555910790149937383831,6.9212152613183660258587691244924918076e-112,113.0,0.99607924709929401580448400230544727214,0.27091525392400081224932019223449266418
0.875,7.0924870091796583801935703205149860907e-112,113.0,0.99607947055463023219224306415733118477,0.27085351815054335433318611644849269721
0.88000000000000000444089209850062616169,7.26808059460410526775434896763636673e-112,113.0,0.99607969261882803754146523446447508051,0.2707916852430396257748286659023363646
0.88500000000000000888178419700125232339,7.4481071733027783830254167426474743187e-112,113.0,0.99607991329100006902526874266279518212,0.27072975518594295861369537808023350538
0.89000000000000001332267629550187848508,7.632680813626691087471587774851512381e-112,113.0,0.99608013257025663434981110955689926267,0.27066772796379459065702335180958810835
0.89500000000000001776356839400250464678,7.8219185742905079720613783298294426355e-112,113.0,0.99608035045570570558789216842491258054,0.27060560356122335566103403199999938165
0.90000000000000002220446049250313080847,8.0159405842076045048853632726527732574e-112,113.0,0.99608056694645291299552057309709127391,0.27054338196294537316099087042939509124
0.90500000000000002664535259100375697017,8.214870124494840485995761429504693504e-112,113.0,0.99608078817172440838363016769838546961,0.27048762029276902592906509360967369868
0.91000000000000003108624468950438313186,8.418833712707052168611363078486192717e-112,113.0,0.9960810313524737827691483531507143287,0.27043436690166034946365241301275396546
0.91500000000000003552713678800500929356,8.6279611893629559690742495433136642129e-112,113.0,0.996081273146325874845083414674324107,0.27038101288724900427904193634291313752
0.92000000000000003996802888650563545525,8.8423858068258930414017032149920921286e-112,113.0,0.99608151355243936476017283880375986791,0.2703275582242234211511632451780876962
0.92500000000000004440892098500626161695,9.0622443206046300402282494485032176945e-112,113.0,0.99608175256997068576713304017906252001,0.27027400288740351722493850768415109435
0.93000000000000004884981308350688777864,9.2876770831412685841575704991646582225e-112,113.0,0.99608199019807401827293923981583287542,0.27022034685174042690165079623919175908
0.93500000000000005329070518200751394033,9.5188281401552057485652811549582685039e-112,113.0,0.99608222643590128387281479530587572871,0.2701665900923162313121064983769122207
0.93999999999999994670929481799248605967,9.7558453296140265661811346754064361879e-112,113.0,0.99608246128260213936267535613292648685,0.27011273258434368758119734922235808127
0.94499999999999995115018691649311222136,9.9988803834042463996339458128583743579e-112,113.0,0.99608269473732397076119827502525342328,0.27005877430316595071280115854406283919
0.94999999999999995559107901499373838305,1.0248089031776767029437152587446877304e-111,113.0,0.99608292679921188726331894413945417801,0.27000471522425630604750658854119084632
0.95499999999999996003197111349436454475,1.0503631110644210924209552920724380224e-111,113.0,0.99608315746740871522939094722025911925,0.26995055532321788838443095756437968439
0.95999999999999996447286321199499070644,1.076567067180929119115694996724594374e-111,113.0,0.99608338674105499213165677177417091996,0.26989629457578340570855938943563313613
0.96499999999999996891375531049561686814,1.1034376096205724029262043143348569655e-111,113.0,0.9960836146192889604893222437700993057,0.26984193295781486036175309794991223866
0.96999999999999997335464740899624302983,1.13099202102354577664511958026715164e-111,113.0,0.99608384110124656178694786481179431602,0.26978747044530326886118400397798607215
0.97499999999999997779553950749686919153,1.1592480405288367765070481645562611072e-111,113.0,0.99608406618606143037610010487488773336,0.26973290701436838037425914912144382653
0.97999999999999998223643160599749535322,1.1882238760533004660255060077017926955e-111,113.0,0.99608428987286488736020548389423315523,0.26967824264125839385916283163971583375
0.98499999999999998667732370449812151492,1.2179382169069491743833020098059364594e-111,113.0,0.99608451216078593446255005476863262158,0.26962347730234967388020876216027224482
0.98999999999999999111821580299874767661,1.2484102467538247874961527967998574905e-111,113.0,0.99608473304895124787736667871582829606,0.26956861097414646510725881621035805837
0.99499999999999999555910790149937383831,1.2796596569280867201465658587916296607e-111,113.0,0.99608495253648517210395226135667676208,0.26951364363328060550852914558343888882
1.0,1.3117066601152218389419870538718383481e-111,113.0,0.99608517062250971376375689442954661979,0.26945857525651123824616849868608101695
