value,sup,dur,Y,S
0.0,8.011087644082323289238681916287729982e-45,106.0,0.99602698802487803874679567260338182746,0.28090309102460491188487503241782473277
0.0050000000000000001040834085586084256647,8.1103185583749415340037986261408715137e-45,106.0,0.99602735201589415729060871601273238757,0.28084861235458504083629236074965456094
0.010000000000000000208166817117216851329,8.2108185853107156070384531373717843236e-45,106.0,0.99602771472617729681155967480285475716,0.28079404308400751483673832520654933007
0.014999999999999999444888487687421729788,8.3126044666192793452030148171434990633e-45,106.0,0.99602807615501789845278328463466301925,0.28073938319064428400896639077716791835
0.020000000000000000416333634234433702659,8.4156931716065405299620901406941375348e-45,106.0,0.99602843630170465292984340395017220861,0.28068463265235994603247910655997672998
0.02500000000000000138777878078144567553,8.5201019003395041825271419388109230479e-45,106.0,0.99602879516552449595404980432737377277,0.28062979144711152060516459636585324199
0.029999999999999998889776975374843459576,8.6258480868769422209926184270221378286e-45,106.0,0.99602915274576260364469573198015885047,0.28057485955294822290822865730629636096
0.035000000000000003330669073875469621271,8.7329494025465878623356867246564493064e-45,106.0,0.99602950904170238793034493779572056249,0.28051983694801123605098778465710555223
0.040000000000000000832667268468867405318,8.8414237592695419506730990604023155282e-45,106.0,0.9960298640526254919343734952415927195,0.28046472361053348323723151763123933711
0.044999999999999998334665463062265189365,8.9512893129325932197054989346174639377e-45,106.0,0.99603021777781178535450270945154545864,0.28040951951883939815230095234773869156
0.050000000000000002775557561562891351059,9.0625644668091590228581695900339292649e-45,106.0,0.99603057021653935982563851149560856768,0.28035422465134469521817296490946650671
0.055000000000000000277555756156289135106,9.1752678750295684063753654954190947771e-45,106.0,0.9960309213680845242707188310369790185,0.28029883898655613900083844257695684398
0.059999999999999997779553950749686919153,9.2894184461014204328522359914764705917e-45,106.0,0.99603127123172180024389237195629254465,0.28024336250307131208325794323603563488
0.065000000000000002220446049250313080847,9.4050353464807575866843282624285681678e-45,106.0,0.99603161980672391725718631470216814197,0.28018779517957838279195260286836510076
0.070000000000000006661338147750939242542,9.5221380041948096907476743870443986058e-45,106.0,0.99603196709236180809554750965386532761,0.28013213699485587201896086211693772662
0.074999999999999997224442438437108648941,9.6407461125170740870481576442387388804e-45,106.0,0.99603231308790460412116441051468883467,0.28007638792777241899029223651517777209
0.080000000000000001665334536937734810635,9.7608796336955097035382184216061650095e-45,106.0,0.99603265779261963056842563331072543595,0.28002054795728654575247396411492463602
0.08500000000000000610622663543836097233,9.882558802734629774330464304304645644e-45,106.0,0.99603300120577240181750858925577964063,0.27996461706244642232091454382595562153
0.089999999999999996669330926124530378729,1.0005804131232300254873358682192171836e-44,106.0,0.99603334332662661666433135343466002157,0.27990859522238962963492894094475252109
0.095000000000000001110223024625156540424,1.0130636411272054248467822641999398302e-44,106.0,0.99603368415444415357810473997751354738,0.27985248241634292171339566848141127982
0.10000000000000000555111512312578270212,1.0257076719371744866225923254331653279e-44,106.0,0.99603402368848506593797951526689579578,0.27979627862362198842322675291948077476
0.10499999999999999611421941381195210852,1.0385146420489380883197743559718861195e-44,106.0,0.99603436192800757726584146900167121036,0.27973998382363121606891506846404520646
0.11000000000000000055511151231257827021,1.0514867172086993225595582470445678479e-44,106.0,0.99603469887226807644658752791615157267,0.27968359799586344720406041226425336648
0.11500000000000000499600361081320443191,1.0646260928253393010234792843855042762e-44,106.0,0.99603503452052111292747449861094945114,0.27962712111989974108399872021909584223
0.11999999999999999555910790149937383831,1.0779349943886704765791785615010038737e-44,106.0,0.99603536887201939191339880727390170839,0.27957055317540913195428253007801627758
0.125,1.0914156778937562392397646317803113261e-44,106.0,0.99603570192601376954953679491489092382,0.27951389414214838658284925565553466751
0.13000000000000000444089209850062616169,1.1050704302713868711289860112493753771e-44,106.0,0.99603603368175324808303397245423115149,0.27945714399996176246194891892116752875
0.13500000000000000888178419700125232339,1.1189015698248043763256082300135198519e-44,106.0,0.99603636413848497102132231002557537071,0.27940030272878076370316042691483779916
0.14000000000000001332267629550187848508,1.1329114466727688512298081375816879931e-44,106.0,0.99603669329545421827309565570240346873,0.27934337030862389698737529628876003521
0.14499999999999999000799277837359113619,1.1471024431990611835996418446521743608e-44,106.0,0.996037040028504806498739244893938584,0.2792863467195964269524435178363010961
0.14999999999999999444888487687421729788,1.1614769745085186156338657054020671084e-44,106.0,0.99603739754594167347701178570281079097,0.27922923194189012928256014700397077448
0.15499999999999999888977697537484345958,1.176037488889699557858177029845632391e-44,106.0,0.99603775376921062714738971279592999307,0.2791720259557830462563415384659931113
0.16000000000000000333066907387546962127,1.1907864682842782968286219152122822043e-44,106.0,0.99603810869760399225934156576741625293,0.27911472874163923843025729145169850635
0.16500000000000000777156117237609578297,1.2057264287632690053624461094473634005e-44,106.0,0.99603846233041231241037375635058753718,0.27905734027990853721191499314640735996
0.17000000000000001221245327087672194466,1.22085992101018165786854083883518399e-44,106.0,0.99603881466692434537475523590365783276,0.27899986055112629643257750608480069653
0.17499999999999998889776975374843459576,1.2361895308112133873021292578712440151e-44,106.0,0.99603916570642705841818195232612776853,0.2789422895359131435627146471954921653
0.17999999999999999333866185224906075746,1.2517178795525810901610233180162002613e-44,106.0,0.99603951544820562361001974258451035575,0.27888462721497472865978850779855857536
0.18499999999999999777955395074968691915,1.2674476247251009123641807140107837831e-44,106.0,0.99603986389154341310387468375371951946,0.27882687356910147585104091861996532196
0.19000000000000000222044604925031308085,1.2833814604361248737226762296070746323e-44,106.0,0.99604021103572199442542492862259076087,0.27876902857916833096740760245663006749
0.19500000000000000666133814775093924254,1.2995221179289435829770114210194700253e-44,106.0,0.99604055688002112573822674980318840633,0.27871109222613451012887130477207173191
0.20000000000000001110223024625156540424,1.3158723661097674735752667932741826157e-44,106.0,0.99604090142371875109916166616044243369,0.27865306449104324737263585536371667691
0.20499999999999998778754672912327805534,1.3324350120824000278402939961505271221e-44,106.0,0.99604124466609099569963098327108247728,0.27859494535502154197423778512337482889
0.20999999999999999222843882762390421703,1.3492129016907189384298025922745316968e-44,106.0,0.99604158660641216110387577655676482387,0.27853673479927990353277007399054353633
0.21499999999999999666933092612453037873,1.3662089200690809977562397403850749161e-44,106.0,0.99604192724395472045581976490022407279,0.27847843280511209966886044105379748959
0.22000000000000000111022302462515654042,1.3834259922007715327532973935671604106e-44,106.0,0.99604226657798931369250256576082743014,0.27842003935389489989090655454958310328
0.22500000000000000555111512312578270212,1.4008670834846178220021680273279163653e-44,106.0,0.99604260460778474273546435371285412355,0.27836155442708782047574996695286157699
0.23000000000000000999200722162640886381,1.4185352003098897211172336910854633598e-44,106.0,0.99604294133260796667148826069803699159,0.27830297800623286843714614987520355017
0.23499999999999998667732370449812151492,1.436433390639611874689412996086750695e-44,105.0,0.99604327675172409691889267001342558436,0.27824431007295428523846597730296761903
0.23999999999999999111821580299874767661,1.4545647446024146061143544193603699381e-44,105.0,0.99604361086439639239048992324571545797,0.27818555060895828830275235337664874347
0.24499999999999999555910790149937383831,1.4729323950930504379017067153336023034e-44,105.0,0.99604394366988625462525946806755407826,0.27812669959603281521470082982483381181
0.25,1.4915395183817086599862091158449360345e-44,105.0,0.99604427516745322292593348116126662764,0.27806775701604726410936552196288650197
0.25500000000000000444089209850062616169,1.5103893347322589053460786496536881014e-44,105.0,0.99604460535635496947450643937393252203,0.27800872285095223513969416047706830298
0.26000000000000000888178419700125232339,1.5294851090295588206903569698364820454e-44,105.0,0.99604493423584729443681355106472925068,0.27794959708277927107819861499597941612
0.26500000000000001332267629550187848508,1.5488301514159623080505916778067264123e-44,105.0,0.99604526180518412105427102807537117578,0.27789037969364059738654155364322417552
0.27000000000000001776356839400250464678,1.5684278179371670251840578566812748311e-44,105.0,0.99604558806361749072273659951621217431,0.27783107066572886176143867496736384938
0.27500000000000002220446049250313080847,1.5882815111975419796130787646482383751e-44,105.0,0.99604591301039755805844851383357798694,0.27777166998131687316531303896701614102
0.28000000000000002664535259100375697017,1.6083946810250782321478514122474305829e-44,105.0,0.99604623664477258595100112027957945186,0.2777121776227573403501749943807691271
0.28499999999999997557509345824655611068,1.6287708251461077137305973529981246291e-44,105.0,0.99604655896598894059974377287338399075,0.27765259357248261054526294992212035674
0.28999999999999998001598555674718227237,1.6494134898699390012245782105172284322e-44,105.0,0.99604687997329108655500257941091796499,0.2775929178130044043458609289771268134
0.29499999999999998445687765524780843407,1.6703262707835564207505563238647409681e-44,105.0,0.99604719966592158171044178638502252423,0.27753315032691355673715892788163711476
0.29999999999999998889776975374843459576,1.6915128134565390950587247776673938325e-44,105.0,0.99604751804312107231809198682611263395,0.27747329109687975103146017063461571514
0.30499999999999999333866185224906075746,1.7129768141563510014000981315802528751e-44,105.0,0.99604783510412828797228870975349146158,0.27741334010565125564758370958815219502
0.30999999999999999777955395074968691915,1.7347220205741602412949376748027577557e-44,105.0,0.9960481508481800365839786138661164207,0.27735329733605465977409628895920624794
0.31500000000000000222044604925031308085,1.756752232561346583264103468245392857e-44,105.0,0.99604846527451119934176449642419925303,0.27729316277099460858610911880253009291
0.32000000000000000666133814775093924254,1.7790713028768590390113069626115373007e-44,105.0,0.99604877838235472565964594314121545296,0.2772329363934535380244043509731923782
0.32500000000000001110223024625156540424,1.8016831379455877476654503916508802008e-44,105.0,0.99604909017094162811141228388377228005,0.27717261818649140914569188256690908666
0.33000000000000001554312234475219156593,1.8245916986279169969119323968961634344e-44,105.0,0.99604940063950097735164435730999800869,0.27711220813324544205283281363179618616
0.33500000000000001998401444325281772763,1.8478010010006288048158040034634525013e-44,105.0,0.99604970978725989702328142526286128606,0.27705170621692984941390145332708907045
0.34000000000000002442490654175344388932,1.8713151171493291225347979193759579869e-44,105.0,0.99605001761344355865170941477028850519,0.27699111242083556957899320089560082015
0.34499999999999997335464740899624302983,1.8951381759725711303950307945906404803e-44,105.0,0.99605032411727517652193096918486283905,0.27693042672832999997797764330182924846
0.34999999999999997779553950749686919153,1.9192743639978546811215817951011046556e-44,105.0,0.9960506292979760025591610486651178647,0.27686964912285672676365486170949245574
0.35499999999999998223643160599749535322,1.9437279262096781391307713014064969785e-44,105.0,0.99605093315476532116179731301935725596,0.27680877958793526081807607197314503454
0.35999999999999998667732370449812151492,1.9685031668898309391861873261019919716e-44,105.0,0.99605123568686044405477836601080195664,0.27674781810716076665614645661055890466
0.36499999999999999111821580299874767661,1.9936044504701087934651170986845259972e-44,105.0,0.99605153689347670511220533545502506172,0.27668676466420379433923919201418894127
0.36999999999999999555910790149937383831,2.0190362023976419142288211345511503155e-44,105.0,0.99605183677382745516962860708285137712,0.27662561924281001036749928225200970234
0.375,2.0448029100130277224961903435567336741e-44,105.0,0.99605213532712405682254451274351821105,0.27656438182679992823322503237788392926
0.38000000000000000444089209850062616169,2.0709091234414627690394654294284965521e-44,105.0,0.99605243255257587921105682333049148486,0.27650305240006863864451292687198465445
0.38500000000000000888178419700125232339,2.097359456497071635122865446327165188e-44,105.0,0.99605272844939029279065772786609027365,0.2764447528579914734883882107248745679
0.39000000000000001332267629550187848508,2.1241585876006336702442734341512017814e-44,105.0,0.99605302301677266408908281055560128678,0.27639235023320281515175203676674529696
0.39500000000000001776356839400250464678,2.1513112607109115635175114519643193857e-44,105.0,0.99605331625392635044919436731389189829,0.27633985244658506473955425117326080345
0.40000000000000002220446049250313080847,2.1788222862697889350626438239670596437e-44,105.0,0.99605363429542976147384194622349435219,0.2762872594726883878382069061089057161
0.40500000000000002664535259100375697017,2.206696542161427374682336255204675897e-44,105.0,0.99605395531999558815053990852840855185,0.27623457128617762689537040330585550582
0.40999999999999997557509345824655611068,2.2349389746856563324194116230053285098e-44,105.0,0.99605427502059431080157145621048684547,0.2761817878618320731044041584714790712
0.41499999999999998001598555674718227237,2.2635545995458148165458176096221441665e-44,105.0,0.99605459339647822953844172254138241061,0.2761289091745452341210860543073966579
0.41999999999999998445687765524780843407,2.2925485028512606511251586946216573907e-44,105.0,0.99605491044689772148428339623541500827,0.27607593519932460641216123168057620162
0.42499999999999998889776975374843459576,2.3219258421347774837713150196521405437e-44,105.0,0.99605522617110123573177325840684013798,0.27602286591129144052221123657658125038
0.42999999999999999333866185224906075746,2.3516918473851022802514150416445299329e-44,105.0,0.99605554056833528826993890115947830442,0.27596970128568050805322213872833550432
0.43499999999999999777955395074968691915,2.3818518220948061747013675816026684296e-44,105.0,0.99605585363784445690113768408953898809,0.27591644129783986684975422642820526453
0.44000000000000000222044604925031308085,2.4124111443237629832225373355969068971e-44,105.0,0.99605616537887137614460733220252954408,0.27586308592323062498212080664604221522
0.44500000000000000666133814775093924254,2.4433752677784436820256196968166189452e-44,105.0,0.99605647579065673212654415472176164296,0.27580963513742670353455124639464302789
0.45000000000000001110223024625156540424,2.4747497229072788924763319345926013557e-44,105.0,0.99605678487243925745666469904844703575,0.27575608891611459820536595889091606203
0.45500000000000001554312234475219156593,2.5065401180123352168572816219094074815e-44,105.0,0.99605709262345572609120648825125699944,0.27570244723509313972624355722917159323
0.46000000000000001998401444325281772763,2.5387521403775551313869801594687944019e-44,105.0,0.99605739904294094818232332391359732375,0.27564871007027325310771286730646323718
0.46500000000000002442490654175344388932,2.5713915574138140680429755223999685242e-44,105.0,0.99605770413012776491383046894679983567,0.2755948773976777157180549089107821551
0.46999999999999997335464740899624302983,2.6044642178210519354440208386603926406e-44,105.0,0.99605800788424704331988991177676568987,0.27554094919344091480210605284475053358
0.47499999999999997779553950749686919153,2.637976052767742964058479383575316252e-44,105.0,0.99605831030452767110679517476429240304,0.27548692543380860085279073226843551945
0.47999999999999998223643160599749535322,2.6719330770879641467355196270122184917e-44,105.0,0.99605861139019655142726224038209882419,0.27543280609513764582622698537221749313
0.48499999999999998667732370449812151492,2.7063413904963395931017637626748886566e-44,105.0,0.99605891114047859767462823462071248543,0.27537859115389579423333339294503047891
0.48999999999999999111821580299874767661,2.7412071788211295298299558168890016825e-44,105.0,0.99605920955459672824629007914438644858,0.27532428058666141609358127860902501583
0.49499999999999999555910790149937383831,2.7765367152557446884944412439171119215e-44,105.0,0.9960595066317718612966011111321040087,0.27526987437012325816817218280006735562
0.50,2.8123363616289686553914311502290416205e-44,105.0,0.99605980237122290947580004624417849808,0.27521537248108019407838403284681282557
0.50500000000000000444089209850062616169,2.8486125696941755842805004856456866184e-44,105.0,0.99606009677216677465492623707141903869,0.2751607748964409733166883831212467548
0.51000000000000000888178419700125232339,2.8853718824378352070185430862777008837e-44,105.0,0.99606038983381834263667500603606573601,0.27510608159322396915829297255248799182
0.51500000000000001332267629550187848508,2.922620935407601684470939478704288782e-44,105.0,0.99606068155539047785214665762549358493,0.27505129254855692548081565107951205234
0.52000000000000001776356839400250464678,2.9603664580602875221154107439925187047e-44,105.0,0.99606097193609401804344260004796229071,0.27499640773967670249984746014024531043
0.52500000000000002220446049250313080847,2.9986152751300285326410846169169727159e-44,105.0,0.99606126097513776893206183090135536103,0.27494142714392902142821431332584409481
0.53000000000000002664535259100375697017,3.0373743080169506628489267748987162951e-44,105.0,0.99606154867172849887305086523779554206,0.27488635073876820806679831014026843532
0.53500000000000003108624468950438313186,3.076650576196654415561584152483208278e-44,105.0,0.99606183502507093349486000748612093458,0.27483117850175693533483122666565150885
0.54000000000000003552713678800500929356,3.116451198650837590354370132980970501e-44,105.0,0.99606212003436775032485869105731697529,0.2747759104105659647476241601114750418
0.54500000000000003996802888650563545525,3.1567833953193821410503252059864482092e-44,105.0,0.99606240369881957340046243110196952581,0.27472054644297388684974865798714050797
0.55000000000000004440892098500626161695,3.1976544885742361044293397968121346073e-44,105.0,0.99606268601762496786582375681046378289,0.2746650865768668606117359352491210877
0.55500000000000004884981308350688777864,3.2390719047154267948555486402781736243e-44,105.0,0.99606296698998043455403930984281764531,0.27460953079023835179841197250049758354
0.56000000000000005329070518200751394033,3.2810431754895467849233114497033491072e-44,105.0,0.99606324661508040455482511494250654904,0.27455387906118887031703739342645656555
0.56499999999999994670929481799248605967,3.3235759396310586534705490500927185275e-44,105.0,0.99606352489211723376144782855063546182,0.27449813136792570779238506851026995409
0.56999999999999995115018691649311222136,3.3666779444267766244976704183443345129e-44,105.0,0.99606380182028119743387768205157186163,0.27444228768876266794567966703870228018
0.57499999999999995559107901499373838305,3.4103570473038689212747755863237648397e-44,105.0,0.99606407739876048468550451315087559117,0.27438634800211980835875899998665573022
0.57999999999999996003197111349436454475,3.4546212174417634250730350275539108629e-44,105.0,0.99606435162674119301694806927416990872,0.27433031228652316887488262585629895484
0.58499999999999996447286321199499070644,3.4994785374083119788314747075903963802e-44,105.0,0.99606462450340732280415389889217706327,0.27427418052060450520699358877136153806
0.58999999999999996891375531049561686814,3.544937204820594318682791336979169569e-44,105.0,0.99606489602794077177785957992901656558,0.27421795268310102033908461909232683665
0.59499999999999997335464740899624302983,3.5910055340307419992898375610953740705e-44,105.0,0.99606516619952132948818804593452028772,0.27416162875285509496597487049025719184
0.59999999999999997779553950749686919153,3.6376919578371696767854963885164072116e-44,105.0,0.99606543501732667175431854519250948369,0.27410520870881401698007167761970625344
0.60499999999999998223643160599749535322,3.6850050292216072716118487342159576622e-44,105.0,0.99606570248053235509918558069962292233,0.2740486925300297100137420838244779116
0.60999999999999998667732370449812151492,3.7329534231123327925269813929615101135e-44,105.0,0.9960659685883118111691559909503757155,0.2739920801956584610459690515905022293
0.61499999999999999111821580299874767661,3.7815459381740119641701682274867180881e-44,105.0,0.99606623333983634113863414270029171389,0.27393537168496064708201732798676618882
0.61999999999999999555910790149937383831,3.8307914986245572655579778140018169203e-44,105.0,0.99606649673427511009954501734679923418,0.27387856697730046091488389136694240146
0.625,3.8806991560794255574639247136674641032e-44,105.0,0.99606675877079514143564478226370456488,0.27382166605214563597735775239998419173
0.63000000000000000444089209850062616169,3.9312780914237801545812277455822477393e-44,105.0,0.99606701944856131118160824734603764725,0.27376466888906717029356362031644720899
0.63500000000000000888178419700125232339,3.9825376167129499854810603363429392035e-44,105.0,0.99606727876673634236684241516446180062,0.27370757546773904953891357235773842058
0.64000000000000001332267629550187848508,4.0344871771016253814872563119056785348e-44,105.0,0.9960675367244807993439751404887978139,0.27365038576793796921744037905716511874
0.64500000000000001776356839400250464678,4.0871363528022370465540814484614308258e-44,105.0,0.9960677933209530821019677215150617876,0.27359309976954305596553553842411227647
0.65000000000000002220446049250313080847,4.1404948610729718859496926061404442937e-44,105.0,0.99606805090247206968955038752732444207,0.27353571745253558799116435660580358164
0.65500000000000002664535259100375697017,4.1945725582358866139401248632811128452e-44,105.0,0.99606833472369899454327346562272633782,0.27347823879699871465767957942519275589
0.66000000000000003108624468950438313186,4.24937944172558742169603485904066831e-44,105.0,0.99606861719061596392471369204556590531,0.27342066378311717522140412659935097483
0.66500000000000003552713678800500929356,4.3049256521689514682996504920133754255e-44,105.0,0.99606889830243225545861080271387435551,0.27336299239117701673220240669156562065
0.67000000000000003996802888650563545525,4.3612214754963735620393947885588639839e-44,105.0,0.99606917805835507260025249786547586234,0.27330522460156531110630849420415519877
0.67500000000000004440892098500626161695,4.4182773450850291282063278298871018772e-44,105.0,0.99606945645758953916449199141663038673,0.2732473603947698713807281289403177763
0.68000000000000004884981308350688777864,4.4761038439346524154472642894480743124e-44,105.0,0.99606973349933869384007349814717647873,0.27318939975137896715858005011549086429
0.68500000000000005329070518200751394033,4.5347117068763368775176975469395391934e-44,105.0,0.99607000918280348468921662207641667421,0.27313134265208103925479060194584301889
0.68999999999999994670929481799248605967,4.5941118228148714553590352252403912611e-44,105.0,0.99607028350718276362633429300695043176,0.27307318907766441484394381810302740858
0.69499999999999995115018691649311222136,4.6543152370051440104691173111857859764e-44,105.0,0.99607055647167328091232182575843289658,0.27301493900901701536790033526283991489
0.69999999999999995559107901499373838305,4.7153331533631237685311847593792485127e-44,105.0,0.99607082807546967957307454902717022256,0.27295659242712607658712955519470780557
0.70499999999999996003197111349436454475,4.7771769368119893606324632776664245872e-44,105.0,0.99607109831776448986400879132217632842,0.27289814931307785495998829967928902185
0.70999999999999996447286321199499070644,4.8398581156639315950968755893847491943e-44,105.0,0.99607136719774812368909235957287695652,0.27283960964805733972327407290667985462
0.71499999999999996891375531049561686814,4.903388384038196515734928327447006114e-44,105.0,0.99607163471460886901094207539735156894,0.27278097341334796294042714680431815765
0.71999999999999997335464740899624302983,4.9677796043159340643982699766173613982e-44,105.0,0.99607190086753288424583169506729163075,0.27272224059033130881732822893799281358
0.72499999999999997779553950749686919153,5.0330438096324280735661878234248821745e-44,105.0,0.9960721656557041926435596641415220829,0.2726634111604868222954882239264956394
0.72999999999999998223643160599749535322,5.0991932064072925623047479636624061504e-44,105.0,0.99607242907830467665212596520124651978,0.27260448510539151693247379266530620659
0.73499999999999998667732370449812151492,5.1662401769132287089695546459815934583e-44,105.0,0.99607269113451407226716712379448212916,0.27254546240671968207945946160519410382
0.73999999999999999111821580299874767661,5.2341972818839464290460462132634103789e-44,105.0,0.99607295182350996336609824358094173806,0.27248634304624258936584393515523355576
0.74499999999999999555910790149937383831,5.3030772631618641991572929527508443057e-44,105.0,0.99607321114446777602691074675837361278,0.27242712700582819850091501625554514585
0.75,5.3728930463862106411842522780781032755e-44,105.0,0.99607346909656077283157430014354626537,0.27236781426744086240259414157388362621
0.75500000000000000444089209850062616169,5.4436577437221614163494058680239525937e-44,105.0,0.99607372567896004715399121077210636927,0.27230840481314103166333798690450362287
0.76000000000000000888178419700125232339,5.5153846566316551807707107007081718873e-44,104.0,0.99607398089083451743245137756787007551,0.27224889862508495836332089347189738023
0.76500000000000001332267629550187848508,5.5880872786865427242057572251767582755e-44,104.0,0.99607423473135092142653568751013861228,0.27218929568552439924106800525223253097
0.77000000000000001776356839400250464678,5.6617792984247339553315659642937431252e-44,104.0,0.99607448719967381045841554579374946566,0.27212959597680631823175498940979568146
0.77500000000000002220446049250313080847,5.7364746022500181128487637641971702004e-44,104.0,0.99607473829496554363849602972715770788,0.27206979948137258838343603479465555
0.78000000000000002664535259100375697017,5.8121872773762434749156113954650503921e-44,104.0,0.99607498801638628207534995554524366253,0.27200990618175969316150748545336656862
0.78500000000000003108624468950438313186,5.8889316148165539129145047957896115077e-44,104.0,0.99607523636309398306988994592210167226,0.27194991606059842715175996556125583038
0.79000000000000003552713678800500929356,5.9667221124183908923904068545080567819e-44,104.0,0.99607548333424439429372538375109962299,0.27188982910061359617241718738930312072
0.79500000000000003996802888650563545525,6.045573477944980967289643823085220111e-44,104.0,0.99607572892899104795165093471131338912,0.27182964528462371680560480316974442943
0.80000000000000004440892098500626161695,6.1255006322040404465352205104066881931e-44,104.0,0.99607597314648525492821311725731809367,0.27176936459554071535873766332355863136
0.80500000000000004884981308350688777864,6.2065187122244407377229778889491670881e-44,104.0,0.99607621598587609891830119394952594695,0.27170898701636962626635867576360031501
0.81000000000000005329070518200751394033,6.2886430744815898945893302760641176604e-44,104.0,0.99607645744631043054170845248104637418,0.27164851253020828994300712219546099433
0.81499999999999994670929481799248605967,6.3718892981722962552116502897165743087e-44,104.0,0.99607669752693286143629420298787492169,0.27158794112024705144377044951958916567
0.81999999999999995115018691649311222136,6.4562731885399054836940512748587039749e-44,104.0,0.99607693622688575836161602507358546852,0.27152727276976845186914884935165583387
0.82499999999999995559107901499373838305,6.5418107802504760296338513403465652965e-44,104.0,0.99607717354530923723309136700932787835,0.2714665074621469327046554117581993325
0.82999999999999996003197111349436454475,6.6285183408208356154720706470500361168e-44,104.0,0.99607740948134115719325103116672586421,0.27140564518084852620679862909547050272
0.83499999999999996447286321199499070644,6.7164123740993097853710737746673379458e-44,104.0,0.99607764403411711463998999199347588937,0.27134468590943055201519613965623875638
0.83999999999999996891375531049561686814,6.8055096237999655231131987710290372903e-44,104.0,0.99607787720277043724380683229378802975,0.27128362963154131193623381100241226435
0.84499999999999997335464740899624302983,6.895827077091213561706354082339938218e-44,104.0,0.99607810898643217794863022050740819862,0.27122247633091978425303506352522679267
0.84999999999999997779553950749686919153,6.9873819682396285591889259441527917212e-44,104.0,0.99607833938423110895617682210602329755,0.27116122599139531757266921990529021787
0.85499999999999998223643160599749535322,7.0801917823098602593219775795941835822e-44,104.0,0.99607856839529371569378482491996931665,0.27109987859688732422157071218976174028
0.85999999999999998667732370449812151492,7.1742742589215229322626848393299518021e-44,104.0,0.99607879601874419076566704402232300772,0.27103843413140497320018383641857779755
0.86499999999999999111821580299874767661,7.2696473960639648028941858934677342683e-44,104.0,0.99607902225370442788752735672770172331,0.27097689257904688270789041345357267857
0.86999999999999999555910790149937383831,7.3663294539698338272778395977072799598e-44,104.0,0.99607924709929401580448400230544727515,0.27091525392400081224932019223449266719
0.875,7.4643389590483710747992145017753124533e-44,104.0,0.99607947055463023219224306415733118853,0.27085351815054335433318611644849270172
0.88000000000000000444089209850062616169,7.5636947078793781191757719441322961156e-44,104.0,0.99607969261882803754146523446447508276,0.27079168524303962577482866590233636122
0.88500000000000000888178419700125232339,7.6644157712688202398321323416653679327e-44,104.0,0.99607991329100006902526874266279518212,0.27072975518594295861369537808023350275
0.89000000000000001332267629550187848508,7.7665214983670428905524723667144209208e-44,104.0,0.99608013257025663434981110955689926192,0.27066772796379459065702335180958810759
0.89500000000000001776356839400250464678,7.8700315208505948091892561085328173304e-44,104.0,0.99608035045570570558789216842491257903,0.27060560356122335566103403199999938128
0.90000000000000002220446049250313080847,7.9749657571686673250205956601112240121e-44,104.0,0.99608056694645291299552057309709127316,0.27054338196294537316099087042939509124
0.90500000000000002664535259100375697017,8.081344416855175873661068235631420403e-44,104.0,0.99608078817172440838363016769838546509,0.2704876202927690259290650936096736968
0.91000000000000003108624468950438313186,8.1891880049075264578787640752510440032e-44,104.0,0.9960810313524737827691483531507143287,0.27043436690166034946365241301275396546
0.91500000000000003552713678800500929356,8.2985173262331268009720894585751999443e-44,104.0,0.996081273146325874845083414674324107,0.2703810128872490042790419363429131379
0.92000000000000003996802888650563545525,8.4093534901647192323136647268727833475e-44,104.0,0.99608151355243936476017283880375986566,0.27032755822422342115116324517808769432
0.92500000000000004440892098500626161695,8.5217179150456299271601669357054192704e-44,104.0,0.99608175256997068576713304017906252001,0.27027400288740351722493850768415109547
0.93000000000000004884981308350688777864,8.6356323328860469998266835795375200163e-44,104.0,0.99608199019807401827293923981583287317,0.27022034685174042690165079623919175645
0.93500000000000005329070518200751394033,8.7511187940914581258900112903507467978e-44,104.0,0.9960822264359012838728147953058757272,0.27016659009231623131210649837691222032
0.93999999999999994670929481799248605967,8.8681996722643942327775686631922174623e-44,104.0,0.9960824612826021393626753561329264891,0.27011273258434368758119734922235808202
0.94499999999999995115018691649311222136,8.9868976690806628762735970516755471093e-44,104.0,0.99608269473732397076119827502525342479,0.27005877430316595071280115854406284107
0.94999999999999995559107901499373838305,9.1072358192412192741182831735199295972e-44,104.0,0.99608292679921188726331894413945417726,0.27000471522425630604750658854119084557
0.95499999999999996003197111349436454475,9.2292374955009334707676410466075586192e-44,104.0,0.99608315746740871522939094722025912151,0.26995055532321788838443095756437968703
0.95999999999999996447286321199499070644,9.3529264137754409633969972459548071346e-44,104.0,0.99608338674105499213165677177417092222,0.26989629457578340570855938943563313538
0.96499999999999996891375531049561686814,9.4783266383273386365110216604107623798e-44,104.0,0.99608361461928896048932224377009931097,0.26984193295781486036175309794991223829
0.96999999999999997335464740899624302983,9.6054625870329901666740874749719413963e-44,104.0,0.99608384110124656178694786481179431752,0.26978747044530326886118400397798607591
0.97499999999999997779553950749686919153,9.7343590367312284070135349449052686897e-44,104.0,0.99608406618606143037610010487488773336,0.26973290701436838037425914912144382352
0.97999999999999998223643160599749535322,9.865041128655263376646145807926686294e-44,104.0,0.99608428987286488736020548389423315523,0.26967824264125839385916283163971583526
0.98499999999999998667732370449812151492,9.9975343739491259509913913677662401762e-44,104.0,0.99608451216078593446255005476863262158,0.26962347730234967388020876216027224558
0.98999999999999999111821580299874767661,1.0131864659269999181194075766688512648e-43,104.0,0.99608473304895124787736667871582829681,0.269568610974146465107258816210358061
0.99499999999999999555910790149937383831,1.0268058252477811370822504143864162491e-43,104.0,0.99608495253648517210395226135667676885,0.26951364363328060550852914558343888844
1.0,1.0406141808413487611985241247385430791e-43,104.0,0.99608517062250971376375689442954662054,0.2694585752565112382461684986860810162
