value,sup,dur,Y,S
0.0,4.2006742992090468193178934599222705462e-61,130.0,0.99599839299534087339340745843330707465,0.89077068235168554841587013834442145187
0.0050000000000000001040834085586084256647,4.2136796358687996342451592429027732265e-61,130.0,0.99599860365398209741999561307209468014,0.89075632063243807044047976778796094861
0.010000000000000000208166817117216851329,4.2267184482902570673231076943071166404e-61,130.0,0.99599881423612899287087522012927735402,0.89074193984965414078147368321369488012
0.014999999999999999444888487687421729788,4.2397908050408318737538419933267311846e-61,130.0,0.99599902474164555468772927687736570829,0.89072753999647655359663507376544987304
0.020000000000000000416333634234433702659,4.2528967748242741770551205125573233609e-61,130.0,0.99599923517039559634961148444893408566,0.89071312106604614594400380374145728323
0.02500000000000000138777878078144567553,4.2660364264812128633665801356892589902e-61,130.0,0.99599944552224274960665347199095899094,0.89069868305150178454234958428534552495
0.029999999999999998889776975374843459576,4.2792098289896995997350238512720002484e-61,130.0,0.9959996557970504642137628600378572514,0.89068422594598035245574251579824123096
0.035000000000000003330669073875469621271,4.2924170514657554886964041338395572679e-61,130.0,0.99599986599468200766441958574811658956,0.89066974974261673569435964614901135897
0.040000000000000000832667268468867405318,4.3056581631639201876150859593041103118e-61,130.0,0.99600007611500046492176211277974027498,0.89065525443454380992488178685848869201
0.044999999999999998334665463062265189365,4.3189332334778038594688820247934263992e-61,130.0,0.99600028615786873815272444790174155923,0.89064074001489242689379258310166803254
0.050000000000000002775557561562891351059,4.3322423319406415663409285843603547654e-61,130.0,0.99600049612314954645895047577902800249,0.8906262064767914009952336681257705507
0.055000000000000000277555756156289135106,4.3455855282258502835295715200175963729e-61,130.0,0.99600070601070542560725855536192451666,0.89061165381336749579314897134150198589
0.059999999999999997779553950749686919153,4.3589628921475887064660334988094197772e-61,130.0,0.99600091582039872776227559321109865463,0.89059708201774541031555352777874927627
0.065000000000000002220446049250313080847,4.3723744936613195228701412792303572778e-61,130.0,0.9960011255520916212159948176226007248,0.89058249108304776548393093664328885599
0.070000000000000006661338147750939242542,4.3858204028643743388734262677292970117e-61,130.0,0.99600133520564609011717221367965809252,0.89056788100239509047650042368441510499
0.074999999999999997224442438437108648941,4.3993006899965213017744478542890229704e-61,130.0,0.99600154478092393420114160988515064796,0.89055325176890580898449370445944277458
0.080000000000000001665334536937734810635,4.4128154254405354816309593918996503593e-61,130.0,0.9960017542777867685209173381451108899,0.89053860337569622529981419095681671815
0.08500000000000000610622663543836097233,4.4263646797227715478789309009546096344e-61,130.0,0.99600196369609602317231474439610458005,0.89052393581588051074213360545379647756
0.089999999999999996669330926124530378729,4.4399485235137394378420396554878029631e-61,130.0,0.99600217303571294302384932332852805485,0.89050924908257068967429712934343877673
0.095000000000000001110223024625156540424,4.4535670276286826873924855916500393228e-61,130.0,0.99600238229649858744617353021194871787,0.89049454316887662547023576541687460595
0.10000000000000000555111512312578270212,4.4672202630281590871185013871405552952e-61,130.0,0.99600259147831383003582601931177751799,0.89047981806790600680341499848727360462
0.10499999999999999611421941381195210852,4.4809083008186243474730572335322834936e-61,130.0,0.99600280058101935834375108019182947787,0.89046507377276433352202778768340096833
0.11000000000000000055511151231257827021,4.4946312122530184405699602597999518831e-61,130.0,0.99600300960447567360335318062487708836,0.89045031027655490247656607267137265679
0.11500000000000000499600361081320443191,4.5083890687313542793462222860896269368e-61,130.0,0.99600321854854309045286730460341244832,0.89043552757237879366923951449142808022
0.11999999999999999555910790149937383831,4.5221819418013094227508717653583498483e-61,130.0,0.99600342741308173666249101558197463807,0.89042072565333485598857416404258669169
0.125,4.5360099031588204720177818859176040857e-61,130.0,0.99600363619795155286104904048848738959,0.89040927050582509537857832922371886312
0.13000000000000000444089209850062616169,4.5498730246486798160906780294905718762e-61,130.0,0.99600384490301229225697703343365154231,0.89040224024086149206470004011738611183
0.13500000000000000888178419700125232339,4.5637713782651354587047618646998465702e-61,130.0,0.99600405352812352036463748525210853459,0.89039519109296062183768500407905357194
0.14000000000000001332267629550187848508,4.577705036152493357910124511219334478e-61,130.0,0.99600426207314461472727063042596627917,0.890388123053563920510662369716599788
0.14499999999999999000799277837359113619,4.5916740706057224346774794647049297679e-61,130.0,0.99600447053793476463890123411394794436,0.8903810361141135100838680435768625294
0.14999999999999999444888487687421729788,4.6056785540710626827818709470928415789e-61,130.0,0.99600467892235297087156294921718417345,0.89037393026605220198527637146072465415
0.15499999999999999888977697537484345958,4.6197185591466352210880301498999948591e-61,130.0,0.99600488722625804539048230802155979651,0.89036680550082350067729485612941705543
0.16000000000000000333066907387546962127,4.6337941585830558438751456932859925535e-61,130.0,0.99600509544950861108036572409033843979,0.89035966180987160684260659948916603684
0.16500000000000000777156117237609578297,4.6479054252840509112985454368999322865e-61,130.0,0.99600530359196310146542933667576077831,0.89035249918464142073889697282397145401
0.17000000000000001221245327087672194466,4.662052432307076049613763057222888457e-61,130.0,0.99600551165347976043011498968902631403,0.89034531761657854548652456791156558399
0.17499999999999998889776975374843459576,4.6762352528639375096400833480759533341e-61,130.0,0.99600571963391664193817973840781038014,0.89033811709712929036834047483169670806
0.17999999999999999333866185224906075746,4.6904539603214166609930347005760772547e-61,130.0,0.99600592753313160975708424779682025446,0.89033089761774067390151246932871245366
0.18499999999999999777955395074968691915,4.7047086282018964453777305538225594716e-61,130.0,0.9960061353509823371703624788340404126,0.89032365916986042728107312974446585753
0.19000000000000000222044604925031308085,4.7189993301839913682927847324358310642e-61,130.0,0.99600634308732630670106225407720031209,0.89031640174493699739566616151068004941
0.19500000000000000666133814775093924254,4.7333261401031798534254809906329572933e-61,130.0,0.99600655074202080982893684297129724861,0.8903091253344195500146836617902396227
0.20000000000000001110223024625156540424,4.7476891319524394364591109872629676904e-61,130.0,0.99600675831492294670831472566888263778,0.89030182992975797290707148324478482244
0.20499999999999998778754672912327805534,4.7620883798828846443626222049552465099e-61,130.0,0.99600696580588962588434032384932320101,0.89029451552240287897226895696062039995
0.20999999999999999222843882762390421703,4.7765239582044080448881163990985251209e-61,130.0,0.99600717321477756401449473973485682745,0.89028718210380560913934527591486523668
0.21499999999999999666933092612453037873,4.7909959413863232715249043273043701476e-61,130.0,0.99600738054144328557811965757848575102,0.89027982966541823564353486523060584238
0.22000000000000000111022302462515654042,4.8055044040580116272736926897143717912e-61,130.0,0.9960075877857431225969796461895687346,0.89027245819869356486800144423962065061
0.22500000000000000555111512312578270212,4.8200494210095710734936388438219017777e-61,130.0,0.99600779494753321434958373706892039954,0.89026506769508514035950540247100033388
0.23000000000000000999200722162640886381,4.8346310671924680877353327595909495204e-61,130.0,0.99600800202666950708617713316882681482,0.89025765814604724577445852085353183089
0.23499999999999998667732370449812151492,4.8492494177201922342022472047803860018e-61,129.0,0.99600820902300775374210128897316532469,0.8902502295430349078370979518619174858
0.23999999999999999111821580299874767661,4.8639045478689139388603698494137516549e-61,129.0,0.99600841593640351365641490840026677671,0.89024278187750389906203725057642608332
0.24499999999999999555910790149937383831,4.8785965330781442561876947633002660825e-61,129.0,0.99600862276671215227854020215317177478,0.89023531514091074085990573625481111072
0.25,4.8933254489513982552470822420338451001e-61,129.0,0.99600882951378884088591471759829515792,0.89022782932471270620122717129085403568
0.25500000000000000444089209850062616169,4.9080913712568608130937421866407134564e-61,129.0,0.99600903617748855629541077908998341142,0.89022032442036782245671991719415644026
0.26000000000000000888178419700125232339,4.9228943759280553067207948769098163308e-61,129.0,0.99600924275766608057541691813481251224,0.89021280041933487416669924295623152858
0.26500000000000001332267629550187848508,4.9377345390645151272199634386932402591e-61,129.0,0.99600944925417600075743109706582607242,0.89020525731307340578065709667356902935
0.27000000000000001776356839400250464678,4.9526119369324580208814797873877859871e-61,129.0,0.99600965566687270854716481853209967987,0.89019769509304372436691044260765079255
0.27500000000000002220446049250313080847,4.96752664596546326195838183821836191e-61,129.0,0.99600986199561040003515721129232522132,0.89019011375070690229220919502181339447
0.28000000000000002664535259100375697017,4.9824787427651516618217482005647357881e-61,129.0,0.99601006824024307540689818098049005244,0.89018251327752477987119470993001901751
0.28499999999999997557509345824655611068,4.9974683041018682526092434137767052038e-61,129.0,0.99601027440062453865017134089426804053,0.89017489366495996807030069591594557491
0.28999999999999998001598555674718227237,5.012495406915368649434754027759674144e-61,129.0,0.99601048047660839727334697639356989657,0.89016725490447585075799418110890976924
0.29499999999999998445687765524780843407,5.0275601283155065985894347082065295048e-61,129.0,0.99601068646804806200029386175179260861,0.89015959698753658777069876932693582007
0.29999999999999998889776975374843459576,5.042662545582926044816467391370050484e-61,129.0,0.99601089237479674648768581830200728266,0.89015191990560711710239742115196385576
0.30499999999999999333866185224906075746,5.0578027361697552271769152032584783957e-61,129.0,0.99601109819670746703036714810501870373,0.89014422365015315748619417217314733024
0.30999999999999999777955395074968691915,5.0729807777003038059194555446266971675e-61,129.0,0.99601130393363304226851093412546344411,0.89013650821264121086058230509869182222
0.31500000000000000222044604925031308085,5.0881967479717628588884442780637413787e-61,129.0,0.99601150958542609289427997474743843971,0.89012877358453856480479789575429795589
0.32000000000000000666133814775093924254,5.103450724954907752217822918475303081e-61,129.0,0.99601171515193904135798942659032701144,0.89012101975731329494314915556407563298
0.32500000000000001110223024625156540424,5.1187427867948038900622796239855972994e-61,129.0,0.99601192063302411157377022772911878568,0.89011324672243426731821192870852904551
0.33000000000000001554312234475219156593,5.1340730118115153481212633642480277135e-61,129.0,0.99601212602853332862473237156313101259,0.89010545447137114073278163840732016271
0.33500000000000001998401444325281772763,5.1494414785008163957159305660181087555e-61,129.0,0.99601233133831851846762709971262225335,0.89009764299559436906047191368389844826
0.34000000000000002442490654175344388932,5.1648482655349059111838764476550562831e-61,129.0,0.99601253656223130763700708045433567439,0.89008981228657520352485006553662815456
0.34499999999999997335464740899624302983,5.1802934517631245236721064447535801717e-61,129.0,0.99601274170012312294660662729006018982,0.89008196233578569503425832559538217997
0.34999999999999997779553950749686919153,5.1957771162126755158126838894887762577e-61,129.0,0.9960129467518451912016040381798561905,0.89007409313469869604887182631215337977
0.35499999999999998223643160599749535322,5.2112993380893469188573206956831658432e-61,129.0,0.99601315171724853888760517979476982531,0.89006620467478786328769664900263650727
0.35999999999999998667732370449812151492,5.2268601967782382345742893513542857708e-61,129.0,0.99601335659618399188189714508641073745,0.89005829694752765953235905405379471019
0.36499999999999999111821580299874767661,5.2424597718444892176299174584757072883e-61,129.0,0.99601356138850217515280632550846485405,0.89005036994439335583432073119541299064
0.36999999999999999555910790149937383831,5.2580981430340117512565322492723571875e-61,129.0,0.99601376609405351246082679427317760217,0.89004242365686103360292550671359312415
0.375,5.2737753902742246497507476684700931889e-61,129.0,0.99601397071268822605924008806625339697,0.89003445807640758666121239011576123643
0.38000000000000000444089209850062616169,5.2894915936747913926158704504649515857e-61,129.0,0.99601417524425633639422543863712320634,0.89002647319451072326938465363190640406
0.38500000000000000888178419700125232339,5.3052468335283607951696833971033879047e-61,129.0,0.99601437968860766180445950377632309635,0.89001846900264896811582458151233326619
0.39000000000000001332267629550187848508,5.3210411903113106204466545825118360579e-61,129.0,0.99601458404559181822020464528238605627,0.89001044549230166427554347033466253388
0.39500000000000001776356839400250464678,5.336874744684494137231721980077388894e-61,129.0,0.99601478831505821886188479960716806067,0.89000240265494897513595640646400329523
0.40000000000000002220446049250313080847,5.3527475774939896290712155139626668841e-61,129.0,0.99601499249685607393814798495089757957,0.88999434048207188628987129242199779088
0.40500000000000002664535259100375697017,5.3686597697718528591152042609106573968e-61,129.0,0.99601519659083439034341448665644578339,0.88998625896515220739558154021464803559
0.40999999999999997557509345824655611068,5.3846114027368723183366540656142914739e-61,129.0,0.9960154005968419713526453280543561748,0.88997815809567257409399697461155533097
0.41499999999999998001598555674718227237,5.4006025577953283254685014581322254964e-61,129.0,0.99601560451472741632691764057745360297,0.88997003786511644944264618968633846701
0.41999999999999998445687765524780843407,5.4166333165417533259671325836343892093e-61,129.0,0.99601580834433912039583458334121698161,0.88996189826496812621604239165493855672
0.42499999999999998889776975374843459576,5.4327037607596969368647422184832319172e-61,129.0,0.99601601208552527416206728694994053593,0.88995373928671272827354798467293845731
0.42999999999999999333866185224906075746,5.4488139724224930870310196979815039281e-61,129.0,0.99601621573813386339405158029101319717,0.88994556092183621234315531211501532898
0.43499999999999999777955395074968691915,5.4649640336940303194725611811753263235e-61,129.0,0.99601641930201266872043001641701652807,0.88993736316182536968187620962865249537
0.44000000000000000222044604925031308085,5.481154026929525083714655678390099942e-61,129.0,0.99601662277700926532397281551188115288,0.88992914599816782770245970544364878345
0.44500000000000000666133814775093924254,5.4973840346762980232009870381964225e-61,129.0,0.99601682616297102263497675126534244408,0.88992090942235205156632688112859459541
0.45000000000000001110223024625156540424,5.5136541396745532626584030460243389116e-61,129.0,0.99601702945974510402414100502026784078,0.88991265342586734574261185850393167375
0.45500000000000001554312234475219156593,5.5299644248581607003858389984651201764e-61,129.0,0.99601723266717846649491901009350245256,0.8899043780002038555331978316403191233
0.46000000000000001998401444325281772763,5.5463149733554413104387479154256862792e-61,129.0,0.99601743578511786037534530670268685353,0.88989608313685256856363701679259315082
0.46500000000000002442490654175344388932,5.562705868489955459692984253200196107e-61,129.0,0.99601763881340982900933642595903088868,0.88988776882730531623984334774542576853
0.46999999999999997335464740899624302983,5.5791371937812940621359151672006617157e-61,129.0,0.99601784175190070844521224862313115546,0.88987943506305477526307809568485357635
0.47499999999999997779553950749686919153,5.5956090329458736708392230221561092344e-61,129.0,0.99601804460043662713495327739845381567,0.88987108183559446864754490685958017727
0.47999999999999998223643160599749535322,5.6121214698977327751510079416816921761e-61,129.0,0.99601824735886350561039927742091918528,0.88986270913641876762887333138156890724
0.48499999999999998667732370449812151492,5.6286745887493329566279460995698960524e-61,129.0,0.99601845002702705618144969990583340168,0.88985431695702289261291251491763663823
0.48999999999999999111821580299874767661,5.6452684738123621735199451805499689179e-61,129.0,0.99601865260477278262246635040081987538,0.8898459052889029145520338531509130854
0.49499999999999999555910790149937383831,5.6619032095985412725208297088464351637e-61,129.0,0.99601885509194597986039772383425228038,0.88983747412355575619412308482731843566
0.50,5.6785788808204335506667415700941962122e-61,129.0,0.99601905748839173366237044225900636289,0.88982902345247919329656571160186409719
0.50500000000000000444089209850062616169,5.6952955723922573724789901963204371645e-61,129.0,0.99601925979395492032274679781658439219,0.88982055326717185580511423473464267366
0.51000000000000000888178419700125232339,5.712053369430701847463707711533305725e-61,129.0,0.99601946200848020634964740143525319663,0.88981206355913322899752565973056970593
0.51500000000000001332267629550187848508,5.7288523572557455730966274840102689077e-61,129.0,0.99601966413181204815093793576004669492,0.88980355431986365459185768178310694185
0.52000000000000001776356839400250464678,5.7456926213914784484376111676825680233e-61,129.0,0.99601986616379469171967900879230624496,0.88979502554086433181931192737208094637
0.52500000000000002220446049250313080847,5.7625742475669265635362005925036315367e-61,129.0,0.9960200681042721723190381026918571206,0.88978647721363731846151259058105360332
0.53000000000000002664535259100375697017,5.7794973217168801698064679222254969894e-61,129.0,0.9960202699530883141666626101659363032,0.88977790932968553185210876664224016242
0.53500000000000003108624468950438313186,5.7964619299827247365667814638718068578e-61,129.0,0.99602047171008673011851294883558595055,0.88976932188051274984258874988843836955
0.54000000000000003552713678800500929356,5.8134681587132750989577964991109643966e-61,129.0,0.99602067337511082135215474193239753326,0.8897607148576236117321945286935561409
0.54500000000000003996802888650563545525,5.830516094465612702470021612869993091e-61,129.0,0.99602087494800377704950905163622368568,0.889752088252523619161824676117829146
0.55000000000000004440892098500626161695,5.8476058240059259493307023045256484528e-61,129.0,0.99602107642860857407905964931775838187,0.88974344205671913697181380184242044636
0.55500000000000004884981308350688777864,5.8647374343103536520185062539803991289e-61,129.0,0.99602127781676797667751630489870976967,0.88973477626171739402347669858250621603
0.56000000000000005329070518200751394033,5.8819110125658315991935895374914594411e-61,129.0,0.99602147911232453613093307548664483693,0.88972609085902648398430528450988202565
0.56499999999999994670929481799248605967,5.8991266461709418566186589204884688e-61,129.0,0.99602168031512059045081400286209426004,0.88971738584015536627021450609824705016
0.56999999999999995115018691649311222136,5.9163844227367671038495994044942930455e-61,129.0,0.99602188142499826407200667192331423378,0.88970866119661386598411252849124844756
0.57499999999999995559107901499373838305,5.9336844300877442757531957661699231331e-61,129.0,0.99602208244179946750537375498978140405,0.889699916919912675751125572539442991
0.57999999999999996003197111349436454475,5.9510267562625251594881460379204647238e-61,129.0,0.99602228336536589703459351976407532353,0.88969115300156335558456124552839356679
0.58499999999999996447286321199499070644,5.9684114895148382207222140017687843172e-61,129.0,0.99602248419553903439006911446618325329,0.88968236943307833368076236326194124573
0.58999999999999996891375531049561686814,5.9858387183143539562077167922980333836e-61,129.0,0.99602268493216014642675531973310858262,0.88967356620597090698386912119734197234
0.59499999999999997335464740899624302983,6.0033085313475533963499186246514322598e-61,129.0,0.99602288557507028480143310295700519248,0.88966474331175524171344994818924216014
0.59999999999999997779553950749686919153,6.0208210175185997632214759988965520773e-61,129.0,0.99602308612411028564943093861159947761,0.88965590074194637385488891786299406932
0.60499999999999998223643160599749535322,6.0383762659502132894983910955462021088e-61,129.0,0.99602328657912076926079185602032043427,0.88964703848806020961241756769345484322
0.60999999999999998667732370449812151492,6.0559743659845492038156036246873960156e-61,129.0,0.99602348693994213975588517391864257685,0.88963815654161352582467895167538032127
0.61499999999999999111821580299874767661,6.0736154071840788880633880347353187421e-61,129.0,0.99602368720641458476046187905764576137,0.88962925489412397034271172903746534031
0.61999999999999999555910790149937383831,6.0912994793324742121691236248710329194e-61,129.0,0.99602388737837807508015260398569950744,0.88962033353711006237024206877564628268
0.625,6.1090266724354950519327706231904381695e-61,129.0,0.99602408745567236437440715703047668162,0.88961139246209119276617112786410585195
0.63000000000000000444089209850062616169,6.1267970767218799955085165628585893813e-61,129.0,0.99602428743813698882987455538418130624,0.88960243166058762430914583984614466943
0.63500000000000000888178419700125232339,6.144610782644240244149555170460657311e-61,129.0,0.99602448732561126683322251007092772416,0.88959345112412049192410073011333525356
0.64000000000000001332267629550187848508,6.1624678808799567128578253206103484272e-61,129.0,0.99602468711793429864339530944662176057,0.88958445084421180287065845455177961752
0.64500000000000001776356839400250464678,6.1803684623320803366057712421112762648e-61,129.0,0.99602488681494496606330904574845900062,0.88957543081238443689327673937046838809
0.65000000000000002220446049250313080847,6.1983126181302355878227879040612122238e-61,129.0,0.99602508641648193211098312707325923262,0.88956639102016214633302938183030284315
0.65500000000000002664535259100375697017,6.2163004396315272108649881728868995293e-61,129.0,0.99602528592238364069010701502128919996,0.88955733145906955620090895426489819764
0.66000000000000003108624468950438313186,6.2343320184214501792132717082414713262e-61,129.0,0.99602548533248831626004112609497700865,0.88954825212063216421253883722743991259
0.66500000000000003552713678800500929356,6.2524074463148028811713904390837303484e-61,129.0,0.9960256984687023344452421700669116744,0.88953915299637634078418219181321170279
0.67000000000000003996802888650563545525,6.2705268153566035398627926004900556747e-61,129.0,0.99602593286396180164827730309488418472,0.8895300340778293289899354661965444672
0.67500000000000004440892098500626161695,6.288690217823009873352487473588701195e-61,129.0,0.99602616719888661288718454910380051063,0.88952089535651924447999401718543606434
0.68000000000000004884981308350688777864,6.3068977462222420007480068996337346238e-61,129.0,0.99602640147335451663988776194786079052,0.88951173682397507535987741413854136257
0.68500000000000005329070518200751394033,6.3251494932955086001617480663095100733e-61,129.0,0.99602663568724309495169631413844128275,0.88950255847172668203050197990920443383
0.68999999999999994670929481799248605967,6.3434455520179359176988050500082633011e-61,129.0,0.99602686984042976318611534778576588705,0.88949336029130479719344894498972954252
0.69499999999999995115018691649311222136,6.3617860155995020729036582579222702269e-61,129.0,0.99602710393279176980123639682426594823,0.88948414227424102479499130199429223945
0.69999999999999995559107901499373838305,6.3801709774859705703665108589240413289e-61,129.0,0.99602733796420619607372229086613669894,0.88947490441206784097347679121232550759
0.70499999999999996003197111349436454475,6.398600531359831148561442431826840193e-61,129.0,0.9960275719345499558743704771170087906,0.88946564669631859292514266820353873451
0.70999999999999996447286321199499070644,6.4170747711412418806017145737295356809e-61,129.0,0.9960278058436997954172619214807120847,0.88945636911852749875075782623216598392
0.71499999999999996891375531049561686814,6.4355937909889749685254131398818172185e-61,129.0,0.9960280396915322930136929775566677201,0.88944707167022964705841679573758619854
0.71999999999999997335464740899624302983,6.4541576853013658314399049886979847892e-61,129.0,0.99602827347792385882568952020052075527,0.88943775434296099652639357416761929742
0.72499999999999997779553950749686919153,6.472766548717265493646626805626453939e-61,129.0,0.99602850720275073461910255829555532322,0.8894284171282583754259427676126834106
0.72999999999999998223643160599749535322,6.4914204761169962788993333817162598141e-61,129.0,0.99602874086588899351628453979277039654,0.88941906001765948110393552007552162386
0.73499999999999998667732370449812151492,6.510119562623310816980923665002110082e-61,129.0,0.99602897446721453974834556048434227023,0.88940968300270287942521770140166369738
0.73999999999999999111821580299874767661,6.5288639036023543688163355834368403953e-61,129.0,0.99602920800660310840698868637855164143,0.8894002860749280041745778208816863816
0.74499999999999999555910790149937383831,6.5476535946646304763717556435071757477e-61,129.0,0.99602944148393026519592359794410039309,0.88939086922587515641821213031917651935
0.75,6.5664887316659699436235272137192920917e-61,129.0,0.99602967489907140618185776288807725361,0.8893814324470855038245743779395805501
0.75500000000000000444089209850062616169,6.5853694107085031549136627701276742822e-61,129.0,0.99602990825190175754506434252464466646,0.88937197573010107994449767289632869225
0.76000000000000000888178419700125232339,6.6042957281416357370427707638261457208e-61,129.0,0.9960301415422963753295260351808027677,0.88936249906646478345047591931323741172
0.76500000000000001332267629550187848508,6.6232677805630275714854977082567356473e-61,129.0,0.99603037477013014519265405847133163206,0.88935300244772037733499227878769325352
0.77000000000000001776356839400250464678,6.6422856648195751631482611064469118479e-61,129.0,0.9960306079352777821545814706572126779,0.88934348586541248806778212106897679231
0.77500000000000002220446049250313080847,6.661349478008397372124109462763091115e-61,129.0,0.99603084103761383034703002968047436618,0.88933394931108660471191792422175847956
0.78000000000000002664535259100375697017,6.6804593174778245149349923572363272995e-61,129.0,0.99603107407701266276174978684348906025,0.88932439277628907799860358798774753449
0.78500000000000003108624468950438313186,6.6996152808283908417875568986929955164e-61,129.0,0.99603130705334848099853061047225790782,0.88931481625256711936056562727014933699
0.79000000000000003552713678800500929356,6.7188174659138303964048073005655595201e-61,129.0,0.99603153996649531501278483327115040074,0.88930521973146879992392871668743088004
0.79500000000000003996802888650563545525,6.7380659708420762650325723142510144688e-61,129.0,0.99603177281632702286270021544090701577,0.88929560320454304945846306197634455399
0.80000000000000004440892098500626161695,6.7573608939762632212567212723302229689e-61,129.0,0.99603200560271729045596241399245773832,0.88928596666333965528609107967064886099
0.80500000000000004884981308350688777864,6.7767023339357337733044539902735852442e-61,129.0,0.99603223832553963129604614704624827566,0.88927631009940926114754087294291384895
0.81000000000000005329070518200751394033,6.7960903895970476205407631922553014204e-61,129.0,0.99603247098466738622807424026029082064,0.88926663350430336602703399877362757874
0.81499999999999994670929481799248605967,6.815525160094994093851363138134795825e-61,129.0,0.99603270357997372317907979708954180605,0.88925693686957432315042611948785770335
0.81999999999999995115018691649311222136,6.8350067448236101780071148181676498367e-61,129.0,0.99603293611133163692365576081065853226,0.88924722018677533786394676248802153137
0.82499999999999995559107901499373838305,6.8545352434371976471679231634730881445e-61,129.0,0.99603316857861394879752478970446013739,0.88923748344746046762416599259911623188
0.82999999999999996003197111349436454475,6.8741107558513479511545067367994267445e-61,129.0,0.996033400981693306462321703943460449,0.88922772664318461979290548720424929498
0.83499999999999996447286321199499070644,6.8937333822439683889169628021163408799e-61,129.0,0.9960336333204421836441143296110323841,0.8892179497655035504654965264711972964
0.83999999999999996891375531049561686814,6.9134032230563121632997587490083525809e-61,129.0,0.9960338655947328798766526752492243015,0.8892081528059738630413114175910073324
0.84499999999999997335464740899624302983,6.9331203789940118930699996883316197621e-61,129.0,0.9960340978044375202441802541311334185,0.88919833575615300675154194907293454148
0.84999999999999997779553950749686919153,6.9528849510281165892363089626146497377e-61,129.0,0.99603432994942805512380672609811485465,0.88918849860759927514411245801403900104
0.85499999999999998223643160599749535322,6.9726970403961321027269501989529966983e-61,129.0,0.99603456202957625992744103112271514175,0.88917864135187180452561510794416299806
0.85999999999999998667732370449812151492,6.9925567486030650505375041938586495833e-61,129.0,0.9960347940447537348432841850751290263,0.88916876398053057236015499035908403337
0.86499999999999999111821580299874767661,7.0124641774224702275004916904313232315e-61,129.0,0.99603502599483190457688090648417869301,0.88915886648513639562499267939773271869
0.86999999999999999555910790149937383831,7.0324194288975015108718043106928853011e-61,129.0,0.99603525787968201809172924139329668794,0.8891489488572509291228718862948113113
0.875,7.052422605341966264971670853061263817e-61,129.0,0.99603548969917514834944735171774885309,0.88913901108843666375091987824927630856
0.88000000000000000444089209850062616169,7.0724738093413832531611451606633672624e-61,129.0,0.99603572145318219204949663081135273352,0.88912905317025692472600834519327708837
0.88500000000000000888178419700125232339,7.0925731437540440644787551053679663573e-61,129.0,0.99603595314157386936846030824922124458,0.88911907509427586976646241762658511741
0.89000000000000001332267629550187848508,7.1127207117120780623060002009830224234e-61,129.0,0.99603618476422072369887670412758201424,0.88910907685205848723000555919961079775
0.89500000000000001776356839400250464678,7.1329166166225208624748282340993539332e-61,129.0,0.99603641632099312138762629147248086457,0.88909905843517059420782807908508602783
0.90000000000000002220446049250313080847,7.1531609621683863482750593509450236306e-61,129.0,0.9960366478117612514738717236361644911,0.88908901983517883457466703137568113634
0.90500000000000002664535259100375697017,7.173453852309742229864959523108741749e-61,129.0,0.99603687923639512542654998184314333912,0.88907896104365067699478529178350953091
0.91000000000000003108624468950438313186,7.1937953912847891556337944853727025238e-61,129.0,0.9960371105947645768814157963273523227,0.88906888205215441288373762579892766213
0.91500000000000003552713678800500929356,7.2141856836109433831112203380676463002e-61,129.0,0.99603734188673926137763549277744510548,0.88905878285225915432581158719153269999
0.92000000000000003996802888650563545525,7.2346248340859230170647882689730752116e-61,129.0,0.99603757311218865609393041407906828849,0.88904866343553483194703111130705530534
0.92500000000000004440892098500626161695,7.2551129477888378224736585023414751389e-61,129.0,0.99603780427098205958426906561095594092,0.88903852379355219274361069403119628727
0.93000000000000004884981308350688777864,7.2756501300812826201138328436168904942e-61,129.0,0.99603803536298859151310713061585340273,0.88902836391788279786574807455660931549
0.93500000000000005329070518200751394033,7.2962364866084342725378262684364652793e-61,129.0,0.99603826638807719239017450042761301532,0.88901818380009902035664336820342700769
0.93999999999999994670929481799248605967,7.3168721233001518095286210902057052569e-61,129.0,0.99603849734611662329968090929800776113,0.88900798343177404307335118852664730799
0.94499999999999995115018691649311222136,7.3375571463720824523159683922274171888e-61,129.0,0.99603872823697546565470612804854843412,0.88899776280448185542949231260908603379
0.94999999999999995559107901499373838305,7.3582916623267666687034264512419029842e-61,129.0,0.99603895906052212089985309375084510196,0.88898752190979725235824190769149564059
0.95499999999999996003197111349436454475,7.3790757779547514311368462660592866889e-61,129.0,0.9960391898166248102647290991040568327,0.88897726073929583096560968748806901441
0.95999999999999996447286321199499070644,7.3999096003357048154385677668816446923e-61,129.0,0.99603942050515157449132596396178514518,0.88896697928455398827018035074088832967
0.96499999999999996891375531049561686814,7.4207932368395346953113242845027992544e-61,129.0,0.99603965112597027356607109719761735372,0.88895667753714891867113996730303638957
0.96999999999999997335464740899624302983,7.4417267951275110830835129299101722801e-61,129.0,0.99603988167894858645141953786155293372,0.88894635548865861137074529680174143343
0.97499999999999997779553950749686919153,7.4627103831533921248739482188505367885e-61,129.0,0.99604011216395401081698610635217850682,0.8889360131306618477511242417572186686
0.97999999999999998223643160599749535322,7.4837441091645537584054069610042902751e-61,129.0,0.99604034258085386277021679455486576067,0.88892565045473819870529567284295125376
0.98499999999999998667732370449812151492,7.5048280817031230417478616360223941607e-61,129.0,0.99604057292951527658659852211774849885,0.88891526745246802192229690064424625182
0.98999999999999999111821580299874767661,7.5259624096071151613242873306868900372e-61,129.0,0.99604080320980520443940638425478064061,0.88890486411543245912630710580516097252
0.99499999999999999555910790149937383831,7.5471472020115741275643139383369708514e-61,129.0,0.99604103342159041612898751467877710454,0.88889444043521343326965507785046901365
1.0,7.5683825683497171666437808426727363966e-61,129.0,0.99604126356473749881158068547698459464,0.88888399640339364567959965223036112879
