value,sup,dur,Y,S
1.0,2.5019756555378883310389460052981141591e-77,130.0,0.99604088457808246582391958910242413298,0.88881968448054698040653630109176882525
0.98999999999999999111821580299874767661,1.0390548004198194141646009549542812754e-75,130.0,0.99547568847682901182656206036219134741,0.88811963015730748621021659090322791423
0.97999999999999998223643160599749535322,1.8520389338322276901926266173538373283e-73,130.0,0.99489409011755573787467239360659521075,0.8876548990811471614593760949535599693
0.96999999999999997335464740899624302983,9.9538604317299504409275748683071278571e-71,130.0,0.9942994745093021654624634050675486531,0.88739250352668057235613673463420013703
0.95999999999999996447286321199499070644,1.1047264086006285555677374605354887488e-67,130.0,0.99369540222954681620120643217847313059,0.88704087019287568167416393633420985961
0.94999999999999995559107901499373838305,1.8294518409435999456777768321987819143e-64,130.0,0.99308458161238149333659162889879368365,0.88661878613887578584065457179054595698
0.93999999999999994670929481799248605967,3.5434063618705061370268643957399538505e-61,130.0,0.99246902543404629894837112813906590682,0.88614106647260036750267049970989899827
0.93000000000000004884981308350688777864,6.7924622005199089685996036916368995262e-58,130.0,0.99185367834078043201344898564555665443,0.88561945751162135581723897578959514161
0.92000000000000003996802888650563545525,1.1576253452447121372020260331788593369e-54,130.0,0.99123690439175759270199241344303533036,0.88506332177310927324178553557697791982
0.91000000000000003108624468950438313186,1.6440474495371567150294720117045508038e-51,129.0,0.99061894034366806883509967348356136064,0.88448015928149317507404760696187154695
0.90000000000000002220446049250313080847,1.8765824229330190280210296662610495531e-48,129.0,0.99000039944545431788572616662537827375,0.88387600618012763098620294116985059714
0.89000000000000001332267629550187848508,1.6917576997360350276952926249082978994e-45,129.0,0.98938176250632696469091470713594827959,0.88325574119210366864953224478314549676
0.88000000000000000444089209850062616169,1.1978404058603883560652156293907464563e-42,129.0,0.98876341237095797750413850027263108524,0.88288457176908785142693449490450204582
0.86999999999999999555910790149937383831,6.6731759238162323977014847395873479266e-40,129.0,0.98814565849443912787923712085593597388,0.88254722138125334195868238835607455325
0.85999999999999998667732370449812151492,2.9434413420432246542705950100723005716e-37,129.0,0.98753190788574375505750312281163084971,0.88218945385223677142706563143289390042
0.84999999999999997779553950749686919153,1.0370324303283346931208614373424780254e-34,129.0,0.98691968311130658880681983471740150567,0.88181418409064399224296010444874365595
0.83999999999999996891375531049561686814,2.9481338021179740159549885907613401411e-32,129.0,0.98630865796322349723492984092175490584,0.88142391722059454085329815178666579043
0.82999999999999996003197111349436454475,6.8354262791491781565659319105445494711e-30,129.0,0.98569897694243525673768174570962948378,0.8810208128819665110635228179814586822
0.81999999999999995115018691649311222136,1.3065433771881411326390703958291217963e-27,129.0,0.98509076490831193120385213621721643384,0.88060673825198454955362787708415803531
0.81000000000000005329070518200751394033,2.080650597578514253823747659798906827e-25,129.0,0.98448413086536062552657903336320559725,0.88018331197536532991485602320010780178
0.80000000000000004440892098500626161695,2.7751078332054842811683509977653395774e-23,129.0,0.98387917089367023901182488774984344698,0.87975194072730781903361362726359662174
0.79000000000000003552713678800500929356,2.4371934260880151292974427214582934667e-21,129.0,0.98327597043989366375997878558874586961,0.87931384977639536288968952084567612964
0.78000000000000002664535259100375697017,1.2308719510538090209953627589693027293e-19,129.0,0.98267460612568048928160504441811556465,0.87887010863717755923304742457623261091
0.77000000000000001776356839400250464678,3.5928858920373261880000622422727206027e-18,129.0,0.98207514718831620359644164783555551644,0.87842165268570050831712139935400206724
0.76000000000000000888178419700125232339,6.1257263263003586299044981862828345314e-17,129.0,0.98147765663834645563649757038944406199,0.87796930144128377772735489285382769244
0.75,6.2968373451466553403901032386841676467e-16,129.0,0.9808821921974339953186368045503258202,0.87751377408368740050569660852892392791
0.73999999999999999111821580299874767661,4.1821876650974979302438951636601262148e-15,129.0,0.98028880706407866040693095418182049168,0.87705570266837973888797191161241660414
0.72999999999999998223643160599749535322,1.9871033188785176195000720602965813501e-14,129.0,0.97969755054339424592483744532271205355,0.8765956434177593907071859534549125201
0.71999999999999997335464740899624302983,7.4661397078505511324024248591240166484e-14,129.0,0.97910846856868338190724235263298802002,0.87613408639820492481689600224750659627
0.70999999999999996447286321199499070644,2.3806907867573141119680281662290276941e-13,129.0,0.97852179214911700745387061953766154305,0.8756714638381176275115869572984160691
0.69999999999999995559107901499373838305,6.7463629374424732146554229098444762205e-13,129.0,0.97793923754856829009284332257856549893,0.87520815729789906647719286930704220509
0.68999999999999994670929481799248605967,1.7485364448686527912678327094132818863e-12,129.0,0.9773589073221152738880521057268715815,0.87474450386690524948377701693143760866
0.68000000000000004884981308350688777864,4.2281251632140386562967807659237655684e-12,127.0,0.97678083690791606007437764681388148234,0.87428080153315634229287295748950420904
0.67000000000000003996802888650563545525,9.6173295603687376548368246282685985653e-12,117.0,0.97620506007240001121950890373050037701,0.87381731384763390306523831932212479881
0.66000000000000003108624468950438313186,2.0832250863710485593098003665870313795e-11,109.0,0.97563160909051418143438565848620165128,0.87335427398532628118417787369095134932
0.65000000000000002220446049250313080847,4.3286025692134480167388218397077549851e-11,101.0,0.97506051490111832456805827786112270546,0.87289188828896411442173830358268204521
0.64000000000000001332267629550187848508,8.669120837607518146523117385756686406e-11,95.0,0.97449180724155490185198309908210164477,0.87243033936796900366008636465692354421
0.63000000000000000444089209850062616169,1.6708912551762626969658878882528097517e-10,89.0,0.97392551476468163737478000168028217851,0.87196978881399769585759466609940177401
0.61999999999999999555910790149937383831,3.1363131703199654316856630357833159785e-10,83.0,0.97336166514106516567649739735318021005,0.87151037958518461041479244162631750608
0.60999999999999998667732370449812151492,5.7313817630625318452145655461728846111e-10,79.0,0.9728002851485619601920395474512159302,0.87106907216280089908996512391904182746
0.59999999999999997779553950749686919153,1.0181629609895686158596472288360618676e-09,74.0,0.97224140075113190614058939614241556018,0.87072483954149966109127684082503851362
0.58999999999999996891375531049561686814,1.7740722927107460919595845191348456034e-09,70.0,0.97168503716842124671296348982610701266,0.87037860864061686008393151320143183204
0.57999999999999996003197111349436454475,3.0173441839173302660318497546287409033e-09,67.0,0.97113121893740025058662071332217915703,0.87003058834202268842384269129000550993
0.56999999999999995115018691649311222136,5.030156942265721000029656785352160532e-09,64.0,0.9705799699671352156732938091335723693,0.86968097181682450222927083463490170752
0.56000000000000005329070518200751394033,8.2865237452837674157105842840444183248e-09,61.0,0.97003131358760527590908026900370706965,0.86932993788129242134244475173171906066
0.55000000000000004440892098500626161695,1.3256947594062213068959216550179927979e-08,58.0,0.96948527259333473608398596619579069655,0.86897765222380797512928581491395525444
0.54000000000000003552713678800500929356,2.1024272635027666574560750964153051544e-08,56.0,0.96894186928249591795705075913524426053,0.86862426851657793689123978877180943843
0.53000000000000002664535259100375697017,3.2942873163343641871067590801740804613e-08,53.0,0.96840112549204078412881222726800810939,0.86826992942423257977528990077478003733
0.52000000000000001776356839400250464678,5.0319511043386464884902969426854669044e-08,51.0,0.96786306262933912249431816293046624942,0.86791476752001517169068971807719299477
0.51000000000000000888178419700125232339,7.6285590100421996830103337190311624992e-08,49.0,0.96732770170073320492707311713716185813,0.86755890611903749199998254661172817916
0.5,1.1480979735174994573966347836173022879e-07,48.0,0.96679506333736179742928661680298367131,0.86720246003699970650650624916326656048
0.48999999999999999111821580299874767661,1.6901814431165877902816951318647544741e-07,46.0,0.96626516781855812230053550374063682678,0.86684553628183058994305241212057680771
0.47999999999999998223643160599749535322,2.4595615982836058060439100857420452949e-07,43.0,0.96573803509308540701781133047002985819,0.86648823468487768598323335679157963174
0.46999999999999997335464740899624302983,3.5565896474088338611583452522859416283e-07,42.0,0.9652136847984387683493838562036984647,0.86613064847755101518364323318353408292
0.46000000000000001998401444325281772763,5.1113687577413317837015594403350139839e-07,41.0,0.96469213627841237487250820568532673207,0.86577286481868510225204966203890365678
0.45000000000000001110223024625156540424,7.1951184612085526966252711903165686175e-07,39.0,0.96417340859910525830813429727434619506,0.86541496527732099286136260205931421295
0.44000000000000000222044604925031308085,1.0030528709334356278180231065420433369e-06,38.0,0.96365752056351723071809402057738637388,0.86505702627511285934648645542193796775
0.42999999999999999333866185224906075746,1.3908438416509265278500111738432300083e-06,37.0,0.96314449072486730784349746789460763139,0.8646991194921241710757650837379435971
0.41999999999999998445687765524780843407,1.9184890288611634754476963257097333437e-06,36.0,0.96263433739875073912644957101605434163,0.8643413122393892224728150407734373048
0.40999999999999997557509345824655611068,2.6220157280611307036558867703496393458e-06,35.0,0.96212707867423645110161407157638071252,0.86398366780127055043213202459221740558
0.40000000000000002220446049250313080847,3.5177722849736699334342379032576940853e-06,34.0,0.96162273242399434674414319932873572199,0.86362624575033617684821153385624421608
0.39000000000000001332267629550187848508,4.6979088594709030170605825741608014099e-06,33.0,0.96112131631353106970335113560760911136,0.86326910223720788853799265451497465163
0.38000000000000000444089209850062616169,6.2458208963279983814046572158038807795e-06,32.0,0.96062284780960343942395326087993478743,0.86291229025758892084437347403301853642
0.36999999999999999555910790149937383831,8.267304144212123476383279972858153607e-06,31.0,0.96012734418787036251861395131925924563,0.86255585989846272111119635249979467345
0.35999999999999998667732370449812151492,1.087915876486902798956081752859897881e-05,31.0,0.95963482253983681923590040240007949203,0.86219985856526108839627749584463766322
0.34999999999999997779553950749686919153,1.4044424775202400268656274627190659649e-05,30.0,0.95914529977913702255779191344171730207,0.861844331191626964770606120792260693
0.34000000000000002442490654175344388932,1.8060104612271822808594993159398980866e-05,29.0,0.95865879264719817412345503705363792477,0.86148932043324229885945205611704218678
0.33000000000000001554312234475219156593,2.3135279972643354572227358739595607658e-05,28.0,0.95817531771832117262059598943972353249,0.86113486684705255793905034313576528373
0.32000000000000000666133814775093924254,2.9525424742640933934013522101780149989e-05,27.0,0.95769489140421020539492178287921618352,0.86078100905709490785482298130444649896
0.30999999999999999777955395074968691915,3.7541476599487494863999987138767939389e-05,26.0,0.95721752995797907221322536929715535968,0.86042778390802505218992499155985214752
0.29999999999999998889776975374843459576,4.727779553052895444872131590183835334e-05,26.0,0.95674324947765863074569079189923507779,0.86007522660733707344636042172122685758
0.28999999999999998001598555674718227237,5.8781131500287933838101934105716478629e-05,25.0,0.9562720659092265239816101804494743619,0.85972337085717987018200306676511628684
0.28000000000000002664535259100375697017,7.2841329260757763962958229821112593972e-05,24.0,0.95580399504917753556601239786122751319,0.85937224897659201749520629178105012131
0.27000000000000001776356839400250464678,8.9969587189166760206269763801152220991e-05,24.0,0.95533905254665036099136697874997513137,0.85902189201490304769776165412214005092
0.26000000000000000888178419700125232339,0.00011076658763479075289956691917189415094,23.0,0.9548772539051243656028117030910474224,0.85867232985698249491350940617916871622
0.25,0.0001359354552460991891403311544193181352,23.0,0.95441861448369777554839538061958344051,0.85832359132095765708788365920600880836
0.23999999999999999111821580299874767661,0.00016590614723136282280236047111274511845,22.0,0.95396314949795701815583960265519768574,0.85797570424896648355929859632863764052
0.23000000000000000999200722162640886381,0.00019952237272892163279556827807420047721,22.0,0.95351087402044524664548086035600606778,0.85762869559146246279055626060009608338
0.22000000000000000111022302462515654042,0.00023925460831729550847505886751448143028,21.0,0.95306180298073663991802374079577996456,0.85728259148554349568842624061009906211
0.20999999999999999222843882762390421703,0.00028607422175783494549180391464610753996,20.0,0.95261595116512179738315560926136139022,0.85693741732773599511452155275390980871
0.20000000000000001110223024625156540424,0.0003410796277222706305412871775316116345,20.0,0.95217333321590835754936529381063509358,0.85659319784162837603718147349143901479
0.19000000000000000222044604925031308085,0.00040550784319775294088708880384634848625,19.0,0.95173396363033999051228857505865430954,0.85624995714071443592603844452444990221
0.17999999999999999333866185224906075746,0.00048074614049793629338272879547597560079,19.0,0.95129785675913602474315889137919227828,0.85590771878677645616374135145357821711
0.17000000000000001221245327087672194466,0.00056489534704277381714116874536800067685,18.0,0.95086502680465316307146911445693212721,0.85556650584410989111854875397223705334
0.16000000000000000333066907387546962127,0.00065770167649005877276912424975515423654,18.0,0.95043548781867011303943896894508267671,0.85522634092986606749480611892064557676
0.14999999999999999444888487687421729788,0.00076378383961484319805124978546655010683,17.0,0.95000925369979539644698953528730194315,0.85488724626076608095830624942626126832
0.14000000000000001332267629550187848508,0.00088470188100883596062582768169812907333,17.0,0.94958633819049810918514165773295633901,0.85454924369641784112336762760801715742
0.13000000000000000444089209850062616169,0.0010221441580355003690932777431972007271,17.0,0.9491667548737610674373751124764160382,0.85421235477944886864647088915993295154
0.11999999999999999555910790149937383831,0.0011779292467648260946312725224108987559,15.0,0.94875051716935549809680673173037396075,0.85387660077264974423414863956731583888
0.11000000000000000055511151231257827021,0.0013540063569102112364017093162135484822,15.0,0.94833815190141372981218519534909178172,0.85354200269330689831883382256270017383
0.10000000000000000555111512312578270212,0.0015466805819317833177560465359897315057,15.0,0.94793043021504294149259327743660423496,0.85320858134488865689736665881767904346
0.089999999999999996669330926124530378729,0.0017497382416163480389634701897343987343,14.0,0.94752613214990665060177917676043328353,0.85287635734623490472356390609923894554
0.080000000000000001665334536937734810635,0.0019749144441856530035338080638576380777,14.0,0.94712526922578586383377002977797626977,0.85254535115838833830854838758023578109
0.070000000000000006661338147750939242542,0.0022239750435342940966091193860880021943,14.0,0.94672785276265425521703756629508048596,0.85221558310919394175037440339603945752
0.059999999999999997779553950749686919153,0.002498742767982356312354160496895359492,13.0,0.94633389387504507931382170436397467128,0.85188707341578296029228333602323867855
0.050000000000000002775557561562891351059,0.0028010882581858653125737172121640454119,12.0,0.9459434034660444242429877348106771111,0.85155984220504814796491715333260029669
0.040000000000000000832667268468867405318,0.0031329197630975989382220706760202006282,11.0,0.94555639222091129613108093320698965648,0.85123390953220839245504141632336483101
0.029999999999999998889776975374843459576,0.0034961715436343321612304926953764278609,11.0,0.9451728706003254482371417363029650592,0.85090929539755290928673923889083381779
0.020000000000000000416333634234433702659,0.0038710608996630386359564445746583134461,11.0,0.9447928488332643204567640821268534597,0.85058601976144794279424192089022345298
0.010000000000000000208166817117216851329,0.0042624260621629044144302971290648397366,10.0,0.94441633690951101448310248415118948485,0.85026410255768232521004787096036680985
0.0,0.0046841153660834345062835557159066450637,10.0,0.94404334457179583490476264017833734062,0.84994356370522222938331624189954882944
