value,sup,dur,Y,S
1.0,1.3068913787626856777742217139193297586e-100,130.0,0.99604126356473749881158068547698459313,0.88888399640339364567959965223036112804
0.98999999999999999111821580299874767661,5.4512179827260860425879870161322446783e-99,130.0,0.99547623164808995066424219535637885283,0.88825844847958815442878646465367735443
0.97999999999999998223643160599749535322,9.7512660914194946771842921715762100358e-97,130.0,0.99489357814720932594645387994493044521,0.88753403954574105292025513060968347656
0.96999999999999997335464740899624302983,5.2568911047078428421147417156189365029e-94,130.0,0.99429923885530743048020175786617892427,0.88726052521106193803442017482305207244
0.95999999999999996447286321199499070644,5.8505310940734482318598919560684783642e-91,130.0,0.99369550498179167167374330365621457211,0.88695929305297709027050584985405933001
0.94999999999999995559107901499373838305,9.7146158218367320142665747685943396517e-88,130.0,0.99308506669087180155738058660601257956,0.88658486958698367258951813241652301063
0.93999999999999994670929481799248605967,1.8867373884619421705731186748662138315e-84,130.0,0.99246992309095528739896704973464560426,0.88615215734667768782396935183024637176
0.93000000000000004884981308350688777864,3.6271547511399387621481730304603656901e-81,130.0,0.99185283022370902817660293369574921352,0.8856730200855478149866573570117621769
0.92000000000000003996802888650563545525,6.200740075593778203551510595526773613e-78,130.0,0.99123644064313994188495110935732799219,0.88515695448959138674192290052756183233
0.91000000000000003108624468950438313186,8.8354786100646046825903387312639279524e-75,130.0,0.99061887123874760116453262658439509921,0.88461160217772279403867941465000469314
0.90000000000000002220446049250313080847,1.012128092996561533954126149623931004e-71,130.0,0.99000073128427632264037832291256491676,0.88404314201122801483248502116413789028
0.89000000000000001332267629550187848508,9.1595405766843382214849127315299006271e-69,130.0,0.9893824986693606712510890505209239567,0.88345659243948461243071734961694069469
0.88000000000000000444089209850062616169,6.5120630470610957812837973617778062188e-66,130.0,0.98876455406399989213207525917231210719,0.88285604593127295369450568001548366002
0.86999999999999999555910790149937383831,3.6437768925479269994695117506311397943e-63,130.0,0.98814720527975531595137082070688975126,0.88232978286190648265027792814578261725
0.85999999999999998667732370449812151492,1.6146842226967323120253821493374039285e-60,130.0,0.98753070481254292202219013174346608626,0.88199957574975435210857829474583148792
0.84999999999999997779553950749686919153,5.7167398893595403425540880325034616782e-58,130.0,0.98691845622437224092947847670311008487,0.88165081083817537033268775683990540785
0.83999999999999996891375531049561686814,1.6335603298186529585910562942986906987e-55,130.0,0.98630776398229697818488131646735067859,0.88128602561096829651618340062039358039
0.82999999999999996003197111349436454475,3.8079442455839212779220737560290941219e-53,130.0,0.98569841283859136409857778910930896905,0.88090741511556967964627283468576662143
0.81999999999999995115018691649311222136,7.3196114423494695653480316036344040036e-51,130.0,0.98509052707713732612268167373995110674,0.88051688366364542891089983572681965876
0.81000000000000005329070518200751394033,1.1724708522670246754607235111835334402e-48,130.0,0.98448421523193066692775508869196310258,0.88011608778884300868536567492339132361
0.80000000000000004440892098500626161695,1.5810003266322287689763735355206166505e-46,130.0,0.98387957299544145855003840688599046655,0.87970647209970571804932603915807420618
0.79000000000000003552713678800500929356,1.8120067883813427488414956658635150787e-44,130.0,0.98327668549304061878931463797488110009,0.87928929933009884824775450451480411809
0.78000000000000002664535259100375697017,1.78127384750973672618930741695437327e-42,130.0,0.98267562907887858980614025459626058145,0.87886567562821193687464801795962144882
0.77000000000000001776356839400250464678,1.5147707777438616859963306401587063698e-40,130.0,0.98207647276689951615613492214904846408,0.87843657192064175177717277792916424998
0.76000000000000000888178419700125232339,1.1232366682171290324884081327155560095e-38,130.0,0.98147927938100819254698563388081956357,0.87800284202702912725926402525581961958
0.75,7.3170399878643058037974173458696328482e-37,130.0,0.98088410648709139365836583730656740443,0.87756523807328562969364939467199665429
0.73999999999999999111821580299874767661,4.2164939452292348007740341679183895439e-35,130.0,0.98029100715412833379435354151504766667,0.87712442365008067821774948375546940906
0.72999999999999998223643160599749535322,2.1633411737900980370834151018909122911e-33,130.0,0.97970003058029456539900733258670306657,0.8766809850822370312085854324335901434
0.71999999999999997335464740899624302983,9.941885606264439976616144175840434163e-32,130.0,0.97911122261158650489277188332674739537,0.8762354411096145596961754912704476737
0.70999999999999996447286321199499070644,4.1154393695447763387593695967060932121e-30,130.0,0.97852462617424496720549031050555445891,0.87578825122757011649397075898606668082
0.69999999999999995559107901499373838305,1.5425342410489282524694203588811243408e-28,130.0,0.97794028163755497805871061129505784854,0.87533982289254960178619025403836910251
0.68999999999999994670929481799248605967,5.2606399374746019160101326049390344604e-27,129.0,0.97735822712003337241372909987547959039,0.87489051776376220022883479818900286843
0.68000000000000004884981308350688777864,1.6398338944115114977264234426897382881e-25,129.0,0.97677849874928984743927338964401591101,0.87444065712361539531115387153559878517
0.67000000000000003996802888650563545525,4.6920256923141483499491149559074614729e-24,129.0,0.97620281369664111762022957424669812014,0.87399052659640310562807328668669732195
0.66000000000000003108624468950438313186,1.2372043332210313458812504654943768301e-22,129.0,0.97562953205354304928319952939488778596,0.87354038026565225736065017721678793895
0.65000000000000002220446049250313080847,2.7774524401663608510983965576842063308e-21,129.0,0.97505860148964372100841790221790952259,0.87309044427476335362846615086102408784
0.64000000000000001332267629550187848508,4.7351459535282270879955258840077611893e-20,129.0,0.97449005173589755210494782705001744747,0.87264091998250667382557848082876183013
0.63000000000000000444089209850062616169,6.1328479058668462545504641199626940021e-19,129.0,0.97392391144845144939370257972115030521,0.87219198673405980020913997469174791928
0.61999999999999999555910790149937383831,6.0462019849506349849635621871520955246e-18,129.0,0.97336020831033274647239987908443786867,0.87174380429919565904623010012996730067
0.60999999999999998667732370449812151492,4.5566089475571716664082374036391144735e-17,129.0,0.97279896912061571903115703847740692599,0.87129651502163159371508977463549963586
0.59999999999999997779553950749686919153,2.6507189160195628923088199478841108152e-16,129.0,0.97224021987289968268482253974263851926,0.87085024571716932243111841242537945693
0.58999999999999996891375531049561686814,1.2126113188935240787657969214874595083e-15,129.0,0.97168398582462540736590512090368517774,0.87040510935288207666393081793860898974
0.57999999999999996003197111349436454475,4.4930857917594524981145521595262538868e-15,129.0,0.97113029155850708397380319950030462767,0.86996120653506702953084578405590850805
0.56999999999999995115018691649311222136,1.4002919613048233269015922252592404502e-14,129.0,0.97057916103715285413337152229042669466,0.86951862682983797820932192780237132486
0.56000000000000005329070518200751394033,3.8119647676563749164710716091838963152e-14,129.0,0.97003061765177898035737145747858586789,0.86907744993697010574089767020278414189
0.55000000000000004440892098500626161695,9.3519817340894119540614209849360191269e-14,129.0,0.96948468426578397451024684800488637994,0.86870254978657287989944179052710643566
0.54000000000000003552713678800500929356,2.1180449231693525827234293480223416011e-13,129.0,0.96894138325383405842465646465653937526,0.86835855453860963108644122332628174587
0.53000000000000002664535259100375697017,4.5074813716057585074705880320588551768e-13,129.0,0.96840073653701526359299507716915456815,0.86801332316682514776560883898598058203
0.52000000000000001776356839400250464678,9.1064394967802815396979432751948448787e-13,129.0,0.96786276561452752363728168658696974268,0.86766699612303591902904928501188292286
0.51000000000000000888178419700125232339,1.7662960486660039801430812536462178807e-12,129.0,0.96732749159232867763262663627110222725,0.86731970433830762910134285988048563434
0.50,3.2993119877658145649043748378900457508e-12,129.0,0.9667949352090796200792688543330028203,0.86697156998794320157388422066840689723
0.48999999999999999111821580299874767661,5.9797030048393133934233846272822060184e-12,129.0,0.9662651168596938452842622234467905799,0.86662270718992641157687549511071413799
0.47999999999999998223643160599749535322,1.0552311334633319662019472187921663535e-11,123.0,0.96573805661675390220991581121504917663,0.86627322264331232627205577991696991584
0.46999999999999997335464740899624302983,1.8201307681141547581675023500993220014e-11,116.0,0.96521377425002257809667283911365409939,0.86592321621235369901551777340368435369
0.46000000000000001998401444325281772763,3.0625935459990349334703273725799219357e-11,111.0,0.96469228924424697350289706639774159795,0.86557278146153361600626915906293681661
0.45000000000000001110223024625156540424,5.0555088151331167204008974432458050157e-11,105.0,0.96417362081542817522062330673960134146,0.86522200614612839213722248260773497361
0.44000000000000000222044604925031308085,8.2293114796542662172555302257444752767e-11,100.0,0.96365778792570740813090865333279510208,0.86487097266244174135936850385424429059
0.42999999999999999333866185224906075746,1.3088042765215038005388349198518171392e-10,96.0,0.96314480929700055335616020170423699628,0.8645197584614234566670055799927815353
0.41999999999999998445687765524780843407,2.0649415357565075981343067219945052389e-10,91.0,0.96263470342349666140829640692640636077,0.86416843642900657357028071921571212252
0.40999999999999997557509345824655611068,3.1866378077976883358150049427802644896e-10,87.0,0.96212748858312181674405710841277579869,0.86381707523616004559669214167397760992
0.40000000000000002220446049250313080847,4.8813701348863661184107278744622593595e-10,83.0,0.96162318284805735005995153521179748454,0.8634657396613543233994198108629361681
0.39000000000000001332267629550187848508,7.3648283184868491165280013992449116919e-10,79.0,0.96112180409439054913922943275426073239,0.86311449088787032138871835792853112404
0.38000000000000000444089209850062616169,1.0970252578411953017123320261305545712e-09,76.0,0.96062337001096658975091497294864592406,0.86276338677814425873223884191606066745
0.36999999999999999555910790149937383831,1.6248900143462004950241855726919473043e-09,73.0,0.96012789810750196773176300924413239476,0.86241248212712820618710241241984321274
0.35999999999999998667732370449812151492,2.366194254931814148176151679848548603e-09,71.0,0.95963540572201245474281405096716574986,0.86206182889645613284292441914428289991
0.34999999999999997779553950749686919153,3.4145145785851640462056370054875448728e-09,68.0,0.95914591002760203525621430981447824215,0.86171147643103498667685464337002690409
0.34000000000000002442490654175344388932,4.9027250142712650204620421662918836402e-09,66.0,0.95865942803865353459063965187854800355,0.86136147165952775431461207742965464682
0.33000000000000001554312234475219156593,6.9633011323567768306781736038739438353e-09,63.0,0.95817597661645649477011283438891716617,0.86101185928005844994841381153790566095
0.32000000000000000666133814775093924254,9.7570582729516828724655819132839573654e-09,61.0,0.95769557247430333612824385726074414117,0.86066268193234592080942896129064178549
0.30999999999999999777955395074968691915,1.3611144701926418859451278749337795267e-08,59.0,0.95721823218208065792544973158119632018,0.86031398035736252551908719227743156074
0.29999999999999998889776975374843459576,1.8905423412580839728479503888456524043e-08,58.0,0.95674397217037896070494499173686685731,0.85996579354551403452336982581687900298
0.28999999999999998001598555674718227237,2.5980505904454700106628231803753614043e-08,56.0,0.95627280873414072482842344606069270999,0.85961815887424708182765362310046387768
0.28000000000000002664535259100375697017,3.5281032548814096515530647883839915505e-08,54.0,0.95580475803586383925301100394947972222,0.85927111223590927752405286969875266856
0.27000000000000001776356839400250464678,4.7726185976079278754505741846914729051e-08,53.0,0.95533983610837468375673226705586725334,0.85892468815661365415763044389686999019
0.26000000000000000888178419700125232339,6.431755341284790589912903981120232802e-08,51.0,0.95487805885718281197208424642619926565,0.85857891990679273104614602197904820638
0.25,8.6356277549852929551922657886365035776e-08,50.0,0.95441944206242691343439754068590868315,0.85823383960406724684108138928092525213
0.23999999999999999111821580299874767661,1.1428858413522213030560216799792745433e-07,49.0,0.95396400138041985404526784278457780553,0.85788947830900012836064328447844939068
0.23000000000000000999200722162640886381,1.503163286142613181520798679166986938e-07,47.0,0.95351175234479875947922522816407973497,0.85754586611425671743020969018180143715
0.22000000000000000111022302462515654042,1.9704789709702345337074047597736460461e-07,46.0,0.9530627103672845051495701213275408073,0.857203032227647310419391600873596305
0.20999999999999999222843882762390421703,2.5747055571998059073123256142282671034e-07,45.0,0.95261689073805354614973469177260710706,0.85686100504948718849557107700283746617
0.20000000000000001110223024625156540424,3.3535149506970403069303674204082752024e-07,44.0,0.95217430862572366803188608418750966483,0.85651981224467206434786321797592491662
0.19000000000000000222044604925031308085,4.3347986166217469381846995122624161252e-07,43.0,0.95173497907695409834792972373091094876,0.85617948080983299263534897116503419384
0.17999999999999999333866185224906075746,5.5397397857855967333689320392076878226e-07,41.0,0.95129891701565936664346208165032967607,0.85584003713590387899468555009686194461
0.17000000000000001221245327087672194466,7.0594310893350908104248115726382374341e-07,40.0,0.95086614625602780018268593206241011826,0.85550150706640649045296041969897342707
0.16000000000000000333066907387546962127,8.9708096722629341347861838880308371096e-07,39.0,0.95043824609312937538332958873009104771,0.85516391595173213828231178667729200102
0.14999999999999999444888487687421729788,1.1368315633420751662005710971774753915e-06,38.0,0.95001370280302681257675881752375206522,0.85482728869967566604577403699631074303
0.14000000000000001332267629550187848508,1.436757085411113914677963465926588581e-06,37.0,0.94959252966628523322438386740501570702,0.8544916498224558258140904101785430028
0.13000000000000000444089209850062616169,1.8100256681563465182683859688923698083e-06,37.0,0.94917473981557216744545501381507683378,0.85415702348043645588377917213130846838
0.11999999999999999555910790149937383831,2.2481767628251306510740395637354077732e-06,36.0,0.94876034623280298077272869010400726309,0.8538234335227448421980312822084933067
0.11000000000000000055511151231257827021,2.7855839307068389623145982920602901753e-06,35.0,0.94834936174588300773493894394086181875,0.85349090352496710508229146001584361951
0.10000000000000000555111512312578270212,3.4431695597852880455839846974878331246e-06,35.0,0.94794179902504210165671511750445122463,0.85315945682408534959320489046888842718
0.089999999999999996669330926124530378729,4.2459282992341202296647310016391962191e-06,34.0,0.94753767057875713503956369832123254902,0.85282911655080743573007874276357035408
0.080000000000000001665334536937734810635,5.2236508463534731186132460001091539048e-06,33.0,0.94713698874925791848336606032908678187,0.85249990565942751214563589004669864611
0.070000000000000006661338147750939242542,6.4117631823085849401937560815480297311e-06,33.0,0.9467397657076120253698355257931988299,0.85217184695534379951747169891515190166
0.059999999999999997779553950749686919153,7.8522972792445443472076068940000774576e-06,32.0,0.94634601344838413886825745759362494871,0.85184496312034944102211682193741186963
0.050000000000000002775557561562891351059,9.5051500065165767087127417095298135748e-06,31.0,0.94595574378386572609355302858573279503,0.85151927673580243752723169991197979254
0.040000000000000000832667268468867405318,1.1460550798924193518023419496249484936e-05,31.0,0.94556896833787113740471306437583815807,0.85119481030377172128368796207365455417
0.029999999999999998889776975374843459576,1.3789866598466162454358230790599654003e-05,30.0,0.94518569853909662805837288502306399715,0.85087158626624823242564728932994914049
0.020000000000000000416333634234433702659,1.6558992096629834960145198505312438616e-05,30.0,0.94480594561403924856225322646459882397,0.85054962702250234346447717197829685801
0.010000000000000000208166817117216851329,1.9844390282823463381235629035597249416e-05,29.0,0.94442972057947312661609018479703775113,0.85022895494466214133009107789042582137
0.0,2.3734604007352828138530203423350151264e-05,28.0,0.94405703423448130705301357202079751499,0.84990959239158082794286561521731899897
