value,sup,dur,Y,S
1.0,1.3117066601152218389419870538718383481e-111,113.0,0.99608517062250971376375689442954661979,0.26945857525651123824616849868608101695
0.98999999999999999111821580299874767661,1.3379774741968414763755607632391020838e-110,113.0,0.99556790951016415581867500212870337384,0.26840529949927130888578744084285495074
0.97999999999999998223643160599749535322,5.2177276091799931713099827810938163549e-109,113.0,0.99501489452301507169259138181353983867,0.26732271497665855031857298279988354536
0.96999999999999997335464740899624302983,5.8275778272064750733625964875100309797e-107,113.0,0.99443448609696604381174105240260557684,0.26606976248364858543353974960640339626
0.95999999999999996447286321199499070644,1.3385338346490816210797462119151062544e-104,113.0,0.99383381810373875076887307525076971915,0.26480669272132253036726710747407929526
0.94999999999999995559107901499373838305,4.7120190980417478661772456146218794398e-102,113.0,0.99321959536620753497959019878810413863,0.26360947578213388346942825753609085132
0.93999999999999994670929481799248605967,2.0304434297120814747752127870803145554e-99,113.0,0.9925960167590116168137910364542287658,0.26231915718730493294897192188043295482
0.93000000000000004884981308350688777864,9.1584742665180041338470155827016371903e-97,113.0,0.99196664613738484438393016641853085372,0.26095412085632757891366721726218061905
0.92000000000000003996802888650563545525,3.9043638271324990901884502149217273144e-94,113.0,0.99133402145040706445965896227994766628,0.25967657366055292962647866647036383926
0.91000000000000003108624468950438313186,1.4768563498521478557508888635069097884e-91,112.0,0.99069998175463285402415825716346499985,0.25845741262843932506968600228970585231
0.90000000000000002220446049250313080847,4.7777328268734931880585344628685332713e-89,112.0,0.99006541838753936319103421856546036359,0.25719352268879990126776169549546981181
0.89000000000000001332267629550187848508,1.2964699087589035323429790524887696176e-86,112.0,0.98943237897101111801967404489093435196,0.25589390661724244104610998084401289711
0.88000000000000000444089209850062616169,2.9265401011117240566574856565989524409e-84,112.0,0.98880044629397441210221622401177546852,0.25456632005681436369450833521132794557
0.86999999999999999555910790149937383831,5.4882935567835594794027490464323058771e-82,112.0,0.98817048455499670982449719315191009391,0.25332353460672272889408858385011562732
0.85999999999999998667732370449812151492,8.5767956580449260427769959893906622567e-80,112.0,0.98754380868120281902790667077837360152,0.25215995993077393508401978745034208591
0.84999999999999997779553950749686919153,1.1231730674209423031829215216153721819e-77,112.0,0.98691971186105306669435389906811637454,0.25097709979733311758733769359264358941
0.83999999999999996891375531049561686814,1.2412392690209874715013272183864607034e-75,112.0,0.98629849302325207643342744202667165065,0.24977920875565188442362442226407400412
0.82999999999999996003197111349436454475,1.1665790743223520723584828391108078268e-73,112.0,0.98568078883469050068832335447446540708,0.24857001359162011926986047231361574626
0.81999999999999995115018691649311222136,9.3992724309576350679912691608421956414e-72,112.0,0.98506722836534565038423909659107023759,0.24735277686192782050014278597311225438
0.81000000000000005329070518200751394033,6.5441077797444527052295238161939381949e-70,112.0,0.98445715497142330921516933391608756767,0.24613035288755423846793671453221192681
0.80000000000000004440892098500626161695,3.9677473173658288593086088062930494746e-68,112.0,0.98385070347871208171751907708653743969,0.24500538698612917956487657061013584965
0.79000000000000003552713678800500929356,2.1105598295258270016475573465396269546e-66,112.0,0.98324798707983652114581940496884348053,0.24393141272155668454984980387268393716
0.78000000000000002664535259100375697017,9.919084044326393873829879553127930978e-65,112.0,0.98264912997713564183116924013972277625,0.2428523850768977020611634861914517725
0.77000000000000001776356839400250464678,4.1462221350339176677566289600890855757e-63,112.0,0.98205520801959828667177519042890892834,0.24177012459019559124110450703192261491
0.76000000000000000888178419700125232339,1.551143998341142832665964733727798008e-61,112.0,0.98146526538843493743814959748764830757,0.24068625274459483445785800203320732903
0.75,5.2240770333467825723094094065586354221e-60,112.0,0.98087936080670591758307870137293050505,0.23960221293777888498905089364633542239
0.73999999999999999111821580299874767661,1.5925706233147117131578532954083188742e-58,111.0,0.98029754495205851937223136625567715163,0.23851928919904395212319854742864808064
0.72999999999999998223643160599749535322,4.4170881256255683807964442026181355943e-57,111.0,0.97971986172941537419285618860445095233,0.23743862289528795776852827833743684166
0.71999999999999997335464740899624302983,1.1199285533168356639924940043189397744e-55,111.0,0.97914634930372034193833869273742376853,0.23636122764339971377245480997335101447
0.70999999999999996447286321199499070644,2.6073049082257126307743172075804265976e-54,111.0,0.97857704094412092904973534546196555404,0.23528800262432417228711514549939505693
0.69999999999999995559107901499373838305,5.5968310463812609123805290631252813181e-53,111.0,0.97801214022533724376149879495977072674,0.23432590054738082429254532573677023129
0.68999999999999994670929481799248605967,1.1120480756120873375166954768032186987e-51,111.0,0.97745216749295123465246456945913722043,0.23336947120868450425745832960506307535
0.68000000000000004884981308350688777864,2.0526142756395372388250099035309388436e-50,111.0,0.97689646823237380396826096790341005516,0.23241504997499365606826530753685891442
0.67000000000000003996802888650563545525,3.5315271645077539885678030372243816292e-49,111.0,0.97634506149822988580319541549859571493,0.23146332477014355538770092330001426711
0.66000000000000003108624468950438313186,5.6815063713931933323555088338649595619e-48,111.0,0.97579796399521431351373273777639177462,0.23051491686175075263256176365291964368
0.65000000000000002220446049250313080847,8.5722924347021650940634173483490738431e-47,111.0,0.97525519036157030289291247316027688631,0.22957038684689414576129263462251701998
0.64000000000000001332267629550187848508,1.2163789084856894239652116387270093168e-45,111.0,0.97471675341060460499901350001169393192,0.22863024008553140629054247947911890431
0.63000000000000000444089209850062616169,1.6274598854126758748959489584207734278e-44,110.0,0.97418266433747315279206395550763509359,0.2276949316343038478003819626866880741
0.61999999999999999555910790149937383831,2.0581788050656326296803945765165429455e-43,110.0,0.9736529328970730594322805419958025548,0.22676487072833788965685297125556324727
0.60999999999999998667732370449812151492,2.4659549975450377554006813586358694578e-42,110.0,0.97312756755777510608646837895994122425,0.22584042485406024679944621080111261214
0.59999999999999997779553950749686919153,2.8051425656211514176301490768814910289e-41,110.0,0.97260657563485742359927394270299288053,0.22492192345187609033565224746999860173
0.58999999999999996891375531049561686814,3.0358197860932299213071865482842129822e-40,110.0,0.97208996340680461728205661877607369559,0.22400966128378296868717223453356302069
0.57999999999999996003197111349436454475,3.131704477620317639113325240475895128e-39,110.0,0.97157773621707815595112436601015352783,0.22310390149757680030572834547471151286
0.56999999999999995115018691649311222136,3.0849944296312090232525569090441953793e-38,110.0,0.97106989856351368277524443666225374309,0.22220487841621924973675288038020487945
0.56000000000000005329070518200751394033,2.9069519465478095974888157217301102921e-37,110.0,0.97056691206783126070820302167676471705,0.22135314623182315116106037676119691965
0.55000000000000004440892098500626161695,2.6244071877052351954696270492644808278e-36,110.0,0.97006842868988632449052816413691369125,0.22053643132681914017393273904214827769
0.54000000000000003552713678800500929356,2.2735072290777747671844031934982615042e-35,109.0,0.96957433458885405639897586702763664274,0.21972442694569773298823778522264442832
0.53000000000000002664535259100375697017,1.892602780521415619121808639597250468e-34,109.0,0.96908463153245597463114147836221797451,0.21891736116736595027867199920866662568
0.52000000000000001776356839400250464678,1.5160504513865049255556704613990561876e-33,109.0,0.96859932077625194733174194767879212973,0.21811544181177331666666342397383715704
0.51000000000000000888178419700125232339,1.1700943192853816477745518163234879796e-32,109.0,0.96811840310650573134272075636185690214,0.21731885798323290622904849477009893617
0.50,8.7119241076792936516186574957156138764e-32,109.0,0.96764187887862169129636755481035111841,0.21652778149486925154383817829622395997
0.48999999999999999111821580299874767661,6.2646825957098537434842063405451549239e-31,109.0,0.96716974805168130941021711140377589628,0.21574236818372052885945907800112791358
0.47999999999999998223643160599749535322,4.35568180592803190645498054182748551e-30,109.0,0.96670201021952810815934102843028017141,0.21496275912522232045358364826243438045
0.46999999999999997335464740899624302983,2.9311748075842149531354164717531842543e-29,108.0,0.96623866463878183738124887043012534448,0.21418908175506683026036594194639969148
0.46000000000000001998401444325281772763,1.9111279668493932543701907758528306743e-28,108.0,0.96577971025410503715710268742568811242,0.21342145090575929220902865363954312739
0.45000000000000001110223024625156540424,1.208406833414451802833852496468089356e-27,108.0,0.96532514572099557845114074837791774193,0.21265996976457738051178209091249788217
0.44000000000000000222044604925031308085,7.4166018365352557751094838196260234369e-27,108.0,0.96487496942633614978918224561779603371,0.21190473075907517215595203157315151084
0.42999999999999999333866185224906075746,4.4222111516252466797883795819016813977e-26,108.0,0.96442917950689450509849236220840291574,0.21115581637575592504461293292570805217
0.41999999999999998445687765524780843407,2.563736604999917562406900219874547096e-25,108.0,0.9639877738659359689491288005674567273,0.2104132999170641500132714666364829892
0.40999999999999997557509345824655611068,1.4462614263313037567326318174663414086e-24,107.0,0.963550750188081096880509815237379661,0.20967724620141294641961850489817775764
0.40000000000000002220446049250313080847,7.9448187246927632149369592009299926606e-24,107.0,0.96311810595251607703607811924872324355,0.20894771221056431720077586227205602225
0.39000000000000001332267629550187848508,4.2529904568028668990650672917365537659e-23,107.0,0.96268983844464078940482428365488248552,0.20822474768831489219710080319464724693
0.38000000000000000444089209850062616169,2.2201043488173761596252752778826813415e-22,107.0,0.96226594476621908596476864331087592416,0.20750839569410452353201004728387116039
0.36999999999999999555910790149937383831,1.1308445156325492001719554735894287981e-21,107.0,0.96184642184407726378929681408451909591,0.20679869311485765409028313032089171612
0.35999999999999998667732370449812151492,5.6240892247666641897667754478042918901e-21,107.0,0.96143126643737989529999887887845023334,0.2060956711380853701387632585537527875
0.34999999999999997779553950749686919153,2.7326153203734465282449892903153070241e-20,106.0,0.96102047514349663229461433091542816969,0.20539935568901700250777666128655787246
0.34000000000000002442490654175344388932,1.2978589057658281357463358673209520596e-19,106.0,0.96061404440245935008311804019309468881,0.2047097678342924689087019934356118281
0.33000000000000001554312234475219156593,6.0288416481849724116141965910086751973e-19,106.0,0.96021197049999581744617279523447418202,0.20402692415452835093455847208974357357
0.32000000000000000666133814775093924254,2.7404503098791171814683261257848300084e-18,106.0,0.95981424956911399101205646609807632177,0.20335307385872719984287872350316739033
0.30999999999999999777955395074968691915,1.219567546299226021278407381069892594e-17,105.0,0.95942087759019980638853067350571077887,0.20271685016790930814374806652117613782
0.29999999999999998889776975374843459576,5.3160645217454412312032631275435002873e-17,105.0,0.95903185038958125051062670283020538637,0.20208618863244462142418900223297041408
0.28999999999999998001598555674718227237,2.2707556793356159786191649344403939948e-16,105.0,0.95864716363650229074697605298134058357,0.20146113065360298371710986666161910682
0.28000000000000002664535259100375697017,9.5089539697858372405494675476769387183e-16,105.0,0.95826681283844215229639784709314984553,0.20084171350254570302222418358336888544
0.27000000000000001776356839400250464678,3.9053053109151392073129039572593654338e-15,104.0,0.95789079333470845638206013841530576105,0.20022797057242624416582709821834644028
0.26000000000000000888178419700125232339,1.5736439827107599259487079474495466981e-14,104.0,0.95751910028822705822831290432651986789,0.1996199316109977126584202323838341134
0.25,6.2236957605907455776946160195975153531e-14,104.0,0.95715172867544700200288813011175978296,0.19901762293468153885332835683194745207
0.23999999999999999111821580299874767661,2.416760813839108249085665849034118014e-13,104.0,0.9567886732742762492897164975607850467,0.19842106762497805969991578168491877055
0.23000000000000000999200722162640886381,9.2173810221515579292769682932044880729e-13,103.0,0.95642992864996263126285454439366333041,0.19783028570803355379570692800671285556
0.22000000000000000111022302462515654042,3.4538791176028542230324456152237658809e-12,103.0,0.95607548913883516029124145065088721828,0.19724529431811987588147300026954861961
0.20999999999999999222843882762390421703,1.2719253732733778483114856364115586403e-11,103.0,0.95572534882982354887518171780222347265,0.19666610784573200513945169601893631193
0.20000000000000001110223024625156540424,4.6046017699382618976327800282364760266e-11,102.0,0.95537950154367863548532085817901039242,0.19609273807096538874679385926885453264
0.19000000000000000222044604925031308085,1.6391213193531095517944205620184983993e-10,102.0,0.95503794080982369445253798376493421272,0.19552519428279904808850851107301678102
0.17999999999999999333866185224906075746,5.7388182568363515571860416907010493335e-10,101.0,0.95470065984077638031540137094881804968,0.19496348338488179616821345627261874594
0.17000000000000001221245327087672194466,1.9766074265011646980807316236337709725e-09,101.0,0.95436765817747702428412237558735436639,0.19440760998839750655791343828272253669
0.16000000000000000333066907387546962127,6.698670431432188401047716769393671803e-09,101.0,0.95403908417664011630200105041072398,0.19385757649257118537730981235088100228
0.14999999999999999444888487687421729788,2.2340791564533627925701113648031708705e-08,100.0,0.95371476476057690732061121235752589142,0.19331338315337033902090256048468960953
0.14000000000000001332267629550187848508,7.3334308135722521596955517176064458088e-08,100.0,0.95339469179590508823444921569089786283,0.19277502814095559506728766012833450354
0.13000000000000000444089209850062616169,2.3694794341914554210372876474844137843e-07,99.0,0.95307885666667794835381365766376877575,0.19224250758644057062210369266106581461
0.11999999999999999555910790149937383831,7.5361391749063104675763762318830249933e-07,99.0,0.95276725023348886097437073480476118641,0.19171581561853311495616258043236019884
0.11000000000000000055511151231257827021,2.3592324284611740091749620656234320182e-06,98.0,0.95245986279022308648854910858512125114,0.19119494439064785051919728614117282153
0.10000000000000000555111512312578270212,7.2683051098827493736906706615752385332e-06,97.0,0.95215668401857572242046282418009352623,0.19067988409910299646760344053078089236
0.089999999999999996669330926124530378729,2.2024551671192951980813638086078044561e-05,97.0,0.951857702940489098728604213844263167,0.19017062299304199814029117356198705923
0.080000000000000001665334536937734810635,6.1500532582991939669486331326354855708e-05,96.0,0.95156290786869931610226212047308905699,0.18966714737675186127374419024557545796
0.070000000000000006661338147750939242542,0.00015082281733073873668534283521621524936,95.0,0.95127228635561950308328414410557516362,0.18916944160508443394754306496937951431
0.059999999999999997779553950749686919153,0.00032817625912501472919245275628391867608,95.0,0.95098582514082622599540401981192434754,0.18867748807272328119653413773791364816
0.050000000000000002775557561562891351059,0.00064220385122670872131705612761406765572,94.0,0.95070351009745468985976501031180466828,0.18819126719807615291745780613057735753
0.040000000000000000832667268468867405318,0.0011467276475967576623490972155349770231,93.0,0.95042532617784728238517999437610732336,0.18771075740261028564033278301946019611
0.029999999999999998889776975374843459576,0.0018953071140504464719376373590750334115,91.0,0.95015125735883790049156954372495538562,0.18723593508648370250392303453204524213
0.020000000000000000416333634234433702659,0.0029358972330703159682586695166989625444,75.0,0.94988128658709052821538312818668462842,0.18676677460135895696547450576318051782
0.010000000000000000208166817117216851329,0.0043077844797936678530083137183484084372,58.0,0.94961539572494393161553115416340222688,0.18630324822131521208486863123098200397
0.0,0.0060393062709364187913663283251948878355,43.0,0.94935356549724420309390938658212374157,0.18584532611279878829744581270382336754
