value,sup,dur,Y,S
-3.0,1.0406141808413487690351804886382218913e-43,104.0,0.99608517062250971376224146666323242724,0.26945857525651123823935484721207984922
-2.9500000000000001776356839400250464678,1.0874702202575601003657895063824904093e-43,104.0,0.99607629570624749837771362094501064351,0.26941847665819379470606450689205620498
-2.8999999999999999111821580299874767661,1.1422933497782688854458525716064626334e-43,104.0,0.99606635655366216063376046726005840869,0.2693731048660620317420968685831870222
-2.8500000000000000888178419700125232339,1.2067561424789453956556106730040862308e-43,104.0,0.99605544789978408626493166143851629839,0.26932171851847901304163154328644724486
-2.7999999999999998223643160599749535322,1.2829721547831091136248153322423849333e-43,104.0,0.9960433165173591162816978121097716574,0.26926346067136351652008963441857408692
-2.75,1.3736384731558269590316551931282817101e-43,104.0,0.99602973902589682017743039523624126636,0.26919733828782386515680897864303736641
-2.7000000000000001776356839400250464678,1.4822329500577917189805669431212584261e-43,104.0,0.99601454745230288006174302564118672127,0.2691221976068911882737897252222363742
-2.6499999999999999111821580299874767661,1.6132904720909444477174295245840143066e-43,104.0,0.99599768745899340176836025425180456166,0.2690366944865538137378213593969930131
-2.6000000000000000888178419700125232339,1.7727949937070154544929304238376654079e-43,104.0,0.99597917329982191604811210913040763891,0.2689392586089732229346927662283312143
-2.5499999999999998223643160599749535322,1.9687435970290905130922857000127178902e-43,104.0,0.995958477172288655970530456607035133,0.26882805018107842239230190483974203948
-2.5,2.2119701159738507891678028046723124401e-43,104.0,0.99593535156273870322043642628247961666,0.2687009074514883805266733403590219246
-2.4500000000000001776356839400250464678,2.5173668308257446646278097010240169758e-43,104.0,0.9959101549055262152728717963949687228,0.26855528298286463780042158469726916621
-2.3999999999999999111821580299874767661,2.9057273242764399742402408894103397119e-43,104.0,0.99588203223970689260629712690251004983,0.26838816615333945431029540777724759845
-2.3500000000000000888178419700125232339,3.4065767174003939589325734232581138526e-43,104.0,0.99585085240090564658182882824054913783,0.26819598879558975022536383634618262911
-2.2999999999999998223643160599749535322,4.0626027534615477471523495863077384856e-43,104.0,0.9958166864790278896454416760770008178,0.26797451019959710565328098866285942987
-2.25,4.9367378397682304924624727444452675003e-43,104.0,0.99577859423183070853506950016528960467,0.26771867688599711605320897677495909008
-2.2000000000000001776356839400250464678,6.1237316457715300472643067174711486845e-43,103.0,0.99573700941380656369116588878887361401,0.26746849618216712145517605475198023944
-2.1499999999999999111821580299874767661,7.7695177392346981337906478430156256048e-43,103.0,0.99569082594908657979457657026715611996,0.26723408069669199116475412721665781442
-2.1000000000000000888178419700125232339,1.0104466365379343664172558928028208815e-42,103.0,0.99564021446359348216696540554928999233,0.2669555614266232251527344452379716643
-2.0499999999999998223643160599749535322,1.3502083788846901300202789001522845922e-42,103.0,0.99558428038318741976452881515998260715,0.2666236859404400923516030403047040315
-2.0,1.8585780861583835828008747213651172308e-42,103.0,0.99552291437030283999672504881141230757,0.26622713171254909006148617266327106593
-1.9499999999999999555910790149937383831,2.6429475615096517407062173122895212657e-42,103.0,0.9954552291211313581373624487674968702,0.2657520363668308540240827449553390388
-1.8999999999999999111821580299874767661,3.8947993255199898230450889475152618358e-42,103.0,0.9953809517770080935262504776130127691,0.26526873036802641374325293739305968934
-1.8500000000000000888178419700125232339,5.9686465211037815015229626401883944014e-42,103.0,0.99529907989066585640302023608957368694,0.26479505255836495196309541426451009649
-1.8000000000000000444089209850062616169,9.5484456851001293468603778835968137259e-42,102.0,0.99520914084871848794455431946085315237,0.26420114283263195967552736029277679149
-1.75,1.6014752204742954068594638223084753306e-41,102.0,0.99511006302175817825260272719029116996,0.26346687545734267814297533627644285691
-1.6999999999999999555910790149937383831,2.8296182999267774960513609772294895395e-41,102.0,0.99500084356018161273030191564813478291,0.26283391401750877829927902641324551842
-1.6499999999999999111821580299874767661,5.2955137536883197957041128097804541357e-41,102.0,0.99488069902131135545242856540422927883,0.26199667296823632433698579697765815859
-1.6000000000000000888178419700125232339,1.0561442832334221219764155436087267471e-40,101.0,0.99474744129852819189053888091179082009,0.26115486612094158206119154459789475694
-1.5500000000000000444089209850062616169,2.2604882538679024999035344592936549353e-40,101.0,0.99460082660288363986461652651602807918,0.26013602521902589829970270284171638046
-1.5,5.2337211044660870076821780273883875849e-40,101.0,0.99443814709497304710755177126250703325,0.25914572031987440226873497186661488427
-1.4499999999999999555910790149937383831,1.3229298318576359772387812890482435412e-39,100.0,0.99425719797654538068690818880496368339,0.25799777841464446280499850950184236775
-1.3999999999999999111821580299874767661,3.6897848269477871509700778787808961861e-39,100.0,0.99405559731100843577302752943140297292,0.2567468531837316625878122657386109513
-1.3500000000000000888178419700125232339,1.1497197000668219126413217673980780293e-38,99.0,0.99383041078422197336604519464846778418,0.25542540840314472733100824951996329389
-1.3000000000000000444089209850062616169,4.0610899092721406001008693579810311558e-38,98.0,0.99357790662333449103019287040286231942,0.25403298962836929848004916177798997798
-1.25,1.654468065066043158886831586133912918e-37,98.0,0.99329316171700363745980718501895177476,0.25252305265663156626903076539139261406
-1.1999999999999999555910790149937383831,7.9363005835499937234722154182391302867e-37,97.0,0.99296945495789568550126335952090819373,0.25104122663953656545285808490091299098
-1.1499999999999999111821580299874767661,4.5959724855661977313748933357918565681e-36,96.0,0.99260220776552218262553715318503341304,0.24952243778491956947461038425336414178
-1.1000000000000000888178419700125232339,3.3129930935594244149830048729097719953e-35,94.0,0.99217963740033222469267733747600323438,0.24803867110584617714316395587047504592
-1.0500000000000000444089209850062616169,3.0876701309451281990241155867208354425e-34,93.0,0.99169023342056482137155848911578949386,0.24674072815542707633510662535036115379
-1.0,3.9029688309343327856380107104939460033e-33,91.0,0.99111834309870884186086999066493857495,0.24568876229479125402690175264813272185
-0.94999999999999995559107901499373838305,7.1159068288498688510423082594016662775e-32,89.0,0.99044304027389312417956439475086846709,0.24507277194506490922067442560124238626
-0.90000000000000002220446049250313080847,2.028927671589031718592491842577751791e-30,86.0,0.98963565985726595131520231708751995543,0.24499153101958021452619801185035613693
-0.84999999999999997779553950749686919153,1.0092245009296706035295705718918345137e-28,83.0,0.98865394150885544573489617183902727239,0.24547045714871535165408731508741255143
-0.80000000000000004440892098500626161695,1.0204333969385422263284998028547726429e-26,79.0,0.98744307981402363992343914602099094156,0.2463071206080531851511786667447968197
-0.75,2.6208155247893922262999374775832853757e-24,74.0,0.98591382966434687853936248257852579685,0.24703383964917834461150022773514395619
-0.69999999999999995559107901499373838305,2.4057740452605742628201721408208255906e-21,67.0,0.98392873290269899361352839131235731671,0.24715077739133434595502888629717842148
-0.65000000000000002220446049250313080847,1.3686427084185217634401872149751377511e-17,57.0,0.98126844670657735557761107177185589511,0.2461735079761824603184916739035598557
-0.59999999999999997779553950749686919153,1.1581625473313043562020546992357385527e-12,44.0,0.97753499705688823625463072799145105597,0.24366642760630160800579949336908017365
-0.55000000000000004440892098500626161695,2.3769315712629835266576950660526941937e-06,23.0,0.96683068269841645625942125145225810747,0.22175424583470273236960568865198365616
-0.50,0.046006420804012015850263814154155219887,0.0,0.88672475146161952468289531096366966195,0.10540728302316368790393166609071157511
-0.45000000000000001110223024625156540424,0.43896311648874212136752221958660355927,0.0,0.52175714495986009293624727624436465963,0.022357243605083996690598066747725158293
-0.40000000000000002220446049250313080847,0.85231545937327073745712465334388672443,0.0,0.13631848005175467244891462563565466478,0.0025771271115929717079545280746238279073
-0.34999999999999997779553950749686919153,0.95618902531648243840047965377833759231,0.0,0.040158485916470528966389105972035398638,0.00069197683777599021809094667668316428099
-0.29999999999999998889776975374843459576,0.9732571281270311006711508424388273674,0.0,0.024514291902273615711460944539740303917,0.00060363877446773143981224100150425191183
-0.25,0.98050538243464759893411347194439413487,0.0,0.017871921346925417822033026585026564887,0.00055994920506199229903391419104290410188
-0.20000000000000001110223024625156540424,0.98471292736464703688043441312143964771,0.0,0.01401612734228775079565727036591057746,0.00053043374278714742353316978752638597105
-0.14999999999999999444888487687421729788,0.98756698330249857823542653079480482085,0.0,0.011400797808072506516085190346466817267,0.0005099767392550164368074586908775056838
-0.10000000000000000555111512312578270212,0.98973602497216754146913873444704513721,0.0,0.0094127663757022283023664046311378228534,0.00049167678149981527637914090733275484135
-0.050000000000000002775557561562891351059,0.99156325838037905330168174309436073941,0.0,0.0077389437328514426957824381341681402488,0.00046960362228409073045274692634447389271
0.0,0.99325576116402988608120874082465235926,0.0,0.006187616062414977541594129451933401765,0.00044289804860082490491606955652101978522
