value,sup,dur,Y,S
-3.0,6.5007701186671563796336006413619343473e-141,132.0,0.99604126356473749881203366665397023575,0.88888399640339364567147462592666599643
-2.9500000000000001776356839400250464678,9.3085795686401799922106931325121028865e-141,132.0,0.9960439039737101612166893151389641483,0.88883616814594712937134703766917562063
-2.8999999999999999111821580299874767661,1.3679824521300466409207981929189392815e-140,132.0,0.99604683169160123729045757733006472658,0.88878202156573119444286554662728267599
-2.8500000000000000888178419700125232339,2.0655552213555472572466617719478666408e-140,132.0,0.99605007334549131765663132088119107335,0.88872066192361489934771823924374393208
-2.7999999999999998223643160599749535322,3.207732680714557746632761861114643433e-140,132.0,0.99605365686081043442222238799466634171,0.88865105370718034187956569754250026985
-2.75,5.1281458983035707734389539454605917677e-140,132.0,0.99605761120208840127725446660427626193,0.8885719954546307853469255539808795108
-2.7000000000000001776356839400250464678,8.4460155352625989758748748718149377658e-140,132.0,0.99606196600541066039479082953166902205,0.88848208950836904139337710380200006334
-2.6499999999999999111821580299874767661,1.4338889748300147454767515614062891996e-139,132.0,0.99606675108006689701496537549498928545,0.88837970559075706411041976462134226039
-2.6000000000000000888178419700125232339,2.5100949159677483347299630644193499602e-139,132.0,0.99607199575482968700559451460814625798,0.88826293684387704201415564648253398744
-2.5499999999999998223643160599749535322,4.5309913642735457449526735699203687423e-139,132.0,0.99607772804286262235761427803740395273,0.88812954666801667676909926523936677523
-2.5,8.4315273179338322211105640507499771418e-139,132.0,0.9960839735987530838738377536073411093,0.88797690431798374076444274710710698803
-2.4500000000000001776356839400250464678,1.6164564654228175937637237515290385015e-138,132.0,0.99609075444193853641240576772196213615,0.88780190675774727958744756841546390728
-2.3999999999999999111821580299874767661,3.1896998608571312346656370846122324219e-138,132.0,0.99609808742316401045498444173047999189,0.88760088371509684775623201920939643633
-2.3500000000000000888178419700125232339,6.4699021439908529822283119212980436868e-138,131.0,0.99610598241478011989649794908666924032,0.88736948219863450279832703652091845219
-2.2999999999999998223643160599749535322,1.3467995364614926446690557259340913813e-137,131.0,0.99611444021164562894596698323660934738,0.88710252591545556189000027735376199083
-2.25,2.8717152747944335321613900736412668527e-137,131.0,0.99612345013673493416427234274107993695,0.8867938440311488346556306909763191736
-2.2000000000000001776356839400250464678,6.2588921488155215023473603287399000597e-137,131.0,0.9961337715683233698852666421459664997,0.88643606251128980993472566633658174082
-2.1499999999999999111821580299874767661,1.391235208910373942862735746872638375e-136,131.0,0.99614460143426627134557147448887022717,0.88602034983696310933894039461875570648
-2.1000000000000000888178419700125232339,3.1467885266900824612932494800056395131e-136,131.0,0.99615587485319574850992851353838029623,0.88574188902578970974225735410404741858
-2.0499999999999998223643160599749535322,7.2268693121624296334212839470908209304e-136,131.0,0.99616750532055302206315610009288727723,0.88551939284306403724685214771528481809
-2.0,1.6818391927028319082277078566507176484e-135,131.0,0.99617938104258389645688590593643679637,0.88523843381508826263965877482759050022
-1.9499999999999999555910790149937383831,3.9594939629883218817629574235269317277e-135,131.0,0.99619136182364307975618906280184665688,0.88488432515904906622673436241849354544
-1.8999999999999999111821580299874767661,9.4181404660957581425266702230960594033e-135,131.0,0.99620327566904486799098774334848337453,0.88443882926145917428590102141875329541
-1.8500000000000000888178419700125232339,2.2616885275813948955040246501375565584e-134,131.0,0.99621491491270263241109528667446743085,0.88387933383179648206919699799531581482
-1.8000000000000000444089209850062616169,5.4824510329118094341151221939115084198e-134,131.0,0.99622603157904242410633819091203067897,0.88317784519697044112128150008110566823
-1.75,1.3421974708786650321688537807058938722e-133,131.0,0.99623633156751764489320589803151074588,0.88229975942339061396454194205707229893
-1.6999999999999999555910790149937383831,3.322807964703453198203494630596266267e-133,131.0,0.99624546710051459790176703687876754253,0.88179718988551097849784164000487480451
-1.6499999999999999111821580299874767661,8.3356130478199963730994506536641640389e-133,131.0,0.99625302668910290595141432344958644875,0.88120563726470016871193231835934639303
-1.6000000000000000888178419700125232339,2.1251282350272806798777758109141466016e-132,131.0,0.99625852162082835557957653073467239105,0.88035844500535683890030412954642016194
-1.5500000000000000444089209850062616169,5.5274494233044120161184465734227003342e-132,131.0,0.99626136761446121293456134994386164658,0.87918352882936602477104589680904182012
-1.5,1.4739181507545277074124009031794325617e-131,131.0,0.99626085974220447031427143697432265972,0.87808954147185524084825022998101797419
-1.4499999999999999555910790149937383831,4.0535213132063604274997598858858082826e-131,131.0,0.99625712051876510602600790051477152627,0.8770828808532255329768902366515778952
-1.3999999999999999111821580299874767661,1.158099269266044587939328968124810328e-130,131.0,0.99624984050075391686933936574183818417,0.87553006310505303604653422529597223387
-1.3500000000000000888178419700125232339,3.4671634165073971192554196828366075734e-130,131.0,0.99623674264376775241530603244192489984,0.87373709238503783045263485675468355711
-1.3000000000000000444089209850062616169,1.0989911890090756561821744370706592808e-129,130.0,0.996216360472634601968368234626793294,0.87200247551264244557055525548265001918
-1.25,3.7335731466650897513216253056531509288e-129,130.0,0.99618679986916304817744612686852792499,0.86929515308800520731285918989976235668
-1.1999999999999999555910790149937383831,1.3794139161695905223580729505557113226e-128,130.0,0.99614704725225221676107915817297881911,0.86677776659499888094213814931995977502
-1.1499999999999999111821580299874767661,5.6397642748801270585355378411663361379e-128,130.0,0.99609825596842296797623158341779608748,0.86305680497146001442864167647765756328
-1.1000000000000000888178419700125232339,2.6055293550035889492272184714548041012e-127,130.0,0.99603234252582619609242539078410450698,0.85916983401962429031911889613569198669
-1.0500000000000000444089209850062616169,1.3949829059217604601217696990879335364e-126,129.0,0.99594983058309949263880012029099532503,0.85385227468690304145262862784169803809
-1.0,8.9260353515289768316808255945909573361e-126,129.0,0.99584473698989398490210276543163734938,0.84781335351735412216049523826761390536
-0.94999999999999995559107901499373838305,7.0900972904074444915496463390412604702e-125,129.0,0.99571435961938795974618189587200563412,0.84050276808065442705402095471290862144
-0.90000000000000002220446049250313080847,7.3301415297659613234909454316024465216e-124,128.0,0.99554848779059515823536628952777715406,0.83156359790435673993298387846543750073
-0.84999999999999997779553950749686919153,1.0472332753382442915049753490973524496e-122,128.0,0.9953401143466587776052238933992041561,0.82084773951680152407535605165644192923
-0.80000000000000004440892098500626161695,2.232871410242225772071910419172141411e-121,127.0,0.9950777705128014788500266173581235857,0.80800643151558058583578931971471139335
-0.75,7.8582957834385952904350678825631267712e-120,126.0,0.99474232119379713942071482196575420199,0.7928447217294645639668511982805002458
-0.69999999999999995559107901499373838305,5.2239133600906636779081677334820985377e-118,125.0,0.99431159990078740692637393063364728006,0.7748477594702129307028798166969330011
-0.65000000000000002220446049250313080847,7.8941991641790788934527570805613953231e-116,124.0,0.993748463156229333566526459090187416,0.754026924889075287569276624221867195
-0.59999999999999997779553950749686919153,3.5263123234239468560452793412064629003e-113,123.0,0.99299725523948321317460991197086209381,0.72947788889620509278302082449732296544
-0.55000000000000004440892098500626161695,6.8588007152389429126081574623704129313e-110,121.0,0.99197637934169528190577661091130404456,0.70109949381322124682510991399284805374
-0.50,1.0594370508036410539789518810206012128e-105,118.0,0.99053209861424600837234843401896708704,0.66796595928504036964253747576489320917
-0.45000000000000001110223024625156540424,3.5262159112049498898511440636807342097e-100,115.0,0.98840978724134214527673640946102498718,0.62957063927173592952300244759080554747
-0.40000000000000002220446049250313080847,1.5739311502843280059253885832375016318e-92,110.0,0.98507681043251476490398468046204494394,0.58540491968510634575643422677221376092
-0.34999999999999997779553950749686919153,4.6650368674528388537636132554686594242e-81,101.0,0.97932603939778414511006818260766038597,0.53445344749765292100603316707892027946
-0.29999999999999998889776975374843459576,5.0194857645760777459294261054062810805e-61,85.0,0.96771628999869827823260027140282548026,0.4757676662796192999961535929431488304
-0.25,3.6380635975958243015490254466171195448e-15,40.0,0.88398418123064845870967478384546273596,0.1953251531693238405764683582491036738
-0.20000000000000001110223024625156540424,0.85141884761171327193248764859036788905,0.0,0.077838248320310263653815630712624908031,0.0014083038207615787603235765904495264397
-0.14999999999999999444888487687421729788,0.94965583963244915672697443508090911576,0.0,0.026384240929810504259668320135695797401,0.00074147023255243609767081590688198789356
-0.10000000000000000555111512312578270212,0.97021253056585138297043503796261699906,0.0,0.015618272650214046010355162257998373909,0.00058860503280706552952631146561993380875
-0.050000000000000002775557561562891351059,0.98061350238678989357713999459099704395,0.0,0.010168851191441973404231699893391103515,0.00050632381856915889801845222176434169233
0.0,0.98821370894143471883862949486966776163,0.0,0.0061876160624149775415941294519334017238,0.00044289804860082490491606955652101978412
