value,sup,dur,Y,S
-3.0,4.2402327070277483874998677900768049925e-46,112.0,0.98963385907192845647395040144045937054,0.25455557242274219969086488143820036832
-2.9500000000000001776356839400250464678,1.5287851210559363973416570068749638691e-42,112.0,0.98863236081278346818934217084703732865,0.25301972990336192063793002837817601073
-2.8999999999999999111821580299874767661,6.0250010565103617635705282517266847988e-39,112.0,0.98747586146483548377390104786396405118,0.25133822249200216821960469325505376985
-2.8500000000000000888178419700125232339,2.5234072122643558156956177795332292243e-35,111.0,0.98614128304534748475448024465685619427,0.24950391707905916521485906303423333305
-2.7999999999999998223643160599749535322,1.0600517240210053413502924283923296438e-31,111.0,0.98459857498596198011924280149096221746,0.24751070634672895694285701074687413258
-2.75,2.8986490362244810946077812540837229375e-28,111.0,0.98281838808301111541209801846396949082,0.24535373968026263681993572354436355114
-2.7000000000000001776356839400250464678,4.5499679097740550970495187309829333495e-25,111.0,0.98075475407730079829387954246153812968,0.24302961689634593034347225696363134807
-2.6499999999999999111821580299874767661,4.1505677967086147245813789982437218208e-22,110.0,0.97837314547696701672522596848852766436,0.24053651691502352733239481588379873411
-2.6000000000000000888178419700125232339,2.2327262097342289931524820443808487554e-19,110.0,0.97561512280713916002352417701619038419,0.2378742274393648985086127208436004971
-2.5499999999999998223643160599749535322,7.1895655769985950282438403693645106931e-17,110.0,0.97241704116607081591982514202521915781,0.23504403501600002655856516078580802457
-2.5,1.4115790089253620846778799885606855858e-14,109.0,0.9687085194335279581072803834942407964,0.23204842743332936282421897246710123088
-2.4500000000000001776356839400250464678,1.7219556420381538754510741563637334898e-12,108.0,0.96440816979223174077381795892410889231,0.22889055223216169741737909986010392361
-2.3999999999999999111821580299874767661,1.3305717438287623225197250256021569372e-10,108.0,0.95942625794925124875745418344734192442,0.22557336625890945645838620962122936927
-2.3500000000000000888178419700125232339,6.6162205434280168490417170498505802006e-09,98.0,0.95364378042885883129217807334778303555,0.22209840204692951531365467642694555931
-2.2999999999999998223643160599749535322,2.1583319908559631868116736493504326623e-07,82.0,0.94693593132476290476648412846110193881,0.21846406814326113739785285772765116175
-2.25,4.680742749298003626239289843185698763e-06,68.0,0.93916025395780533677100003127191141236,0.21466339372224263818122862069635871827
-2.2000000000000001776356839400250464678,6.7834253693546220668884207957400421055e-05,53.0,0.93013712588824347378153452850525866353,0.21084888659939937056142050712508540644
-2.1499999999999999111821580299874767661,0.00065436482614693689700839798573921128605,39.0,0.91965634370092873956966987332425485178,0.20695075661887348671544104938371688933
-2.1000000000000000888178419700125232339,0.004095637833113253215755960537717686746,22.0,0.90748765216358408523077296255201114362,0.20290193335345582496261753954295419863
-2.0499999999999998223643160599749535322,0.016387345701087327500356887035854187756,0.0,0.89343290349934287892715883739652665592,0.19894076511348487778029296521443695188
-2.0,0.043970198999668527304534391007560840744,0.0,0.8771063658448494062678358149196959755,0.19494864081934765569892366188380338307
-1.9499999999999999555910790149937383831,0.087685373819892849888231357630303293281,0.0,0.85825252720771231210035461092691215707,0.1909851909961404488589722116617689115
-1.8999999999999999111821580299874767661,0.14396639194242141567496240916617108975,0.0,0.83649377896257575491946248156233988635,0.18707683327920910274273831260589769885
-1.8500000000000000888178419700125232339,0.20916056965625143093102906075074530615,0.0,0.81138967590672398205478501624488960909,0.18326586094354050334322306247391761504
-1.8000000000000000444089209850062616169,0.27984393922781497328564391390075729598,0.0,0.78248771166116901632334546010733287006,0.1794888592268211320123250353546792223
-1.75,0.35407792002543504702758498198443608907,0.0,0.74937434746643754830131820336697173516,0.17563052618272290056226545118421159354
-1.6999999999999999555910790149937383831,0.43004287646342874052831642209710831587,0.0,0.71147273203838439766226874060089346446,0.17140216345995842090230398967091663415
-1.6499999999999999111821580299874767661,0.50595805513239473886951972952010770067,0.0,0.66834883597144695302318455018624482174,0.16630355342708002694146067395227574799
-1.6000000000000000888178419700125232339,0.58021117228425291154642392230960631338,0.0,0.6195592845746672067046080005759301453,0.15968263513917248102587326502112905851
-1.5500000000000000444089209850062616169,0.65153985903461537147459326002512055564,0.0,0.56454385746046183673025071458693107974,0.15079667405725172850777033171498879072
-1.5,0.71833646996131916391269493732667982669,0.0,0.50300389794343875926997860359572826341,0.13883953216899411100583011128221443114
-1.4499999999999999555910790149937383831,0.77925524592345006351179335796776323589,0.0,0.43472822072187552561437331388669591434,0.12310465498593497685549238406043752922
-1.3999999999999999111821580299874767661,0.83349173041416904879647111432435615432,0.0,0.35961177738078797454866558031459938675,0.10294733877240084136964728617776253072
-1.3500000000000000888178419700125232339,0.88110559281477397163715906693769503228,0.0,0.27769513961024701293223487809653822665,0.07838669455642053661736647397008028513
-1.3000000000000000444089209850062616169,0.92349541765366721447156289629232930309,0.0,0.18935808500956420454859498010835073607,0.050746762504126180891111303024217475761
-1.25,0.96199885341397593157836492266490924237,0.0,0.097572712963322970602834419323907766176,0.023815458262269864518202175151512701762
-1.1999999999999999555910790149937383831,0.99134406362722357362001332645246146579,0.0,0.022315178070590505766301112926642295895,0.0050479198389915458639714769465730327545
-1.1499999999999999111821580299874767661,0.99404502438063728541290548494075075999,0.0,0.0096869399678874025638914714670506860077,0.0014633228490951143875407372364820298924
-1.1000000000000000888178419700125232339,0.99514420590353564540054531741060098209,0.0,0.0071696195478448052884230670823061116807,0.0009697529175347223346354575289022391087
-1.0500000000000000444089209850062616169,0.99592133793390411967855268316881098344,0.0,0.0056746076746592688652352047656807570977,0.00076412962635273153928433351027007301001
-1.0,0.99651767369320262181546299723575522431,0.0,0.0046553781534620785362050114913307034729,0.00065423906227918118984749920421167673237
-0.94999999999999995559107901499373838305,0.99698659034583085292636644737028646224,0.0,0.0039179526369296053367017242387436806171,0.00058986178517427492439936928556677484909
-0.90000000000000002220446049250313080847,0.99737060458254074754088720734550253388,0.0,0.0033506903680595735995042770937960733637,0.0005507536281786001878154180390017462281
-0.84999999999999997779553950749686919153,0.99769847655976042969362601510584954604,0.0,0.0029059350446090170734379721547494655074,0.00052684178748295767644976857897467911428
-0.80000000000000004440892098500626161695,0.9979554635438406573958055940642689782,0.0,0.002555064122224839303283397503437619532,0.00051286195076618005517383132364251185314
-0.75,0.99819647946216938709525966567800713502,0.0,0.002272579849242905712624965417300724464,0.00050207188468059374469541941482723484068
-0.69999999999999995559107901499373838305,0.99839445675227958170409509919850752658,0.0,0.0020308985763564695113547090149758940146,0.00049016154875671884484609781933459081492
-0.65000000000000002220446049250313080847,0.99856305158630503234807285717653600949,0.0,0.0018314413823985846572174484469096670956,0.00047700271162869557502788623834255495695
-0.59999999999999997779553950749686919153,0.99873262917728257205599359086331662018,0.0,0.0016678081884450904314605253791847385468,0.00046243898156295132019004424801714661464
-0.55000000000000004440892098500626161695,0.9988839706675418676647657480951016805,0.0,0.0015314512392526393486468957314169243066,0.00044627468697525786906469215532423376904
-0.50,0.99899301561263723030548208972050960664,0.0,0.0013824685206730932818304263519894656024,0.00042825952725835778858726055141193191459
-0.45000000000000001110223024625156540424,0.99910669522852320446311937037340074164,0.0,0.0013168333858658607069671087453206205399,0.00040806792489075335166776743188897193813
-0.40000000000000002220446049250313080847,0.9992234482046090776485893248440531887,0.0,0.001239668410030100075340144284726368167,0.00038527213972369855261048068403667771953
-0.34999999999999997779553950749686919153,0.99934131377494977328941575400829999367,0.0,0.0011491346347310660172340224739638834036,0.00035930877581729824161749862323826880256
-0.29999999999999998889776975374843459576,0.99945215465793110592618788163033063654,0.0,0.0010432547966072291435496776039432103599,0.000329439741398470990868806139602508424
-0.25,0.99952524000248624800081422596023270561,0.0,0.00092000047488606071342010008418220134416,0.00029471175229719756372757860152978328524
-0.20000000000000001110223024625156540424,0.99960782834905501179510216132496749884,0.0,0.00077745056615512968782694129710476183117,0.00025392437128500977779294832677180740257
-0.14999999999999999444888487687421729788,0.99969942864767414870167764415505197169,0.0,0.00061405945672160575120815246092307234953,0.00020562751219995283379011115229533542571
-0.10000000000000000555111512312578270212,0.99979831942105723830809707626239177285,0.0,0.00042909139701755306744092511758283486147,0.00014818894244440889104338749430822175853
-0.050000000000000002775557561562891351059,0.99990078916972681897355498832978898428,0.0,0.00022330380165674141980235825541221906704,8.0006646896497238142852281330780280252e-05
0.0,1.0,0.0,4.3603318489632528630709013861529642847e-255,1.6296740285500157575727493930746704046e-255
