value,sup,dur,Y,S
-3.0,0.0036105972052984853345184431978330703626,23.0,0.98949714091169665025279586608619401808,0.25455557242274219969086488143820036757
-2.9500000000000001776356839400250464678,0.0077611237675851337597178961230018150277,12.0,0.98742123754051862584428524594575656578,0.25301972990336192063793002837817601035
-2.8999999999999999111821580299874767661,0.013873321289195567014122154459905426161,0.0,0.98747586146483548377390104786396405043,0.25133822249200216821960469325505377135
-2.8500000000000000888178419700125232339,0.021859295005882482164575265381412876535,0.0,0.98614128304534748475448024465685619352,0.24950391707905916521485906303423333362
-2.7999999999999998223643160599749535322,0.031461470018584936202731412429172735418,0.0,0.98459857498596198011924280149096221369,0.24751070634672895694285701074687412826
-2.75,0.042637140280276590792735934919082976461,0.0,0.98281838808301111541209801846396948857,0.24535373968026263681993572354436355302
-2.7000000000000001776356839400250464678,0.055285236593357138415378750888153188704,0.0,0.98075475407730079829387954246153812667,0.24302961689634593034347225696363134826
-2.6499999999999999111821580299874767661,0.06939588090620064109069244642595279992,0.0,0.97837314547696701672522596848852766512,0.24053651691502352733239481588379873355
-2.6000000000000000888178419700125232339,0.0850322027716071546954377240394021898,0.0,0.97561512280713916002352417701619038268,0.23787422743936489850861272084360049879
-2.5499999999999998223643160599749535322,0.10222254880324836138407320552438156681,0.0,0.97241704116607081591982514202521915781,0.23504403501600002655856516078580802494
-2.5,0.12093718535503081044716679996285342866,0.0,0.96870851943352795810728038349424079866,0.23204842743332936282421897246710122975
-2.4500000000000001776356839400250464678,0.14151064080373418043403211945854055816,0.0,0.96440816979223174077381795892410889908,0.22889055223216169741737909986010392248
-2.3999999999999999111821580299874767661,0.16363144945479365647730559901637393621,0.0,0.95942625794925124875745418344734192291,0.22557336625890945645838620962122936833
-2.3500000000000000888178419700125232339,0.18779455603509012234501449508358305698,0.0,0.9536437804288588312921780733477830378,0.222098402046929515313654676426945558
-2.2999999999999998223643160599749535322,0.21374733718172000716301346410752797257,0.0,0.9469359313247629047664841284611019373,0.21846406814326113739785285772765116212
-2.25,0.24172066670017361520359987554579635391,0.0,0.93916025395780533677100003127191141311,0.21466339372224263818122862069635871695
-2.2000000000000001776356839400250464678,0.27183609984787588482186354879723734909,0.0,0.93013712588824347378153452850525866503,0.21084888659939937056142050712508540719
-2.1499999999999999111821580299874767661,0.3039432370280894128207276907476157628,0.0,0.91965634370092873956966987332425485103,0.20695075661887348671544104938371688933
-2.1000000000000000888178419700125232339,0.33805059350603919552718822326291066881,0.0,0.90748765216358408523077296255201114212,0.20290193335345582496261753954295419844
-2.0499999999999998223643160599749535322,0.37423926743524331535716170382023090502,0.0,0.89343290349934287892715883739652665742,0.19894076511348487778029296521443695226
-2.0,0.41241242677602250795921527174872921233,0.0,0.87710636584484940626783581491969597474,0.19494864081934765569892366188380338232
-1.9499999999999999555910790149937383831,0.45243973047317330224948627453474042329,0.0,0.85825252720771231210035461092691215783,0.19098519099614044885897221166176891075
-1.8999999999999999111821580299874767661,0.49416069929010661248516614916144062722,0.0,0.83649377896257575491946248156233988409,0.18707683327920910274273831260589769885
-1.8500000000000000888178419700125232339,0.53728787265831352589453634366884377915,0.0,0.8113896759067239820547850162448896136,0.18326586094354050334322306247391761447
-1.8000000000000000444089209850062616169,0.58133049414823239131132227148368706162,0.0,0.78248771166116901632334546010733286479,0.17948885922682113201232503535467922211
-1.75,0.6261886002853342004045256054640371874,0.0,0.74937434746643754830131820336697173516,0.17563052618272290056226545118421159298
-1.6999999999999999555910790149937383831,0.67114942865111186435991174402206939505,0.0,0.7114727320383843976622687406008934607,0.17140216345995842090230398967091663434
-1.6499999999999999111821580299874767661,0.71550011700460330612185076254118377334,0.0,0.66834883597144695302318455018624481873,0.16630355342708002694146067395227574818
-1.6000000000000000888178419700125232339,0.75871691405735841658650813007629887317,0.0,0.6195592845746672067046080005759301438,0.15968263513917248102587326502112905869
-1.5500000000000000444089209850062616169,0.80001588105883039265140769308941636484,0.0,0.56454385746046183673025071458693108125,0.15079667405725172850777033171498879072
-1.5,0.8385032839837111849162035466321928675,0.0,0.50300389794343875926997860359572826491,0.13883953216899411100583011128221443114
-1.4499999999999999555910790149937383831,0.87352128716038985717416057313950961191,0.0,0.43472822072187552561437331388669591472,0.1231046549859349768554923840604375295
-1.3999999999999999111821580299874767661,0.9046640937997856954358389075288484727,0.0,0.35961177738078797454866558031459938712,0.1029473387724008413696472861777625311
-1.3500000000000000888178419700125232339,0.93196932554421786186276873122782745773,0.0,0.27769513961024701293223487809653822665,0.078386694556420536617366473970080285506
-1.3000000000000000444089209850062616169,0.95624794262429313086013753658868341335,0.0,0.18935808500956420454859498010835073513,0.050746762504126180891111303024217475808
-1.25,0.9782766674059852066433689775883926951,0.0,0.097572712963322970602834419323907768245,0.023815458262269864518202175151512701974
-1.1999999999999999555910790149937383831,0.99505333978201272341074156133281850128,0.0,0.022315178070590505766301112926642295825,0.0050479198389915458639714769465730327251
-1.1499999999999999111821580299874767661,0.99656822753778736672966285292133571299,0.0,0.0096869399678874025638914714670506860547,0.001463322849095114387540737236482029888
-1.1000000000000000888178419700125232339,0.99718359577544423459807136096006093896,0.0,0.0071696195478448052884230670823061116866,0.0009697529175347223346354575289022391087
-1.0500000000000000444089209850062616169,0.99761326906252456704878943408245892365,0.0,0.0056746076746592688652352047656807570977,0.00076412962635273153928433351027007300707
-1.0,0.99794156794455387261896149335126258257,0.0,0.0046553781534620785362050114913307034493,0.00065423906227918118984749920421167673531
-0.94999999999999995559107901499373838305,0.99819416269464291823722892431009665353,0.0,0.0039179526369296053367017242387436806171,0.00058986178517427492439936928556677485056
-0.90000000000000002220446049250313080847,0.99839460651837618762633189510638276516,0.0,0.0033506903680595735995042770937960733754,0.00055075362817860018781541803900174622736
-0.84999999999999997779553950749686919153,0.99857101167407368288834309936172148488,0.0,0.0029059350446090170734379721547494654986,0.00052684178748295767644976857897467911281
-0.80000000000000004440892098500626161695,0.99869767800396740311759904642845310664,0.0,0.0025550641222248393032833975034376195496,0.00051286195076618005517383132364251185241
-0.75,0.99882854463110808401805006039699576618,0.0,0.0022725798492429057126249654173007244758,0.00050207188468059374469541941482723484141
-0.69999999999999995559107901499373838305,0.9989181449134041953564676668238882941,0.0,0.0020308985763564695113547090149758940204,0.00049016154875671884484609781933459081492
-0.65000000000000002220446049250313080847,0.99900005674525012837474569915084386855,0.0,0.0018314413823985846572174484469096670956,0.00047700271162869557502788623834255495732
-0.59999999999999997779553950749686919153,0.99908749994519369646709629699975283641,0.0,0.0016678081884450904314605253791847385615,0.00046243898156295132019004424801714661501
-0.55000000000000004440892098500626161695,0.99917980990198097613102942065318836868,0.0,0.0015314512392526393486468957314169243125,0.00044627468697525786906469215532423376904
-0.50,0.99924524269934839306200518919813112492,0.0,0.0013824685206730932818304263519894656024,0.00042825952725835778858726055141193191496
-0.45000000000000001110223024625156540424,0.99928574279922753276195688436613201045,0.0,0.0013168333858658607069671087453206205414,0.0004080679248907533516677674318889719385
-0.40000000000000002220446049250313080847,0.99933314164937210414070717378467021064,0.0,0.001239668410030100075340144284726368167,0.00038527213972369855261048068403667771917
-0.34999999999999997779553950749686919153,0.99938833489674873207464105394630141457,0.0,0.0011491346347310660172340224739638834036,0.00035930877581729824161749862323826880403
-0.29999999999999998889776975374843459576,0.99945215465793110592618788163033063579,0.0,0.0010432547966072291435496776039432103584,0.00032943974139847099086880613960250842327
-0.25,0.99952524000248624800081422596023270636,0.0,0.00092000047488606071342010008418220134269,0.0002947117522971975637275786015297832856
-0.20000000000000001110223024625156540424,0.99960782834905501179510216132496750034,0.0,0.00077745056615512968782694129710476183264,0.00025392437128500977779294832677180740257
-0.14999999999999999444888487687421729788,0.9996994286476741487016776441550519747,0.0,0.00061405945672160575120815246092307234953,0.00020562751219995283379011115229533542552
-0.10000000000000000555111512312578270212,0.99979831942105723830809707626239177436,0.0,0.00042909139701755306744092511758283486147,0.00014818894244440889104338749430822175871
-0.050000000000000002775557561562891351059,0.99990078916972681897355498832978898504,0.0,0.00022330380165674141980235825541221906723,8.0006646896497238142852281330780280344e-05
0.0,1.0,0.0,4.3603318489632528630709013861529642847e-255,1.6296740285500157575727493930746704046e-255
