value,sup,dur,Y,S
-3.0,3.8078035058573638752739815236062287408e-61,131.0,0.99469509420269788286656110825799729192,0.88337922108205343434287603082472810982
-2.9500000000000001776356839400250464678,3.8062518375749288342069307112668571377e-57,131.0,0.99447867230289957182373882256570929773,0.88274976383186350692578893025765793305
-2.8999999999999999111821580299874767661,2.4493740504530198911553400299618787301e-53,131.0,0.99422288866703007946802311068323011263,0.88205337869348606394769515454501883878
-2.8500000000000000888178419700125232339,1.022612130378895294029145027133732566e-49,131.0,0.99393130055219998403746849612536802203,0.88128389925303280453005360336993267019
-2.7999999999999998223643160599749535322,2.7936954316601765164859368153270765893e-46,131.0,0.99358654156763501300808712582377392947,0.88043470516783282126520288156451943301
-2.75,5.0392066617083026110413299941258318199e-43,131.0,0.99318812124310039160463026500804079164,0.87949867147254563529665684152626671021
-2.7000000000000001776356839400250464678,6.0685451929840454360030768497589528534e-40,131.0,0.99272411620134255503626455353602752941,0.87846809458908456014495477289135369296
-2.6499999999999999111821580299874767661,4.9466451120344581391957877010569945737e-37,131.0,0.99218170335679687229946452540927666874,0.87733458530325571429070535265934991065
-2.6000000000000000888178419700125232339,2.7580454537215956545195029045853678352e-34,131.0,0.99155776310936437624729513114611780611,0.87608891645439736148194320570777337658
-2.5499999999999998223643160599749535322,1.0656544261092882511750722971975542507e-31,131.0,0.99081874222635975277845041267938362725,0.87472081026892499812026967746829577243
-2.5,2.8979707594622906077988647172080721215e-29,131.0,0.98997998383636728552865570623130727481,0.87321864719501800224476851809906434864
-2.4500000000000001776356839400250464678,5.6157195543809204249042557664059245484e-27,131.0,0.98898163635459341049639911883417389312,0.87156907482928441074844673059042841096
-2.3999999999999999111821580299874767661,7.8616630687841877323419253392649327678e-25,131.0,0.98784010076438034877518729083441813208,0.86975649216572474240938080550516159708
-2.3500000000000000888178419700125232339,8.1019309427060909086915310379638498491e-23,131.0,0.9864968374249067439360677261749902964,0.86776238108312556673638103765636429349
-2.2999999999999998223643160599749535322,6.2208468417184958728990787765904194156e-21,131.0,0.98492275779999298000721491518599164273,0.86556445390658407999445318213410202105
-2.25,3.6303610088578474232178133607113087387e-19,131.0,0.98311402618782374878770575352160434491,0.8631355832587207927882137561986014085
-2.2000000000000001776356839400250464678,1.6269750737608266702476278312462510784e-17,120.0,0.98095736693347239243751390411513590844,0.86044247848421417684518380286678439464
-2.1499999999999999111821580299874767661,5.7286491189110343820855471016681352782e-16,108.0,0.9784715485160986160054000421994634043,0.85744407182321648353908355104644903071
-2.1000000000000000888178419700125232339,1.6051350800273971385285082781363451787e-14,98.0,0.97556452250743957370540926848636811117,0.85408957708145907067642193234737366753
-2.0499999999999998223643160599749535322,3.6453654751966168775306962538762488872e-13,88.0,0.97210120680114692657127478510770447316,0.85031618304889211908654955071791296324
-2.0,6.7609069458780875596897071182755774718e-12,79.0,0.96808691523610996274537037154816482465,0.84604634148942024532909055048531413957
-1.9499999999999999555910790149937383831,1.0435174460900429179962540493403425746e-10,71.0,0.96340891918380068235073496817458295731,0.8411846014533969015986348619430891299
-1.8999999999999999111821580299874767661,1.3526409231322674801965632407892596883e-09,62.0,0.95785140111103273798848451746156547404,0.83588801420616574942640535694976098411
-1.8500000000000000888178419700125232339,1.4906938457399379379334765085756333444e-08,55.0,0.95125846383212427198731923072550191327,0.83005586660418264012301940077990071004
-1.8000000000000000444089209850062616169,1.3911170062271113434282008937897496087e-07,49.0,0.94358584841581038921523471127101504052,0.82326504923444565065168302628232339009
-1.75,1.1242626085870140329880752667375476431e-06,41.0,0.93463458397395564746869697432152991499,0.81531624692141555085780711660647437948
-1.6999999999999999555910790149937383831,7.7281233781595664219949741789031592943e-06,36.0,0.9240550324885230267903398617616619272,0.80597078607522646427064453764693921146
-1.6499999999999999111821580299874767661,4.5942968620077795092128760385148262833e-05,30.0,0.91157568836054521245305985949429337441,0.79494204514162727520650912585367284684
-1.6000000000000000888178419700125232339,0.00023508307356939656713086343109624629866,24.0,0.89688383678305092145068723422863030992,0.78231845095567047040572112359753719516
-1.5500000000000000444089209850062616169,0.0010272449583205237628173804729113789931,18.0,0.87961441365189076339876145282756791425,0.76783912023137402093002514671334074089
-1.5,0.0037871660304372790477480463281559373104,11.0,0.85933058581855573912543728924485986919,0.75061945217108960256704128117364259965
-1.4499999999999999555910790149937383831,0.011612857942763723746141899905104973394,0.0,0.83548958951968560431144551683398353094,0.73006171712973334651663480422066545634
-1.3999999999999999111821580299874767661,0.029411893335748844868496274042330598511,0.0,0.80738330201245520278499345707275597024,0.70653806157244231415313741966259058247
-1.3500000000000000888178419700125232339,0.062356258572957395421516637041394107933,0.0,0.77514831123895792186729504779225724764,0.67891435153894931117766351946792394878
-1.3000000000000000444089209850062616169,0.11175767350965343778366328516515488882,0.0,0.73734770343592513847364612509863342641,0.64644892282815540662111876543513522536
-1.25,0.17769887035628490309956734010279475355,0.0,0.69373885426582608085078320918169592864,0.60832721842410836594945229425269295962
-1.1999999999999999555910790149937383831,0.25782694376733325155816325022278757593,0.0,0.64335337840483511819744829362242558801,0.5643876786074520500710488599450516871
-1.1499999999999999111821580299874767661,0.34710615445647393238408712133500375738,0.0,0.5858940549760144019185511266529940779,0.51285261892091000259666366716211188693
-1.1000000000000000888178419700125232339,0.44435898551567183808330135865409571865,0.0,0.52056005979288429987579458009552155064,0.45352586648693315433842148135678596844
-1.0500000000000000444089209850062616169,0.5448713491479951259522581855843832456,0.0,0.44751846216216835814993742289339679641,0.38457666892147133176374925137415889171
-1.0,0.64654777291971874779505362003657396473,0.0,0.36597953232475370421897210227275614892,0.30629042732029528303533207448403358287
-0.94999999999999995559107901499373838305,0.74754477768749880845825284317250977808,0.0,0.27661864664116638158911133875598747363,0.22020394250940059924087126637694629829
-0.90000000000000002220446049250313080847,0.84594730839799292785660646744285592866,0.0,0.1789733153632650196220416983936645615,0.13100882065793969431849342552607926198
-0.84999999999999997779553950749686919153,0.93674348628426478911775918985637843718,0.0,0.077566279446915088004109702299798076461,0.050666487682970871801486898811652329832
-0.80000000000000004440892098500626161695,0.99536893402925582607270683120092837893,0.0,0.0056847101127995662675689243235407760561,0.003612704075569684029898478746441675983
-0.75,0.99738703037153331784904339797200283619,0.0,0.0034173168037956413997170483487141555598,0.0012990299966671584383062071930364467809
-0.69999999999999995559107901499373838305,0.99792174358501287650917054949672512132,0.0,0.0026254598446235952392588151549917233845,0.0009043189339588784408027226219883760783
-0.65000000000000002220446049250313080847,0.99827340145605857839307089399443804078,0.0,0.0021514138629128473478038405439416710069,0.0007229277197195764769618051960721972572
-0.59999999999999997779553950749686919153,0.99854051086168383475015912731961440443,0.0,0.0018380558342538308641142055817575842545,0.00062122457926774397890133040734694342786
-0.55000000000000004440892098500626161695,0.9987421054323837624798186675243698053,0.0,0.0016093608805840619683940266392111888423,0.00056062367517067344785437925822443053149
-0.50,0.99893637978254968174538323933461678162,0.0,0.0014438714022427032094304067294946456081,0.00053040460454929062514351184369061083227
-0.45000000000000001110223024625156540424,0.99905852875168808853288166755432164763,0.0,0.0013139388265102512229042766544443967272,0.00049893051722052622875780013554814174756
-0.40000000000000002220446049250313080847,0.99918450897550442726516654163087307141,0.0,0.0012372541477933482139717542850016793465,0.00046440094632746997392045232231647180163
-0.34999999999999997779553950749686919153,0.99931180627571160578292405594885836682,0.0,0.0011471938818089868999564518099890378695,0.00042636658935454168644093222559628550526
-0.29999999999999998889776975374843459576,0.99943747297771055781558375714585120116,0.0,0.0010417684372824839211658954398567545555,0.00038424738035783949038039660443898769355
-0.25,0.99952521678521208643855651360432669663,0.0,0.0009189348409278555942724954549785181932,0.00033730837277792450477785469831434661221
-0.20000000000000001110223024625156540424,0.99960781287609715582003743381403761168,0.0,0.00077675569661017263149313615349806711058,0.00028465557925376969797271510620299122775
-0.14999999999999999444888487687421729788,0.99969942011505307539151125521244152689,0.0,0.00061366849315721227517488143585112723875,0.00022528230085144815784831790126250462257
-0.10000000000000000555111512312578270212,0.99979831610260587319895828469738051512,0.0,0.00042892216621655497715635212041518219289,0.00015822355243544631254584885219164844952
-0.050000000000000002775557561562891351059,0.9999007886230343073278571122303153626,0.0,0.00022326424296396399868411199971403827254,8.2923304667290090340076253875998491954e-05
0.0,1.0,0.0,4.3603318489632528630709013861529642847e-255,1.6296740285500157575727493930746704046e-255
