value,sup,dur,Y,S
-3.0,3.2031717481130619744910369431908230237e-31,130.0,0.99469509420269788286656110825799729042,0.88337922108205343434287603082472810456
-2.9500000000000001776356839400250464678,3.3121298630880944262214615999253593924e-29,130.0,0.99447867230289957182373882256570929848,0.8827497638318635069257889302576579338
-2.8999999999999999111821580299874767661,2.6950384884032110592816968608196236978e-27,130.0,0.99422288866703007946802311068323011489,0.88205337869348606394769515454501883878
-2.8500000000000000888178419700125232339,1.7391359986418350104463331302006230431e-25,130.0,0.99393130055219998403746849612536802429,0.88128389925303280453005360336993267546
-2.7999999999999998223643160599749535322,9.0403652790546803673965325152096536892e-24,130.0,0.99358654156763501300808712582377393173,0.88043470516783282126520288156451944054
-2.75,3.8154223295283231628601333668879137464e-22,124.0,0.99318812124310039160463026500804079239,0.87949867147254563529665684152626671096
-2.7000000000000001776356839400250464678,1.3253074713207828551561495658739927348e-20,115.0,0.99272411620134255503626455353602752865,0.87846809458908456014495477289135369522
-2.6499999999999999111821580299874767661,3.8548410637401510088071609758992729548e-19,106.0,0.99218170335679687229946452540927666724,0.87733458530325571429070535265934991366
-2.6000000000000000888178419700125232339,9.4767996257142147672104451438020030964e-18,98.0,0.99155776310936437624729513114611780912,0.87608891645439736148194320570777337733
-2.5499999999999998223643160599749535322,1.9942837945608788149507060134412093582e-16,90.0,0.99081874222635975277845041267938362348,0.87472081026892499812026967746829577243
-2.5,3.6562779803342112022149155748325388978e-15,82.0,0.98997998383636728552865570623130726954,0.87321864719501800224476851809906434488
-2.4500000000000001776356839400250464678,5.8630611184475497520409094901361405642e-14,75.0,0.98898163635459341049639911883417389312,0.87156907482928441074844673059042840795
-2.3999999999999999111821580299874767661,8.3133570723919401924332182493534867506e-13,67.0,0.98784010076438034877518729083441813434,0.86975649216572474240938080550516159106
-2.3500000000000000888178419700125232339,1.0413550789768225986545370701598723367e-11,61.0,0.9864968374249067439360677261749902964,0.86776238108312556673638103765636429274
-2.2999999999999998223643160599749535322,1.1666173143720779003964956491865518693e-10,55.0,0.98492275779999298000721491518599164122,0.86556445390658407999445318213410202406
-2.25,1.1742303942993984837625032890009285914e-09,50.0,0.98311402618782374878770575352160434115,0.86313558325872079278821375619860140549
-2.2000000000000001776356839400250464678,1.0495950736952891881537451303614799645e-08,45.0,0.98095736693347239243751390411513590619,0.86044247848421417684518380286678439464
-2.1499999999999999111821580299874767661,8.3695166780032884644803017449595360563e-08,40.0,0.97847154851609861600540004219946340204,0.85744407182321648353908355104644903447
-2.1000000000000000888178419700125232339,5.9744372604002709171384168948815722939e-07,35.0,0.97556452250743957370540926848636810816,0.85408957708145907067642193234737367204
-2.0499999999999998223643160599749535322,3.7893474646248501217924787980038773927e-06,30.0,0.97210120680114692657127478510770447241,0.85031618304889211908654955071791296249
-2.0,2.0897302044881920888136443486103540396e-05,26.0,0.96808691523610996274537037154816482541,0.84604634148942024532909055048531413882
-1.9499999999999999555910790149937383831,0.00010097083210550496576907718071349783834,22.0,0.96340891918380068235073496817458295806,0.84118460145339690159863486194308913066
-1.8999999999999999111821580299874767661,0.00042235943872408338925759727464628319642,17.0,0.95785140111103273798848451746156547404,0.83588801420616574942640535694976097884
-1.8500000000000000888178419700125232339,0.0015064669227455140574182143354315608526,13.0,0.95125846383212427198731923072550191778,0.83005586660418264012301940077990070779
-1.8000000000000000444089209850062616169,0.0045090489537933616133253678157342137087,9.0,0.94358584841581038921523471127101504203,0.82326504923444565065168302628232339686
-1.75,0.011226037029828275394089776751528441753,0.0,0.93463458397395564746869697432152991122,0.81531624692141555085780711660647437948
-1.6999999999999999555910790149937383831,0.023453043722137311973716046917543429178,0.0,0.92405503248852302679033986176166192645,0.80597078607522646427064453764693921146
-1.6499999999999999111821580299874767661,0.04231185951854877534436302820300533361,0.0,0.91157568836054521245305985949429337516,0.79494204514162727520650912585367284609
-1.6000000000000000888178419700125232339,0.068348860342312852573839365667026251111,0.0,0.89688383678305092145068723422863031368,0.78231845095567047040572112359753719441
-1.5500000000000000444089209850062616169,0.10013114366510285744354911692580608052,0.0,0.87961441365189076339876145282756791425,0.76783912023137402093002514671334074165
-1.5,0.13847470375740723876598895684307545482,0.0,0.8593305858185557391254372892448598722,0.7506194521710896025670412811736425989
-1.4499999999999999555910790149937383831,0.18276920924376931120242223087979720811,0.0,0.83548958951968560431144551683398352943,0.73006171712973334651663480422066545484
-1.3999999999999999111821580299874767661,0.23229777780859073340515250294304753477,0.0,0.807383302012455202784993457072755974,0.70653806157244231415313741966259057795
-1.3500000000000000888178419700125232339,0.28668889487043063257830983709944550204,0.0,0.7751483112389579218672950477922572499,0.67891435153894931117766351946792395104
-1.3000000000000000444089209850062616169,0.34609510455752639938734556794676616672,0.0,0.73734770343592513847364612509863342716,0.64644892282815540662111876543513522461
-1.25,0.41012530395235303961460992313676271766,0.0,0.69373885426582608085078320918169592864,0.60832721842410836594945229425269295736
-1.1999999999999999555910790149937383831,0.47751654276626380328082202015946892183,0.0,0.643353378404835118197448293622425585,0.56438767860745205007104885994505168936
-1.1499999999999999111821580299874767661,0.5475449937295860803430989250902087656,0.0,0.5858940549760144019185511266529940779,0.51285261892091000259666366716211188542
-1.1000000000000000888178419700125232339,0.61831111994906482988147764327887820823,0.0,0.52056005979288429987579458009552154913,0.45352586648693315433842148135678597107
-1.0500000000000000444089209850062616169,0.69016198482008484654517882611036640121,0.0,0.44751846216216835814993742289339679528,0.38457666892147133176374925137415889171
-1.0,0.76127129492023967165272573330080992414,0.0,0.36597953232475370421897210227275615118,0.30629042732029528303533207448403358287
-0.94999999999999995559107901499373838305,0.83030137116749920610875186321369133034,0.0,0.276618646641166381589111338755987474,0.22020394250940059924087126637694629942
-0.90000000000000002220446049250313080847,0.89689289811986824212546617873868518558,0.0,0.17897331536326501962204169839366456094,0.1310088206579396943184934255260792618
-0.84999999999999997779553950749686919153,0.95776993646618869559033612704783072745,0.0,0.07756627944691508800410970229979807599,0.050666487682970871801486898811652329221
-0.80000000000000004440892098500626161695,0.99691232735536848131464515706164417425,0.0,0.0056847101127995662675689243235407759915,0.0036127040755696840298984787464416759507
-0.75,0.9982031753371980956328620956129143962,0.0,0.0034173168037956413997170483487141555598,0.0012990299966671584383062071930364467765
-0.69999999999999995559107901499373838305,0.99852800766731297092409317627143039254,0.0,0.0026254598446235952392588151549917233727,0.00090431893395887844080272262198837607757
-0.65000000000000002220446049250313080847,0.99873770462114244355957479833422642376,0.0,0.002151413862912847347803840543941671004,0.0007229277197195764769618051960721972528
-0.59999999999999997779553950749686919153,0.99891381764959025905937968513113463334,0.0,0.0018380558342538308641142055817575842545,0.00062122457926774397890133040734694342712
-0.55000000000000004440892098500626161695,0.99901723101240613699406883237958273167,0.0,0.0016093608805840619683940266392111888467,0.00056062367517067344785437925822443053076
-0.50,0.99912498844915501922067281342138492769,0.0,0.001443871402242703209430406729494645614,0.00053040460454929062514351184369061083301
-0.45000000000000001110223024625156540424,0.99923703287720085003673990160085144948,0.0,0.0013139388265102512229042766544443967272,0.00049893051722052622875780013554814174756
-0.40000000000000002220446049250313080847,0.99933309738737254500083828905172458855,0.0,0.001237254147793348213971754285001679345,0.00046440094632746997392045232231647180237
-0.34999999999999997779553950749686919153,0.99938829680384897049062959115309292414,0.0,0.0011471938818089868999564518099890378695,0.00042636658935454168644093222559628550526
-0.29999999999999998889776975374843459576,0.99945212370305928506791847013166879433,0.0,0.001041768437282483921165895439856754557,0.00038424738035783949038039660443898769318
-0.25,0.99952521678521208643855651360432669813,0.0,0.0009189348409278555942724954549785181932,0.00033730837277792450477785469831434661294
-0.20000000000000001110223024625156540424,0.99960781287609715582003743381403761318,0.0,0.00077675569661017263149313615349806711058,0.00028465557925376969797271510620299122738
-0.14999999999999999444888487687421729788,0.99969942011505307539151125521244152915,0.0,0.00061366849315721227517488143585112724022,0.00022528230085144815784831790126250462238
-0.10000000000000000555111512312578270212,0.99979831610260587319895828469738051587,0.0,0.00042892216621655497715635212041518219326,0.00015822355243544631254584885219164844952
-0.050000000000000002775557561562891351059,0.99990078862303430732785711223031536411,0.0,0.00022326424296396399868411199971403827291,8.2923304667290090340076253875998492046e-05
0.0,1.0,0.0,4.3603318489632528630709013861529642911e-255,1.629674028550015757572749393074670403e-255
