value,sup,dur,Y,S
0.0,3.5402202832773760802876312902124055102e-58,108.0,0.99608547830263100926629743163630466075,0.26949632711198441033307571867437365597
0.0050000000000000001040834085586084256647,8.3157721606720084876395486958826358756e-56,106.0,0.99494312803577431316245646098975410918,0.26220437026841798999506645989844370456
0.010000000000000000208166817117216851329,4.4067866788146594881884138583202629386e-53,104.0,0.99361611170528278455183241185873688188,0.25471579575778638394450944393462068609
0.014999999999999999444888487687421729788,5.5494285493694487208298690211620658538e-50,101.0,0.99204365258903111690924532806361422615,0.24689957015176812665521003815545212366
0.020000000000000000416333634234433702659,1.6298738242255629469335654929332869497e-46,98.0,0.99015173191826758358841864703833871937,0.23893910372063442214011352094745084732
0.02500000000000000138777878078144567553,1.009281004875536321587544276903606021e-42,95.0,0.98784242548929437213680571843440490308,0.2306195629125362179689603466139081217
0.029999999999999998889776975374843459576,1.1163854069176264785650050447201307479e-38,91.0,0.98498279050852367186342891025245162506,0.22202749532268248591359282990415854868
0.035000000000000003330669073875469621271,1.8407926084009448782528060559793720045e-34,87.0,0.98138512842430030815229055746916741209,0.21295428908835043640692373832692242991
0.040000000000000000832667268468867405318,4.0025023039182986705186458759943211502e-30,81.0,0.97677365175740490394334898905588858587,0.20345481808201762422001017267508648126
0.044999999999999998334665463062265189365,1.1645443647779811793752327873468891408e-25,75.0,0.97073487695809289440483918297622512388,0.1933920320464226213652889112923543929
0.050000000000000002775557561562891351059,5.5734242616587462423713368081183178859e-21,67.0,0.96260732686937742680583260857528720443,0.18262396440328289490272983591276524853
0.055000000000000000277555756156289135106,6.2590265957635284791104979968359794637e-16,56.0,0.95130536231627599420262404109711915312,0.17094279757838860649869867470658037378
0.059999999999999997779553950749686919153,1.9241250108214657772145973224642252582e-10,42.0,0.93494358895969816076881433381266755337,0.15807998537566090954927699096605210453
0.065000000000000002220446049250313080847,4.2197491180989789688545806543086312189e-05,22.0,0.9100381676456015158586664899412453159,0.1435341490631425232381642725219401098
0.070000000000000006661338147750939242542,0.03222339129880552747951624844741254213,0.0,0.85298760199682467522098072791762124118,0.12652208941812425219553854416784809666
0.074999999999999997224442438437108648941,0.23090805339221853474076653662202603465,0.0,0.67687091778272926542194864840533592365,0.095044501117976335088788254647651459802
0.080000000000000001665334536937734810635,0.6035225020770011802509490340342396391,0.0,0.35074394349989028042166860139625855438,0.040460383000705751373045869856586892774
0.08500000000000000610622663543836097233,0.87914984340444728761116830745155697762,0.0,0.10659972294155225435153601938363474391,0.010561353341129420338621435025138729019
0.089999999999999996669330926124530378729,0.97225932951723176393110866441036290118,0.0,0.024219980439085137197955073360185349741,0.0022309923675940905803883841621878979268
0.095000000000000001110223024625156540424,0.99132906320631159968655620211114938313,0.0,0.0075068751324272694610598355973737913759,0.00072802348531911248695275959958189483324
0.10000000000000000555111512312578270212,0.99311431883160215410871788263383163603,0.0,0.005959668560684797892015010310958007474,0.00071802695543947776194133374265636471981
0.10499999999999999611421941381195210852,0.99415138680634286512678782163004907531,0.0,0.0050602378199625658568904162585614468476,0.00071009904178916996340038169004811409659
0.11000000000000000055511151231257827021,0.99487448692423812366787507381898505948,0.0,0.0044349945974038423868694166800913104251,0.00070221504481637950966142456376781019985
0.11500000000000000499600361081320443191,0.99542318609616298887513820690139400044,0.0,0.003960865609051329094830123044055549848,0.000694374966603002902681667620830732477
0.11999999999999999555910790149937383831,0.99585190686109833192424410375127024994,0.0,0.0035882061572867848742972466391274471177,0.00068657880921938807572363774377062164201
0.125,0.99620360568372417992472274427044493106,0.0,0.0032835352394763143553153840498711709412,0.00067882657472433296345894863940936278443
0.13000000000000000444089209850062616169,0.99649901278431398214016081421572562783,0.0,0.0030289356611899479031862150373752738502,0.00067111826516508427384349753076116455425
0.13500000000000000888178419700125232339,0.99674865336911617843146198506584169642,0.0,0.0028089226853287478815871528539543507281,0.0006634538825773360510573928237711471245
0.14000000000000001332267629550187848508,0.99696060483597917760327588927434347148,0.0,0.0026274481721072801340100540764036913374,0.00065583342898522835439631245496250844494
0.14499999999999999000799277837359113619,0.99715276809810428349787687990177895301,0.0,0.0024621627231149322978076050306418261879,0.00064825690640134596497623754343080106272
0.14999999999999999444888487687421729788,0.99731286705188448283152995743553160165,0.0,0.0023231292972874228477844821696480981728,0.00064072431682671689009168414631719768973
0.15499999999999999888977697537484345958,0.99746082652648004425695639287106515642,0.0,0.0021914175320760172349412841172170744784,0.00063323566225081129549165433962007913699
0.16000000000000000333066907387546962127,0.99759484779725895581080551116841758937,0.0,0.0020823956261134089076972694060458268556,0.00062579094465154002441190073223315115622
0.16500000000000000777156117237609578297,0.99770738642575777203337173514993862281,0.0,0.001981556046038769277849855756022904506,0.00061839016599525333484706549295415547923
0.17000000000000001221245327087672194466,0.99781509699387301812169514209889793707,0.0,0.0018851754241763832307041636132394583207,0.00061103332823673960222765607363431918123
0.17499999999999998889776975374843459576,0.99791816704126234339935371499920887376,0.0,0.0018016710596486921962875751214285388097,0.00060372043331922407015629010769899661996
0.17999999999999999333866185224906075746,0.99800324205896242568814912912849268713,0.0,0.0017292833238156154605426638693639437561,0.00059645148317436740612433612458691907027
0.18499999999999999777955395074968691915,0.99808053325910973734882835925324253149,0.0,0.0016594662214817759843308274664925413977,0.00058922647972226467052153804559889698044
0.19000000000000000222044604925031308085,0.99815516319913209060593352379945490421,0.0,0.0015921406646539306919348374276427670812,0.00058204542487144388704571415020721624098
0.19500000000000000666133814775093924254,0.99822721174515251469506959279857756192,0.0,0.0015272296013748012669158368945850378791,0.00057490832051886482404478576122923258286
0.20000000000000001110223024625156540424,0.99829675674616415085396969502604354471,0.0,0.0014749576475318495060146216320890731297,0.00056781516854991774273647655532996255135
0.20499999999999998778754672912327805534,0.99835483671219024583573563089369749233,0.0,0.001427794263456485007517529135190510149,0.0005607659708384221920328194673452023508
0.20999999999999999222843882762390421703,0.99840491879036661334218553146802649716,0.0,0.0013818917352472996456968392510590005069,0.00055376072924662561567354999886337778201
0.21499999999999999666933092612453037873,0.99845371120667831044273287830978348399,0.0,0.0013372230135358054061255416494848495129,0.00054679944562520235802355596585277740386
0.22000000000000000111022302462515654042,0.99850124087041542202724164600935261682,0.0,0.0012937614812411093748811636083194697614,0.00053988212181325228591769129745983859548
0.22500000000000000555111512312578270212,0.99854753426863540663806916173436139473,0.0,0.0012514809493577159604767511275472117312,0.00053300875963829961412810707418393596413
0.23000000000000000999200722162640886381,0.99859261747022590506501631764832683621,0.0,0.0012103556527401700048224598418957117082,0.00052617936091629169918214008308220643738
0.23499999999999998667732370449812151492,0.99863651612997133167318624918628566226,0.0,0.0011749012019408746760766736022004886488,0.00051939392745159787832984206520105887577
0.23999999999999999111821580299874767661,0.99867925549262222519148685476715429014,0.0,0.0011473391790052866170402744484822245505,0.00051265246103700812815040880796201020019
0.24499999999999999555910790149937383831,0.99870924628467963212572848594233213488,0.0,0.0011202588619312618957205313594737238342,0.00050595496345373210718968459279524332127
0.25,0.99873748004372560285644759864992218234,0.0,0.0010936547238637432544617197773042138886,0.00049930143647139782929570944857018031709
0.25500000000000000444089209850062616169,0.99876523853640411101513413412268867543,0.0,0.001067521267519776272931089122770991215,0.00049269188184805053326477218301878032458
0.26000000000000000888178419700125232339,0.99879252710905467958674180124706177933,0.0,0.0010418530252492784127179868891583683285,0.00048612630133015152231094626668383868595
0.26500000000000001332267629550187848508,0.99881935107928155544496392627967512885,0.0,0.0010166445590947704125912731514159587499,0.00047960469665257701114928974202689676154
0.27000000000000001776356839400250464678,0.99884571573589019474783640156406963855,0.0,0.00099189046085008117110020960460875556489,0.0004731270695386169806941289191113079707
0.27500000000000002220446049250313080847,0.99887162633882474533214634297006395286,0.0,0.00096758535211803722041736315716115256467,0.00046669342169997404037383629447953697575
0.28000000000000002664535259100375697017,0.99889708811910651539736147269879683208,0.0,0.00094372388436714786163115991872060924629,0.00046030375483676229806350380225760770868
0.28499999999999997557509345824655611068,0.99892210627877341752575708894703965502,0.0,0.00092030073898729725475078334672381723018,0.00045395807063750630784399117863783917381
0.28999999999999998001598555674718227237,0.99894668599082037904960999453327898422,0.0,0.00089731062734445291300308917051863157058,0.00044765637077913967385787032471126113938
0.29499999999999998445687765524780843407,0.99896383743669365450627788462164107315,0.0,0.00087607417489751150105617602257316413345,0.00044139865692700436581160811854252374935
0.29999999999999998889776975374843459576,0.99897607505803587679689133977115595265,0.0,0.00086370236931957183374500860957995648258,0.00043518493073484933710032976808471494335
0.30499999999999999333866185224906075746,0.9989882265578444885504786996619477417,0.0,0.00085141831603811958151934342968430826643,0.00042901519384482950354606169528394646344
0.30999999999999999777955395074968691915,0.99900029192152337225328055904360325941,0.0,0.00083922202153780910351888452540819045104,0.0004228894478875046590666773785301786288
0.31500000000000000222044604925031308085,0.99900715807911682722380062157457477775,0.0,0.00082711349225720435298401497131604878856,0.00041680769448183839897228488766839419523
0.32000000000000000666133814775093924254,0.9990071131224085380779056919964516045,0.0,0.00081509273458877038937954480637503964252,0.00041076993523519705089038250168504557664
0.32500000000000001110223024625156540424,0.99900706816570024893201076241832843126,0.0,0.0008031597548788649508449781020937659441,0.00040477617174334861332109944731671882607
0.33000000000000001554312234475219156593,0.99900702320899195978611583284020525801,0.0,0.00079131455942773008699201561876934051306,0.00039882640559046170182382944235385322275
0.33500000000000001998401444325281772763,0.99900697825228367064022090326208208552,0.0,0.00077955715448948385206986257116245072757,0.00039292063834910450283655537035052660302
0.34000000000000002442490654175344388932,0.99900693329557538149432597368395891227,0.0,0.00076788754627211205851876401273131417446,0.0003870588715802437351291540538201704026
0.34499999999999997335464740899624302983,0.99900688833886709234893016383237540238,0.0,0.00075630574093746021902848616188675627466,0.00038124110683324368323785847994321943973
0.34999999999999997779553950749686919153,0.99900684338215880320303523425425222988,0.0,0.00074481174460122490756830497478228380826,0.00037546734564586491631821508028776847525
0.35499999999999998223643160599749535322,0.99900679842545051405714030467612905664,0.0,0.00073340556333294646572960691479243677069,0.00036973758954426366004897701467091839858
0.35999999999999998667732370449812151492,0.99900675346874222491124537509800588264,0.0,0.00072208720315600048272325150308788977854,0.00036405184004299052978483618681071696745
0.36499999999999999111821580299874767661,0.99900670851203393576535044551988271015,0.0,0.00071085667004758998024671615750165580191,0.00035841009864498959503306213641207029012
0.36999999999999999555910790149937383831,0.9990066635553256466194555159417595369,0.0,0.00069971396993873752878762721337358639718,0.00035281236684159738673723125351888487976
0.375,0.99900661859861735747356058636363636441,0.0,0.0006886591087142774244543530871050545528,0.00034725864611254191220369657928530138951
0.38000000000000000444089209850062616169,0.99900657364190906832766565678551319117,0.0,0.00067769209221284792635290314051605914142,0.0003417489379259416776720121929125506716
0.38500000000000000888178419700125232339,0.99900652868520077918177072720739001792,0.0,0.00066681292622688355452922808715775005849,0.00033628324373830471853051680257248227273
0.39000000000000001332267629550187848508,0.99900648372849249003587579762926684467,0.0,0.00065602161650260744849586998936985555604,0.00033086156499452763717827177382848751132
0.39500000000000001776356839400250464678,0.99900643877178420088998086805114367218,0.0,0.00064531816874002378636176202766258930109,0.00032548390312789464853453944238784991778
0.40000000000000002220446049250313080847,0.99900639381507591174408593847302049894,0.0,0.00063470258859291026458383028252464739427,0.00032015025956007663319697816899499772576
0.40500000000000002664535259100375697017,0.99900634885836762259819100889489732494,0.0,0.00062417488166881063835890175359162916094,0.0003148606357011301982497212029212060315
0.40999999999999997557509345824655611068,0.99900630390165933345279519904331381655,0.0,0.00061373505352902743809180479079060000492,0.0003096150329494968037160151782728868437
0.41499999999999998001598555674718227237,0.9990062589449510443069002694651906433,0.0,0.0006033831096886141684769475153968125135,0.00030441345269200160620670208999074503721
0.41999999999999998445687765524780843407,0.99900621398824275516100533988706746931,0.0,0.00059311905561636872635303493522297029478,0.00029925589630385289211221830309098974173
0.42499999999999998889776975374843459576,0.99900616903153446601511041030894429681,0.0,0.00058294289673482571924105608200205182634,0.00029414236514864093558138277344683055457
0.42999999999999999333866185224906075746,0.99900612407482617686921548073082112357,0.0,0.00057285463842024942560331221075934426125,0.0002890728605783371560783304334194562506
0.43499999999999999777955395074968691915,0.99900607911811788772332055115269795108,0.0,0.00056285428600262669945745297858518033682,0.00028404738393329322511387609783744709541
0.44000000000000000222044604925031308085,0.99900603416140959857742562157457477708,0.0,0.00055294184476565993575619794245652102927,0.00027906593654224018063466849407253363124
0.44500000000000000666133814775093924254,0.99900598920470130943153069199645160458,0.0,0.00054311731994676009655006089647804686104,0.00027412851972228754907122627020070936532
0.45000000000000001110223024625156540424,0.99900594424799302028563576241832843134,0.0,0.00053338071673703979795024591665556611736,0.00026923513477892247504593842375303757776
0.45500000000000001554312234475219156593,0.99900589929128473113974083284020525885,0.0,0.00052373204028130645790873526117783510666,0.00026438578300600885874210217993181547072
0.46000000000000001998401444325281772763,0.99900585433457644199384590326208208485,0.0,0.00051417129567805550483244048675057751758,0.00025958046568578650093506193241364328081
0.46500000000000002442490654175344388932,0.9990058093778681528479509736839589116,0.0,0.00050469848797946364704813928738224017364,0.00025481918408887025568650344199996885636
0.46999999999999997335464740899624302983,0.99900576442115986370255516383237540321,0.0,0.00049531362219138230683951838502936889139,0.00025010193947424924283042492251846604685
0.47499999999999997779553950749686919153,0.99900571946445157455666023425425222922,0.0,0.00048601670327333059586783285284144996096,0.00024542873308928580699802979619591917227
0.47999999999999998223643160599749535322,0.99900567450774328541076530467612905597,0.0,0.00047680773613848939244577307918522189376,0.00024079956616971500753935343683653344438
0.48499999999999998667732370449812151492,0.99900562955103499626487037509800588348,0.0,0.00046768672565369443682161101694603421333,0.00023621443993964359190386360545938470073
0.48999999999999999111821580299874767661,0.99900558459432670711897544551988271023,0.0,0.00045865367663943000982481443796366516123,0.00023167335561154923928240661347245047372
0.49499999999999999555910790149937383831,0.99900553963761841797308051594175953699,0.0,0.00044970859386982256777852665039358710349,0.00022717631438627975930204350788491665675
0.5,0.99900549468091012882718558636363636374,0.0,0.00044085148207263443837571608621888068875,0.00022272331745305229839115700801125453866
0.50500000000000000444089209850062616169,0.99900544972420183968129065678551319125,0.0,0.00043208234592925757753452510069285775512,0.00021831436598945255381580797242407223407
0.51000000000000000888178419700125232339,0.999005404767493550535395727207390018,0.0,0.00042340119007470738724819789726780742018,0.0002139494611614339953883107389269816984
0.51500000000000001332267629550187848508,0.99900535981078526138950079762926684551,0.0,0.00041480801909761659444481800248593428512,0.00020962860412331709484898724241219820007
0.52000000000000001776356839400250464678,0.99900531485407697224360586805114367151,0.0,0.0004063028375402291908719361659622334316,0.00020535179601778856292205037565894490788
0.52500000000000002220446049250313080847,0.99900526989736868309771093847302049827,0.0,0.00039788564989839443402101995156381425161,0.00020111903797590059404655761643661820522
0.53000000000000002664535259100375697017,0.99900522494066039395181600889489732578,0.0,0.00038955646062156090910650661777446116472,0.00019693033111707011878336650071973210748
0.53500000000000003108624468950438313186,0.99900517998395210480592107931677415253,0.0,0.00038131527411277065211409115861576320409,0.00019278567654907806389901407641856069021
0.54000000000000003552713678800500929356,0.99900513502724381566002614973865097928,0.0,0.00037316209472865333393273159196605533977,0.00018868507536806862012743302479879903485
0.54500000000000003996802888650563545525,0.99900509007053552651413122016052780604,0.0,0.00036509692677942050558470374026512725966,0.00018462852865854851761040768772413470472
0.55000000000000004440892098500626161695,0.99900504511382723736823629058240463355,0.0,0.0003571197745288599045678878500059375083,0.00018061603749338630901766378802603688038
0.55500000000000004884981308350688777864,0.9990050001571189482223413610042814603,0.0,0.00034923064219432982232431944168451923296,0.00017664760293381166034747617770400832888
0.56000000000000005329070518200751394033,0.99900495520041065907644643142615828706,0.0,0.00034142953394675353284888677159630085272,0.00017272322602941464940866949430569052243
0.56499999999999994670929481799248605967,0.99900491024370236993154974130111444051,0.0,0.00033371645391061395273934841858357076084,0.00016884290781814515765609219702208284928
0.56999999999999995115018691649311222136,0.99900486528699408078565481172299126802,0.0,0.00032609140616394750902185158531255188217,0.0001650066493263118403747960576270746762
0.57499999999999995559107901499373838305,0.99900482033028579163975988214486809477,0.0,0.00031855439473833977885068421410288636692,0.00016121445156858196517363895987205962626
0.57999999999999996003197111349436454475,0.99900477537357750249386495256674492228,0.0,0.0003111054236189194757995315681445928881,0.0001574663155479803955816008928352547254
0.58499999999999996447286321199499070644,0.99900473041686921334797002298862174828,0.0,0.00030374449674435335661599388642929402327,0.0001537622422558890145990673262882666579
0.58999999999999996891375531049561686814,0.99900468546016092420207509341049857579,0.0,0.0002964716180068410169542860991979068157,0.00015010223267204606928603014353534140644
0.59499999999999997335464740899624302983,0.99900464050345263505618016383237540255,0.0,0.00028928679125210974834105599472090339978,0.00014648628776454552303754077966168863592
0.59999999999999997779553950749686919153,0.9990045955467443459102852342542522293,0.0,0.00028219002027940945638700120758637463031,0.00014291440848983641554721474985265812083
0.60499999999999998223643160599749535322,0.99900455059003605676439030467612905681,0.0,0.00027518130884150764025681491503304936021,0.00013938659579272223045957728315816991139
0.60999999999999998667732370449812151492,0.99900450563332776761849537509800588281,0.0,0.00026826066064468443340983959459582473576,0.00013590285060636027071203030622374543641
0.61499999999999999111821580299874767661,0.99900446067661947847260044551988271032,0.0,0.00026142807934872770562365761402402977397,0.00013246317385226104156721154910949072615
0.61999999999999999555910790149937383831,0.99900441571991118932670551594175953707,0.0,0.00025468356856692822631269679368164146101,0.00012906756644028764133650707139018716733
0.625,0.99900437076320290018081058636363636458,0.0,0.00024802713186607488915377840303834703111,0.0001257160292686551597954690312919960333
0.63000000000000000444089209850062616169,0.99900432580649461103491565678551319058,0.0,0.00024145877276644999803038432700532300709,0.0001224085632239300842918810436929310281
0.63500000000000000888178419700125232339,0.99900428084978632188902072720739001809,0.0,0.00023497849474182461430726936535478089866,0.00011914516918102971354720399441395332637
0.64000000000000001332267629550187848508,0.99900423589307803274312579762926684484,0.0,0.00022858630121945396544689380988288167324,0.000115925848003221579152125698374055289
0.64500000000000001776356839400250464678,0.9990041909363697435972308680511436716,0.0,0.00022228219558007291497900057992698475848,0.00011275060054212287475692830789478571721
0.65000000000000002220446049250313080847,0.9990041459796614544513359384730204991,0.0,0.0002160661811578914938345102879260747746,0.00010961942763769989295737789473609884647
0.65500000000000002664535259100375697017,0.99900410102295316530544100889489732511,0.0,0.00020993826124059049305475665351356366678,0.00010653233011826746987683114534495304159
0.66000000000000003108624468950438313186,0.99900405606624487615954607931677415261,0.0,0.00020389843906931711788693368775071789447,0.00010348930880048843744524462331951921301
0.66500000000000003552713678800500929356,0.99900401110953658701365114973865097937,0.0,0.00019794671783868070327647502914318405681,0.00010049036448937308337576256625396315955
0.67000000000000003996802888650563545525,0.99900396615282829786775622016052780688,0.0,0.00019208310069674849076693473062920647044,9.7535497978278618839549695950324181282e-05
0.67500000000000004440892098500626161695,0.99900392119612000872186129058240463288,0.0,0.00018630759074504146681778767238311826321,9.4624710048908653839526031483812105448e-05
0.68000000000000004884981308350688777864,0.99900387623941171957596636100428145963,0.0,0.00018062019103853026255041660963875852655,9.1758001471312680283651203804677865404e-05
0.68500000000000005329070518200751394033,0.99900383128270343043007143142615828714,0.0,0.00017502090458563111493240165840207688618,8.8935373003885562758396278472474328953e-05
0.68999999999999994670929481799248605967,0.99900378632599514128517474130111444135,0.0,0.00016950973434820201080433040368521710635,8.6156825393367098209780958928937194171e-05
0.69499999999999995115018691649311222136,0.9990037413692868521392798117229912681,0.0,0.00016408668324153828343675035223163578304,8.3422359374841276313282991324482780012e-05
0.69999999999999995559107901499373838305,0.99900369641257856299338488214486809486,0.0,0.00015875175413436949232401581351623427462,8.073197567173616352853396049620706277e-05
0.70499999999999996003197111349436454475,0.99900365145587027384748995256674492161,0.0,0.00015350494984885513877302319451799071856,7.8085674995823176916317887613052192595e-05
0.70999999999999996447286321199499070644,0.99900360649916198470159502298862174912,0.0,0.00014834627316058105777631391470656771396,7.548345804721667560776759100332186884e-05
0.71499999999999996891375531049561686814,0.99900356154245369555570009341049857588,0.0,0.00014327572679855574803013784747381872424,7.2925325514373497791827982236840745542e-05
0.71999999999999997335464740899624302983,0.99900351658574540640980516383237540188,0.0,0.00013829331344520676345739274921876064563,7.0411278074092505407107034143064453914e-05
0.72499999999999997779553950749686919153,0.99900347162903711726391023425425222938,0.0,0.00013339903573637716624434443497055879479,6.7941316391514136538676446688725354428e-05
0.72999999999999998223643160599749535322,0.99900342667232882811801530467612905614,0.0,0.00012859289626132204139988091375387781565,6.551544112011996552037453384010620986e-05
0.73499999999999998667732370449812151492,0.99900338171562053897212037509800588365,0.0,0.0001238748975627050728459021165112840334,6.3133652901732270743154350640519438266e-05
0.73999999999999999111821580299874767661,0.9990033367589122498262254455198827104,0.0,0.00011924504213659518104729523489810764413,6.0795952366513610170010574761866834821e-05
0.74499999999999999555910790149937383831,0.99900329180220396068033051594175953716,0.0,0.00011470333243246322218979404125635125838,5.8502340132966404558009150759100257962e-05
0.75,0.99900324684549567153443558636363636391,0.0,0.00011024977085317874891386887915612391199,5.6252816807932528387934198186837326142e-05
0.75500000000000000444089209850062616169,0.99900320188878738238854065678551319142,0.0,0.00010588435975500683261264230066613749112,5.4047382986592908502057176647150389802e-05
0.76000000000000000888178419700125232339,0.99900315693207909324264572720739001817,0.0,0.00010160710144760494730167358157966400589,5.1886039252467130450523791745487498486e-05
0.76500000000000001332267629550187848508,0.99900311197537080409675079762926684417,0.0,9.7417998194019915068303569779840333129e-05,4.9768786177413052546844615856649352929e-05
0.77000000000000001776356839400250464678,0.99900306701866251495085586805114367168,0.0,9.331705221068491310809951537932581079e-05,4.7695624321626427632965886563587709564e-05
0.77500000000000002220446049250313080847,0.99900302206195422580496093847302049844,0.0,8.9304265667416542355787694815248664437e-05,4.5666554233640532554387433647362590193e-05
0.78000000000000002664535259100375697017,0.99900297710524593665906600889489732594,0.0,8.5379640687411957717909775322475018333e-05,4.368157645032580534578517259575490238e-05
0.78500000000000003108624468950438313186,0.9990029321485376475131710793167741527,0.0,8.1543179347246059914286971748024842181e-05,4.174069149688949012758608877963735729e-05
0.79000000000000003552713678800500929356,0.99900288719182935836727614973865097945,0.0,7.779488367686874893522412510863531817e-05,3.9843899886875289713934121739122160084e-05
0.79500000000000003996802888650563545525,0.99900284223512106922138122016052780621,0.0,7.4134755659602239121233882233889919916e-05,3.799120212216302593247584344459373808e-05
0.80000000000000004440892098500626161695,0.99900279727841278007548629058240463296,0.0,7.0562797232138435871909178881007050708e-05,3.6182598692968307656385307969866156156e-05
0.80500000000000004884981308350688777864,0.99900275232170449092959136100428146047,0.0,6.7079010284536373990420225456488038223e-05,3.4418090077842206549037932754747753469e-05
0.81000000000000005329070518200751394033,0.99900270736499620178369643142615828647,0.0,6.3683396660219717669960165536686104923e-05,3.2697676743670940521733753561122208775e-05
0.81499999999999994670929481799248605967,0.99900266240828791263879974130111444068,0.0,6.0375958155974394589245597240528849936e-05,3.1021359145675601637024433475839296861e-05
0.81999999999999995115018691649311222136,0.99900261745157962349290481172299126819,0.0,5.7156696521945927399548635344073565866e-05,2.9389137727411707085907268022935205748e-05
0.82499999999999995559107901499373838305,0.99900257249487133434700988214486809494,0.0,5.4025613461637559312796832191246886034e-05,2.7801012920769129117385460121506511723e-05
0.82999999999999996003197111349436454475,0.99900252753816304520111495256674492245,0.0,5.0982710631907704998536391029534849964e-05,2.6256985145971659486156696795197715984e-05
0.83499999999999996447286321199499070644,0.99900248258145475605522002298862174845,0.0,4.8027989642967833288495652927763209028e-05,2.475705481157676919254577359937150002e-05
0.83999999999999996891375531049561686814,0.99900243762474646690932509341049857596,0.0,4.5161452058380337139013659937567604624e-05,2.3301222314475338226398166118359391924e-05
0.84499999999999997335464740899624302983,0.99900239266803817776343016383237540271,0.0,4.2383099395056465275427740397651066389e-05,2.1889488039891393026558799490231685976e-05
0.84999999999999997779553950749686919153,0.99900234771132988861753523425425222947,0.0,3.9692933123254315523527202433773844618e-05,2.0521852361381851656260186467458363768e-05
0.85499999999999998223643160599749535322,0.99900230275462159947164030467612905622,0.0,3.7090954666576889833027988662243364577e-05,1.9198315640836276694734579979339786177e-05
0.85999999999999998667732370449812151492,0.99900225779791331032574537509800588298,0.0,3.457716540197021099787089239814949585e-05,1.791887822847663584535526099522090507e-05
0.86499999999999999111821580299874767661,0.99900221284120502117985044551988271049,0.0,3.2151566659721501077993663905499425328e-05,1.6683540462857070260602556715161002959e-05
0.86999999999999999555910790149937383831,0.99900216788449673203395551594175953724,0.0,2.9814159723457421527075045008635195723e-05,1.5492302670863670584140657755809589801e-05
0.875,0.99900212292778844288806058636363636475,0.0,2.7564945830142375030596462316860782264e-05,1.4345165167714260710281776072636849124e-05
0.88000000000000000444089209850062616169,0.99900207797108015374216565678551319075,0.0,2.5403926170076869058414784001163678463e-05,1.3242128256958189261104657884284374801e-05
0.88500000000000000888178419700125232339,0.9990020330143718645962707272073900175,0.0,2.3331101886895941135887203107487982505e-05,1.2183192230476128781484937859540909342e-05
0.89000000000000001332267629550187848508,0.99900198805766357545037579762926684501,0.0,2.1346474077567645837436952399498376925e-05,1.1168357368479882652285292311211960072e-05
0.89500000000000001776356839400250464678,0.99900194310095528630448086805114367177,0.0,1.9450043792391603506296182299557018118e-05,1.019762393951219972194382013284660199e-05
0.90000000000000002220446049250313080847,0.99900189814424699715858593847302049852,0.0,1.7641812034997610704009945244197820123e-05,9.2709922004465966566895507328159664969e-06
0.90500000000000002664535259100375697017,0.99900185318753870801269100889489732528,0.0,1.5921779762344312393132827294290890609e-05,8.3884623964871880096044482845137437516e-06
0.91000000000000003108624468950438313186,0.99900180823083041886679607931677415278,0.0,1.4289947884717935856397351744992691391e-05,7.5500347611685240087417512403786850381e-06
0.91500000000000003552713678800500929356,0.99900176327412212972090114973865097954,0.0,1.2746317265731086355480850371202869047e-05,6.755709516355436064500955269933049945e-06
0.92000000000000003996802888650563545525,0.99900171831741384057500622016052780629,0.0,1.1290888722321604532345056425400386686e-05,6.0054868722428899964502165970008708127e-06
0.92500000000000004440892098500626161695,0.99900167336070555142911129058240463305,0.0,9.9236630247514855559702201812855991785e-06,5.2993670273558469797774211476286420722e-06
0.93000000000000004884981308350688777864,0.9990016284039972622832163610042814598,0.0,8.6446408966058600171530832935559538846e-06,4.6373501685491322115416329968925180695e-06
0.93500000000000005329070518200751394033,0.99900158344728897313732143142615828731,0.0,7.4538230147920365738855731264009793756e-06,4.019436471007311296887103338655300393e-06
0.93999999999999994670929481799248605967,0.99900153849058068399242474130111444152,0.0,6.3512100095386298533302528443106370222e-06,3.4456260982445866068758290283932681975e-06
0.94499999999999995115018691649311222136,0.99900149353387239484652981172299126752,0.0,5.3368024643946306321336629124592623197e-06,2.9159192021046391197662302988912911383e-06
0.94999999999999995559107901499373838305,0.99900144857716410570063488214486809503,0.0,4.410600916228780644704362976484858734e-06,2.4303159227606044148961718926811207107e-06
0.95499999999999996003197111349436454475,0.99900140362045581655473995256674492178,0.0,3.5726058552287623627681188405799259629e-06,1.9888163887149279962847224730902817456e-06
0.95999999999999996447286321199499070644,0.99900135866374752740884502298862174929,0.0,2.8228177249005758882658274507912513698e-06,1.591420716799293511553635904722941897e-06
0.96499999999999996891375531049561686814,0.99900131370703923826295009341049857604,0.0,2.1612369220679521465308262100065194806e-06,1.2381290121745454607886841037568682004e-06
0.96999999999999997335464740899624302983,0.99900126875033094911705516383237540205,0.0,1.5878637968718278433948841619123294864e-06,9.2894136833061962623189093111847388627e-07
0.97499999999999997779553950749686919153,0.99900122379362265997116023425425222955,0.0,1.1026986527698821875196264673366370796e-06,6.6385786708648122289058024157058971815e-07
0.97999999999999998223643160599749535322,0.99900117883691437082526530467612905631,0.0,7.0574174653613537909760036131858984932e-07,4.4287857859007077013961672190598845274e-07
0.98499999999999998667732370449812151492,0.99900113388020608167937037509800588381,0.0,3.9699328826060886591464300244550037689e-07,2.6600356131825768438368352001109921525e-07
0.98999999999999999111821580299874767661,0.99900108892349779253347544551988270982,0.0,1.7645344134904736761265991295485887009e-07,1.3323286207680159283690590247163626633e-07
0.99499999999999999555910790149937383831,0.99900104396678950338758051594175953732,0.0,4.4122322522702668839367664336298428322e-08,4.4566516000321368467595300558283653706e-08
1.0,0.99900099901008121424168558636363636408,0.0,1.818179181818996694221157021154771509e-15,4.5465522718861463531317797063829585072e-12
