value,sup,dur,Y,S
0.0,7.5683825683497171666437808426727363966e-61,129.0,0.99604126356473749881158068547698459464,0.88888399640339364567959965223036112879
0.0050000000000000001040834085586084256647,2.9714091943939753555495435038347664182e-57,129.0,0.99576914331976019231862033588397071311,0.8863739398832232837069450634073425104
0.010000000000000000208166817117216851329,1.0764875668608991209675177486762188391e-52,129.0,0.99548871166215303321477394482687573911,0.88358257329364390657893005517730565188
0.014999999999999999444888487687421729788,3.5622718965407942457360757305349169833e-47,128.0,0.99519618220639890091371109367942451031,0.88132507014895566329837156700680140812
0.020000000000000000416333634234433702659,1.5626611072754140105165720330964970672e-42,128.0,0.99488937893149170463633877857781332588,0.87843152382274618185033225374650882953
0.02500000000000000138777878078144567553,4.8030914927331343291284492619106214621e-39,127.0,0.99456495316775114745339297436859011811,0.87578064464662176669939546103193057745
0.029999999999999998889776975374843459576,2.6353435536373685194999149829810551384e-36,127.0,0.99422497707364255901073359642313883662,0.87296416884308348882348788710840928299
0.035000000000000003330669073875469621271,4.4248307026514900565130556821202212801e-34,126.0,0.9938679496112582784823638868734131601,0.86988401809185547922094455000841470242
0.040000000000000000832667268468867405318,3.1792944687523654108254074081439598187e-32,126.0,0.99348214557048480487825951245154851392,0.86700757363358446219774320946866539675
0.044999999999999998334665463062265189365,1.214771884919316582948511697701790734e-30,125.0,0.99308001046079827495674425504832651238,0.86370600830046008154401763203078292625
0.050000000000000002775557561562891351059,2.8785065512853549842241362918013380161e-29,119.0,0.99264435828394497109456147781293526467,0.86054865816904946554516374594018429759
0.055000000000000000277555756156289135106,4.6990942464288977192402312549777504685e-28,112.0,0.9921873536007333992222917361835289165,0.85719000303007808832617259260045752311
0.059999999999999997779553950749686919153,5.6892780775779800476553442657334204694e-27,107.0,0.99168649397819346646338639097241011098,0.85341620762980313117753680828811440513
0.065000000000000002220446049250313080847,5.4583092960809342922923369706081526516e-26,101.0,0.99116352205776769500206170845529412386,0.8500802718272119640262366680739070638
0.070000000000000006661338147750939242542,4.3490357543307325791141586985403502323e-25,96.0,0.99059822870283394402610171572319415979,0.84621040665265626481863141865833785243
0.074999999999999997224442438437108648941,2.9505579651199370832642040262311902143e-24,92.0,0.98998522147859709365249639990171934349,0.84194630728574100299872988921044228063
0.080000000000000001665334536937734810635,1.7723451630761311634248601111913929751e-23,89.0,0.98932293196196550863525407542813780067,0.83799874410935791654821517103738206577
0.08500000000000000610622663543836097233,9.595293868461751021814158584648335374e-23,85.0,0.9886085390357773656791049573161995861,0.83380520989937701568070202210230044571
0.089999999999999996669330926124530378729,4.7962798582174981838371580762138317299e-22,82.0,0.98783738093658307549614403110002034193,0.82931807002321253445808201087466754246
0.095000000000000001110223024625156540424,2.2492198318140869649243940147590714522e-21,80.0,0.9870020658970735427448617597549907707,0.82457121734753161816396730125087744588
0.10000000000000000555111512312578270212,1.0079801548280649384387162608366360921e-20,77.0,0.98609112150453165562933139907168230414,0.81954984594051943683701507023838732054
0.10499999999999999611421941381195210852,4.371322910684812504187902850758547516e-20,75.0,0.98508692517942436022267842073358849123,0.81417601940385770507864709444772638515
0.11000000000000000055511151231257827021,1.8705604895159504611987841828512005627e-19,73.0,0.9839866224022411361510128723860883591,0.80850824124421448478033842963493183761
0.11500000000000000499600361081320443191,7.8564075774877507062648860118081607612e-19,70.0,0.98277998545735387997262009579743251151,0.80291337607715424323987798467013061199
0.11999999999999999555910790149937383831,3.3556008905517944236188300197741631974e-18,69.0,0.98144324251306983716491586041858383732,0.79644881516902146871956938578599348186
0.125,1.4598324145616295482323249990545834273e-17,67.0,0.97994912063791420881454951240188118507,0.79008074664934205550000815487284414445
0.13000000000000000444089209850062616169,6.5392035778705013078731426715791646927e-17,65.0,0.97828240465134687357451185152717940108,0.78299834782831267815303182696547025468
0.13500000000000000888178419700125232339,3.0898918394550008534321629375026898708e-16,63.0,0.9764099807624217735196939066100307295,0.77544984099884760222301563225723319565
0.14000000000000001332267629550187848508,1.5608916908542458693992153448008294669e-15,62.0,0.97426889160723104513465384460951074098,0.76739125283482283495571890675232769487
0.14499999999999999000799277837359113619,8.6087535662403672923131099962435089367e-15,61.0,0.97185096918824113987273461790637442245,0.75839770583404761604763819541111059752
0.14999999999999999444888487687421729788,5.2898526332251808162884684315600569018e-14,59.0,0.96904922998723541887336413396757543182,0.74914894217998627440273373783006545308
0.15499999999999999888977697537484345958,3.7248642772613118947513040753622768959e-13,56.0,0.96576962878041094293499792646974001041,0.73878467939003944940058939785839207797
0.16000000000000000333066907387546962127,3.0891319665648932492759597987035209018e-12,56.0,0.96194076246817571056937396823401645216,0.72771223574766196621726621753624746119
0.16500000000000000777156117237609578297,3.1511808081741175118664540775792582369e-11,53.0,0.95737134841662958271406974657420478959,0.71530945015892089548498617345301723872
0.17000000000000001221245327087672194466,4.0498413763550183842195055889400096155e-10,51.0,0.95184382057031484356985391754287645067,0.70159704263401750608411285633163078048
0.17499999999999998889776975374843459576,6.9416521241927499274791672048630041221e-09,49.0,0.94504096934626452545909967903780714121,0.68618829729720299206318725726253293072
0.17999999999999999333866185224906075746,1.6355200780309013663074274394205480567e-07,46.0,0.93652698135069304311847833753067310369,0.66874086077493037156017386387620409941
0.18499999999999999777955395074968691915,5.2794356228398188916223419617171179059e-06,41.0,0.92563244190139458427331044699459522563,0.64870366291491434983826499799375176049
0.19000000000000000222044604925031308085,0.00020011015135651844669590247266658782714,33.0,0.91126133346169578133717674775061579945,0.62527898848174150371390882317418896859
0.19500000000000000666133814775093924254,0.0045048894135854480065101977873232412404,19.0,0.89177452268760848862152682456921306306,0.5971432991774037716407453980353843344
0.20000000000000001110223024625156540424,0.026515043704505635077574326952431995338,0.0,0.86414803794478823809316572054100650215,0.56224209672756785630016722880712267084
0.20499999999999998778754672912327805534,0.12194078746208363539713297560773961228,0.0,0.78393718601979008201240858875255048617,0.49936285037930583496448700427054652796
0.20999999999999999222843882762390421703,0.46457236090837275158632020310707808631,0.0,0.48368084829824081849204621054047599481,0.25598356944851302790829753185752478557
0.21499999999999999666933092612453037873,0.84657034186649859598225852383660783127,0.0,0.13936843977963044187369178828057191417,0.060442694650807090644420303515189236934
0.22000000000000000111022302462515654042,0.97311232689360584933888670707807100966,0.0,0.024190536403145855551779322091447991839,0.0098696560196055534014757903190705564277
0.22500000000000000555111512312578270212,0.99589531547729022982739473571997260499,0.0,0.0036414365987088893964316504347643228043,0.0014703564393158288157082641450476493822
0.23000000000000000999200722162640886381,0.99863388114171192185943772254208937883,0.0,0.0012027541620039705367377797071195862416,0.00050047948499895862376158303005969233812
0.23499999999999998667732370449812151492,0.99874051304837697216430519723636794167,0.0,0.0011102645258313904978047841174882714641,0.00049402741646090323151668893764894239664
0.23999999999999999111821580299874767661,0.9988012368524425435438525368073350332,0.0,0.0010587681486143608631042103121955197992,0.00048761714402973949891468336034625106636
0.24499999999999999555910790149937383831,0.99883965614660509169497832493983625981,0.0,0.0010271449735046381206997772952355612407,0.00048124866934336474613319399453417994445
0.25,0.99886683515242860413590677728551545098,0.0,0.0010089279608592503351281280280202822362,0.00047492199402920829968796297309993567334
0.25500000000000000444089209850062616169,0.99888882589925494018496574447923923189,0.0,0.00099597274487566057991868128883773533998,0.00046863711970423050119773632654963469036
0.26000000000000000888178419700125232339,0.99890153461395848832995677313468109676,0.0,0.00098310089726014182987652706546228553695,0.00046239404797492168675840237406627057961
0.26500000000000001332267629550187848508,0.99891416179976112151408462094797496676,0.0,0.00097031242447077194383321866459223293446,0.00045619278043730117285975704621336198936
0.27000000000000001776356839400250464678,0.9989267074396059648165171143637848015,0.0,0.00095760733292404524382606862743609445455,0.0004500333186769162488460868328155204632
0.27500000000000002220446049250313080847,0.99893917151647627189674499090295328391,0.0,0.00094498562899486447708723783464731643829,0.00044391566426884117592175243145942472558
0.28000000000000002664535259100375697017,0.99895155401339544178180867477004484742,0.0,0.00093244731901653282969244541476977038781,0.00043783981877767619270294855174235148455
0.28499999999999997557509345824655611068,0.99896385491342703546822947426687482317,0.0,0.00091999240928074612970223958657953398356,0.00043180578375754659407595335487771596783
0.28999999999999998001598555674718227237,0.99897607419967479315620403554238767257,0.0,0.00090762090603758441200260111516254255394,0.00042581356075210148234393871015478725155
0.29499999999999998445687765524780843407,0.9989882118552826500697814840166570495,0.0,0.00089533281549550491670770809964351763606,0.00041986315129451319437173731237996211412
0.29999999999999998889776975374843459576,0.99900026786343475359433897557420335031,0.0,0.00088312814382133375559734352981251305838,0.00041395455690747606490471519920536158019
0.30499999999999999333866185224906075746,0.99900738745626195861706579951667543312,0.0,0.00087100689714025832308135353155204342403,0.00040808777910320553209212100725446749618
0.30999999999999999777955395074968691915,0.99900734471190549236122303868544981637,0.0,0.00085896908153581962019359553389610142069,0.00040226281938343718234016025359684230821
0.31500000000000000222044604925031308085,0.99900730196754902610538027785422419886,0.0,0.00084701470304990463037356278367106491943,0.00039647967923942580171926040579176843168
0.32000000000000000666133814775093924254,0.99900725922319255984953751702299858287,0.0,0.0008351437676827387470535003329157378843,0.0003907383601519444339266411545770864092
0.32500000000000001110223024625156540424,0.99900721647883609359369475619177296612,0.0,0.00082335628139287825306870779082769115884,0.00038503886359128344480529666354698140956
0.33000000000000001554312234475219156593,0.99900717373447962733785199536054734936,0.0,0.00081165225009720285190860423215438495074,0.00037938119101724959342048892834392099639
0.33500000000000001998401444325281772763,0.99900713099012316108200923452932173261,0.0,0.00080003167967090825082601068818444818752,0.00037376534387916510969484373399967268099
0.34000000000000002442490654175344388932,0.99900708824576669482616647369809611586,0.0,0.00078849457594749879582198561524150667771,0.00036819132361586677860313305311262233116
0.34499999999999997335464740899624302983,0.99900704550141022857079827055408672355,0.0,0.00077704094471878028522089295029970245872,0.00036265913165570509211529000476806970567
0.34999999999999997779553950749686919153,0.9990070027570537623149555097228611068,0.0,0.00076567079173485220074118556601917565793,0.00035716876941654310129949434203210332158
0.35499999999999998223643160599749535322,0.99900696001269729605911274889163549005,0.0,0.00075438412270410126117491285543722092452,0.00035172023830575588872047779996043190688
0.35999999999999998667732370449812151492,0.99900691726834082980326998806040987405,0.0,0.00074318094329319375547550929690641734745,0.00034631353972022943274065616624683279511
0.36499999999999999111821580299874767661,0.99900687452398436354742722722918425655,0.0,0.00073206125912706856500044727452374336756,0.00034094867504635978618119904107297388514
0.36999999999999999555910790149937383831,0.9990068317796278972915844663979586398,0.0,0.00072102507578893011010670381488887398109,0.00033562564566005219989726314803179720184
0.375,0.9990067890352714310357417055667330238,0.0,0.00071007239882024134873976178296840399628,0.00033034445292672025292028472834205840991
0.38000000000000000444089209850062616169,0.99900674629091496477989894473550740705,0.0,0.00069920323372071682703251837777213195057,0.00032510509820128498916835362110921502438
0.38500000000000000888178419700125232339,0.99900670354655849852405618390428178955,0.0,0.00068841758594831578193035316794882442609,0.00031990758282817406072568396856743767161
0.39000000000000001332267629550187848508,0.99900666080220203226821342307305617355,0.0,0.00067771546091923529585848724578514616216,0.00031475190814132087769218881950292039044
0.39500000000000001776356839400250464678,0.9990066180578455660123706622418305568,0.0,0.00066709686400790350344764435589106026147,0.0003096380754641637646041582364242428343
0.40000000000000002220446049250313080847,0.99900657531348909975652790141060494005,0.0,0.00065656180054697285033390407252668053114,0.00030456608610964512342703284252564958136
0.40500000000000002664535259100375697017,0.99900653256913263350068514057937932405,0.0,0.00064611027582731340404851625751833095784,0.00029953594138021060312125707309812511192
0.40999999999999997557509345824655611068,0.99900648982477616724531693743536993099,0.0,0.00063574229509800633165725275715193499304,0.00029454764256780833093113442028091556102
0.41499999999999998001598555674718227237,0.99900644708041970098947417660414431348,0.0,0.00062545786356633685537364676206377853079,0.00028960119095388787403937509523077901151
0.41999999999999998445687765524780843407,0.99900640433606323473363141577291869749,0.0,0.00061525698639778841045843938437853943776,0.0002846965878093997611454902939252738741
0.42499999999999998889776975374843459576,0.99900636159170676847778865494169308074,0.0,0.00060513966871603570326608329801392767281,0.00027983383439479445634408592926485895041
0.42999999999999999333866185224906075746,0.99900631884735030222194589411046746399,0.0,0.00059510591560293839838814971547256357141,0.00027501293196002161718414558283953026606
0.43499999999999999777955395074968691915,0.99900627610299383596610313327924184724,0.0,0.00058515573209853474240728984155700682315,0.00027023388174452930369360171074780743127
0.44000000000000000222044604925031308085,0.99900623335863736971026037244801623049,0.0,0.00057528912320103523984815373652621725465,0.00026549668497726319398366145334685328037
0.44500000000000000666133814775093924254,0.99900619061428090345441761161679061374,0.0,0.00056550609386681638134006699013445913776,0.00026080134287666580643380987682669861532
0.45000000000000001110223024625156540424,0.99900614786992443719857485078556499774,0.0,0.00055580664901041442400614424913632047129,0.00025614785665067572845840578691795474173
0.45500000000000001554312234475219156593,0.99900610512556797094273208995433938099,0.0,0.00054619079350451922409339722681329904273,0.00025153622749672685185577756573164138483
0.46000000000000001998401444325281772763,0.99900606238121150468688932912311376349,0.0,0.00053665853217996812185827335433082236515,0.00024696645660174761474071879170625679241
0.46500000000000002442490654175344388932,0.99900601963685503843104656829188814749,0.0,0.00052720986982573987872193971072243472304,0.00024243854514216025006127570991539522537
0.46999999999999997335464740899624302983,0.99900597689249857217567836514787875442,0.0,0.00051784481118894877021843123492115135466,0.00023795249428388009027350314803648971675
0.47499999999999997779553950749686919153,0.99900593414814210591983560431665313842,0.0,0.00050856336097483821276791306543252031033,0.00023350830518231463027354698356319358526
0.47999999999999998223643160599749535322,0.99900589140378563966399284348542752167,0.0,0.00049936552384677548156417398230837497553,0.00022910597898236309450361900786030122304
0.48499999999999998667732370449812151492,0.99900584865942917340815008265420190417,0.0,0.00049025130442624544012920748874639724932,0.00022474551681841551212927938002436413966
0.48999999999999999111821580299874767661,0.99900580591507270715230732182297628817,0.0,0.00048122070729284484346482449997162987966,0.00022042691981435204852833968512181148573
0.49499999999999999555910790149937383831,0.99900576317071624089646456099175067142,0.0,0.00047227373698427658912020430582269810986,0.00021615018908354229333170391620601146884
0.50,0.99900572042635977464062180016052505467,0.0,0.00046341039799634402062598616212476277028,0.00021191532572884455505453024162946187966
0.50500000000000000444089209850062616169,0.99900567768200330838477903932929943792,0.0,0.00045463069478294528330824206442451396282,0.00020772233084260516231854402372282165676
0.51000000000000000888178419700125232339,0.99900563493764684212893627849807382117,0.0,0.00044593463175606773249554926668566253286,0.00020357120550665777166632484755567190197
0.51500000000000001332267629550187848508,0.99900559219329037587309351766684820442,0.0,0.00043732221328578239413225906684517782934,0.00019946195079232268196838260958325193764
0.52000000000000001776356839400250464678,0.99900554944893390961725075683562258842,0.0,0.00042879344370023847781093629116692261006,0.0001953945677604061554238300055334280866
0.52500000000000002220446049250313080847,0.99900550670457744336140799600439697167,0.0,0.00042034832728565794223682177055658905327,0.00019136905746119974515545104491329871244
0.53000000000000002664535259100375697017,0.99900546396022097710556523517317135417,0.0,0.00041198686828633011313704791487645242541,0.00018738542093447962939995750602960149332
0.53500000000000003108624468950438313186,0.99900542121586451084972247434194573817,0.0,0.00040370907090460635362721525627720632405,0.00018344365920950595229421753043595506385
0.54000000000000003552713678800500929356,0.99900537847150804459387971351072012142,0.0,0.00039551493930089478704781555010406531839,0.00017954377330502217125823283925742824782
0.54500000000000003996802888650563545525,0.99900533572715157833803695267949450467,0.0,0.00038740447759365507228286469249271806196,0.00017568576422925441097563333591348146221
0.55000000000000004440892098500626161695,0.99900529298279511208219419184826888868,0.0,0.00037937768985939323157298633780514724626,0.00017186963297991082397245014037846589242
0.55500000000000004884981308350688777864,0.99900525023843864582635143101704327117,0.0,0.00037143458013265653083506467702361870085,0.0001680953805441809577949203792991001258
0.56000000000000005329070518200751394033,0.99900520749408217957050867018581765442,0.0,0.0003635751524060284125004623705813518358,0.00016436300789873512878706933404517847997
0.56499999999999994670929481799248605967,0.99900516474972571331561502472902448579,0.0,0.0003557994106301236526106984785745727123,0.00016067251600972388394921227919954636663
0.56999999999999995115018691649311222136,0.99900512200536924705977226389779886904,0.0,0.00034810735871358270996187787822460447716,0.00015702390583277706106570808772556933663
0.57499999999999995559107901499373838305,0.99900507926101278080392950306657325305,0.0,0.00034049900052306785250639183189473480713,0.00015341717831300367395858973541167167883
0.57999999999999996003197111349436454475,0.9990050365166563145480867422353476363,0.0,0.00033297433988325760789999803498949530732,0.00014985233438499098396006750455389200197
0.58499999999999996447286321199499070644,0.99900499377229984829224398140412201879,0.0,0.00032553338057684213269378101979659690015,0.00014632937497280398911026628078328034124
0.58999999999999996891375531049561686814,0.99900495102794338203640122057289640279,0.0,0.00031817612634451846052881305908875341713,0.00014284830098998483754869687100925093025
0.59499999999999997335464740899624302983,0.99900490828358691578055845974167078604,0.0,0.0003109025808849858029299193498292558362,0.00013940911333955224751050755450410601778
0.59999999999999997779553950749686919153,0.99900486553923044952471569891044516929,0.0,0.00030371274785494090270956214250114424999,0.0001360118129140009339281996417594464471
0.60499999999999998223643160599749535322,0.99900482279487398326887293807921955254,0.0,0.00029660663086907343999273562412123312042,0.0001326564005953010416394830813448928846
0.60999999999999998667732370449812151492,0.99900478005051751701303017724799393579,0.0,0.00028958423350006149087364046452771194478,0.00012934287725489758520194041932113420044
0.61499999999999999111821580299874767661,0.99900473730616105075718741641676831904,0.0,0.00028264555927856703871478399650426849202,0.00012607124375370989531515967881734512126
0.61999999999999999555910790149937383831,0.99900469456180458450134465558554270305,0.0,0.00027579061169323153809902902118558957302,0.00012284150094213107185098898919202588858
0.625,0.9990046518174481182455018947543170863,0.0,0.00026901939419067153144499121143983036705,0.00011965364966002744349255805477086783869
0.63000000000000000444089209850062616169,0.99900460907309165198965913392309146879,0.0,0.00026233191017547431829606202800457223967,0.00011650769073673803398270381250989934926
0.63500000000000000888178419700125232339,0.9990045663287351857338163730918658528,0.0,0.00025572816301019367729321096652549126806,0.00011340362499107403498242988608147889606
0.64000000000000001332267629550187848508,0.99900452358437871947797361226064023605,0.0,0.000249208156015345640841597818773229979,0.00011034145323131828554002170083924157341
0.64500000000000001776356839400250464678,0.9990044808400222532221308514294146193,0.0,0.00024277189246940432248090245865580865364,0.000107321176255224758171431379900441278
0.65000000000000002220446049250313080847,0.99900443809566578696628809059818900255,0.0,0.00023641937560879779696915645366354436684,0.00010434279485001805155253879620483509927
0.65500000000000002664535259100375697017,0.9990043953513093207104453297669633858,0.0,0.00023015060862790403308973755554328621066,0.00010140630979239288982388740888290459542
0.66000000000000003108624468950438313186,0.99900435260695285445460256893573776904,0.0,0.00022396559467904687919106484076144787523,9.8511721848513628508485764607379230763e-05
0.66500000000000003552713678800500929356,0.99900430986259638819875980810451215305,0.0,0.00021786433687249210146840895214364917949,9.5659031774013767043257795825301981561e-05
0.67000000000000003996802888650563545525,0.9990042671182399219429170472732865363,0.0,0.00021184683827644347499710853843578975966,9.2848240313995467924717297887840816051e-05
0.67500000000000004440892098500626161695,0.99900422437388345568707428644206091879,0.0,0.0002059131019170389275263605988802905587,9.0079348203029082469434216126290283132e-05
0.68000000000000004884981308350688777864,0.9990041816295269894312315256108353028,0.0,0.00020006313077834673604262901570546497837,8.7352356165152683189852621879815716276e-05
0.68500000000000005329070518200751394033,0.99900413888517052317538876477960968605,0.0,0.00019429692780236177611159209914912540029,8.4667264913871602786012503378062417188e-05
0.68999999999999994670929481799248605967,0.99900409614081405692049511932281651742,0.0,0.00018861449588900194925269454393514489011,8.202407515215803797911725198836799339e-05
0.69499999999999995115018691649311222136,0.99900405339645759066465235849159090067,0.0,0.00018301583789610403502318308364579228581,7.9422787572450367904675453336260683714e-05
0.69999999999999995559107901499373838305,0.99900401065210112440880959766036528392,0.0,0.00017750095663942085580006565122654476115,7.6863402856653065098808223356223780517e-05
0.70499999999999996003197111349436454475,0.99900396790774465815296683682913966717,0.0,0.00017206985489261723076144729553869092259,7.4345921676136025266123803304986824161e-05
0.70999999999999996447286321199499070644,0.99900392516338819189712407599791405042,0.0,0.00016672253538726661635605299222232118829,7.1870344691734198514774087578217813229e-05
0.71499999999999996891375531049561686814,0.99900388241903172564128131516668843367,0.0,0.00016145900081284767249682874016138268127,6.9436672553747168054759644128817214562e-05
0.71999999999999997335464740899624302983,0.99900383967467525938543855433546281767,0.0,0.00015627925381674088159206784571043433545,6.7044905901938735515786258258714626918e-05
0.72499999999999997779553950749686919153,0.99900379693031879312959579350423720017,0.0,0.0001511832970042252204219943818638110097,6.4695045365536512885163064476681729863e-05
0.72999999999999998223643160599749535322,0.99900375418596232687375303267301158342,0.0,0.00014617113293847488486861206543370648885,6.238709156323152106622456913359477267e-05
0.73499999999999998667732370449812151492,0.99900371144160586061791027184178596742,0.0,0.00014124276414055606750650302175437716226,6.0121045103177795057751103652054655139e-05
0.73999999999999999111821580299874767661,0.99900366869724939436206751101056035067,0.0,0.00013639819308942378806213710391078525633,5.7896906582991995754854484373926555575e-05
0.74499999999999999555910790149937383831,0.99900362595289292810622475017933473392,0.0,0.00013163742222191877674912860246723757003,5.5714676589753028371787890371820544668e-05
0.75,0.99900358320853646185038198934810911717,0.0,0.00012696045393276441048675332261078474979,5.3574355700001667487131205023428564549e-05
0.75500000000000000444089209850062616169,0.99900354046417999559453922851688350042,0.0,0.00012236729057456370200891511899133466142,5.1475944479740188711795300745592891664e-05
0.76000000000000000888178419700125232339,0.99900349771982352933869646768565788367,0.0,0.00011785793445779634187062706480176088332,4.9419443484432006980280979042640394851e-05
0.76500000000000001332267629550187848508,0.99900345497546706308285370685443226767,0.0,0.00011343238785081579335894849126306334203,4.7404853259001321465620509955511596633e-05
0.77000000000000001776356839400250464678,0.99900341223111059682701094602320665017,0.0,0.00010909065297984644031519516712831952022,4.5432174337832767118421946119182028386e-05
0.77500000000000002220446049250313080847,0.99900336948675413057116818519198103342,0.0,0.00010483273202898078787511589556135287348,4.3501407244771072830428616960456210123e-05
0.78000000000000002664535259100375697017,0.99900332674239766431532542436075541742,0.0,0.00010065862714017671613360478824848398469,4.1612552493120726222998438111054557753e-05
0.78500000000000003108624468950438313186,0.99900328399804119805948266352952980067,0.0,9.6568340413254786740394434331302613292e-05,3.9765610585645645060899899886655539315e-05
0.79000000000000003552713678800500929356,0.99900324125368473180363990269830418392,0.0,9.2561873905895602433051115172125616203e-05,3.7960582014568855291813826705846572865e-05
0.79500000000000003996802888650563545525,0.99900319850932826554779714186707856717,0.0,8.8639229633637219513469125548841193486e-05,3.6197467261572175711922226608426599811e-05
0.80000000000000004440892098500626161695,0.99900315576497179929195438103585295042,0.0,8.4800409569872613273937148089470726661e-05,3.4476266797795909257957776594842207588e-05
0.80500000000000004884981308350688777864,0.99900311302061533303611162020462733367,0.0,8.1045415645847196378725491066421257469e-05,3.2796981083838540926079715362380825073e-05
0.81000000000000005329070518200751394033,0.99900307027625886678026885937340171767,0.0,7.7374249750656390207018840543596915266e-05,3.1159610569756442317934140173744035727e-05
0.81499999999999994670929481799248605967,0.99900302753190240052537521391660854829,0.0,7.3786913731243327887043894646434427377e-05,2.956415569506361777510338781185615006e-05
0.81999999999999995115018691649311222136,0.99900298478754593426953245308538293229,0.0,7.028340939239621482061779571649790026e-05,2.8010616888731281406431823811914706972e-05
0.82499999999999995559107901499373838305,0.99900294204318946801368969225415731479,0.0,6.6863738496746536873049023404986514079e-05,2.6498994569187794075012257394327044854e-05
0.82999999999999996003197111349436454475,0.99900289929883300175784693142293169804,0.0,6.3527902764766523136326564739808222624e-05,2.502928914431825182082394370941371202e-05
0.83499999999999996447286321199499070644,0.99900285655447653550200417059170608204,0.0,6.0275903874767062747369177732997314071e-05,2.3601501011464259439386105408112567917e-05
0.83999999999999996891375531049561686814,0.99900281381012006924616140976048046529,0.0,5.710774346289559411439328028418041463e-05,2.221563055742367479800711098261858248e-05
0.84499999999999997335464740899624302983,0.99900277106576360299031864892925484779,0.0,5.4023423123134047141920668417086968216e-05,2.0871678158450359781506283664473224118e-05
0.84999999999999997779553950749686919153,0.99900272832140713673447588809802923179,0.0,5.1022944407296838459256690260609066975e-05,1.9569644180253937867704115676645148763e-05
0.85499999999999998223643160599749535322,0.99900268557705067047863312726680361504,0.0,4.8106308825028919657145162190124480977e-05,1.8309528977999558332968882211351982733e-05
0.85999999999999998667732370449812151492,0.99900264283269420422279036643557799829,0.0,4.5273517843803878537181955794382331965e-05,1.7091332896307667088099868533390037707e-05
0.86499999999999999111821580299874767661,0.99900260008833773796694760560435238229,0.0,4.2524572888922093378444809296978341143e-05,1.5915056269253784144819642104238933924e-05
0.86999999999999999555910790149937383831,0.99900255734398127171110484477312676479,0.0,3.9859475343508940225672525208176901236e-05,1.4780699420368287713140019599866972715e-05
0.875,0.99900251459962480545526208394190114804,0.0,3.7278226548513053203202307781524352668e-05,1.3688262662636204929858596169657750817e-05
0.88000000000000000444089209850062616169,0.99900247185526833919941932311067553204,0.0,3.4780827802704637858749569769386191612e-05,1.2637746298497009218434921269887410268e-05
0.88500000000000000888178419700125232339,0.99900242911091187294357656227944991529,0.0,3.2367280362673837540990098481362821383e-05,1.1629150619844424280487621917384889069e-05
0.89000000000000001332267629550187848508,0.99900238636655540668773380144822429854,0.0,3.0037585442829152814780016718711414512e-05,1.0662475908026234719145990262085722319e-05
0.89500000000000001776356839400250464678,0.99900234362219894043189104061699868179,0.0,2.7791744215395913917724505255725722115e-05,9.7377224338441032944817679858257577997e-06
0.90000000000000002220446049250313080847,0.99900230087784247417604827978577306504,0.0,2.5629757810414806261681770634881543114e-05,8.8548904575533948112390752135982443591e-06
0.90500000000000002664535259100375697017,0.99900225813348600792020551895454744829,0.0,2.3551627315740448982664245605900863777e-05,8.0139802288630066390726463873009845831e-06
0.91000000000000003108624468950438313186,0.99900221538912954166436275812332183229,0.0,2.1557353777040026542474500039255038972e-05,7.2149919869352058654967499154156137798e-06
0.91500000000000003552713678800500929356,0.99900217264477307540851999729209621479,0.0,1.9646938197791973385288818051621807654e-05,6.4579259603854730817393823897757016856e-06
0.92000000000000003996802888650563545525,0.99900212990041660915267723646087059804,0.0,1.7820381539284711652276862864107044199e-05,5.7427823672823528016885417672824668924e-06
0.92500000000000004440892098500626161695,0.99900208715606014289683447562964498204,0.0,1.6077684720615441957221305043381714746e-05,5.0695614151473105141095971648056742509e-06
0.93000000000000004884981308350688777864,0.99900204441170367664099171479841936529,0.0,1.4418848618688987225976732721073763073e-05,4.4382633009545963683049858242529792996e-06
0.93500000000000005329070518200751394033,0.99900200166734721038514895396719374854,0.0,1.2843874068216689602482594617661741878e-05,3.8488882111311154933796803865947628632e-06
0.93999999999999994670929481799248605967,0.99900195892299074413025530851040057991,0.0,1.1352761861715392602197744503979151593e-05,3.3014363215563166416996704541979192287e-06
0.94499999999999995115018691649311222136,0.99900191617863427787441254767917496241,0.0,9.9455127495063135836150152873711378218e-06,2.7959077975620280832143221663760709862e-06
0.94999999999999995559107901499373838305,0.99900187343427781161856978684794934641,0.0,8.6221274397142985250564024926083088942e-06,2.3323027939324207616905647745719929215e-06
0.95499999999999996003197111349436454475,0.99900183068992134536272702601672372966,0.0,7.3826065982667969220514607472585577073e-06,1.9106214549038555954982143831387121369e-06
0.95999999999999996447286321199499070644,0.99900178794556487910688426518549811291,0.0,6.2269508488930581028850962467768919767e-06,1.5308639141647995883988659765890035886e-06
0.96499999999999996891375531049561686814,0.99900174520120841285104150435427249691,0.0,5.155160773123346583967447319966488585e-06,1.1930302948557359534421555506485450494e-06
0.96999999999999997335464740899624302983,0.99900170245685194659519874352304687941,0.0,4.1672369102882105072723547468689487349e-06,8.9712070956908087139382243670840474912e-07
0.97499999999999997779553950749686919153,0.99900165971249548033935598269182126266,0.0,3.2631797575178031615623011909727061822e-06,6.4313526034910688379670560620849142798e-07
0.97999999999999998223643160599749535322,0.99900161696813901408351322186059564666,0.0,2.4429897697412575889930560629882525128e-06,4.3107403869187292075801804205010682994e-07
0.98499999999999998667732370449812151492,0.99900157422378254782767046102937002991,0.0,1.706667359686114278566613076029997285e-06,2.6093712554516096354845338471553828236e-07
0.98999999999999999111821580299874767661,0.99900153147942608157182770019814441241,0.0,1.054212897877801947776353152244525047e-06,1.3272459130841934209088901606468489161e-07
0.99499999999999999555910790149937383831,0.99900148873506961531598493936691879641,0.0,4.8562671263917141366370566914176985756e-07,4.6436495832712667408659548482459042002e-08
1.0,0.99900144599071314906014217853569317966,0.0,9.0909009008255438091676055529800122974e-10,2.0728884206783990955843558660037405416e-09
