value,sup,dur,Y,S
0.0,2.5019756555378883310389460052981141591e-77,130.0,0.99604088457808246582391958910242413298,0.88881968448054698040653630109176882525
0.0050000000000000001040834085586084256647,6.6896556353650961803014372716414922999e-74,130.0,0.9957556677019056930159286842903877221,0.88856921706369573404263480209576819409
0.010000000000000000208166817117216851329,3.1523923272004930633198371247878939547e-69,129.0,0.99547078522922254093331422304341833604,0.88816052583504204079885486285183820013
0.014999999999999999444888487687421729788,3.308488332301345845819085573875831173e-63,129.0,0.99517456112832228090875214072172860474,0.8875861143234313277627432331839630271
0.020000000000000000416333634234433702659,1.3064331437057689979040215471932182737e-56,129.0,0.99487748542709310455818696550152172445,0.88715374878343607310410591650306022127
0.02500000000000000138777878078144567553,1.4279336546705724522792110490742917186e-51,129.0,0.99456802611793218591675714699503372462,0.88699572352938071612869615193686407273
0.029999999999999998889776975374843459576,1.0808823635450657385885064998025566564e-47,129.0,0.99424544968072140550191451557338720444,0.88665048545593913115325107472859665055
0.035000000000000003330669073875469621271,1.3368135446746400212432639229346368948e-44,129.0,0.99390932159713804766508493719753426044,0.88610849552264724888781925079960910143
0.040000000000000000832667268468867405318,4.5302225057501019144855659845275829869e-42,128.0,0.99355908210211903873214659564920347895,0.88535985430312309414475165093047035335
0.044999999999999998334665463062265189365,5.9356956522218338023133234964711728832e-40,128.0,0.99319400626967331512420268758910842341,0.88519382488803874657340291365906244007
0.050000000000000002775557561562891351059,3.8128910500198905052181485253524459727e-38,128.0,0.99281315693907407145080813927320173172,0.88483705507539624065499983054343811816
0.055000000000000000277555756156289135106,1.3935526521119406935170580709283883388e-36,128.0,0.99241532962729726532915643588147512962,0.88424437352277722285499629851957731073
0.059999999999999997779553950749686919153,3.3015138428614014530644270273218448795e-35,122.0,0.99199898840488573051091569249626263415,0.88340317558143782668328743955781596005
0.065000000000000002220446049250313080847,5.4822114317379929580824158474526798497e-34,116.0,0.99156219146774289412951096896258181557,0.88318272446362821575022077795156190632
0.070000000000000006661338147750939242542,6.8871561537295720375754716296355721223e-33,111.0,0.99110250479566665627804210696686772635,0.88270405866755152242615041839167429422
0.074999999999999997224442438437108648941,6.8537335666406364095384631087648674718e-32,107.0,0.99061690182828988495131859391822906742,0.88193936362679676328799169622078109018
0.080000000000000001665334536937734810635,5.6220316796198907939705098096398838112e-31,102.0,0.99010164648970410497871475159391497818,0.88126861732344001111486966641675531384
0.08500000000000000610622663543836097233,3.9432484965724392741067898063037322913e-30,99.0,0.98955215613499749359226444428384726567,0.88084150244858527176026215616786299448
0.089999999999999996669330926124530378729,2.4215086617110831041310994850205342653e-29,96.0,0.98898852612027542810558230129531564886,0.88008299147716911894195081191483105085
0.095000000000000001110223024625156540424,1.3348474245233894102020632874974703797e-28,93.0,0.98840603385319183380983988116927941552,0.87916437549019697439528193542930283426
0.10000000000000000555111512312578270212,6.7099330878730405383433624976037642102e-28,90.0,0.98778348123370573117679522170459731881,0.87870081012713377156506263980037540211
0.10499999999999999611421941381195210852,3.1314289947421942781524412760765928948e-27,88.0,0.98711344154023625941124233685757282971,0.87785045619141762555667071721620914271
0.11000000000000000055511151231257827021,1.3641198333141926119177001649313902395e-26,87.0,0.9863868607897637083090073432075588772,0.87686580895377154032392580881577963314
0.11500000000000000499600361081320443191,5.6130520057568389724121340169410013822e-26,84.0,0.98565523157369921659269114795090179283,0.87624560638844846086325478606359685907
0.11999999999999999555910790149937383831,2.2098780589691937301231629230822970225e-25,83.0,0.98488643667995496778320493887279258032,0.87517033626326674676218954510401369356
0.125,8.4236611535243652404257590993805045873e-25,82.0,0.98404573438100308812403980393623747221,0.87427027329605117294237008248830504932
0.13000000000000000444089209850062616169,3.0655018992483305299467915778767408922e-24,80.0,0.98311789334821065265115236581086971373,0.87333231731375557157649896043005044131
0.13500000000000000888178419700125232339,1.0895389001026717821721464884483928307e-23,79.0,0.98222270731685058339652624003826196338,0.87201164422566079394721330950499316169
0.14000000000000001332267629550187848508,3.7901951783588846809566164416425649099e-23,79.0,0.98123129108563467506107219134289997746,0.87114606341630000467407556668212721453
0.14499999999999999000799277837359113619,1.2944813929243415154866882639610582042e-22,77.0,0.98012183294892008116954043639344733039,0.86967618913298942311478947268974362064
0.14999999999999999444888487687421729788,4.3573630915485090923183343893552967008e-22,77.0,0.97903858153310746204526537002867319737,0.86864845446064516204236043033679329679
0.15499999999999999888977697537484345958,1.4521065802492208354941598015511479089e-21,76.0,0.97783541306515926098917919647389699542,0.86709251024429447674939923029851419412
0.16000000000000000333066907387546962127,4.8000937002985407276580769642817369698e-21,76.0,0.97651797909129689547411984880404325516,0.86583404024259925488144050507703633426
0.16500000000000000777156117237609578297,1.5634391588989602055706788910504866857e-20,76.0,0.97519744816659192762235961229943469312,0.86407290236694547870230858642809306897
0.17000000000000001221245327087672194466,5.1078220620784057438752779774650158716e-20,76.0,0.97367740269898222100880225619226248438,0.86264593284218792525383350732536582205
0.17499999999999998889776975374843459576,1.6803368460981770783931588562258916246e-19,76.0,0.972171563787856905480297951362819697,0.860624018318306452403023319486161723
0.17999999999999999333866185224906075746,5.4798059403976920750048530604372713209e-19,77.0,0.97045589069024868461075903852887998133,0.85896514498939573144770871178431791417
0.18499999999999999777955395074968691915,1.822553043973008022028845441860983144e-18,76.0,0.96870594740437271322783428742499751176,0.85687417760425044323085117405812316781
0.19000000000000000222044604925031308085,6.052960579888609572122775229009295418e-18,77.0,0.96672752306536486595129880585935259314,0.85459720528164433055463029862483569569
0.19500000000000000666133814775093924254,2.0603191063359373200459144086718224156e-17,77.0,0.96472197135838760820333411129002834401,0.85240408441529927336068218611061167537
0.20000000000000001110223024625156540424,7.0863258165899294672826347413076686012e-17,78.0,0.96242755249730100641159296603873588028,0.84979711381625718426916763841367129339
0.20499999999999998778754672912327805534,2.4991020493366820495171272432063092794e-16,79.0,0.96009622367160499574303342255297146806,0.84687444675350147299268705167815128999
0.20999999999999999222843882762390421703,9.0898941552310625420693667465965886414e-16,79.0,0.95751572649974840893336147625743619656,0.84408071726896386033121520542144225647
0.21499999999999999666933092612453037873,3.3823921960881945391117815614376598738e-15,79.0,0.95464640757809986161132338391570696671,0.84090963598080850042986397725209589639
0.22000000000000000111022302462515654042,1.3067575696372820805530394869088106489e-14,79.0,0.95170544862793191188130347364916044433,0.83738586431484845935418773778786471501
0.22500000000000000555111512312578270212,5.2653832634584730973401498854438252608e-14,78.0,0.94846657909294487294119656042634400183,0.83352089852134005588227469238253860688
0.23000000000000000999200722162640886381,2.2048204222244821140133033633462358077e-13,78.0,0.94491318235958599393904851347073077011,0.82931211762255632304797388117650191623
0.23499999999999998667732370449812151492,9.6614926443357884242265335743161909197e-13,79.0,0.94103747956906776186239142530543556931,0.82474159333107638481028071970384285884
0.23999999999999999111821580299874767661,4.4596144454933825761087288525005384341e-12,77.0,0.93682518658804725704418415027336710502,0.81977456007937898622251747853579952902
0.24499999999999999555910790149937383831,2.1469054272561144056406988370856690107e-11,76.0,0.93225319454351049655933864088022016752,0.81435740277737655196318468534714695357
0.25,1.0907654240051576796900221577682601772e-10,75.0,0.92728655143148952503226537676495005699,0.80841497724253511637694749780672368818
0.25500000000000000444089209850062616169,5.7776809231097730901272838376100244517e-10,74.0,0.92187459902649153111371291039419125034,0.80184703088630027096990973291569505512
0.26000000000000000888178419700125232339,3.2115526669819075296526415735058424166e-09,71.0,0.91594603740981789211911159099549581258,0.79452343867080012693031386679397913893
0.26500000000000001332267629550187848508,1.8432712207904155821253829454106753223e-08,68.0,0.90940258037038398190046023330896086658,0.78652160850321781663270386621515018038
0.27000000000000001776356839400250464678,1.0913818683181219496812111739326929244e-07,64.0,0.90211072709743040077189195657983587717,0.77779008805025221204324520541573548668
0.27500000000000002220446049250313080847,6.5944116035796504083829505547043527023e-07,59.0,0.89424742097161858369949849537851675919,0.7679555869661453212885186562612342351
0.28000000000000002664535259100375697017,3.9751312600063341935405235764597276617e-06,53.0,0.88539145856651321866695912672038357032,0.75724815956079656136159149201533540086
0.28499999999999997557509345824655611068,2.3402783770591908955044760633720554558e-05,46.0,0.87575168560686910171418243394355162937,0.74537971888528442401148337499284579838
0.28999999999999998001598555674718227237,0.00012981709180375787964012041673126838711,38.0,0.86496865856424397750280329074932112555,0.73218447643484272645450132877361519642
0.29499999999999998445687765524780843407,0.0006390789076690829652008289361520756132,31.0,0.85297256301714051767727872483806824931,0.71757808218841274662241290532125083243
0.29999999999999998889776975374843459576,0.0025709654484849877999466495437844746076,21.0,0.83960897409427717425614847211001682229,0.70137249014890430687102659676243487716
0.30499999999999999333866185224906075746,0.0078721256024475532665073985777005223098,10.0,0.82461431587454823550128477673915117176,0.68338390875573535933611255084302607519
0.30999999999999999777955395074968691915,0.018211118337304411119184105726389714557,0.0,0.80796537008805270897818320124202464566,0.66356530029580510064577009673192480294
0.31500000000000000222044604925031308085,0.033970768745460594586769770179609739149,0.0,0.78921352112367868265312997738779604831,0.64161596410511396109240531727685020978
0.32000000000000000666133814775093924254,0.054525612579564888787744344758519316332,0.0,0.76816276947038509289471443839115625353,0.61727838511144845204109203445404190649
0.32500000000000001110223024625156540424,0.079553721642402151949656717025544325036,0.0,0.74441452229792034059223160836007789012,0.59061359281626196336534102811868397248
0.33000000000000001554312234475219156593,0.10885946805890983935561136552856527018,0.0,0.71773110244358201210199983709918263804,0.56119841858906641229825913511140053586
0.33500000000000001998401444325281772763,0.14271894026483185617832268045017310191,0.0,0.68770715565575230735013447096784373808,0.52899888106539011746689568633228962153
0.34000000000000002442490654175344388932,0.18145240668424433010132756250779854425,0.0,0.6538187833760624812048374877775365629,0.49392122512537681775432512114431472479
0.34499999999999997335464740899624302983,0.2255292503404112498687072582320319496,0.0,0.61572625525020005437941597905818415405,0.45593802287171485779161408450536242625
0.34999999999999997779553950749686919153,0.27543310746474794418102757347110495782,0.0,0.57301095733599693169401141712581156664,0.41515611487995360254530857815329431834
0.35499999999999998223643160599749535322,0.33159024319812092920327642187821060064,0.0,0.52534121508280167184122768064237835715,0.37185406145284289396438285623538840613
0.35999999999999998667732370449812151492,0.39434580482155917296031200363796834086,0.0,0.47259590742231630548482637403093717163,0.32641663859318115359214455182748014243
0.36499999999999999111821580299874767661,0.46369517194733918209969246712252955285,0.0,0.41489248761148735434830735117575006742,0.27950499865286889919235505027684593815
0.36999999999999999555910790149937383831,0.54075831336654473747087205260999869523,0.0,0.35266251890600952997981903989519014866,0.23117502191024348272476072500327790214
0.375,0.65201966890324270942671145407942984802,0.0,0.26888168890472324264810351127422726729,0.1671098682878550630820121144376808506
0.38000000000000000444089209850062616169,0.78943413405254968422023000643044682434,0.0,0.1630099045279757204977095193299699004,0.095574278637811640505753587736966595903
0.38500000000000000888178419700125232339,0.90192795978933418881154142935454567017,0.0,0.075138460934365877245914679169361761909,0.042639889936024898338296876449104925823
0.39000000000000001332267629550187848508,0.96274939677774855255862977543157445051,0.0,0.027761465048134709293689374174412220148,0.015897922594715456034030885587597361878
0.39500000000000001776356839400250464678,0.98732782285271604572508382022675428665,0.0,0.0089955101163684317704265138753478026313,0.0054177652022784757509253477179995125746
0.40000000000000002220446049250313080847,0.9958439316349907941365235852038349294,0.0,0.0027239685846446526209294831585406799154,0.0018104004045328727424488736070790182643
0.40500000000000002664535259100375697017,0.99849244586210235450767750833396273529,0.0,0.0011629661474076151391791045937774336617,0.00065272654752746211149270036932560671551
0.40999999999999997557509345824655611068,0.99866192750355939633022165226129603424,0.0,0.0011108229276893229919127016578878540294,0.00052465799064457634490545815344020392056
0.41499999999999998001598555674718227237,0.99871242579687164491211469270374492411,0.0,0.0010760232346235939652635145350407112987,0.00052025215446450767320552057660706496559
0.41999999999999998445687765524780843407,0.9987494887891549052416481211326964766,0.0,0.0010486969010415551898028545999955465253,0.0005158462794410838783174498959111291196
0.42499999999999998889776975374843459576,0.99877925235120412256384050608582243937,0.0,0.0010289847168381939962712378644499142738,0.00051144036557379127356748039986630290729
0.42999999999999999333866185224906075746,0.99880287485040818193103874070214038549,0.0,0.0010111852254179139051140403633297391711,0.00050703441286211616322409252850159875408
0.43499999999999999777955395074968691915,0.99882177639229594250952832707971792829,0.0,0.00099576998722574184152547688232479893814,0.0005026284213055448424978132300994113311
0.44000000000000000222044604925031308085,0.99884052488768692293849573220351223533,0.0,0.00098696657661424369639878728275847338143,0.00049822239090356359754101631265333144762
0.44500000000000000666133814775093924254,0.99885912031979722303540942048760185217,0.0,0.00097816301084680322982331003057527510796,0.00049381632165565870544772279004533453236
0.45000000000000001110223024625156540424,0.99887434600662984398696923390879966557,0.0,0.0009693592899193185806608873302999456345,0.0004894102135613164342534012229421807609
0.45500000000000001554312234475219156593,0.99888306916203668308795471337429578122,0.0,0.00096055541382768774318409361485190454313,0.0004850040666200230429347680544108638753
0.46000000000000001998401444325281772763,0.99889179247118906907954886028694283233,0.0,0.00095175138256780856706986458371685263095,0.00048059788083126478140958794025294572679
0.46500000000000002442490654175344388932,0.9989005159340910666436921813689144328,0.0,0.00094294719613557875739312590425094691044,0.00047619165619452789053647407405761358426
0.46999999999999997335464740899624302983,0.99890923955074674050875523030385179948,0.0,0.00093414285452689597236911069988482938887,0.00047178539270929865103425589999470549552
0.47499999999999997779553950749686919153,0.99891796332116015583695303105273145235,0.0,0.00092533835773765743235395395551145041691,0.00046737909037506318780394116868255216088
0.47999999999999998223643160599749535322,0.99892668724533537764324178765680189301,0.0,0.00091653370576376050632528637724258705231,0.0004629727491913077634446266698385154959
0.48499999999999998667732370449812151492,0.9989354113232764711827298941585917211,0.0,0.00090772889860110232088627377888365215503,0.00045856636915751858257632289310170917487
0.48999999999999999111821580299874767661,0.99894413555498750185383350197341026867,0.0,0.00089892393624557985800621039489258554202,0.00045415995027318184075889041193929600924
0.49499999999999999555910790149937383831,0.99895285994047253519828283477419798537,0.0,0.00089011881869308995501414556004301042469,0.00044975349253778372449184017700845920829
0.5,0.99896158447973563690112850371029978369,0.0,0.00088131354593952930459251005207446482134,0.00044534699595081041121413380423595545325
0.50500000000000000444089209850062616169,0.99897030917278087279074782296018189234,0.0,0.00087250811798079445477074209730891683916,0.00044094046051174806930398385761508681007
0.51000000000000000888178419700125232339,0.99897903401961230883885112561811288916,0.0,0.00086370253481278180891891303921277121752,0.00043653388622008285807865412671992843406
0.51500000000000001332267629550187848508,0.99898775902023401116048807991482939685,0.0,0.00085489679643138762574135266988357307822,0.00043212727307530092779425989893664904879
0.52000000000000001776356839400250464678,0.99899648417465004601405400577220720243,0.0,0.00084609090283250801927027422444061337521,0.00042772062107688841964556822641176118205
0.52500000000000002220446049250313080847,0.99900520948286447980129619169195826802,0.0,0.00083728485401203895885939903829863904508,0.00042331393022433146576579818771713810968
0.53000000000000002664535259100375697017,0.99900999035173904341268558636363636341,0.0,0.00082847864996587626917758086730386937004,0.00041890720051711618922642114423163445752
0.53500000000000003108624468950438313186,0.99900999035173904341268558636363636341,0.0,0.00081967229068991563020242987071151871138,0.00041450043195472870403696099123914744449
0.54000000000000003552713678800500929356,0.99900999035173904341268558636363636341,0.0,0.00081086577618005257721393625698402413819,0.00041009362453665511514479440374295568403
0.54500000000000003996802888650563545525,0.99900999035173904341268558636363636341,0.0,0.00080205910643218250078809359238917514684,0.0004056867782623815184349510769961724931
0.55000000000000004440892098500626161695,0.99900999035173904341268558636363636341,0.0,0.00079325228144220064679052177237734114399,0.00040127989313139400072991396174815066047
0.55500000000000004884981308350688777864,0.99900999035173904341268558636363636341,0.0,0.00078444530120600211637008965571699088542,0.00039687296914317863978941949420667557223
0.56000000000000005329070518200751394033,0.99900999035173904341268558636363636341,0.0,0.00077563816571948186595253736136769662652,0.00039246600629722150431025782071578365519
0.56499999999999994670929481799248605967,0.99900999035173904341268558636363636341,0.0,0.00076683087497853490279696123219903867602,0.00038805900459300875178159966584304850821
0.56999999999999995115018691649311222136,0.99900999035173904341268558636363636341,0.0,0.00075802342897905550274143091828395452678,0.00038365196403002623706355279543398973729
0.57499999999999995559107901499373838305,0.99900999035173904341268558636363636341,0.0,0.00074921582771693838356344634522210915036,0.00037924488460776009951753359784654040794
0.57999999999999996003197111349436454475,0.99900999035173904341268558636363636341,0.0,0.00074040807118807792273244889549210259189,0.00037483776632569637158654920105492470566
0.58499999999999996447286321199499070644,0.99900999035173904341268558636363636341,0.0,0.0007316001593883683529628576364625733102,0.00037043060918332107664966148728738146501
0.58999999999999996891375531049561686814,0.99900999035173904341268558636363636341,0.0,0.00072279209231370376220768959325307604972,0.00036602341318012022902178728599430947342
0.59499999999999997335464740899624302983,0.99900999035173904341268558636363636341,0.0,0.00071398386995997809365217968418675254209,0.00036161617831557983395349856153089639551
0.59999999999999997779553950749686919153,0.99900999035173904341268558636363636341,0.0,0.00070517549232308514570740031881397605001,0.00035720890458918588763082259555406817369
0.60499999999999998223643160599749535322,0.99900999035173904341268558636363636341,0.0,0.00069636695939891857200388065848614926753,0.00035280159200042437717504216413359578643
0.60999999999999998667732370449812151492,0.99900999035173904341268558636363636341,0.0,0.00068755827118337188138522553945883367062,0.00034839424054878128064249570957719622729
0.61499999999999999111821580299874767661,0.99900999035173904341268558636363636341,0.0,0.0006787494276723384379017340585033868932,0.00034398685023374256702437750696946457358
0.61999999999999999555910790149937383831,0.99900999035173904341268558636363636341,0.0,0.00066994042886171146080401782100628327284,0.00033957942105479419624653782542447398429
0.625,0.99900999035173904341268558636363636341,0.0,0.0006611312747473840245366188515352912189,0.00033517195301142211916928308405188048842
0.63000000000000000444089209850062616169,0.99900999035173904341268558636363636341,0.0,0.00065232196532524905873162716685167960758,0.0003307644461031122775871760026363694103
0.63500000000000000888178419700125232339,0.99900999035173904341268558636363636341,0.0,0.00064351250059119934820229801134762390185,0.00032635690032935060422883574703028024827
0.64000000000000001332267629550187848508,0.99900999035173904341268558636363636341,0.0,0.00063470288054112753293666875488798129884,0.00032194931568962302275673806925924687239
0.64500000000000001776356839400250464678,0.99900999035173904341268558636363636341,0.0,0.00062589310517092610809117545303560263368,0.00031754169218341544776701544234068982922
0.65000000000000002220446049250313080847,0.99900999035173904341268558636363636341,0.0,0.00061708317447648742398426906963934739256,0.00031313402981021378478925718981499760618
0.65500000000000002664535259100375697017,0.99900999035173904341268558636363636341,0.0,0.00060827308845370368609003136176396669674,0.00030872632856950393028630960998923365452
0.66000000000000003108624468950438313186,0.99900999035173904341268558636363636341,0.0,0.00059946284709846695503179042694101757144,0.0003043185884607717716540760948932059775
0.66500000000000003552713678800500929356,0.99900999035173904341268558636363636341,0.0,0.00059065245040666914657573591271997048436,0.00029991080948350318722131724394773609273
0.67000000000000003996802888650563545525,0.99900999035173904341268558636363636341,0.0,0.00058184189837420203162453388849867054742,0.00029550299163718404624945097234496417561
0.67500000000000004440892098500626161695,0.99900999035173904341268558636363636341,0.0,0.00057303119099695723621094137961231135646,0.000291095134921300208932352614140527144
0.68000000000000004884981308350688777864,0.99900999035173904341268558636363636341,0.0,0.00056422032827082624149142056366007898701,0.00028668723933533752639615502005744651087
0.68500000000000005329070518200751394033,0.99900999035173904341268558636363636341,0.0,0.00055540931019170038373975262904862215396,0.00028227930487878184069904865000156275519
0.68999999999999994670929481799248605967,0.99900999035173904341268558636363636341,0.0,0.00054659813675547104998972859383041967411,0.0002778713315511190827081828261730877004
0.69499999999999995115018691649311222136,0.99900999035173904341268558636363636341,0.0,0.00053778680795802889543590305375012200758,0.00027346331935183488059192428055473409041
0.69999999999999995559107901499373838305,0.99900999035173904341268558636363636341,0.0,0.00052897532379526501731132163456657363284,0.00026905526828041514707967485101943089704
0.70499999999999996003197111349436454475,0.99900999035173904341268558636363636341,0.0,0.00052016368426307017229517339696109526188,0.00026464717833634568795585625358405708466
0.70999999999999996447286321199499070644,0.99900999035173904341268558636363636341,0.0,0.00051135188935733497215203063766257189034,0.00026023904951911229993594819669296726202
0.71499999999999996891375531049561686814,0.99900999035173904341268558636363636341,0.0,0.0005025399390739498837254607208540743007,0.00025583088182820077066628844199927728412
0.71999999999999997335464740899624302983,0.99900999035173904341268558636363636341,0.0,0.00049372783340880522893163757165035772841,0.00025142267526309687872387285985655367405
0.72499999999999997779553950749686919153,0.99900999035173904341268558636363636341,0.0,0.00048491557235779118475295283162538204859,0.00024701442982328639361615547952074361183
0.72999999999999998223643160599749535322,0.99900999035173904341268558636363636341,0.0,0.00047610315591679778323162667636899620027,0.00024260614550825507578084853406218220819
0.73499999999999998667732370449812151492,0.99900999035173904341268558636363636341,0.0,0.00046729058408171491146331829505192822575,0.00023819782231748867658572249998751379531
0.73999999999999999111821580299874767661,0.99900999035173904341268558636363636341,0.0,0.00045847785684843231159073603197822072854,0.00023378946025047293832840613157136393652
0.74499999999999999555910790149937383831,0.99900999035173904341268558636363636341,0.0,0.00044966497421283958079724719010425018531,0.00022938105930669359423618648989759888823
0.75,0.99900999035173904341268558636363636341,0.0,0.00044085193617082617130048749650346697279,0.00022497261948563636846580896661000919693
0.75500000000000000444089209850062616169,0.99900999035173904341268558636363636341,0.0,0.00043203874271828139034597022975599156981,0.00022056414078678697610327730237225414225
0.76000000000000000888178419700125232339,0.99900999035173904341268558636363636341,0.0,0.00042322539385109440020069500924220090455,0.00021615562320963112316365360003690372113
0.76500000000000001332267629550187848508,0.99900999035173904341268558636363636341,0.0,0.00041441188956515421814675624631943732609,0.00021174706675365450659085833252341485621
0.77000000000000001776356839400250464678,0.99900999035173904341268558636363636341,0.0,0.00040559822985634971647495125736097122594,0.00020733847141834281425747034540487850839
0.77500000000000002220446049250313080847,0.99900999035173904341268558636363636341,0.0,0.00039678441472056962247838803863634687404,0.00020292983720318172496452685420337437843
0.78000000000000002664535259100375697017,0.99900999035173904341268558636363636341,0.0,0.00038797044415370251844609270301223952899,0.0001985211641076569084413234363937698639
0.78500000000000003108624468950438313186,0.99900999035173904341268558636363636341,0.0,0.00037915631815163684165661657845295043609,0.00019411245213125402534521401811579993117
0.79000000000000003552713678800500929356,0.99900999035173904341268558636363636341,0.0,0.00037034203671026088437164296829966483668,0.00018970370127345872726141085559426456911
0.79500000000000003996802888650563545525,0.99900999035173904341268558636363636341,0.0,0.0003615275998254627938295935733075966746,0.00018529491153375665670278451126718047662
0.80000000000000004440892098500626161695,0.99900999035173904341268558636363636341,0.0,0.00035271300749313057223923457542014215755,0.00018088608291163344710966382462172362872
0.80500000000000004884981308350688777864,0.99900999035173904341268558636363636341,0.0,0.0003438982597091520767732823832591628943,0.00017647721540657472284963587773779936137
0.81000000000000005329070518200751394033,0.99900999035173904341268558636363636341,0.0,0.00033508335646941501956200903931051787716,0.00017206830901806609921734595553907661915
0.81499999999999994670929481799248605967,0.99900999035173904341268558636363636341,0.0,0.00032626829776980716342219590504755813344,0.00016765936374559328033298031951636680377
0.81999999999999995115018691649311222136,0.99900999035173904341268558636363636341,0.0,0.00031745308360621553891279596593123081677,0.0001632503795886416675481982969149839818
0.82499999999999995559107901499373838305,0.99900999035173904341268558636363636341,0.0,0.00030863771397452761873027389383672060471,0.00015884135654669694683543890537360519255
0.82999999999999996003197111349436454475,0.99900999035173904341268558636363636341,0.0,0.00029982218887063053477117157173848439998,0.00015443229461924469719557973784506283855
0.83499999999999996447286321199499070644,0.99900999035173904341268558636363636341,0.0,0.00029100650829041127385760847710043919781,0.00015002319380577048855555631198736838661
0.83999999999999996891375531049561686814,0.99900999035173904341268558636363636341,0.0,0.0002821906722297566777308850587944085879,0.00014561405410575988176816199865610059343
0.84499999999999997335464740899624302983,0.99900999035173904341268558636363636341,0.0,0.00027337468068455344304508577556761152168,0.00014120487551869842861184794510311418025
0.84999999999999997779553950749686919153,0.99900999035173904341268558636363636341,0.0,0.0002645585336506881213606817960383008154,0.00013679565804407167179052299288140554943
0.85499999999999998223643160599749535322,0.99900999035173904341268558636363636341,0.0,0.00025574223112404711913813336019865733254,0.00013238640168136514493335359045597211802
0.85999999999999998667732370449812151492,0.99900999035173904341268558636363636341,0.0,0.00024692577310051669773149180240404440088,0.00012797710643006437259456370052050185819
0.86499999999999999111821580299874767661,0.99900999035173904341268558636363636341,0.0,0.00023810915957598297338200123582772545286,0.00012356777228965487025323470201972960884
0.86999999999999999555910790149937383831,0.99900999035173904341268558636363636341,0.0,0.0002292923905463319172116998983601464798,0.00011915839925962214431310528687729673005
0.875,0.99900999035173904341268558636363636341,0.0,0.00022047546600744935521702115993188335789,0.00011474898733945169210237135142895065649
0.88000000000000000444089209850062616169,0.99900999035173904341268558636363636341,0.0,0.00021165838595522096826239419123935268033,0.0001103395365286290018734858825609209116
0.88500000000000000888178419700125232339,0.99900999035173904341268558636363636341,0.0,0.00020284115038553229207384429385238320811,0.0001059300468266395528029588385533081277
0.89000000000000001332267629550187848508,0.99900999035173904341268558636363636341,0.0,0.00019402375929426871723259289168274360906,0.00010152051823296881499115702462832261489
0.89500000000000001776356839400250464678,0.99900999035173904341268558636363636341,0.0,0.00018520621267731548916865718379272067654,9.7110950747102249462103963203209022885e-05
0.90000000000000002220446049250313080847,0.99900999035173904341268558636363636341,0.0,0.00017638851053055770815444945852284072009,9.2701344368525308163279758847693619559e-05
0.90500000000000002664535259100375697017,0.99900999035173904341268558636363636341,0.0,0.00016757065284988032929837606891782538486,8.8291699096723433965420957945790721391e-05
0.91000000000000003108624468950438313186,0.99900999035173904341268558636363636341,0.0,0.000158752639631168162538436069429871636,8.3882014931182060662320403061804788746e-05
0.91500000000000003552713678800500929356,0.99900999035173904341268558636363636341,0.0,0.00014993447087030587263581951387834421493,7.9472291871386612970627082010364707439e-05
0.92000000000000003996802888650563545525,0.99900999035173904341268558636363636341,0.0,0.00014111614656317797916850541464496735489,7.5062529916822506529645971630326760596e-05
0.92500000000000004440892098500626161695,0.99900999035173904341268558636363636341,0.0,0.00013229766670566885652485936308360110978,7.0652729066975147901137876262382799635e-05
0.93000000000000004884981308350688777864,0.99900999035173904341268558636363636341,0.0,0.00012347903129366273389723081112368613363,6.6242889321329934569119260930210105794e-05
0.93500000000000005329070518200751394033,0.99900999035173904341268558636363636341,0.0,0.00011466024032304369527555001404643930709,6.1833010679372254939662079224999439546e-05
0.93999999999999994670929481799248605967,0.99900999035173904341268558636363636341,0.0,0.00010584129378969587526260164333678818902,5.74230931405875862609652063752804877e-05
0.94499999999999995115018691649311222136,0.99900999035173904341268558636363636341,0.0,9.7022191689502675784367339614651311419e-05,5.3013136704461102942931514810402306497e-05
0.94999999999999995559107901499373838305,0.99900999035173904341268558636363636341,0.0,8.8202934018347941003320813046378201337e-05,4.8603141370478264076006259871037091916e-05
0.95499999999999996003197111349436454475,0.99900999035173904341268558636363636341,0.0,7.938352077211517403567818280828921701e-05,4.4193107138124421752481522325752208848e-05
0.95999999999999996447286321199499070644,0.99900999035173904341268558636363636341,0.0,7.0563951946687732763216002168501874094e-05,3.9783034006884918985703931478218349991e-05
0.96499999999999996891375531049561686814,0.99900999035173904341268558636363636341,0.0,6.174422753794882982686616786027887121e-05,3.5372921976245089709874461268572705254e-05
0.96999999999999997335464740899624302983,0.99900999035173904341268558636363636341,0.0,5.2924347541781532620310490481662301218e-05,3.0962771045690258779848221077015600905e-05
0.97499999999999997779553950749686919153,0.99900999035173904341268558636363636341,0.0,4.4104311954068763283574925900464607319e-05,2.655258121470574197093424122947705005e-05
0.97999999999999998223643160599749535322,0.99900999035173904341268558636363636341,0.0,3.528412077069329869662346764368538941e-05,2.214235248277684597869525320518965831e-05
0.98499999999999998667732370449812151492,0.99900999035173904341268558636363636341,0.0,2.6463773987537770472951700250421669131e-05,1.7732084849388868418747464546004316109e-05
0.98999999999999999111821580299874767661,0.99900999035173904341268558636363636341,0.0,1.7643271600484664953180013567337756533e-05,1.3321778314027097826560328467285107178e-05
0.99499999999999999555910790149937383831,0.99900999035173904341268558636363636341,0.0,8.822613605416323198646477965759381315e-06,8.9114328761768136572563081702198558462e-06
1.0,0.99900999035173904341268558636363636341,0.0,1.6360217715738024617974421979589286055e-08,4.5010485353232862854106358553827300611e-06
