value,sup,dur,Y,S
0.0,3.2542499015216151059637742148873948742e-25,101.0,0.99608517062250971376375689442954661903,0.26945857525651123824616849868608101695
0.0050000000000000001040834085586084256647,1.762876391505905036078291408327969402e-23,98.0,0.9949505157408469892407005527333467785,0.2621695414355609579126707693937699555
0.010000000000000000208166817117216851329,1.8209286342820575172331684862175565306e-21,96.0,0.99362818341183646605526615035019004023,0.25465279042712095834103577638704830168
0.014999999999999999444888487687421729788,3.7346834095828971469421951416421342863e-19,93.0,0.99205815111939376628711643580275774495,0.24687769183898083807632588519118354787
0.020000000000000000416333634234433702659,1.5058760994708936471757812987336155995e-16,89.0,0.99016573338817096525193976388609520518,0.23884489203306988846856354787481446219
0.02500000000000000138777878078144567553,1.1246454546943647143434064788403120082e-13,85.0,0.98785100548390792853615524949640203096,0.2305401188913235296113666636464550524
0.029999999999999998889776975374843459576,6.8950901269869678223519242158877614906e-11,80.0,0.98497135296699137196961404686102451494,0.22186409931047153373838190381361822253
0.035000000000000003330669073875469621271,2.3968163156311270895499313341362927997e-08,74.0,0.98132075735862086905713078424232536098,0.21274657966435812082811700166352926807
0.040000000000000000832667268468867405318,5.4503396508817360025503399194823884381e-06,67.0,0.97658376842218881038270919636637180324,0.20317896164740128644470203812190225633
0.044999999999999998334665463062265189365,0.00056199594911214925328983652252228220361,45.0,0.97021316079810154501385825664996558865,0.19301127201874600682992916531005918513
0.050000000000000002775557561562891351059,0.0089402280819907010514799577602491127813,9.0,0.96117826620469239774481665397092990647,0.1819999555456005447879661287540844906
0.055000000000000000277555756156289135106,0.035738326691219159410911795614080023705,0.0,0.94737405708686818830351788074609924443,0.16980249525106450696273016298111963417
0.059999999999999997779553950749686919153,0.092771442095059796423399478586110799662,0.0,0.92553328905403935775018490906678566561,0.15548611573485662126146820890112664851
0.065000000000000002220446049250313080847,0.20554251356929202837629126628268078351,0.0,0.90575413326479843054320534917108001117,0.13693612251570012353267419122908795793
0.070000000000000006661338147750939242542,0.39660294353657117603216328168494275888,0.0,0.87949148910371555140023230215212930597,0.11458037237106561477596326817153633646
0.074999999999999997224442438437108648941,0.62787372244170644791095516896649106734,0.0,0.83485132971653690943521732012669074436,0.097378857742436150044007035359016993261
0.080000000000000001665334536937734810635,0.79422883573509804160199672244100684975,0.0,0.76071520522386097771015369314462801163,0.088096620530963677966161578723872590299
0.08500000000000000610622663543836097233,0.85560760054327661309436344862990942648,0.0,0.6435147059362000731374266642980679796,0.080273963257720948432514898970597294541
0.089999999999999996669330926124530378729,0.90100394884613989210411322818786219851,0.0,0.48216598517478144063640820351477021202,0.061916239483264017438582847742515144268
0.095000000000000001110223024625156540424,0.94160019755962428424605250107576765893,0.0,0.30838978205269930609867496844348890538,0.038822592571689894815629948459018961102
0.10000000000000000555111512312578270212,0.97013369466890862598674120749911428755,0.0,0.16931535075605893130972775113792709054,0.020409035113126723933623243756647862973
0.10499999999999999611421941381195210852,0.98617167330600152363546630719918784084,0.0,0.083345151210176432796119152247721308535,0.0095417171316191131400221819602203695814
0.11000000000000000055511151231257827021,0.99395023424387799264961970070436979446,0.0,0.038562860672412491851435983570310962294,0.0041777264798506008005223471550999128207
0.11500000000000000499600361081320443191,0.99698295580620970552455312113591047772,0.0,0.017313532862516127902561353256736140798,0.0017684527577541163608399682232378884068
0.11999999999999999555910790149937383831,0.99723527173415898159894444901885577001,0.0,0.0076736931532900657769633151830308059322,0.00073566831209847192150575487003315000775
0.125,0.99744086732967764605322706387079934596,0.0,0.0033865600661303429129486865953791787559,0.00046832020514816542926706950271059654282
0.13000000000000000444089209850062616169,0.99761222803496744575884995922059965726,0.0,0.0022707221741265924947868551408507552243,0.00046300222636020103504794271823128618727
0.13500000000000000888178419700125232339,0.99775919186817587082036616695706647432,0.0,0.0021299136744454310758661721448890215125,0.00045771456465038623419468880894445379348
0.14000000000000001332267629550187848508,0.99787938402340722549676574434342041158,0.0,0.0020154246120073604561776384474395490882,0.00045245722110902898510967133322807003154
0.14499999999999999000799277837359113619,0.99799046218847650425727005316475606859,0.0,0.0019105647253658173689714322838847953133,0.00044723019682093581739742738300421599475
0.14999999999999999444888487687421729788,0.99808027060687914472799152156397925263,0.0,0.0018238662334094919110718531613174642751,0.00044203349286541120309654748533575133894
0.15499999999999999888977697537484345958,0.99816635677629080134427997758733814303,0.0,0.0017408086599601394460288035921190055264,0.00043686711031625722039012800293488029521
0.16000000000000000333066907387546962127,0.99823833946913577911912718217053007647,0.0,0.0016737784395013731984821063116563225799,0.00043173105024177292947893985390463898995
0.16500000000000000777156117237609578297,0.99830233036675763562745070734697358672,0.0,0.0016118024749259892404565195199157550374,0.0004266253137047538962757445200557518003
0.17000000000000001221245327087672194466,0.99836422700612662872276978617196758094,0.0,0.0015518872955450925383211280098388564117,0.00042154990176249168948969263561791465923
0.17499999999999998889776975374843459576,0.99842009939529914558882093294825079721,0.0,0.0015010340135401033690553188179584202802,0.0004165048154667734081228898676776230497
0.17999999999999999333866185224906075746,0.99846393928734682526543418475892526726,0.0,0.001458309117899197693946432630477065248,0.00041149005586388107168111921427939896802
0.18499999999999999777955395074968691915,0.99850673732828073394159011974949557783,0.0,0.0014166195791074362635202556272999490425,0.00040650562399459129276612879549155488119
0.19000000000000000222044604925031308085,0.99854851400701251464032670485210778763,0.0,0.0013759447448694605890750232737570825688,0.00040155152089417467193279198772954528142
0.19500000000000000666133814775093924254,0.99858928950229913900379152605077029242,0.0,0.0013362642788275665349598639646828404607,0.00039662774759239533532026516105436275257
0.20000000000000001110223024625156540424,0.99862434960392892978442393406960306717,0.0,0.0013066052139598721291874466009068228723,0.00039173430511351044668574746180935485019
0.20499999999999998778754672912327805534,0.99865054976511344007970140078174073118,0.0,0.0012807587253527826129375345155784697728,0.00038687119447626974884278876785398219577
0.20999999999999999222843882762390421703,0.99867636667231530837636408073653345493,0.0,0.0012552993594518782701787757795740412514,0.00038203841669391497286719801146805669244
0.21499999999999999666933092612453037873,0.99870180419943311986318315669403457854,0.0,0.001230223155382510335097528564454021645,0.00037723597277417951958534464755120389397
0.22000000000000000111022302462515654042,0.99872686620055318555346150877284190239,0.0,0.0012055261727355428648248858742109583221,0.00037246386371928787343150490398485973119
0.22500000000000000555111512312578270212,0.99875155650991091946709905239012344708,0.0,0.0011812044916030541389927358936921086987,0.00036772209052595515403093325930270956748
0.23000000000000000999200722162640886381,0.99877587894185275547745911177185218534,0.0,0.0011572542126134860985031382899019712977,0.00036301065418538664319818945312644944316
0.23499999999999998667732370449812151492,0.99879983729079859819500439225518255988,0.0,0.0011380235744459621488563786059792625959,0.00035832955568327734033211697691685923515
0.23999999999999999111821580299874767661,0.99881731419689134836539868126707239062,0.0,0.0011259799478354080122575356532731040483,0.0003536787959998113906328010035565456693
0.24499999999999999555910790149937383831,0.99882905599233545073427657175924754574,0.0,0.0011139967427592464297159615696050068264,0.00034905837610966177549964767499833559557
0.25,0.99884073854040681393201788620371708097,0.0,0.0011020739635771146680063514414159285606,0.00034446829698198974540463087326905943502
0.25500000000000000444089209850062616169,0.99885236183118632170614717421172357824,0.0,0.0010902116146268221537359285479513654656,0.00033990855958044438544190204113058544922
0.26000000000000000888178419700125232339,0.99886392585477599720404188972698057599,0.0,0.0010784097002243465340195683468002159749,0.00033537916486316215730543631867352015104
0.26500000000000001332267629550187848508,0.99887543060129901023560675350025201729,0.0,0.0010666682246638297567783789848171873821,0.00033088011378276644376463415140792757032
0.27000000000000001776356839400250464678,0.99888687606089968451718384574893918945,0.0,0.0010549871922175741706683729487102391606,0.00032641140728636709563827340336082014205
0.27500000000000002220446049250313080847,0.99889826222374350489668763048954233804,0.0,0.001043366607136038644645831688846902016,0.00032197304631555998126720490032940387039
0.28000000000000002664535259100375697017,0.99890958908001712455995414396740268587,0.0,0.0010318064736478347071759322511733666783,0.00031756503180642653848618221953570971293
0.28499999999999997557509345824655611068,0.99892085661992837209352809630374014454,0.0,0.0010203067959597228324276289730828774538,0.0003131873646895333775286174091853756122
0.28999999999999998001598555674718227237,0.99893206483370625915312897289814191549,0.0,0.0010088675782566081087712887785516585565,0.00030884004588993164392729225374171972141
0.29499999999999998445687765524780843407,0.99894321371160098686300932232329506549,0.0,0.00099748882470153720298867618933039106638,0.00030452307632715686959713964750349913244
0.29999999999999998889776975374843459576,0.99895430324388395344809150529915416343,0.0,0.0009861705394356940667601353584029241098,0.00030023645691522834006306748398580170975
0.30499999999999999333866185224906075746,0.99896533342084776122080316216864957679,0.0,0.00097491272657839630219458738968680303925,0.000295980188562648707703579930024129951
0.30999999999999999777955395074968691915,0.99897630423280622367448700264075602256,0.0,0.00096371539022709141903383978906551997388,0.00029175427217240355872550166876215387537
0.31500000000000000222044604925031308085,0.99898721567009437255795025506863702628,0.0,0.00095257853445735311154522131741414119746,0.00028755870864196098264051300848922958719
0.32000000000000000666133814775093924254,0.99899806772306846493114325613878617487,0.0,0.00094150216332287755510884825619724544701,0.00028339349886327114424386978315627669092
0.32500000000000001110223024625156540424,0.99900800280808911766295294687499879732,0.0,0.00093048628085547972250579514011808720889,0.00027925864372276585809567985674057648556
0.33000000000000001554312234475219156593,0.9990079717964453642077740693587736074,0.0,0.00091953089106508971991341003814476302097,0.00027515414410135816550510592945802598104
0.33500000000000001998401444325281772763,0.99900794078480161075259519184254841748,0.0,0.00090863599793974914261398147412120373828,0.00027108000087444191401786222913822468363
0.34000000000000002442490654175344388932,0.99900790977315785729741631432632322831,0.0,0.00089780160544560745042293107117640554129,0.00026703621491189133940737055588634702557
0.34499999999999997335464740899624302983,0.99900787876151410384258173521936362771,0.0,0.00088702771752691848212097490125370683606,0.00026302278707806069455941426948404269528
0.34999999999999997779553950749686919153,0.99900784774987035038740285770313843704,0.0,0.00087631433810603639255474906746895308421,0.00025903971823178365857674281668846738282
0.35499999999999998223643160599749535322,0.99900781673822659693222398018691324787,0.0,0.00086566147108341280494546494788007651643,0.00025508700922637319363139111489676525721
0.35999999999999998667732370449812151492,0.9990077857265828434770451026706880587,0.0,0.0008550691203375927861277608748183700708,0.00025116466090962095840503171823966165542
0.36499999999999999111821580299874767661,0.99900775471493909002186622515446286878,0.0,0.0008445372897252114406170377089649817464,0.00024727267412379694733035853323830571886
0.36999999999999999555910790149937383831,0.99900772370329533656668734763823767886,0.0,0.00083406598308099040448261109920944834963,0.00024341104970564908761175529975111787998
0.375,0.99900769269165158311150847012201248894,0.0,0.00082365520421773435898268246092202748001,0.00023957978848640283875212243462307046747
0.38000000000000000444089209850062616169,0.99900766168000782965632959260578729977,0.0,0.00081330495692632756396703810397130222607,0.00023577889129176079458621076667656312103
0.38500000000000000888178419700125232339,0.9990076306683640762011507150895621106,0.0,0.00080301524497573041105335278692339155861,0.00023200835894190228782080857204634431724
0.39000000000000001332267629550187848508,0.99900759965672032274597183757333691993,0.0,0.00079278607211297599658294080297478420524,0.00022826819225148299708212619874466265493
0.39500000000000001776356839400250464678,0.99900756864507656929079296005711173076,0.0,0.00078261744206316671436176451638640901584,0.0002245583920296345564707204487498830739
0.40000000000000002220446049250313080847,0.99900753763343281583561408254088654159,0.0,0.00077250935852947086819247706559120811162,0.00022087895907996416762429876484505099584
0.40500000000000002664535259100375697017,0.99900750662178906238043520502466135167,0.0,0.00076246182519311930420324273083040187527,0.00021722989420055421428874114789520981523
0.40999999999999997557509345824655611068,0.99900747561014530892560062591770175032,0.0,0.00075247484571340217352063596811994613291,0.00021361119818396191940468800427456506409
0.41499999999999998001598555674718227237,0.99900744459850155547042174840147656115,0.0,0.00074254842372766516137040834517352514574,0.00021002287181721880433077803491031735734
0.41999999999999998445687765524780843407,0.99900741358685780201524287088525137123,0.0,0.00073268256285130684409730493710303939607,0.00020646491588183055199492098674989601441
0.42499999999999998889776975374843459576,0.99900738257521404856006399336902618131,0.0,0.00072287726667777495655445269130503812972,0.00020293733115377647046196948967734295872
0.42999999999999999333866185224906075746,0.99900735156357029510488511585280099139,0.0,0.00071313253877856323471495168368520628497,0.00019944011840350916039500310736960532274
0.43499999999999999777955395074968691915,0.99900732055192654164970623833657580222,0.0,0.00070344838270320816690011274424104683113,0.00019597327839595414468263421195045870715
0.44000000000000000222044604925031308085,0.99900728954028278819452736082035061305,0.0,0.00069382480197928576484374581741906828344,0.00019253681189050950057683762689697574471
0.44500000000000000666133814775093924254,0.99900725852863903473934848330412542313,0.0,0.00068426180011240835459797625330854890488,0.00018913071964104549434162497497830652371
0.45000000000000001110223024625156540424,0.99900722751699528128416960578790023321,0.0,0.00067475938058622138728603286994600492321,0.00018575500239590421841288254236020573891
0.45500000000000001554312234475219156593,0.99900719650535152782899072827167504404,0.0,0.00066531754686240026970741825639031244996,0.00018240966089789923106968934392031789891
0.46000000000000001998401444325281772763,0.99900716549370777437381185075544985412,0.0,0.00065593630238064721480083840087790248529,0.0001790946958843151986174299482916047994
0.46500000000000002442490654175344388932,0.99900713448206402091863297323922466495,0.0,0.00064661565055868811197023532837050517755,0.0001758101080869075400830144941873581082
0.46999999999999997335464740899624302983,0.99900710347042026746379839413226506284,0.0,0.00063735559479226951975011604307791097053,0.00017255589823190211038286915435027382346
0.47499999999999997779553950749686919153,0.99900707245877651400861951661603987368,0.0,0.00062815613845515516531734899803503968377,0.00016933206703999470586461261784754494772
0.47999999999999998223643160599749535322,0.99900704144713276055344063909981468451,0.0,0.00061901728489912349128191710486808273256,0.00016613861522635093331438547478750449444
0.48499999999999998667732370449812151492,0.99900701043548900709826176158358949383,0.0,0.00060993903745396419361625067451980020507,0.00016297554350060571985036015257721271608
0.48999999999999999111821580299874767661,0.99900697942384525364308288406736430467,0.0,0.00060092139942747529451941350792794730551,0.00015984285256686300648072876208272669002
0.49499999999999999555910790149937383831,0.9990069484122015001879040065511391155,0.0,0.00059196437410546013203209873790496111724,0.00015674054312369540787800816003807557552
0.50,0.99900691740055774673272512903491392558,0.0,0.00058306796475172436955119705929863012146,0.00015366861586414387466757963257631038377
0.50500000000000000444089209850062616169,0.99900688638891399327754625151868873566,0.0,0.00057423217460807302524901331531171010868,0.00015062707147571735823075860036422469206
0.51000000000000000888178419700125232339,0.99900685537727023982236737400246354649,0.0,0.00056545700689430752140217388010060759059,0.00014761591064039247802268761506173284
0.51500000000000001332267629550187848508,0.99900682436562648636718849648623835657,0.0,0.00055674246480822275363523373627155033113,0.00014463513403461319140534378565890812668
0.52000000000000001776356839400250464678,0.9990067933539827329120096189700131674,0.0,0.00054808855152560418008395859073766717681,0.00014168474232929046599594964167122392637
0.52500000000000002220446049250313080847,0.99900676234233897945683074145378797748,0.0,0.00053949527020022493048322380368272395894,0.0001387647361898019545310743081995050153
0.53000000000000002664535259100375697017,0.99900673133069522600165186393756278756,0.0,0.00053096262396384293518443832318758038824,0.00013587511627599167224670973548838494721
0.53500000000000003108624468950438313186,0.99900670031905147254647298642133759839,0.0,0.00052249061592619807410736822250447066616,0.00013301588324216967677460459284857917902
0.54000000000000003552713678800500929356,0.99900666930740771909129410890511240922,0.0,0.00051407924917500934563120082810274689581,0.00013018703773711175055513630364692465388
0.54500000000000003996802888650563545525,0.9990066382957639656361152313888872193,0.0,0.00050572852677597205542965680454859170203,0.00012738858040405908576699956451680743325
0.55000000000000004440892098500626161695,0.99900660728412021218093635387266202938,0.0,0.00049743845177275502525492392711128972995,0.00012462051188071797177398755800320416178
0.55500000000000004884981308350688777864,0.99900657627247645872575747635643684021,0.0,0.00048920902718699782167515262480088435835,0.00012188283279925948508913993353400493239
0.56000000000000005329070518200751394033,0.99900654526083270527057859884021165029,0.0,0.00048104025601830800477021971542742536277,0.00011917554378631918185652949690546949692
0.56499999999999994670929481799248605967,0.99900651424918895181608831814251763675,0.0,0.00047293214124425857615330407404719331879,0.00011649864546299685195263147623673580644
0.56999999999999995115018691649311222136,0.99900648323754519836090944062629244758,0.0,0.00046488468582038454879874653900282757989,0.00011385213844485597942266932857583987402
0.57499999999999995559107901499373838305,0.99900645222590144490573056311006725842,0.0,0.00045689789268018133585850340299291562227,0.00011123602334192379915144672170931757427
0.57999999999999996003197111349436454475,0.99900642121425769145055168559384206774,0.0,0.00044897176473510135774519737783976869849,0.00010865030075869076098720860647167195311
0.58499999999999996447286321199499070644,0.99900639020261393799537280807761687857,0.0,0.00044110630487455157139838598781898251027,0.00010609497129411029459211559509118337535
0.58999999999999996891375531049561686814,0.99900635919097018454019393056139168941,0.0,0.00043330151596589083882688268199243392059,0.00010357003554159851703545405498531928622
0.59499999999999997335464740899624302983,0.99900632817932643108501505304516649949,0.0,0.00042555740085442731564134751176041014225,0.00010107549408903394290632868926319465858
0.59999999999999997779553950749686919153,0.99900629716768267762983617552894130956,0.0,0.00041787396236341585958158405187486643396,9.8611347518757196946092453116000595108e-05
0.60499999999999998223643160599749535322,0.9990062661560389241746572980127161204,0.0,0.00041025120329405545904294546980240280063,9.6177596407570729200766517272038549003e-05
0.60999999999999998667732370449812151492,0.99900623514439517071947842049649093048,0.0,0.00040268912642548668160621886295796388504,9.3774241326738532693700851336552142776e-05
0.61499999999999999111821580299874767661,0.99900620413275141726429954298026574131,0.0,0.00039518773451478914257532318604003679475,9.140128284198586361872386113085076643e-05
0.61999999999999999555910790149937383831,0.99900617312110766380912066546404055139,0.0,0.00038774703029697899352712228157683472058,8.9058721513498964054027375093182987073e-05
0.625,0.99900614210946391035394178794781536147,0.0,0.00038036701648500643087762070593224281464,8.674655789592478719703113540835790589e-05
0.63000000000000000444089209850062616169,0.9990061110978201568987629104315901723,0.0,0.00037304769576975322446877621051184657975,8.4464792538370725120468809797144304233e-05
0.63500000000000000888178419700125232339,0.99900608008617640344358403291536498313,0.0,0.00036578907082003026618012889384488856649,8.2213425984404339049935399822916702746e-05
0.64000000000000001332267629550187848508,0.99900604907453264998840515539913979321,0.0,0.00035859114428257513856941318468927915835,7.9992458772053092163133781164781079594e-05
0.64500000000000001776356839400250464678,0.99900601806288889653322627788291460329,0.0,0.00035145391878204970354628494940564001009,7.780189143380408491105597056641826866e-05
0.65000000000000002220446049250313080847,0.99900598705124514307804740036668941412,0.0,0.00034437739692103771108326213866464860569,7.5641724496603792861332573101048104315e-05
0.65500000000000002664535259100375697017,0.9990059560396013896228685228504642242,0.0,0.00033736158128004242796794349918158836293,7.3511958481857807063981721998160867732e-05
0.66000000000000003108624468950438313186,0.99900592502795763616768964533423903503,0.0,0.00033040647441748428660053597570494484296,7.1412593905430576939786681559903953277e-05
0.66500000000000003552713678800500929356,0.99900589401631388271251076781801384511,0.0,0.00032351207886969855384068751701412315749,6.9343631277645155691529141657170916659e-05
0.67000000000000003996802888650563545525,0.99900586300467012925733189030178865519,0.0,0.00031667839715093301990758807729693722398,6.730507110328294823830308994043790246e-05
0.67500000000000004440892098500626161695,0.99900583199302637580215301278556346602,0.0,0.00030990543175334570733726767107252385713,6.5296913881583461673132005231150224798e-05
0.68000000000000004884981308350688777864,0.9990058009813826223469741352693382761,0.0,0.00030319318514700260000098639589189353902,6.331916010624405824410997257890153311e-05
0.68500000000000005329070518200751394033,0.99900576996973886889179525775311308618,0.0,0.00029654165977987539218857738247861718551,6.1371810265419710859285177180692194609e-05
0.68999999999999994670929481799248605967,0.99900573895809511543730497705541907339,0.0,0.00028995085807783940343157972999164674735,5.9454864841722803342680636796206685556e-05
0.69499999999999995115018691649311222136,0.99900570794645136198212609953919388347,0.0,0.00028342078244467078369547794585616857649,5.7568324312222721403465538690095694174e-05
0.69999999999999995559107901499373838305,0.9990056769348076085269472220229686943,0.0,0.00027695143526204520075198583547350887653,5.5712189148445871101804626051903823274e-05
0.70499999999999996003197111349436454475,0.99900564592316385507176834450674350438,0.0,0.00027054281888953508283094845318273450508,5.3886459816375273516771076326032523286e-05
0.70999999999999996447286321199499070644,0.99900561491152010161658946699051831522,0.0,0.00026419493566460761510454799635607243859,5.2091136776450375775441253036139065423e-05
0.71499999999999996891375531049561686814,0.99900558389987634816141058947429312529,0.0,0.00025790778790262260923954170026534651146,5.032622048356682170470001169626261721e-05
0.71999999999999997335464740899624302983,0.99900555288823259470623171195806793537,0.0,0.00025168137789683039304052777600299801775,4.8591711387076225008257547576087883094e-05
0.72499999999999997779553950749686919153,0.99900552187658884125105283444184274621,0.0,0.00024551570791836972018782834273128425636,4.6887609930785944969079085453666615798e-05
0.72999999999999998223643160599749535322,0.99900549086494508779587395692561755704,0.0,0.00023941078021626570007354425939175422519,4.5213916552958864677426565556021191953e-05
0.73499999999999998667732370449812151492,0.99900545985330133434069507940939236712,0.0,0.00023336659701742774773930270515333920854,4.3570631686313171784709333676022512335e-05
0.73999999999999999111821580299874767661,0.9990054288416575808855162018931671772,0.0,0.00022738316052664755391918429240398817509,4.1957755758022141783338696965695877814e-05
0.74499999999999999555910790149937383831,0.99900539783001382743033732437694198803,0.0,0.00022146047292659707519128242109038294356,4.0375289189713923812779060144593016389e-05
0.75,0.99900536681837007397515844686071679811,0.0,0.0002155985363778265442413134987755830286,3.8823232397471328991986209830006352208e-05
0.75500000000000000444089209850062616169,0.99900533580672632051997956934449160894,0.0,0.00020979735301876250024166255700820998024,3.7301585791831621278421167396523812396e-05
0.76000000000000000888178419700125232339,0.99900530479508256706480069182826641902,0.0,0.00020405692496570583934921469157175828812,3.5810349777786310853825883208660341919e-05
0.76500000000000001332267629550187848508,0.9990052737834388136096218143120412291,0.0,0.0001983772543128298853252886420016239105,3.4349524754780950036944897244987813427e-05
0.77000000000000001776356839400250464678,0.99900524277179506015444293679581603993,0.0,0.00019275834313217848028095470451331846132,3.2919111116714931723374943048250627843e-05
0.77500000000000002220446049250313080847,0.99900521176015130669926405927959085001,0.0,0.00018720019347366409555098504227096936901,3.15191092519412903527223235963330357e-05
0.78000000000000002664535259100375697017,0.99900518074850755324408518176336566009,0.0,0.00018170280736506596269965031783351240205,3.0149519543266505403245739096569582085e-05
0.78500000000000003108624468950438313186,0.99900514973686379978890630424714047092,0.0,0.00017626618681202822466154242473991673052,2.8810342367950307414160097863696142876e-05
0.79000000000000003552713678800500929356,0.999005118725220046333727426730915281,0.0,0.00017089033379805810702056893862733338268,2.7501578097705486535774692352660328485e-05
0.79500000000000003996802888650563545525,0.99900508771357629287854854921469009183,0.0,0.00016557525028452410943023074311024948197,2.622322709869770360763697308448164563e-05
0.80000000000000004440892098500626161695,0.99900505670193253942336967169846490191,0.0,0.0001603209382106542171782601119776215813,2.4975289731545303764851003629309284966e-05
0.80500000000000004884981308350688777864,0.99900502569028878596819079418223971199,0.0,0.00015512739949353413289866234718164415686,2.3757766351319132572737529998704793183e-05
0.81000000000000005329070518200751394033,0.99900499467864503251301191666601452282,0.0,0.00014999463602810552843416988168941024517,2.2570657307542354690000447751914732606e-05
0.81499999999999994670929481799248605967,0.99900496366700127905852163596832050928,0.0,0.00014492264968716442879802851528780101312,2.1413962944190300406663292721472759974e-05
0.81999999999999995115018691649311222136,0.99900493265535752560334275845209532011,0.0,0.00013991144232135905521280180656892414833,2.028768359969018730497747988442779132e-05
0.82499999999999995559107901499373838305,0.99900490164371377214816388093587013094,0.0,0.0001349610157591888131661575926163327145,1.9191819606921100611732189110280106914e-05
0.82999999999999996003197111349436454475,0.99900487063207001869298500341964494102,0.0,0.0001300713718070021730719241154339765354,1.8126371293213718566603656312902056935e-05
0.83499999999999996447286321199499070644,0.9990048396204262652378061259034197511,0.0,0.00012524251224899513622403169596794527522,1.7091338980350169751696451546204795737e-05
0.83999999999999996891375531049561686814,0.99900480860878251178262724838719456194,0.0,0.00012047443884720960762271302937586791972,1.6086722984563866929088350260073590531e-05
0.84499999999999997335464740899624302983,0.99900477759713875832744837087096937201,0.0,0.00011576715334153178897122029815970071093,1.511252361653934340797486494531065206e-05
0.84999999999999997779553950749686919153,0.99900474658549500487226949335474418285,0.0,0.00011112065744969059184579420071300396766,1.4168741181412091941561011981698035977e-05
0.85499999999999998223643160599749535322,0.99900471557385125141709061583851899217,0.0,0.00010653495286725607104158573175573315982,1.3255375978768406153845736471978646381e-05
0.85999999999999998667732370449812151492,0.999004684562207497961911738322293803,0.0,0.00010201004126763787809719728266544784318,1.2372428302645224496442265607488155352e-05
0.86499999999999999111821580299874767661,0.99900465355056374450673286080606861384,0.0,9.7545924302083735000475353957146098208e-05,1.151989844152997673557550867129623697e-05
0.86999999999999999555910790149937383831,0.99900462253891999105155398328984342392,0.0,9.3142603599677928078152889208163844706e-05,1.0697786678360432969395469144973819408e-05
0.875,0.999004591527276237596375105773618234,0.0,8.8800080767339822071904949663268430227e-05,9.9060932905245551757434815484364095481e-06
0.88000000000000000444089209850062616169,0.99900456051563248414119622825739304483,0.0,8.4518357389822394403347151681783456384e-05,9.1448185498603512905059326116646802772e-06
0.88500000000000000888178419700125232339,0.99900452950398873068601735074116785491,0.0,8.02974350297107896304719851968941486e-05,8.4139627226557318166879731554155571096e-06
0.89000000000000001332267629550187848508,0.99900449849234497723083847322494266574,0.0,7.6137315227420894097983820540814794886e-05,7.7135260696483689643375736482535219061e-06
0.89500000000000001776356839400250464678,0.99900446748070122377565959570871747582,0.0,7.2037999501197930783959093441894256939e-05,7.0435088460255583214481228122966823573e-06
0.90000000000000002220446049250313080847,0.9990044364690574703204807181924922859,0.0,6.7999489347115074345223833814661727536e-05,6.4039113014240830559656148729296200581e-06
0.90500000000000002664535259100375697017,0.99900440545741371686530184067626709673,0.0,6.4021786239072086363806373234968817709e-05,5.7947336799300806490243170913297986423e-06
0.91000000000000003108624468950438313186,0.99900437444576996341012296316004190756,0.0,6.0104891628793970796788728813487968373e-05,5.2159762200789121595326550859314177538e-06
0.91500000000000003552713678800500929356,0.99900434343412620995494408564381671764,0.0,5.6248806945829649631845817645629315284e-05,4.6676391548550340202288991428554377094e-06
0.92000000000000003996802888650563545525,0.99900431242248245649976520812759152772,0.0,5.2453533597550658750727306218212073794e-05,4.1497227116918723653240802388128253215e-06
0.92500000000000004440892098500626161695,0.99900428141083870304458633061136633855,0.0,4.8719072969149864002902543186771124481e-05,3.6622271124716998898474098559859918326e-06
0.93000000000000004884981308350688777864,0.99900425039919494958940745309514114863,0.0,4.5045426423640197491554661896018241476e-05,3.2051525735255152408073228598573574977e-06
0.93500000000000005329070518200751394033,0.99900421938755119613422857557891595946,0.0,4.1432595301853414074075570993558250817e-05,2.7784993056329249402791077408307744974e-06
0.93999999999999994670929481799248605967,0.99900418837590744267973829488122194592,0.0,3.7880580922438946274531020623655918674e-05,2.3822675140220363008933738038784902375e-06
0.94499999999999995115018691649311222136,0.99900415736426368922455941736499675675,0.0,3.4389384581862387087621680588188383592e-05,2.016457398369309896140289028619274276e-06
0.94999999999999995559107901499373838305,0.99900412635261993576938053984877156608,0.0,3.0959007554404780358668257455849450643e-05,1.6810691527995018685668328962316611494e-06
0.95499999999999996003197111349436454475,0.99900409534097618231420166233254637691,0.0,2.7589451092161141330250963582723147476e-05,1.3761029658855201136869403486973206287e-06
0.95999999999999996447286321199499070644,0.99900406432933242885902278481632118774,0.0,2.4280716425039393792050707907121263413e-05,1.101559020648328000151244500160314517e-06
0.96499999999999996891375531049561686814,0.99900403331768867540384390730009599782,0.0,2.1032804760759247911610161266349889994e-05,8.5743749455684148660378343487061549857e-07
0.96999999999999997335464740899624302983,0.9990040023060449219486650297838708079,0.0,1.7845717284851098293694950939804131983e-05,6.4373855952782877118169235704611981481e-07
0.97499999999999997779553950749686919153,0.99900397129440116849348615226764561873,0.0,1.4719455160654942270131554540546769547e-05,4.6046238192581247375160016909734307734e-07
0.97999999999999998223643160599749535322,0.99900394028275741503830727475142042881,0.0,1.1654019529319318421964045752577330761e-05,3.0760912256297435097429326290988895205e-07
0.98499999999999998667732370449812151492,0.99900390927111366158312839723519523965,0.0,8.6494115098002653357374217447276017521e-06,1.8517893669906254428705288502877360681e-07
0.98999999999999999111821580299874767661,0.99900387825946990812794951971897004973,0.0,5.7056321988603005956808144786192431801e-06,9.3171974041301360890915883585906483769e-08
0.99499999999999999555910790149937383831,0.9990038472478261546727706422027448598,0.0,2.822682671067420013529455661499921481e-06,3.1588378744303587827951965607870264394e-08
1.0,0.99900381623618240121759176468651967064,0.0,5.6671139309911868489310949854021037097e-10,4.2828940998533923149379088627259392621e-10
