value,sup,dur,Y,S
0.0,1.0406141808413487611985241247385430791e-43,104.0,0.99608517062250971376375689442954662054,0.2694585752565112382461684986860810162
0.0050000000000000001040834085586084256647,4.1447122804064613687711115389493835624e-43,103.0,0.99610424591676639541162028674641747045,0.26337770759492128761100165545544479611
0.010000000000000000208166817117216851329,1.7550440662899402884111603895887602574e-42,102.0,0.99611278330210055532301906763252210938,0.25725096888407516203017466670147747969
0.014999999999999999444888487687421729788,7.9439858485860508445889987234199815374e-42,101.0,0.99610979277080784685798127222694901799,0.25107005190562795913158734601396007621
0.020000000000000000416333634234433702659,3.8672017168043099677015276622857517327e-41,100.0,0.99609419736484474269830818630789342076,0.24481823445422074670979488513835348144
0.02500000000000000138777878078144567553,2.0386145415736452032538839470826184977e-40,98.0,0.9960648149140001765748124336942451259,0.23847031403027820012389494466636073416
0.029999999999999998889776975374843459576,1.1727083582994609126160739624043544498e-39,97.0,0.99602033365714370906290256991202092661,0.23202440674804264163896463488272600127
0.035000000000000003330669073875469621271,7.425307786032876812256120118890658112e-39,96.0,0.99595928011677620221622739237744086157,0.22562741258368209331111593259289392011
0.040000000000000000832667268468867405318,5.2256307532229851244739634373412101503e-38,94.0,0.99587998674603843564693620887495364607,0.21903297032339729412398862963248429484
0.044999999999999998334665463062265189365,4.1327896296867580503355042595825320851e-37,92.0,0.99578065333025027765792668321175551164,0.21248691229248570830605677228155659858
0.050000000000000002775557561562891351059,3.7191717902453819144350403555609068194e-36,91.0,0.9956588019823588787903505460568893504,0.20579765460897766080508581240022223376
0.055000000000000000277555756156289135106,3.8628531284053911403634326246845096966e-35,89.0,0.99551167321164131486952404576065616561,0.19902529924209845348438423120846798778
0.059999999999999997779553950749686919153,4.7060804574961577825889745422245791116e-34,87.0,0.99533591025400542897407157263649332743,0.19219728735654749308980711265043382257
0.065000000000000002220446049250313080847,6.8509840618127350765671095734068335347e-33,84.0,0.99512783983357977921069738758565085025,0.18530853563746116658647570494604550513
0.070000000000000006661338147750939242542,1.2174498031380865860742786169271457997e-31,82.0,0.99488216979930616608387414404701866817,0.17832210904011607383382113438125857684
0.074999999999999997224442438437108648941,2.7067470409175242580985088382898151432e-30,79.0,0.99459272661886476618523425353472219509,0.17124182967046052264816442536412604684
0.080000000000000001665334536937734810635,7.7469804955319819608069559875943480602e-29,76.0,0.99425196279303662218762354376415520997,0.16406423006781625538731555309119911854
0.08500000000000000610622663543836097233,2.9504613896300085433101990021229321532e-27,73.0,0.99385076276974680352624360503289301978,0.15683447627510434977727510420456452655
0.089999999999999996669330926124530378729,1.5538390377749656691333667658480645818e-25,70.0,0.99337689905214521530478516129299380882,0.14952643309418172755444240425998737505
0.095000000000000001110223024625156540424,1.1827576948975307353522320695256186903e-23,66.0,0.99281426594970299104404776173636900045,0.14209771262060228017733968342456216623
0.10000000000000000555111512312578270212,1.3677939106995721471963627867846104833e-21,61.0,0.99213403272711269707257536758882888206,0.13458909977560352967627855569804641866
0.10499999999999999611421941381195210852,2.5346198970326965692465218401406850871e-19,56.0,0.9912122522104476642625603798016040809,0.12696872007076146742215443731470738915
0.11000000000000000055511151231257827021,7.9047030137069983923553470559640166536e-17,51.0,0.98986842309775683097538621675259700633,0.1192664391066696057938354763213095654
0.11500000000000000499600361081320443191,4.2506971133774697995649887219503314426e-14,44.0,0.98777282292955078355327486889689239188,0.11145121976393856200210973911055500318
0.11999999999999999555910790149937383831,3.7418923203909505382077864940844408165e-11,37.0,0.98426003899032148045858503736820986267,0.10352887435798361870425683347104773708
0.125,4.2197687781372052134136577260141539603e-08,28.0,0.9779299745533354766342704775015106597,0.095489193455557105505021615399369882632
0.13000000000000000444089209850062616169,3.1133237810876538051463787768893607187e-05,17.0,0.96578564620258221834640697583642043729,0.087342802156436628215389951235446684502
0.13500000000000000888178419700125232339,0.0038874808051535626314693081115937552365,4.0,0.9416348371621050894205142474732978403,0.079066565407701956768838233407592063854
0.14000000000000001332267629550187848508,0.040929586832840935013598444842652571828,0.0,0.89410291306270166082573296973105384621,0.069664760126635962985485772110048934404
0.14499999999999999000799277837359113619,0.13274245300628068687912081217888456488,0.0,0.80701333592108033880162634419400622352,0.054471193219922463388666376370092777533
0.14999999999999999444888487687421729788,0.28267381087210641320984682764293501982,0.0,0.66885593731205144122792602512112807211,0.036627126876522302127313445953464141351
0.15499999999999999888977697537484345958,0.47278234139284372722989906727527485565,0.0,0.4927417035137184840915720322123140171,0.021045032186100852950764925540694161709
0.16000000000000000333066907387546962127,0.65727743914402508868820558834564882117,0.0,0.32046797446165103651519756786294619629,0.010561787364380238119724568289839853842
0.16500000000000000777156117237609578297,0.79704321033234371363738620965837623203,0.0,0.18940046639226243733849343390005992556,0.0048204168514719915793674707772150296445
0.17000000000000001221245327087672194466,0.88528867192696192751975211412339736668,0.0,0.10664744712878498941252644692050019545,0.0020765641647676014517297201111037002812
0.17499999999999998889776975374843459576,0.93539475881980943209668202259679520013,0.0,0.059795228048413719151727762130399840008,0.00086555230009638761096783522268268011631
0.17999999999999999333866185224906075746,0.96256551643232893080145877678391449232,0.0,0.034495967437050097252557840487190065825,0.00050268413880456367288618614781645387431
0.18499999999999999777955395074968691915,0.97576928668701486648421189381647406661,0.0,0.022300165215305064117474355208365597269,0.00049815012622420546947845285638290988896
0.19000000000000000222044604925031308085,0.98155789262263506340166103083908556741,0.0,0.016971237198571984118460704131391524843,0.00049509654746319843346798988805493642279
0.19500000000000000666133814775093924254,0.98493130004091816853163416677801626432,0.0,0.013866237500952685138851325837218605559,0.00049204295004155213938537914120657963663
0.20000000000000001110223024625156540424,0.98718603505753656951876357511016402638,0.0,0.011791131159867155298849853439561007892,0.00048898933395909553194658789922736425139
0.20499999999999998778754672912327805534,0.9888152495634511520645106934027453317,0.0,0.010291679916145523049502564613672927165,0.00048593569921565757072803820130123006087
0.20999999999999999222843882762390421703,0.99005546757420658268824738770242234623,0.0,0.0091503117771533548584088697830228800864,0.00048288204581106716236215929314904487096
0.21499999999999999666933092612453037873,0.99103466739566943303171700754202175507,0.0,0.0082491795942820875282291174357459628629,0.00047982837374515326224382371286745361636
0.22000000000000000111022302462515654042,0.99182909941395303404927959575891318788,0.0,0.0075181806577146430912723624257679829013,0.00047677468301774480672610691996155775792
0.22500000000000000555111512312578270212,0.99248867996895180332936719759835425981,0.0,0.0069112380628051898985317457874208569706,0.00047372097362867073007128156264637224146
0.23000000000000000999200722162640886381,0.99304468301933198414779599899994890734,0.0,0.0063995424652242284228374499506551326111,0.00047066724557775996445078553454800281625
0.23499999999999998667732370449812151492,0.99352115503008332754530766545217856963,0.0,0.0059610767124153496820778860684570936704,0.00046761349886484145689694138889013491857
0.23999999999999999111821580299874767661,0.99393429051133866410621034056947549694,0.0,0.0055809301206354296568280481215316034558,0.00046455973348974410149602255811808874827
0.24499999999999999555910790149937383831,0.99429592071675849151987831236273105718,0.0,0.0052480786165984818491243374507671726154,0.00046150594945229684109841876908451111328
0.25,0.99461536316088916808513058902531979641,0.0,0.0049542014149329457221765298695254894337,0.00045845214675232859951190945235871389358
0.25500000000000000444089209850062616169,0.99489952380679472969889191192597506847,0.0,0.0046926793854544229443152672318979205187,0.00045539832538966829845327955864217034529
0.26000000000000000888178419700125232339,0.99515443785745636556848388782538632335,0.0,0.0044580871698883766035589503463852661166,0.00045234448536414485754828761195567832319
0.26500000000000001332267629550187848508,0.99538430092832849678468623753464007537,0.0,0.0042465607594425614927785860036937571009,0.0004492906266755871943316337622408106324
0.27000000000000001776356839400250464678,0.99559263850497289183038982008644726175,0.0,0.004054853703777279431353581614978365316,0.00044623674932382422424692783737564000469
0.27500000000000002220446049250313080847,0.99578243857757447071431837051941127186,0.0,0.0038802148846143921380201736842804628228,0.00044318285330868486064665739460472613284
0.28000000000000002664535259100375697017,0.99595625846860201762003355211800615283,0.0,0.0037202900974047660931383757242054398947,0.00044012893862999801479215577138335227908
0.28499999999999997557509345824655611068,0.99611631215084140316559953065634954949,0.0,0.003573041637295205298023638300498673586,0.00043707500528759262975914486480914316072
0.28999999999999998001598555674718227237,0.99626284469322534105321414028874141827,0.0,0.0034381099187076334570386189793406468382,0.00043402105328129754481561147635231284693
0.29499999999999998445687765524780843407,0.9963988457666550971881135585992952697,0.0,0.0033130037914595168250089363344170051178,0.0004309670826109416988546021026306076949
0.29999999999999998889776975374843459576,0.99652557888701239698028553157817929466,0.0,0.0031963092925941625988923465721175092368,0.00042791309327635399477251369866914692962
0.30499999999999999333866185224906075746,0.9966424679688761582891786069795299619,0.0,0.0030887956197965858033789077504071965334,0.00042485908527736333337442924513826107987
0.30999999999999999777955395074968691915,0.9967526148103785609351720939572378925,0.0,0.002987493729952779446912437918131080568,0.00042180505861379861337408579568296275064
0.31500000000000000222044604925031308085,0.99685450373839312449216699506361689196,0.0,0.0028936691799378578937285180752659095805,0.00041875101328548873139384252366657926289
0.32000000000000000666133814775093924254,0.99695117971318721098302533741093768788,0.0,0.002804767133835091357929748795683063957,0.00041569694929226258196464876832853457825
0.32500000000000001110223024625156540424,0.99704071984960308401139867235866152425,0.0,0.0027223127463917604265381414399667349092,0.0004126428666339490575260120803562680168
0.33000000000000001554312234475219156593,0.9971260755278671909928301359669202455,0.0,0.0026437198339316473604850763790252684039,0.00040958876531037704842596626687127721726
0.33500000000000001998401444325281772763,0.99720572823413132395032597185224224193,0.0,0.002570478883963372416669068386782073641,0.00040653464532137544292103943582927281071
0.34000000000000002442490654175344388932,0.99728132030887744959028350298771529862,0.0,0.0025008731970243866702758375426818862994,0.00040348050666677312717622203983443227375
0.34499999999999997335464740899624302983,0.99735328702253643261552300358664261779,0.0,0.0024347069563862574188536456187779558411,0.00040042634934639901917299631491767199144
0.34999999999999997779553950749686919153,0.99742046258926885405262873240482496037,0.0,0.0023728466463353783846431779218810801981,0.00039737217336008193307726597552556893686
0.35499999999999998223643160599749535322,0.99748491066586519072958602648735626057,0.0,0.0023135043684254081705365190137435883496,0.00039431797870765078268707092813755281176
0.35999999999999998667732370449812151492,0.99754636179145552036166484566908638986,0.0,0.0022570074370930707812879865146111958585,0.00039126376538893444580093143037577522936
0.36499999999999999111821580299874767661,0.99760392792116701901299493967114409457,0.0,0.0022039959057014429582080284110522721754,0.00038820953340376179812567029479317298118
0.36999999999999999555910790149937383831,0.99765933023002424787152158920926074892,0.0,0.0021529826247869928158217404651677145065,0.00038515528275196171327638092917205379319
0.375,0.99771266345762537322296768357663252455,0.0,0.0021038796886959743767369021570404903071,0.00038210101343336306277639537623669350224
0.38000000000000000444089209850062616169,0.99776261701924563291269335954608134634,0.0,0.0020579429553554101253232874792695358315,0.00037904672544779471605725235277993216361
0.38500000000000000888178419700125232339,0.99781055764293267383001614450896367236,0.0,0.0020137981037421414218318018249422767639,0.00037599241879508554045866528820375652319
0.39000000000000001332267629550187848508,0.99785684452295032941894098727813228528,0.0,0.0019711808539109490252635366494586896953,0.0003729380934750644012284903624738563251
0.39500000000000001776356839400250464678,0.99790154386248744886355543028318066967,0.0,0.0019300297165051291646582083258643679809,0.00036988374948756016152269454348814193748
0.40000000000000002220446049250313080847,0.99794326626919793937262902048238246476,0.0,0.0018916418341693018035182472059396907114,0.00036682938683240168240532362385921072711
0.40500000000000002664535259100375697017,0.99798362444849230662758201260690112548,0.0,0.0018544794276335983967624325262914580485,0.0003637750055094178228484702571107496812
0.40999999999999997557509345824655611068,0.99802270889673926862845965795455444529,0.0,0.001818494198003388688373445472993008721,0.00036072060551843747364299758613193255225
0.41499999999999998001598555674718227237,0.99806056581926671581914219645707496376,0.0,0.0017836431612688416345163963113610038122,0.00035766618685928942175569216607116279844
0.41999999999999998445687765524780843407,0.99809650437044240898543142551236251796,0.0,0.0017505426011744199414594792909807974921,0.00035461174953180255379314378000139658305
0.42499999999999998889776975374843459576,0.99813076233255284093777862324115833746,0.0,0.0017189952755723302271964679836810994868,0.00035155729353580572035931287533301454901
0.42999999999999999333866185224906075746,0.9981640362960200876825533454395217797,0.0,0.0016883581824558550132701431429930317392,0.00034850281887112776996604693257810468903
0.43499999999999999777955395074968691915,0.99819635818502073265592545479980773611,0.0,0.0016586015481349315443412926135619942094,0.00034544832553759754903304849803021906069
0.44000000000000000222044604925031308085,0.99822775892392519736805103070069045918,0.0,0.0016296965423958447097068570933307483124,0.0003423938135350439018878432158579789671
0.44500000000000000666133814775093924254,0.99825770833115125911863170974363777615,0.0,0.001602040058542328552043445533530125539,0.00033933928286329567076574785961251606546
0.45000000000000001110223024625156540424,0.99828618709073340317984886454538699017,0.0,0.0015758136040693111036188599947054125333,0.00033628473352218169580983836314873686711
0.45500000000000001554312234475219156593,0.99831392996018060287928288748263944326,0.0,0.0015502687350257488153621652102044705507,0.00033323016551153081507091785096039807568
0.46000000000000001998401444325281772763,0.99834095791480000361691708155819627142,0.0,0.0015253858176346709741505681604697802405,0.00033017557883117186450748466792898024642
0.46500000000000002442490654175344388932,0.99836729137554563360880580598631460581,0.0,0.001501145744968238739989661720172032047,0.00032712097348093367798570040848634721172
0.46999999999999997335464740899624302983,0.9983929502208717394060331797624875324,0.0,0.0014775299254490319410815410726928407284,0.00032406634946064512119260077439829940381
0.47499999999999997779553950749686919153,0.9984171950065668888857777500673233595,0.0,0.0014549976175271546683396475288795185188,0.00032101170677013495598329956797514704419
0.47999999999999998223643160599749535322,0.99844049941692797172196260923648014666,0.0,0.0014335353005673023239395916595538874001,0.00031795704540923204385979185047219515495
0.48499999999999998667732370449812151492,0.99846326955322170301735315989048159152,0.0,0.0014125688355784079856657826218107003665,0.00031490236537776521031857249442473457632
0.48999999999999999111821580299874767661,0.99848551844367372208514649830070903327,0.0,0.0013920859569080916050915010734531254071,0.00031184766667556327876363975893808413042
0.49499999999999999555910790149937383831,0.99850725884054646537884289594271097728,0.0,0.0013720746641350291712979710346521490918,0.00030879294930245507050646331533270131187
0.50,0.99852850322430130512710886233480430532,0.0,0.0013525232179498599606538543001194683479,0.00030573821325826940476595227220299092728
0.50500000000000000444089209850062616169,0.99854899253643758862552522618976475277,0.0,0.0013334201360648883389998038418763842121,0.00030268345854283509866842319988979918626
0.51000000000000000888178419700125232339,0.99856822290185875156857258511282103844,0.0,0.0013155086876173332118547463130786938825,0.00029962868515598096724756815436658068748
0.51500000000000001332267629550187848508,0.9985870698269347165440305485790297013,0.0,0.0012981487846882071064420432494123160304,0.00029657389309753582344442270053922574664
0.52000000000000001776356839400250464678,0.99860554091789893170311741925538991823,0.0,0.0012811389904689695621241046054283752669,0.00029351908236732847810733393495953552881
0.52500000000000002220446049250313080847,0.998623643665358096513791825905833603,0.0,0.0012644721811458442881364196345112468366,0.00029046425296518773999192850795233245876
0.53000000000000002664535259100375697017,0.99864138544519132526176125297665433631,0.0,0.0012481413453465907475109767341998783021,0.00028740940489094241576108064515619333206
0.53500000000000003108624468950438313186,0.99865877351945214967929595109102973231,0.0,0.0012321395832095677762840829243943592368,0.00028435453814442130998488016847779260707
0.54000000000000003552713678800500929356,0.99867527830901677189820877380950159157,0.0,0.0012164601054504895879341074877185170952,0.00028129965272545322514060051645984332961
0.54500000000000003996802888650563545525,0.99869089141999972312670840515439576204,0.0,0.0012016454667011332512348252455926413317,0.00027824474863386696161266676406262313276
0.55000000000000004440892098500626161695,0.99870624405413088242739138106665780855,0.0,0.0011874899766711146993006607008328302984,0.00027518982586949131769262364185907278222
0.55500000000000004884981308350688777864,0.998721340024412686585844038978140611,0.0,0.0011735755866249254076610677033714030368,0.0002721348844321550895791035546434547154
0.56000000000000005329070518200751394033,0.99873618311246799945496715537572015385,0.0,0.0011598986271322638749472020024542958169,0.00026907992432168707137779459945355901629
0.56499999999999994670929481799248605967,0.99875077706850772995140936051361403507,0.0,0.0011464554608270935203437516098496340492,0.00026602494553791612293577160926172761277
0.56999999999999995115018691649311222136,0.99876512561129896427004173471972530264,0.0,0.0011332424824293485347491130609516596143,0.00026296994808067089850442670112412626608
0.57499999999999995559107901499373838305,0.99877792512360234992167550249246437202,0.0,0.0011202561187661512193314208178686962196,0.00025991493194978025374437154481348868334
0.57999999999999996003197111349436454475,0.99879051064939987704219416798101849111,0.0,0.0011079609794851743270115369014587780803,0.00025685989714507297438919717483433165767
0.58499999999999996447286321199499070644,0.99880293528577288931161297734316680401,0.0,0.0010964581478840417494379249578561567447,0.00025380484366637784407939039924850212438
0.58999999999999996891375531049561686814,0.9988152003514844072556152518944001793,0.0,0.0010851082395995021040737635611148807625,0.00025074977151352364436230181417840432509
0.59499999999999997335464740899624302983,0.99882730716585949516612403910617092244,0.0,0.0010739099165516636233117659345615350894,0.00024769468068633915469211381772368661294
0.59999999999999997779553950749686919153,0.99883879408363517680741261611564170665,0.0,0.0010628618404008925258386437542971180453,0.00024463957118465315242980862329137530827
0.60499999999999998223643160599749535322,0.99884862263222892841442161166647653525,0.0,0.0010519626725518653684739448444742008333,0.00024158444300829441284313627233944308831
0.60999999999999998667732370449812151492,0.99885837822464533593849254123764573924,0.0,0.0010419450278009183162905643960242487928,0.00023852929615709170910658264653379932845
0.61499999999999999111821580299874767661,0.9988680608456713744708589805184790304,0.0,0.0010328277097049152693343090621202871876,0.00023547413063087381230133747931868988311
0.61999999999999999555910790149937383831,0.99887767048012581520533887136655519601,0.0,0.001023784116548595115571695576011985086,0.00023241894642946949141526236690049372107
0.625,0.99888720711285923809098526586546221966,0.0,0.0010148142523410246572866917188652423994,0.00022936374355270751334285877864490389269
0.63000000000000000444089209850062616169,0.99889667072875404445070081896565763022,0.0,0.001007595134398697506242947367125203828,0.00022630852200041664288523606688748026111
0.63500000000000000888178419700125232339,0.99890367589683489516518938502808488051,0.0,0.001001522600539716466826647003231059889,0.00022325328177242564275007947615756145212
0.64000000000000001332267629550187848508,0.99890970392442864239840727904704099411,0.0,0.00099544999285456528867251063851235752373,0.00022019802286856327355161815181552348114
0.64500000000000001776356839400250464678,0.99891573255613246969778041264994344407,0.0,0.00098937731134189766314195491555708959008,0.00021714274528865829381059314810337248743
0.65000000000000002220446049250313080847,0.99892176179195738645263918952748881578,0.0,0.00098330455600036724886079671202595612114,0.0002140874490325394599542254356086590393
0.65500000000000002664535259100375697017,0.99892779163191440267141037431289631537,0.0,0.00097723172682862767171825817377086172549,0.00021103213410003552631618390814170145484
0.66000000000000003108624468950438313186,0.99893382207601452898163595724921242113,0.0,0.00097115882382533252486597171166392557895,0.00020797680049097524513655338902610558262
0.66500000000000003552713678800500929356,0.99893985312426877662999201954467953438,0.0,0.00096508584698913536871698496213545979392,0.0002049214482051873665618026368025684881
0.67000000000000003996802888650563545525,0.99894588477668815748230759941619810555,0.0,0.00095901279631868973094476571141937191999,0.00020186607724250063864475235034595350425
0.67500000000000004440892098500626161695,0.9989519170332836840235835588209114217,0.0,0.00095293967181264910648220678350444721071,0.00019881068760274380734454317339562408106
0.68000000000000004884981308350688777864,0.99895794989406636935801145087594228725,0.0,0.00094686647346966695752063089178996622874,0.00019575527928574561652660369849902388628
0.68500000000000005329070518200751394033,0.99896398335904722720899238796631103935,0.0,0.00094079320128839671350879545444411332073,0.0001926998522913348079626184703684906026
0.68999999999999994670929481799248605967,0.99897001742823727178516595145065058984,0.0,0.00093471985526749190600808894654116616217,0.00018964440661934018917522606355118024144
0.69499999999999995115018691649311222136,0.99897605210164751831637548100133296696,0.0,0.0009286464354056056292684089646143856603,0.0001865889422695903620594815163902689688
0.69999999999999995559107901499373838305,0.99898208737928898224978743950771044319,0.0,0.00092257294170139134935939755917013725937,0.00018353345924191412994996059169104081438
0.70499999999999996003197111349436454475,0.99898812326117267978582987127020896113,0.0,0.00091649937415350236474959839503878767975,0.00018047795753614022624305166465782852128
0.70999999999999996447286321199499070644,0.99899415974730962774423473072048531273,0.0,0.0009104257327605919411600133740994499369,0.00017742243715209738224123907064199388159
0.71499999999999996891375531049561686814,0.99900019683771084356405675465904756716,0.0,0.00090435201752131331156310723282269826612,0.00017436689808961432715307110497788007034
0.71999999999999997335464740899624302983,0.99900555292221655907937716372430353998,0.0,0.00089827822843431967618181210350526035413,0.00017131134034851978809312802223190978578
0.72499999999999997779553950749686919153,0.99900552191080880537678957428590973038,0.0,0.00089220436549826420248853203919514173133,0.00016825576392864249008199003486481665378
0.72999999999999998223643160599749535322,0.99900549089940105167420198484751592079,0.0,0.00088613042871180002520414750230563717409,0.00016520016882981115604620531130699732488
0.73499999999999998667732370449812151492,0.99900545988799329797161439540912211119,0.0,0.00088005641807358024629701981691668384531,0.00016214455505185450681825797344697171722
0.73999999999999999111821580299874767661,0.99900542887658554426902680597072830084,0.0,0.00087398233358225793498199558476201089329,0.00015908892259460126113653609353293884444
0.74499999999999999555910790149937383831,0.99900539786517779056643921653233449124,0.0,0.0008679081752364861277194110649005400587,0.00015603327145788013564529969048741567295
0.75,0.99900536685377003686385162709394068165,0.0,0.00086183394303491782821409651707049185456,0.00015297760164151984489464872563494644742
0.75500000000000000444089209850062616169,0.99900533584236228316126403765554687205,0.0,0.00085575963697620600741438050872465175809,0.00014992191314534910134049109784286993141
0.76000000000000000888178419700125232339,0.9990053048309545294586764482171530617,0.0,0.00084968525705900360351109418574525078917,0.00014686620596919661534451063807513200388
0.76500000000000001332267629550187848508,0.9990052738195467757560888587787592521,0.0,0.00084361080328196352193657550683691476871,0.00014381048011289109517413510335913104232
0.77000000000000001776356839400250464678,0.99900524280813902205350126934036544251,0.0,0.00083753627564373863536367344159613650455,0.00014075473557626124700250417016558355729
0.77500000000000002220446049250313080847,0.99900521179673126835091367990197163291,0.0,0.00083146167414298178370475213225572504763,0.00013769897235913577490843742720139749245
0.78000000000000002664535259100375697017,0.99900518078532351464832609046357782331,0.0,0.00082538699877834577411069501910268606186,0.0001346431904613433808764023676155406482
0.78500000000000003108624468950438313186,0.99900514977391576094573850102518401372,0.0,0.00081931224954848338096990892956798736432,0.00013158738988271276479648238061789166148
0.79000000000000003552713678800500929356,0.99900511876250800724315091158679020412,0.0,0.00081323742645204734590732813098666352505,0.00012853157062307262446434474251106098655
0.79500000000000003996802888650563545525,0.99900508775110025354056332214839639452,0.0,0.00080716252948769037778341834702671337662,0.00012547573268225165558120860713516931043
0.80000000000000004440892098500626161695,0.99900505673969249983797573271000258418,0.0,0.00080108755865406515269318073778524421175,0.00012241987606007855175381299572557084628
0.80500000000000004884981308350688777864,0.99900502572828474613538814327160877458,0.0,0.0007950125139498243139651558435503163965,0.00011936400075638200449438478618350894477
0.81000000000000005329070518200751394033,0.99900499471687699243280055383321496498,0.0,0.00078893739537362047216042749222694196716,0.00011630810677099070322060670175969145567
0.81499999999999994670929481799248605967,0.99900496370546923873090155597310514837,0.0,0.00078286220292410633996881756849293957981,0.00011325219410373340311068479945328798974
0.81999999999999995115018691649311222136,0.99900493269406148502831396653471133878,0.0,0.00077678693659993419262076661816190403695,0.00011019626275443865368333328277419598972
0.82499999999999995559107901499373838305,0.99900490168265373132572637709631752918,0.0,0.0007707115963997566772645619792695906756,0.00010714031272293520592709501489556695757
0.82999999999999996003197111349436454475,0.99900487067124597762313878765792371958,0.0,0.00076463618232222627338149897767848499299,0.00010408434400905174088115597555972232355
0.83499999999999996447286321199499070644,0.99900483965983822392055119821952990924,0.0,0.00075856069436599542768043521890619905302,0.00010102835661261693748999792446968148692
0.83999999999999996891375531049561686814,0.99900480864843047021796360878113609964,0.0,0.00075248513252971655409679427750391610714,9.7972350533459472603366386449991903748e-05
0.84499999999999997335464740899624302983,0.99900477763702271651537601934274229004,0.0,0.00074640949681204203379156935008816246783,9.4916325771408020976238636020390986571e-05
0.84999999999999997779553950749686919153,0.9990047466256149628127884299043484812,0.0,0.00074033378721162421515032687202435970505,9.1860282326291255268791681382287260991e-05
0.85499999999999998223643160599749535322,0.99900471561420720911020084046595467085,0.0,0.00073425800372711541378221009776061006994,8.8804220197937846046370247818048206669e-05
0.85999999999999998667732370449812151492,0.99900468460279945540761325102756086125,0.0,0.00072818214635716791251894264481016806278,8.5748139386176461779454760503082224778e-05
0.86499999999999999111821580299874767661,0.99900465359139170170502566158916705166,0.0,0.00072210621510043396141383200138105090812,8.2692039890835768843629326730702163429e-05
0.86999999999999999555910790149937383831,0.99900462257998394800243807215077324206,0.0,0.00071603020995556577774077299765124066343,7.963592171174443151954971754975783894e-05
0.875,0.99900459156857619429985048271237943171,0.0,0.00070995413092121554599325124068793062764,7.6579784848731111992911348815024984764e-05
0.88000000000000000444089209850062616169,0.99900456055716844059726289327398562211,0.0,0.00070387797799603541788334651300926859901,7.352362930162447035441726165033806225e-05
0.88500000000000000888178419700125232339,0.99900452954576068689467530383559181252,0.0,0.00069780175117867751234073613478704948488,7.0467455070253164599746102324454371319e-05
0.89000000000000001332267629550187848508,0.99900449853435293319208771439719800292,0.0,0.00069172545046779391551169828968880969283,6.7411262154445850629520101539636890627e-05
0.89500000000000001776356839400250464678,0.99900446752294517948950012495880419257,0.0,0.00068564907586203668075811531435777562826,6.4355050554031182249273053132943281897e-05
0.90000000000000002220446049250313080847,0.99900443651153742578691253552041038297,0.0,0.00067957262736005782865647695152911858219,6.1298820268837811169418292190208491209e-05
0.90500000000000002664535259100375697017,0.99900440550012967208432494608201657338,0.0,0.00067349610496050934699688356678096822426,5.8242571298694387005216672572708383501e-05
0.91000000000000003108624468950438313186,0.99900437448872191838173735664362276378,0.0,0.0006674195086620431907820493289186367562,5.518630364342955727674454385649183437e-05
0.91500000000000003552713678800500929356,0.99900434347731416467914976720522895418,0.0,0.00066134283846331128222630535399050584885,5.2130017302871967408861727684368722332e-05
0.92000000000000003996802888650563545525,0.99900431246590641097656217776683514384,0.0,0.00065526609436296551075460281293402827636,4.9073712276850260731179493530541244526e-05
0.92500000000000004440892098500626161695,0.99900428145449865727397458832844133424,0.0,0.00064918927635965773300151600285029616251,4.6017388565193078478028533877865991755e-05
0.93000000000000004884981308350688777864,0.99900425044309090357138699889004752464,0.0,0.00064311238445203977281024538190562764575,4.2961046167729059788426938807734212147e-05
0.93500000000000005329070518200751394033,0.99900421943168314986879940945165371505,0.0,0.00063703541863876342123162056785862372859,3.9904685084286841706048170002557698185e-05
0.93999999999999994670929481799248605967,0.99900418842027539616690041159154389919,0.0,0.00063095837891848057146131222319046580526,3.6848305314695127044660337350592510402e-05
0.94499999999999995115018691649311222136,0.99900415740886764246431282215315008959,0.0,0.00062488126528984267908764039907670260609,3.3791906858782412926623880592068030066e-05
0.94999999999999995559107901499373838305,0.99900412639745988876172523271475627924,0.0,0.00061880407775150157171490766224901059594,3.0735489716377397974442599770721489373e-05
0.95499999999999996003197111349436454475,0.99900409538605213505913764327636246965,0.0,0.00061272681630210890921448952656162900802,2.767905388730871085009117124962470887e-05
0.95999999999999996447286321199499070644,0.99900406437464438135655005383796866005,0.0,0.00060664948094031631866040511242422241864,2.4622599371404978120039504193943848606e-05
0.96499999999999996891375531049561686814,0.99900403336323662765396246439957485045,0.0,0.00060057207166477539432831992704924097341,2.1566126168494824255220711048795048211e-05
0.96999999999999997335464740899624302983,0.9990040023518288739513748749611810401,0.0,0.00059449458847413769769454860831391088574,1.8509634278406871630999077429617697377e-05
0.97499999999999997779553950749686919153,0.99900397134042112024878728552278723051,0.0,0.00058841703136705475743505763223530631662,1.5453123700969740527138031425052762088e-05
0.97999999999999998223643160599749535322,0.99900394032901336654619969608439342091,0.0,0.00058233940034217806942446798405695373921,1.2396594436012049127768112312313596809e-05
0.98499999999999998667732370449812151492,0.99900390931760561284361210664599961131,0.0,0.00057626169539815909673505779294541974421,9.3400464833624135213549386850366699204e-06
0.98999999999999999111821580299874767661,0.99900387830619785914102451720760580097,0.0,0.00057018391653364926963576493029533320742,6.2834798428494477006671759935996294265e-06
0.99499999999999999555910790149937383831,0.99900384729479010543843692776921199137,0.0,0.00056410606374729998559118957164129267486,3.2268945143017635627445034978941368682e-06
1.0,0.99900381628338235173584933833081818177,0.0,0.00055802813703776260926059672217510971262,1.702904975479709088655806325408963736e-07
