value,sup,dur,Y,S
0.0,3.5402202832773760802876312902124055102e-58,108.0,0.99608547830263100926629743163630466075,0.26949632711198441033307571867437365597
0.0050000000000000001040834085586084256647,1.7578648747896961787602266889430702718e-57,107.0,0.99610454308531629037365974157371780659,0.26340558111040021116592940276302560751
0.010000000000000000208166817117216851329,9.396711564044722661944035932275084228e-57,106.0,0.99611307976520243003005199463005515381,0.25726558286592977110570412754802074434
0.014999999999999999444888487687421729788,5.4430469737671268752184165276998709529e-56,105.0,0.99611009001188603410423645653026228917,0.25107576932176938635326073726505865587
0.020000000000000000416333634234433702659,3.4416573679581900707474836963848689735e-55,104.0,0.99609448689966801627537199142184768827,0.24482735434719294622672854677290763965
0.02500000000000000138777878078144567553,2.3951138814816706473719109117047768312e-54,103.0,0.99606507736327271988986003037529969385,0.23850322018652891294444118694870566873
0.029999999999999998889776975374843459576,1.8515543403924178167640709401660883075e-53,102.0,0.99602056385208535077863488840399921624,0.2320779069961365148872914326533324487
0.035000000000000003330669073875469621271,1.6066733859612120066137892140960757781e-52,100.0,0.99595970670284321190887258944933825234,0.22560247467449707662873855856833498164
0.040000000000000000832667268468867405318,1.5834945492577354032720318564833367662e-51,99.0,0.99588058003937264467762364749032643768,0.21910897750871037201764506354844714201
0.044999999999999998334665463062265189365,1.7963927618599372541557839087534625296e-50,97.0,0.99578122732549355164952055326301076335,0.2124573004157232401023335331708336096
0.050000000000000002775557561562891351059,2.3816215889860625345095215247466344551e-49,96.0,0.99565936188735545387291581353225542654,0.20581376210386721103725687049788497213
0.055000000000000000277555756156289135106,3.7544904972939780410002541370959823012e-48,94.0,0.99551227151385827432484565097801665753,0.19907229401157350453898157575173266815
0.059999999999999997779553950749686919153,7.1787853000381552503251621379165322872e-47,92.0,0.99533668727801231027158669586789241256,0.1922387568928191236263034730924673833
0.065000000000000002220446049250313080847,1.7032782012838100548153439263194940337e-45,90.0,0.9951285980232723551089662439254515264,0.18533253946094346243001603919751166715
0.070000000000000006661338147750939242542,5.1489178969628127250502386793061937357e-44,88.0,0.99488297940713941532741081358402130008,0.17834108113737730872946976212748959333
0.074999999999999997224442438437108648941,2.0448425568743378726863585686633532314e-42,86.0,0.99459352344419722694752036928100840875,0.17124290056678709113840870981269240534
0.080000000000000001665334536937734810635,1.1057883596050999145552886639170403949e-40,83.0,0.99425333887666873783163455272013819466,0.16411183256646705754690941719064718759
0.08500000000000000610622663543836097233,8.4919662227454271662824267869745441325e-39,81.0,0.99385230404549119943393263831850903712,0.1568750858678045420981577470191988293
0.089999999999999996669330926124530378729,9.7314565155149227210601807802985990345e-37,77.0,0.99337825803573818160371458193647467911,0.14953443213420369199390027864580191138
0.095000000000000001110223024625156540424,1.7642428848275052642383353955343173725e-34,74.0,0.99281624712970400919205938605362359785,0.14212397183914129060654529388335836215
0.10000000000000000555111512312578270212,5.4195846343415571615363236931663819912e-32,70.0,0.99214549799269385791930605701874591984,0.1346085954592756658048571651212453098
0.10499999999999999611421941381195210852,3.0539188183361171935140039971899380245e-29,66.0,0.99132424852198945307197552138003913754,0.12699322739088168228535090937292797733
0.11000000000000000055511151231257827021,3.4458830839443537196947889360368544585e-26,61.0,0.99018505006149454847503385898029162203,0.1192821323793212185074821745192873992
0.11500000000000000499600361081320443191,8.4829262426295369795437244868738412152e-23,55.0,0.98847763752791825565147536316825549517,0.11147576995841981610588809299058600116
0.11999999999999999555910790149937383831,4.8088763410534660611595064998162405895e-19,49.0,0.98572640242103137848783944777887790556,0.10355249734690840504132235418879843923
0.125,5.9514962129528621726877716408087702666e-15,41.0,0.98095126806140112051964275885790126265,0.095514122875516468739501422338895788711
0.13000000000000000444089209850062616169,1.1576174464571502870518015464186188905e-10,32.0,0.97206924174761537442838495365408358297,0.087370414193829884256459874699770559501
0.13500000000000000888178419700125232339,1.4242398376735102351174658955734492096e-06,20.0,0.95468381433632931390287830389308726699,0.079096459282995298643138450903296705067
0.14000000000000001332267629550187848508,0.0017381361061008897754433802703663884465,6.0,0.92018769380856611709240286778513569336,0.0706831658232697323065421202350735418
0.14499999999999999000799277837359113619,0.044837624237641782719260135850566996867,0.0,0.85450660853379797773873629178241470426,0.058898885155146199626472009777060528701
0.14999999999999999444888487687421729788,0.16553982368672686579030505835083256236,0.0,0.74228820424374120236447418746476955816,0.042534356191052788769316027644192826994
0.15499999999999999888977697537484345958,0.34529798865709580751299917734350690209,0.0,0.58260956225138368144753738668785173992,0.026258022534431873813215340845754343388
0.16000000000000000333066907387546962127,0.54521255395277251928470408048574668684,0.0,0.4048426256268291871221700875312675857,0.013974360635237149166916523526959519827
0.16500000000000000777156117237609578297,0.71599527724939356129998044439923817137,0.0,0.2524024316932678871378608266474017277,0.0066333328622286084824954349579428534997
0.17000000000000001221245327087672194466,0.83378881286021389885729747512227861755,0.0,0.14719671698349240771836203677029491335,0.0029239120448885512462479124170237881945
0.17499999999999998889776975374843459576,0.90450804028970783723624596062299830973,0.0,0.084190501598946342852699889744861585827,0.0012341352468992987946238384202641937058
0.17999999999999999333866185224906075746,0.94410695763197681564834640087191775699,0.0,0.04905658546140620772739367867764080364,0.0007285613234403443058990346489679219594
0.18499999999999999777955395074968691915,0.96378123701422396322948986920348510833,0.0,0.031746021360999903914922944998345357533,0.00072204909466763762584354512823497330655
0.19000000000000000222044604925031308085,0.97253201848316110589603808600916135037,0.0,0.024073796084782906077170765090486394451,0.00071762252999615108344190236055119396107
0.19500000000000000666133814775093924254,0.9776618584254066524863024860489709751,0.0,0.01957691820026736681803940598487716182,0.00071319592610720462349134954828707985413
0.20000000000000001110223024625156540424,0.98110377023328009952490876192236503492,0.0,0.016560166619076330765229776393356374807,0.00070876928300027706893147737870161080629
0.20499999999999998778754672912327805534,0.98359758867006425777781607312125125752,0.0,0.014374174976667481478151147174409287066,0.00070434260067484725804011739719972455378
0.20999999999999999222843882762390421703,0.98550016824540678800227646552496009813,0.0,0.012706595422846832371707411100091618914,0.00069991587913039394614082694789221656716
0.21499999999999999666933092612453037873,0.98700503759554513910934099625232334543,0.0,0.011387644124235267594602133129556037193,0.00069548911836639595304082382998949450347
0.22000000000000000111022302462515654042,0.98822811363258937750785488219755676174,0.0,0.010316041951119335482486282369223176685,0.00069106231838233206473890664322338234898
0.22500000000000000555111512312578270212,0.98924461407738370332878137191506471204,0.0,0.0094251856182309318653339509120601221397,0.00068663547917768105799816457417839862233
0.23000000000000000999200722162640886381,0.99010258345205393665092724895658991396,0.0,0.0086731919299757805045690631626867655069,0.00068220860075192170034577282891148533279
0.23499999999999998667732370449812151492,0.99083854687625726490031543503655644533,0.0,0.0080281828379995540762351381008583839967,0.00067778168310453277464722642424269467567
0.23999999999999999111821580299874767661,0.99147735648508195050528460764809698423,0.0,0.0074684591063294059353757160541296310578,0.00067335472623499298080859988118842808853
0.24499999999999999555910790149937383831,0.99203670533518750537200066337132559762,0.0,0.0069779523917307210851264066294547840175,0.00066892773014278108322231964444753091727
0.25,0.99253165377109453606450523020619965329,0.0,0.0065445151148825601203100288814082608253,0.00066450069482737581246985921541485488222
0.25500000000000000444089209850062616169,0.99297196296561092106889218446631797304,0.0,0.0061584979033659605171529076871074240969,0.00066007362028825588989575519649300064512
0.26000000000000000888178419700125232339,0.99336722855065901946639411100831374659,0.0,0.005812023849130148454349967612374626403,0.00065564650652490002760740269108553865681
0.26500000000000001332267629550187848508,0.99372391703734841641798697650940619501,0.0,0.0054994145309520924798557415565478995066,0.00065121935353678692847485069815188840207
0.27000000000000001776356839400250464678,0.99404744702324197608711966681700557895,0.0,0.0052159132309837036508409538581232496984,0.00064679216132339528613059750132368748963
0.27500000000000002220446049250313080847,0.99434239512461056600896219877067520419,0.0,0.0049575038390114496651644447566916513052,0.00064236492988420378496938605258248182609
0.28000000000000002664535259100375697017,0.99461266101898558742748439071116950708,0.0,0.0047207658008072123931651145120454505482,0.00063793765921869110014799935049856829019
0.28499999999999997557509345824655611068,0.99486118289448042438579528414477889103,0.0,0.0045027565120725814362144052347457586102,0.00063351034932633594673828736411355167345
0.28999999999999998001598555674718227237,0.9950894292849806243595696728534044743,0.0,0.0043027006259853989151291277082005263303,0.00062908300020661688311447171008967454586
0.29499999999999998445687765524780843407,0.99530134094123750601292151417740013213,0.0,0.0041171877810196963704058592532312448121,0.00062465561185901260587102378455688548272
0.29999999999999998889776975374843459576,0.99549833512671455337694527315947462016,0.0,0.0039442208312116418849392346642481323284,0.00062022818428300175321084044604616084832
0.30499999999999999333866185224906075746,0.99568082716030871104531745243616057241,0.0,0.0037845245110071895718681702928377911876,0.00061580071747806295409783540928282512639
0.30999999999999999777955395074968691915,0.99585248472545641496910443721024320244,0.0,0.0036342514836107306090729195371515237305,0.0006113732114436748282567345907887662965
0.31500000000000000222044604925031308085,0.99601143979414126808800058878069473748,0.0,0.0034947683914968696120074194340729195786,0.00060694566617931598617287144904462297956
0.32000000000000000666133814775093924254,0.99616205031451451709918598029602257447,0.0,0.0033628197529933397957338639981474850061,0.00060251808168446502909198231921177451335
0.32500000000000001110223024625156540424,0.99630209203900903450494495395615980749,0.0,0.0032400920153878811638511362526651686275,0.00059809045795860054902000174241396537087
0.33000000000000001554312234475219156593,0.99643503129668430157903686111272183334,0.0,0.0031233634965379152506161383967657280495,0.00059366279500120112872285778957839512331
0.33500000000000001998401444325281772763,0.99655986443958653123481125274800932531,0.0,0.0030142808927157679103686233249834118634,0.00058923509281174534172626737983610526083
0.34000000000000002442490654175344388932,0.99667780787559406938791842907093843439,0.0,0.002910707384573799771718700440335628855,0.00058480735138971175231553159348149412786
0.34499999999999997335464740899624302983,0.99679040581696795330343715425455333553,0.0,0.0028123221962747458047396025494927595655,0.00058037957073457896469378908205441845488
0.34999999999999997779553950749686919153,0.99689555143758130754336091674112531121,0.0,0.0027200284928194830345421056653008014476,0.00057595175084582542634841454374805881572
0.35499999999999998223643160599749535322,0.99699615953414423890510669907687088944,0.0,0.0026316806234789712874888453819208150101,0.00057152389172292972300025589046070013973
0.35999999999999998667732370449812151492,0.99709252333184859734879900968442971918,0.0,0.0025475822303443165398944904920337433137,0.00056709599336537038197090386791207662809
0.36499999999999999111821580299874767661,0.9971827109109841375525665993085356967,0.0,0.0024683755558110605041287278308214349052,0.00056266805577262592134050986616386982635
0.36999999999999999555910790149937383831,0.99726931935001918426359157820177323543,0.0,0.0023923172860651892029221482243849902009,0.00055824007894417484994758119993044862024
0.375,0.99735252971138750174609906898968880815,0.0,0.0023192582982000717316731420943192835503,0.00055381206287949566738877638344755604856
0.38000000000000000444089209850062616169,0.99743136260266832421607066224711552966,0.0,0.0022505217340048744069167731517160809368,0.00054938400757806686401870039989877419749
0.38500000000000000888178419700125232339,0.99750649248440244951162408891036466071,0.0,0.0021845339610343519944929975411191047968,0.00054495591303936692094969996539959839451
0.39000000000000001332267629550187848508,0.99757888529059796003746215570107242427,0.0,0.0021209637283731861723581321262345950851,0.00054052777926287431005165878753895184212
0.39500000000000001776356839400250464678,0.99764865958617883381642599095096036666,0.0,0.0020597054136451318382674278010643578702,0.0005360996062480674939517928184779720182
0.40000000000000002220446049250313080847,0.99771478558985636051023861893158456458,0.0,0.0020020933237197315340220826868607775139,0.00053167139399442492603444550260589990318
0.40500000000000002664535259100375697017,0.99777814513775683282774505205627718859,0.0,0.0019464409725726458330055077597442218838,0.00052724314250142505044088301875290334034
0.40999999999999997557509345824655611068,0.99783938058638000461140198855011462344,0.0,0.0018926659624903802700599499043462255529,0.00052281485176854635123321065773681813157
0.41499999999999998001598555674718227237,0.99789857623182143583597450496345254063,0.0,0.0018406930606126611130412095742107848911,0.00051838652179526715573811914943679572907
0.41999999999999998445687765524780843407,0.99795551563986664341701428234261354107,0.0,0.0017911230478795372105995127958335686768,0.00051395815258106592953009976256140563684
0.42499999999999998889776975374843459576,0.9980094847885967530489288932042736945,0.0,0.0017437098327952691036395725203157335914,0.00050952974412542107977606192696563238655
0.42999999999999999333866185224906075746,0.99806179327775969103638939634582894354,0.0,0.0016977659949503982103016803105514143177,0.00050510129642781100439881393635760673984
0.43499999999999999777955395074968691915,0.99811250097191285294671664129542292395,0.0,0.0016532379553265370876088562378073622318,0.00050067280948771409207685815784948825932
0.44000000000000000222044604925031308085,0.99816166556929751946259872421458970457,0.0,0.0016100741036659055466213576540506682106,0.00049624428330460872224418623606410016694
0.44500000000000000666133814775093924254,0.99820926786223777777832155995207737418,0.0,0.0015686406963480288055982064694606571769,0.00049181571787797326509007429179714759996
0.45000000000000001110223024625156540424,0.99825429125382691621680720461257428152,0.0,0.0015290810051122347089791991462232079884,0.00048738711320728608155887811523485042549
0.45500000000000001554312234475219156593,0.99829805466331684062846639847501399968,0.0,0.0014906376761808363828778138907565003939,0.00048295846929202552334982835372682172905
0.46000000000000001998401444325281772763,0.99834059886101973701714149253532925962,0.0,0.0014532740851377743121288657050113321137,0.00047852978613166993291682569411402313342
0.46500000000000002442490654175344388932,0.99838196332576060133627751658178477522,0.0,0.0014169547895174653456141574265805968673,0.00047410106372569764346823603961162802345
0.46999999999999997335464740899624302983,0.99842218628056824761556209214773665761,0.0,0.0013816454953665366606705993915535629418,0.00046967230207358702813603511051152541639
0.47499999999999997779553950749686919153,0.99846106282123549875602074607562461686,0.0,0.0013477552418293663708978427873416046969,0.0004652435011748163032986416214672415938
0.47999999999999998223643160599749535322,0.9984980608416187857868470004231649256,0.0,0.0013152430503847333645189508728376044183,0.00046081466102886382359550183836488086035
0.48499999999999998667732370449812151492,0.99853412599491604380827380983253840291,0.0,0.0012835589550808141146289398235619549916,0.00045638578163520788525079418983744623148
0.48999999999999999111821580299874767661,0.99856928495282905385096238245384184517,0.0,0.0012526788687459176448375577929554622741,0.00045195686299332677524213812362417645852
0.49499999999999999555910790149937383831,0.99860356366820541478424325788283366265,0.0,0.0012225793688077810421251304511708235514,0.0004475279051026987713003892507793100613
0.5,0.99863698739084291029091516304711032936,0.0,0.0011932376822367623909539288889316978284,0.00044309890796280214190943448443457495448
0.50500000000000000444089209850062616169,0.99866958068306616452058531282794966572,0.0,0.0011646316707160552281574401067637906372,0.00043866987157311514630598717311523477289
0.51000000000000000888178419700125232339,0.99870062692600114833800715918789016753,0.0,0.0011373922908783317890857723178500707738,0.00043424079593311603447938222860952293258
0.51500000000000001332267629550187848508,0.99873072389628965428737069221922496287,0.0,0.0011109401717181212671291643036709904071,0.00042981168104228304717137124839129550575
0.52000000000000001776356839400250464678,0.9987601446439861169621191227250133364,0.0,0.0010850901463310053694744242485499941686,0.00042538252690009441587591763259573396151
0.52500000000000002220446049250313080847,0.99878890585127142301160962188225483703,0.0,0.0010598270214719923925139806666774761226,0.00042095333350602836283899169554792882217
0.53000000000000002664535259100375697017,0.99881702383606587877925264530182577857,0.0,0.0010351359460841309259006374494939351552,0.00041652410085956310105836577184417525829
0.53500000000000003108624468950438313186,0.99884451455774276580980641104800151113,0.0,0.0010110024057053208714294540404676078702,0.00041209482896017683428340931698581170741
0.54000000000000003552713678800500929356,0.99887137698851485397270857316910423971,0.0,0.00098741221691601716446951739740077723342,0.00040766551780734775701488400256543248795
0.54500000000000003996802888650563545525,0.99889670247730772922518423817864160342,0.0,0.0009647926349909316456629273059566100634,0.00040323616740055405450473880600530547445
0.55000000000000004440892098500626161695,0.99892152831332344553373018663963483307,0.0,0.00094295737856210840209753635175731586218,0.0003988067777392739027559050948478258446
0.55500000000000004884981308350688777864,0.99894586460613201068661573715867555929,0.0,0.00092156071924928667121804917624461357106,0.00039437734882298546852209170559783689472
0.56000000000000005329070518200751394033,0.99896972130588656746810005482253300202,0.0,0.00090059345380214915409291796373711396923,0.0003899478806511669093075800171166489534
0.56499999999999994670929481799248605967,0.99899310820461243495987057986465500162,0.0,0.00088004653173792969321100778510039567806,0.00038551837322329647172227753555811125061
0.56999999999999995115018691649311222136,0.99900486528699408078565481172299126802,0.0,0.0008599110540034149036534068135819163127,0.00038108882653885209806135056574016461912
0.57499999999999995559107901499373838305,0.99900482033028579163975988214486809477,0.0,0.00084017827163303760505690736423188458536,0.0003766592405973120164339553512138135049
0.57999999999999996003197111349436454475,0.99900477537357750249386495256674492228,0.0,0.00082118671028286223096941920368914429516,0.00037222961539815434734461406523467751865
0.58499999999999996447286321199499070644,0.99900473041686921334797002298862174828,0.0,0.00080299205689027707395884544503937546343,0.00036779995094085720204739670865449399749
0.58999999999999996891375531049561686814,0.99900468546016092420207509341049857579,0.0,0.00078511066893553380272945249021156813364,0.00036337024722489868254571615062177624422
0.59499999999999997335464740899624302983,0.99900464050345263505618016383237540255,0.0,0.00076753755969011292526747301764802591278,0.00035894050424975688159212316383298674578
0.59999999999999997779553950749686919153,0.9990045955467443459102852342542522293,0.0,0.000750267788752853524292354488378624657,0.00035451072201490988268810145433405631271
0.60499999999999998223643160599749535322,0.99900455059003605676439030467612905681,0.0,0.00073329646208866209504414485734502043246,0.0003500809005198357600838626858720801026
0.60999999999999998667732370449812151492,0.99900450563332776761849537509800588281,0.0,0.00071712407034489772424711972378027513107,0.00034565103976401257877814149879702146963
0.61499999999999999111821580299874767661,0.99900446067661947847260044551988271032,0.0,0.00070174002644936199849597902319904067219,0.00034122113974691839451799052351325458101
0.61999999999999999555910790149937383831,0.99900441571991118932670551594175953707,0.0,0.00068656603650402995756319456838937443995,0.00033679120046803125379857538848077674253
0.625,0.99900437076320290018081058636363636458,0.0,0.0006716001629406262111012689338505809118,0.00033236122192682919386296972276592134799
0.63000000000000000444089209850062616169,0.99900432580649461103491565678551319058,0.0,0.00065793592939363355790372670912570104454,0.00032793120412279024270195015314140239506
0.63500000000000000888178419700125232339,0.99900428084978632188902072720739001809,0.0,0.00064513764400488977511715463928629336171,0.00032350114705539241905379129573552146015
0.64000000000000001332267629550187848508,0.99900423589307803274312579762926684484,0.0,0.00063470286903641966593204735832136484903,0.00031907105072411373240406074223036807803
0.64500000000000001776356839400250464678,0.9990041909363697435972308680511436716,0.0,0.0006258930935761332785599889135015997592,0.00031464091512843218298541404060884438221
0.65000000000000002220446049250313080847,0.9990041459796614544513359384730204991,0.0,0.00061708316279160645698473925955036498257,0.00031021074026782576177738967045034496149
0.65500000000000002664535259100375697017,0.99900410102295316530544100889489732511,0.0,0.00060827307667873140655445162843452912231,0.0003057805261417724505062040127749227765
0.66000000000000003108624468950438313186,0.99900405606624487615954607931677415261,0.0,0.00059946283523340018776651967234304509952,0.0003013502727497502216445463144357720586
0.66500000000000003552713678800500929356,0.99900401110953658701365114973865097937,0.0,0.00059065243845150471626119267291187930706,0.00029691998009123703841137364705985904348
0.67000000000000003996802888650563545525,0.99900396615282829786775622016052780688,0.0,0.00058184188632893676281519041272827371531,0.00029248964816571085477170586053653144951
0.67500000000000004440892098500626161695,0.99900392119612000872186129058240463288,0.0,0.00057303117886158795333531770909349991895,0.00028805927697264961543642053105393752588
0.68000000000000004884981308350688777864,0.99900387623941171957596636100428145963,0.0,0.00056422031604534976885207861002326263649,0.00028362886651153125586204790368308557821
0.68500000000000005329070518200751394033,0.99900383128270343043007143142615828714,0.0,0.00055540929787611354551329025246490864682,0.00027919841678183370225056582950937479417
0.68999999999999994670929481799248605967,0.99900378632599514128517474130111444135,0.0,0.00054659812434977067022677568176734629644,0.00027476792778303496992624861207791196602
0.69499999999999995115018691649311222136,0.9990037413692868521392798117229912681,0.0,0.0005377867954622117980611095956402730683,0.00027033739951461276982811824115066136386
0.69999999999999995559107901499373838305,0.99900369641257856299338488214486809486,0.0,0.00052897531120932802612335780168530775953,0.00026590683197604509876944691388000690053
0.70499999999999996003197111349436454475,0.99900365145587027384748995256674492161,0.0,0.00052016367158701011096672161835816058353,0.00026147622516680984593195216766793104623
0.70999999999999996447286321199499070644,0.99900360649916198470159502298862174912,0.0,0.00051135187659114866422977967665466876737,0.00025704557908638489124177374979461059039
0.71499999999999996891375531049561686814,0.99900356154245369555570009341049857588,0.0,0.00050253992621763415263009975119103255568,0.00025261489373424810536926852183122302046
0.71999999999999997335464740899624302983,0.99900351658574540640980516383237540188,0.0,0.00049372782046235689795785025335490768649,0.00024818416910987734972880535859904004119
0.72499999999999997779553950749686919153,0.99900347162903711726391023425425222938,0.0,0.00048491555932120707706941138650649864644,0.00024375340521275047647856004167463905082
0.72999999999999998223643160599749535322,0.99900342667232882811801530467612905614,0.0,0.0004761031427900747218809859632087954572,0.00023932260204234532852031014744106337588
0.73499999999999998667732370449812151492,0.99900338171562053897212037509800588365,0.0,0.00046729057086484971936220988446609534236,0.00023489175959813973949922992968476205702
0.73999999999999999111821580299874767661,0.9990033367589122498262254455198827104,0.0,0.00045847784354142181152976228094994910114,0.00023046087787961153380368519673813998314
0.74499999999999999555910790149937383831,0.99900329180220396068033051594175953716,0.0,0.00044966496081568059544097531619167060577,0.00022602995688623852656502818316754915759
0.75,0.99900324684549567153443558636363636391,0.0,0.00044085192268351552318744365172054628009,0.00022159899661749852365739241600655187393
0.75500000000000000444089209850062616169,0.99900320188878738238854065678551319142,0.0,0.00043203872914081590188863357412688003723,0.0002171679970728693216974875755342865728
0.76000000000000000888178419700125232339,0.99900315693207909324264572720739001817,0.0,0.0004232253801834708936854917840290076211,0.00021273695825182870804439435059876715397
0.76500000000000001332267629550187848508,0.99900311197537080409675079762926684417,0.0,0.00041441187580736951573405384692341284951,0.00020830588015385446079935928848494649546
0.77000000000000001776356839400250464678,0.99900306701866251495085586805114367168,0.0,0.00040559821600840064019905230589707677272,0.00020387476277842434880558963932737494097
0.77500000000000002220446049250313080847,0.99900302206195422580496093847302049844,0.0,0.00039678440078245299424752445618118930421,0.00019944360612501613164804819506728450465
0.78000000000000002664535259100375697017,0.99900297710524593665906600889489732594,0.0,0.00038797043012541516004241978152535140042,0.00019501241019310755965324812295392953305
0.78500000000000003108624468950438313186,0.9990029321485376475131710793167741527,0.0,0.00037915630403317557473620705237139438473,0.00019058117498217637388904779359001456546
0.79000000000000003552713678800500929356,0.99900288719182935836727614973865097945,0.0,0.00037034202250162253046448108580594154678,0.00018614990049170030616444560352104011626
0.79500000000000003996802888650563545525,0.99900284223512106922138122016052780621,0.0,0.0003615275855266441743395691672708356968,0.00018171858672115707902937479236839711721
0.80000000000000004440892098500626161695,0.99900279727841278007548629058240463296,0.0,0.00035271299310412850844413713401055482978,0.00017728723367002440577449825450604072614
0.80500000000000004884981308350688777864,0.99900275232170449092959136100428146047,0.0,0.00034389824522996338982479512023573663351,0.00017285584133777999043100334528057422042
0.81000000000000005329070518200751394033,0.99900270736499620178369643142615828647,0.0,0.00033508334190003653048570296398193108266,0.00016842440972390152777039668177457368529
0.81499999999999994670929481799248605967,0.99900266240828791263879974130111444068,0.0,0.00032626828311023569311752589462807938991,0.00016399293882786680170315549620605886443
0.81999999999999995115018691649311222136,0.99900261745157962349290481172299126819,0.0,0.00031745306885644790815308882675325393351,0.00015956142864915329168396844989143296823
0.82499999999999995559107901499373838305,0.99900257249487133434700988214486809494,0.0,0.00030863769913456064816272843835538414417,0.00015512987918723876310205300833636702628
0.82999999999999996003197111349436454475,0.99900252753816304520111495256674492245,0.0,0.00029982217394046104491685068453406876335,0.00015069829044160087368814073405967108756
0.83499999999999996447286321199499070644,0.99900248258145475605522002298862174845,0.0,0.0002910064932700360851114331832050733999,0.00014626666241171727191225637327543765044
0.83999999999999996891375531049561686814,0.99900243762474646690932509341049857596,0.0,0.0002821906571191726103616285916918731462,0.00014183499509706559698351262391225561012
0.84499999999999997335464740899624302983,0.99900239266803817776343016383237540271,0.0,0.00027337466548375731719536764486621671149,0.00013740328849712347884990489817447978406
0.84999999999999997779553950749686919153,0.99900234771132988861753523425425222947,0.0,0.00026455851835967675704696185481681952552,0.00013297154261136853819810607964538666838
0.85499999999999998223643160599749535322,0.99900230275462159947164030467612905622,0.0,0.0002557422157428173362507058720252917733,0.00012853975743927838645326127493204707736
0.85999999999999998667732370449812151492,0.99900225779791331032574537509800588298,0.0,0.00024692575762906531603447950802840590127,0.00012410793298033062577878255985174632108
0.86499999999999999111821580299874767661,0.99900221284120502117985044551988271049,0.0,0.00023810914401430681251334941954580657792,0.00011967606923400284907614372015978254975
0.86999999999999999555910790149937383831,0.99900216788449673203395551594175953724,0.0,0.0002292923748944277966831704540522647161,0.00011524416619977263998467498681847391573
0.875,0.99900212292778844288806058636363636475,0.0,0.00022047545026531409441418665677357559936,0.00011081222387711757288135776580720516356
0.88000000000000000444089209850062616169,0.99900207797108015374216565678551319075,0.0,0.00021165837012285138644463193908519974382,0.00010638024226551521288061936247334428921
0.88500000000000000888178419700125232339,0.9990020330143718645962707272073900175,0.0,0.00020284113446292520837433040829274361989,0.00010194822136444311583412770042385987404
0.89000000000000001332267629550187848508,0.99900198805766357545037579762926684501,0.0,0.00019402374328142095065829635877337588549,9.7516161173378828330586034957469704684e-05
0.89500000000000001776356839400250464678,0.99900194310095528630448086805114367177,0.0,0.00018520619657422385860033392445727333405,9.3084061691799887695527661037151295235e-05
0.90000000000000002220446049250313080847,0.99900189814424699715858593847302049852,0.0,0.00017638849433721903234663639262818924103,8.8651922919183821991110615802844892715e-05
0.90500000000000002664535259100375697017,0.99900185318753870801269100889489732528,0.0,0.00016757063656629142687938517902223536519,8.4219744855008150015912375624179578113e-05
0.91000000000000003108624468950438313186,0.99900180823083041886679607931677415278,0.0,0.00015875262325732585201034846420396733977,7.9787527498750381304724547693053030917e-05
0.91500000000000003552713678800500929356,0.99900176327412212972090114973865097954,0.0,0.00014993445440620697237447949119886176324,7.5355270849888016128347556155895558273e-05
0.92000000000000003996802888650563545525,0.99900171831741384057500622016052780629,0.0,0.00014111613000881930742351452436127176497,7.09229749078985454933853227854489434e-05
0.92500000000000004440892098500626161695,0.99900167336070555142911129058240463305,0.0,0.00013229765006104723141957046945694641083,6.6490639672259451142039942191890700364e-05
0.93000000000000004884981308350688777864,0.9990016284039972622832163610042814598,0.0,0.0001234790145587749734287421549391977781,6.2058265142448205551906351573134283923e-05
0.93500000000000005329070518200751394033,0.99900158344728897313732143142615828731,0.0,0.00011466022349788661731469927439779808894,5.7625851317942271935766995004135821598e-05
0.93999999999999994670929481799248605967,0.99900153849058068399242474130111444152,0.0,0.00010584127687426629755396200357108017082,5.3193398198219202662052932447255621219e-05
0.94499999999999995115018691649311222136,0.99900149353387239484652981172299126752,0.0,9.7022174683797415946235535070601056575e-05,4.8760905782756245572845238893474096137e-05
0.94999999999999995559107901499373838305,0.99900144857716410570063488214486809503,0.0,8.8202916922363816527717205178142213767e-05,4.4328374071030934505050725454549048034e-05
0.95499999999999996003197111349436454475,0.99900140362045581655473995256674492178,0.0,7.9383503585849002288338815243914447493e-05,3.9895803062520695610148397381079857785e-05
0.95999999999999996447286321199499070644,0.99900135866374752740884502298862174929,0.0,7.0563934670136330983586660857805412753e-05,3.5463192756702945773778006326409081005e-05
0.96499999999999996891375531049561686814,0.99900131370703923826295009341049857604,0.0,6.1744210171109015128096440895304428473e-05,3.1030543153055092615534681866409646718e-05
0.96999999999999997335464740899624302983,0.99900126875033094911705516383237540205,0.0,5.2924330084650121989247827589692682467e-05,2.6597854251054534488763557557092306145e-05
0.97499999999999997779553950749686919153,0.99900122379362265997116023425425222955,0.0,4.4104294406642573580758697609569386968e-05,2.216512605017866048035439152986383668e-05
0.97999999999999998223643160599749535322,0.99900117883691437082526530467612905631,0.0,3.5284103132969146656279024120782990374e-05,1.7732358549904850410536181624266509419e-05
0.98499999999999998667732370449812151492,0.99900113388020608167937037509800588381,0.0,2.6463756259512472702984429811835048396e-05,1.3299551749710474832671775058029311655e-05
0.98999999999999999111821580299874767661,0.99900108892349779253347544551988270982,0.0,1.7643253782155037935169400861822899461e-05,8.8667056490728950330524726342614188541e-06
0.99499999999999999555910790149937383831,0.99900104396678950338758051594175953732,0.0,8.8225956967791832878401618299858045116e-06,4.4338202474694630306926274856183990397e-06
1.0,0.99900099901008121424168558636363636408,0.0,1.7819992671044103072114459177335748318e-09,8.9554437752157712423835527162968111186e-10
