value,sup,dur,Y,S
0.0,2.5019756555378883310389460052981141591e-77,130.0,0.99604088457808246582391958910242413298,0.88881968448054698040653630109176882525
0.0050000000000000001040834085586084256647,5.2295067599659775754506416391293469962e-77,130.0,0.99605981623733158992529211009320969211,0.88680048434097555353866336913854410548
0.010000000000000000208166817117216851329,1.040720945051875395560631241770441387e-76,129.0,0.99608369166577239098512015680546569858,0.88467309653045095759723394206262699874
0.014999999999999999444888487687421729788,1.9900734942658485274811976661991957689e-76,129.0,0.99611361399040561428804825830932131694,0.88242567246889060542356893129561270216
0.020000000000000000416333634234433702659,3.6858461775488586507136398017287830834e-76,129.0,0.99615307562605604200479792065519092049,0.88004616952721152717572194286681217194
0.02500000000000000138777878078144567553,6.6581643549988527094897879763881723039e-76,129.0,0.99620365186794856920068432032549615596,0.87759455240439265516608236165811320114
0.029999999999999998889776975374843459576,1.180110117746472713679934032472106874e-75,129.0,0.99626522297883905020107298385083378781,0.875564681033718344318431662763890552
0.035000000000000003330669073875469621271,2.0628795153489221566211826193463264587e-75,129.0,0.99633381913119477823176292863603315915,0.87338889377612700318210201352151170667
0.040000000000000000832667268468867405318,3.5720654212780800677243505916235856404e-75,128.0,0.99640680693659944729722873288870451097,0.87105154481045860009306241317870129887
0.044999999999999998334665463062265189365,6.1502787589166954715675517905129172415e-75,128.0,0.99648193530946634895823120991608924143,0.86853668846534267553660553667072638816
0.050000000000000002775557561562891351059,1.0563406577203602774149000794793103487e-74,128.0,0.9965579292297468436712147749011995675,0.86582776250177558506616205301159442642
0.055000000000000000277555756156289135106,1.8149247673508930783100383309098043164e-74,128.0,0.99663346044532026267847284438515397613,0.86334767196821189783048137778137872676
0.059999999999999997779553950749686919153,3.126890463043044802362532405213003186e-74,127.0,0.99670721933963604907792529755926638253,0.86102458412421215218413807665407176664
0.065000000000000002220446049250313080847,5.4136763267494866191073240622944145673e-74,127.0,0.99677871957901797292684954770797604796,0.85847562781312042424162844557853309205
0.070000000000000006661338147750939242542,9.4367237983591200671037617071821396972e-74,127.0,0.9968484303347918941341152173604062365,0.85567990973301966537645884119443402275
0.074999999999999997224442438437108648941,1.6589844833556455261189587180837115821e-73,127.0,0.99691417335627739825275959881615646832,0.85261519336058774047111348572418645838
0.080000000000000001665334536937734810635,2.9460178043239610997086989360663118605e-73,127.0,0.99697789737612957814706237926370911878,0.85012790298423484263855366002275936277
0.08500000000000000610622663543836097233,5.2921538396095916249832584487937309571e-73,126.0,0.99703712191591343844728020069692868831,0.84744842147834003519232133549474454754
0.089999999999999996669330926124530378729,9.6300999381412902329641980120568865248e-73,126.0,0.99709340388485086921567240859751095985,0.84444795504482943438688858374062328466
0.095000000000000001110223024625156540424,1.7774755330735069423478504427273621965e-72,126.0,0.9971455847474055952602730362591351636,0.84109816604454288452359626801424136984
0.10000000000000000555111512312578270212,3.3320366397176293032382831671871284581e-72,125.0,0.99719336764938912756833381170004702284,0.83839570685941320143548506554390509219
0.10499999999999999611421941381195210852,6.3518729951202349758313209062249875584e-72,125.0,0.99723815337368067405790785390088286297,0.83540695552690629351597474614110315998
0.11000000000000000055511151231257827021,1.2329160238348977916920131387387923325e-71,125.0,0.9972781479468196553490624486609734556,0.83199481165821039241583657662111997762
0.11500000000000000499600361081320443191,2.4398683433349227213194865487669008877e-71,125.0,0.99731383722769853812644047455074970078,0.82867401722039731393441469924347120013
0.11999999999999999555910790149937383831,4.9291946225909554883500424413092303454e-71,124.0,0.99734617703534300962577548712723576447,0.82559854851500600136435472805243357285
0.125,1.0180225138573834726760849715499410501e-70,124.0,0.99737362608861032779600242952992920582,0.82200363092637979314540693429588139069
0.13000000000000000444089209850062616169,2.1524398935700106067942263613413482042e-70,124.0,0.99739639070648111116855516361658657022,0.81835596384264465910858658567633826712
0.13500000000000000888178419700125232339,4.6660346344957853242538321293377140244e-70,123.0,0.99741590506251019683893198833560085048,0.81503119673326921406126010607858033309
0.14000000000000001332267629550187848508,1.0387122843108399537217442958797819053e-69,123.0,0.9974302979920351080145805929447696336,0.81106411165013044630592037544952455125
0.14499999999999999000799277837359113619,2.3784916916612147475170202577146180468e-69,122.0,0.99743944673958792632105323028953566292,0.8073689137055967341994804901377454817
0.14999999999999999444888487687421729788,5.6123272735329342164172109173030023887e-69,122.0,0.99744541924094880375522039342564151703,0.80354734382477620881002565537051271218
0.15499999999999999888977697537484345958,1.367251482133590325431458299308259367e-68,122.0,0.99744579295771282426232318296238848262,0.79916799611501875695535390682167148426
0.16000000000000000333066907387546962127,3.4459296174977831002363018269067344004e-68,121.0,0.99744049486510014690436251410851401128,0.79541428027786471058477609367751781605
0.16500000000000000777156117237609578297,9.0047492869395393021950776687579662841e-68,121.0,0.99743153997661235005035080927551824216,0.79073859423191828621983904241260682895
0.17000000000000001221245327087672194466,2.4455244493563791949089320918727033432e-67,120.0,0.99741609102842144695735416250350946015,0.78674472513174715098918947182901559078
0.17499999999999998889776975374843459576,6.9201667876136211061675601922845621262e-67,120.0,0.99739508938615465365588094054510725901,0.78187087052892969729194284507594944676
0.17999999999999999333866185224906075746,2.0459914202447999470936332604878996794e-66,119.0,0.99736865882709942147813590184726643035,0.77755531739941789648510570885696536207
0.18499999999999999777955395074968691915,6.3391496597310824913480686465460297137e-66,119.0,0.99733436072474154509549919185491506288,0.77228642611815343651662392997075670058
0.19000000000000000222044604925031308085,2.0649247535882924573708980873578321881e-65,118.0,0.99729535673886321712896906585223076517,0.76777231107978664040652694086726367722
0.19500000000000000666133814775093924254,7.0965857365767473037684794017515474199e-65,118.0,0.99724682663116608071681871706811973221,0.76243384869132559839341636884563352291
0.20000000000000001110223024625156540424,2.5830017869159778067099442990919595543e-64,117.0,0.99719261706225966113955322985425693294,0.75720091747394359879046756409082923044
0.20499999999999998778754672912327805534,9.9984683709096487397921614132469838694e-64,116.0,0.99712731308732605247476360822405543972,0.7518679597530648035568297857391140808
0.20999999999999999222843882762390421703,4.1346568651161644529710893469377141255e-63,116.0,0.99705534624412940468039127053112681831,0.74597500995807920687519018179647999229
0.21499999999999999666933092612453037873,1.835620489515734650570722955344809929e-62,115.0,0.99697109729238505346886263794061174026,0.74010992806774708835690892917447308421
0.22000000000000000111022302462515654042,8.7962667382450745376497507527296735118e-62,114.0,0.99687605961918534991995754418005912751,0.73424005497399962665056892054946005372
0.22500000000000000555111512312578270212,4.5765143884063848350182754037755399417e-61,114.0,0.99676917457838177832556056021245759931,0.72797667268670625502663987928450552521
0.23000000000000000999200722162640886381,2.6018194296704365814879129218459490766e-60,113.0,0.99664697796856812430546081671666817203,0.72139967261223349270484035516533048763
0.23499999999999998667732370449812151492,1.6276850311432301601130745662243877861e-59,112.0,0.99650821266930295874105755031563607863,0.71456912290804800780191986072035085839
0.23999999999999999111821580299874767661,1.129135413621879198976413584652667326e-58,111.0,0.99635415945739371934500272735389339456,0.70752023242129728978937600024144739217
0.24499999999999999555910790149937383831,8.7589337037023398527185760539130284753e-58,110.0,0.99617965131236910026896778892673192404,0.70025810721864522797533067134360353114
0.25,7.6679712869291489941568554392420482762e-57,109.0,0.99598204486971401328886502945941947984,0.69275257675746283176799506948810218137
0.25500000000000000444089209850062616169,7.6526225790579402801616209293740843345e-56,108.0,0.99575822628458675435462245559090772424,0.6849332658050852039088439487302031645
0.26000000000000000888178419700125232339,8.8031274553518474291747415377603189069e-55,107.0,0.99550417147622911094240669602868108184,0.67668496895190431258974490647393067403
0.26500000000000001332267629550187848508,1.181455081908319499842175991422982588e-53,105.0,0.99521453165367682212093986341811305212,0.66799894157609197527665976730091469823
0.27000000000000001776356839400250464678,1.8746114384373945210661996036173950995e-52,104.0,0.99488796660071815982702719025219895456,0.65937729912701802199116187112294888979
0.27500000000000002220446049250313080847,3.5680300747138212296238653824765911067e-51,103.0,0.99451472389955661027365138570692451007,0.64996892457787673140217771921509364434
0.28000000000000002664535259100375697017,8.2770193219380607627465755986333285067e-50,101.0,0.9940821316134631385879594378982345265,0.64051422676349263918194212616031129221
0.28499999999999997557509345824655611068,2.3811912112946287430628987193067892982e-48,99.0,0.99359155497562183027639348101619612183,0.64942616154318733149044927034372095909
0.28999999999999998001598555674718227237,8.6580492691982599571064123167827047254e-47,97.0,0.99302094775968816669621172753083290559,0.66496936889104844260475863470302006759
0.29499999999999998445687765524780843407,4.0616287434495067874844368321094467917e-45,95.0,0.99235735667181731116667130727550001853,0.68067847577538133657143374273307484519
0.29999999999999998889776975374843459576,2.5137419809345728615144580464199634483e-43,93.0,0.9915840375094799832115806805453973284,0.69651042475978278439951843206047141161
0.30499999999999999333866185224906075746,2.1023072001238775351718027799729177901e-41,91.0,0.9906751246404089445280711640043714199,0.71245295646696186560761272671119280247
0.30999999999999999777955395074968691915,2.4373462991595499504428235165622171887e-39,88.0,0.98959543632260421656824420626828999024,0.72844486014860609055294192306904081721
0.31500000000000000222044604925031308085,4.0236971767351532131097989319056723854e-37,85.0,0.98831312440232603921188795652632485547,0.74445253237396349797933139437883439884
0.32000000000000000666133814775093924254,9.7223884502430041278776985203047430362e-35,82.0,0.98676980713411666462934048968114365452,0.76040501336743672347984098158817479064
0.32500000000000001110223024625156540424,3.5334924473482101278854366999564947109e-32,78.0,0.98490999984326066189498179733822980321,0.77624127087374006320067179450785814043
0.33000000000000001554312234475219156593,1.9813030264023636709348954053576341077e-29,74.0,0.98261817215805983049292228547918507308,0.79189716770747796447144887385834882847
0.33500000000000001998401444325281772763,1.7501902405171232444032537920717810787e-26,69.0,0.97978297298238179272937353328370219895,0.80728916437154366158531191458382007011
0.34000000000000002442490654175344388932,2.4652890555491050312270786251845051705e-23,64.0,0.97621815501913124107786630469586457066,0.82233377105172630092505968567660719922
0.34499999999999997335464740899624302983,5.5178583796574443256271448239849046518e-20,57.0,0.97166936111566599004706425747526626825,0.83694148156499521830075068790285240088
0.34999999999999997779553950749686919153,1.9039495710147846745183116727495287584e-16,50.0,0.96576218395074374766825440039583855456,0.85101596485823897877040334228031210988
0.35499999999999998223643160599749535322,9.3926972062558373095877465872871510086e-13,41.0,0.95797942761369272398434234886995328956,0.86418047577518198814329373951049546603
0.35999999999999998667732370449812151492,5.6873664668158710138526349224197350115e-09,30.0,0.94742571530638519953011128898381704524,0.87319280089555084428778096948488297615
0.36499999999999999111821580299874767661,3.0201067233375952158791390804379426962e-05,15.0,0.93283021141060392797243309847655893185,0.83726213129515953754524285674983635413
0.36999999999999999555910790149937383831,0.017238697455793012969455151396229326451,0.0,0.88079174081185591063691818616580773764,0.48072153090269251323301647650322018792
0.375,0.16823810763248719819370953690154749911,0.0,0.73395549893850824528993555332878953563,0.24367018837931400037852778751777786319
0.38000000000000000444089209850062616169,0.44892176573032035998813597413126662008,0.0,0.48825874321792723009174219334335080818,0.11868576104146857879919642591925016826
0.38500000000000000888178419700125232339,0.72365217792765399394968080453606027777,0.0,0.2456176864337234052655543289910303043,0.045635393538255390627323373919967590238
0.39000000000000001332267629550187848508,0.88571676261992855347148681011935158626,0.0,0.1013603934119496909939628990983814271,0.014977308474424039245025889154007243344
0.39500000000000001776356839400250464678,0.9558077622819749403689077919217477293,0.0,0.038996989125175854946235125892647386064,0.0045778476060452437706434961276188836293
0.40000000000000002220446049250313080847,0.98253130745388081631313015489014898941,0.0,0.015329045163948328534131756437259196072,0.0013651206985830978887178420661650694043
0.40500000000000002664535259100375697017,0.99251964188293810506316276031026347654,0.0,0.0065323130845167998320051903221346041143,0.00052816253223950800958784482471645056439
0.40999999999999997557509345824655611068,0.99577785460622543001094597720562855488,0.0,0.0036824228315500008439281532502309899732,0.00052281485176854635123321065773681813157
0.41499999999999998001598555674718227237,0.99693914692165249828701827306374811242,0.0,0.0026677842785816537706715199055269211524,0.00051838652179526715573811914943679572907
0.41999999999999998445687765524780843407,0.99756924884866919640235782492271904233,0.0,0.0021169468345411493232274082093803099033,0.00051395815258106592953009976256140563684
0.42499999999999998889776975374843459576,0.99797126059638639268672078975791586783,0.0,0.0017650296571045583084855862719651013733,0.00050952974412542107977606192696563238655
0.42999999999999999333866185224906075746,0.99825110178420799927147536420208293586,0.0,0.0015196092223219892457436560074079997237,0.00050510129642781100439881393635760673984
0.43499999999999999777955395074968691915,0.99845626671198841501070212596568678392,0.0,0.0013389582109349760570035298438008263809,0.00050067280948771409207685815784948825932
0.44000000000000000222044604925031308085,0.99861075268715631447635218588688762701,0.0,0.0012017970741528927573640127416367579245,0.00049624428330460872224418623606410016694
0.44500000000000000666133814775093924254,0.99872725740560593727741122191389695689,0.0,0.0010964475238979192741219217465501168712,0.00049181571787797326509007429179714759996
0.45000000000000001110223024625156540424,0.99880977299685425204625186124939472772,0.0,0.0010172161948916214440272471500759844947,0.00048738711320728608155887811523485042549
0.45500000000000001554312234475219156593,0.99885346217088758084785078319751780642,0.0,0.00096565760153757716153802321433354997664,0.00048295846929202552334982835372682172905
0.46000000000000001998401444325281772763,0.99887415084147708596441566941084835672,0.0,0.00095175137430404590164365857614537985013,0.00047852978613166993291682569411402313342
0.46500000000000002442490654175344388932,0.99889213108147785732119110269160990016,0.0,0.00094294718778184534352588600115891931591,0.00047410106372569764346823603961162802345
0.46999999999999997335464740899624302983,0.99890369059349903829426754014456696092,0.0,0.00093414284608318863964854654309161695458,0.00046967230207358702813603511051152541639
0.47499999999999997779553950749686919153,0.99891240166943754437847877281067721829,0.0,0.0009253383492039730102420575756659147291,0.0004652435011748163032986416214672415938
0.47999999999999998223643160599749535322,0.99892111387547625700652668915657018119,0.0,0.00091653369714009582415832928202289508076,0.00046081466102886382359550183836488086035
0.48499999999999998667732370449812151492,0.99892982721164500443920898967438665614,0.0,0.00090772888988745420787480004526220316925,0.00045638578163520788525079418983744623148
0.48999999999999999111821580299874767661,0.99893854167797361700682821583482980777,0.0,0.00089892392744194514323503075996904700965,0.00045195686299332677524213812362417645852
0.49499999999999999555910790149937383831,0.99894725727449192710928313408266562772,0.0,0.00089011880979946546744233151155187855617,0.0004475279051026987713003892507793100613
0.5,0.99895597400122976921616012466453370039,0.0,0.00088131353695591187305338791856712907361,0.00044309890796280214190943448443457495448
0.50500000000000000444089209850062616169,0.99896469185821697986682457528936637106,0.0,0.00087250810890718090797188713801020775431,0.00043866987157311514630598717311523477289
0.51000000000000000888178419700125232339,0.99897341084548339767051227962171456608,0.0,0.00086370252564916897544214353355197093267,0.00043424079593311603447938222860952293258
0.51500000000000001332267629550187848508,0.99898213096305886330642084060827822612,0.0,0.00085489678717777233404272400669986783633,0.00042981168104228304717137124839129550575
0.52000000000000001776356839400250464678,0.9989908522109732195238010786379397309,0.0,0.00084609089348888709768007299086296740323,0.00042538252690009441587591763259573396151
0.52500000000000002220446049250313080847,0.99899957458925631114204844453559838918,0.0,0.0008372848445784092355821371083000691099,0.00042095333350602836283899169554792882217
0.53000000000000002664535259100375697017,0.99900522494066039395181600889489732578,0.0,0.00082847864044223457229198948993009938026,0.00041652410085956310105836577184417525829
0.53500000000000003108624468950438313186,0.99900517998395210480592107931677415253,0.0,0.00081967228107625878766145375798399367978,0.00041209482896017683428340931698581170741
0.54000000000000003552713678800500929356,0.99900513502724381566002614973865097928,0.0,0.00081086576647637741684472767147726284776,0.00040766551780734775701488400256543248795
0.54500000000000003996802888650563545525,0.99900509007053552651413122016052780604,0.0,0.00080205909663848585029200643448244087,0.00040323616740055405450473880600530547445
0.55000000000000004440892098500626161695,0.99900504511382723736823629058240463355,0.0,0.00079325227155847933374310566718060971445,0.0003988067777392739027559050948478258446
0.55500000000000004884981308350688777864,0.9990050001571189482223413610042814603,0.0,0.00078444529123225296822108403967119548389,0.00039437734882298546852209170559783689472
0.56000000000000005329070518200751394033,0.99900495520041065907644643142615828706,0.0,0.00077563815565570171002586556851922859834,0.0003899478806511669093075800171166489534
0.56499999999999994670929481799248605967,0.99900491024370236993154974130111444051,0.0,0.00076683086482472056629072657934411546786,0.00038551837322329647172227753555811125061
0.56999999999999995115018691649311222136,0.99900486528699408078565481172299126802,0.0,0.00075802341873520381272790479307512981401,0.00038108882653885209806135056574016461912
0.57499999999999995559107901499373838305,0.99900482033028579163975988214486809477,0.0,0.00074921581738304616698906828891140669893,0.0003766592405973120164339553512138135049
0.57999999999999996003197111349436454475,0.99900477537357750249386495256674492228,0.0,0.00074040806076414200641781868877715446291,0.00037222961539815434734461406523467751865
0.58499999999999996447286321199499070644,0.99900473041686921334797002298862174828,0.0,0.00073160014887438556360272938413209073532,0.00036779995094085720204739670865449399749
0.58999999999999996891375531049561686814,0.99900468546016092420207509341049857579,0.0,0.00072279208170967092637096580850645228339,0.00036337024722489868254571615062177624422
0.59499999999999997335464740899624302983,0.99900464050345263505618016383237540255,0.0,0.00071398385926589203778190537262777700692,0.00035894050424975688159212316383298674578
0.59999999999999997779553950749686919153,0.9990045955467443459102852342542522293,0.0,0.00070517548153894269612075706211863910803,0.00035451072201490988268810145433405631271
0.60499999999999998223643160599749535322,0.99900455059003605676439030467612905681,0.0,0.0006963669485247165548921806977445169219,0.0003500809005198357600838626858720801026
0.60999999999999998667732370449812151492,0.99900450563332776761849537509800588281,0.0,0.00068755826021910712281390585819097151208,0.00034565103976401257877814149879702146963
0.61499999999999999111821580299874767661,0.99900446067661947847260044551988271032,0.0,0.00067874941661800776381035046534931261214,0.00034122113974691839451799052351325458101
0.61999999999999999555910790149937383831,0.99900441571991118932670551594175953707,0.0,0.00066994041771731169700623903208992703868,0.00033679120046803125379857538848077674253
0.625,0.99900437076320290018081058636363636458,0.0,0.00066113126351291199672022057250244325061,0.00033236122192682919386296972276592134799
0.63000000000000000444089209850062616169,0.99900432580649461103491565678551319058,0.0,0.00065232195400070159245848617458190422016,0.00032793120412279024270195015314140239506
0.63500000000000000888178419700125232339,0.99900428084978632188902072720739001809,0.0,0.00064351248917657326890838623534011938052,0.00032350114705539241905379129573552146015
0.64000000000000001332267629550187848508,0.99900423589307803274312579762926684484,0.0,0.00063470286903641966593204735832136484903,0.00031907105072411373240406074223036807803
0.64500000000000001776356839400250464678,0.9990041909363697435972308680511436716,0.0,0.0006258930935761332785599889135015997592,0.00031464091512843218298541404060884438221
0.65000000000000002220446049250313080847,0.9990041459796614544513359384730204991,0.0,0.00061708316279160645698473925955036498257,0.00031021074026782576177738967045034496149
0.65500000000000002664535259100375697017,0.99900410102295316530544100889489732511,0.0,0.00060827307667873140655445162843452912231,0.0003057805261417724505062040127749227765
0.66000000000000003108624468950438313186,0.99900405606624487615954607931677415261,0.0,0.00059946283523340018776651967234304509952,0.0003013502727497502216445463144357720586
0.66500000000000003552713678800500929356,0.99900401110953658701365114973865097937,0.0,0.00059065243845150471626119267291187930706,0.00029691998009123703841137364705985904348
0.67000000000000003996802888650563545525,0.99900396615282829786775622016052780688,0.0,0.00058184188632893676281519041272827371531,0.00029248964816571085477170586053653144951
0.67500000000000004440892098500626161695,0.99900392119612000872186129058240463288,0.0,0.00057303117886158795333531770909349991895,0.00028805927697264961543642053105393752588
0.68000000000000004884981308350688777864,0.99900387623941171957596636100428145963,0.0,0.00056422031604534976885207861002326263649,0.00028362886651153125586204790368308557821
0.68500000000000005329070518200751394033,0.99900383128270343043007143142615828714,0.0,0.00055540929787611354551329025246490864682,0.00027919841678183370225056582950937479417
0.68999999999999994670929481799248605967,0.99900378632599514128517474130111444135,0.0,0.00054659812434977067022677568176734629644,0.00027476792778303496992624861207791196602
0.69499999999999995115018691649311222136,0.9990037413692868521392798117229912681,0.0,0.0005377867954622117980611095956402730683,0.00027033739951461276982811824115066136386
0.69999999999999995559107901499373838305,0.99900369641257856299338488214486809486,0.0,0.00052897531120932802612335780168530775953,0.00026590683197604509876944691388000690053
0.70499999999999996003197111349436454475,0.99900365145587027384748995256674492161,0.0,0.00052016367158701011096672161835816058353,0.00026147622516680984593195216766793104623
0.70999999999999996447286321199499070644,0.99900360649916198470159502298862174912,0.0,0.00051135187659114866422977967665466876737,0.00025704557908638489124177374979461059039
0.71499999999999996891375531049561686814,0.99900356154245369555570009341049857588,0.0,0.00050253992621763415263009975119103255568,0.00025261489373424810536926852183122302046
0.71999999999999997335464740899624302983,0.99900351658574540640980516383237540188,0.0,0.00049372782046235689795785025335490768649,0.00024818416910987734972880535859904004119
0.72499999999999997779553950749686919153,0.99900347162903711726391023425425222938,0.0,0.00048491555932120707706941138650649864644,0.00024375340521275047647856004167463905082
0.72999999999999998223643160599749535322,0.99900342667232882811801530467612905614,0.0,0.0004761031427900747218809859632087954572,0.00023932260204234532852031014744106337588
0.73499999999999998667732370449812151492,0.99900338171562053897212037509800588365,0.0,0.00046729057086484971936220988446609534236,0.00023489175959813973949922992968476205702
0.73999999999999999111821580299874767661,0.9990033367589122498262254455198827104,0.0,0.00045847784354142181152976228094994910114,0.00023046087787961153380368519673813998314
0.74499999999999999555910790149937383831,0.99900329180220396068033051594175953716,0.0,0.00044966496081568059544097531619167060577,0.00022602995688623852656502818316754915759
0.75,0.99900324684549567153443558636363636391,0.0,0.00044085192268351552318744365172054628009,0.00022159899661749852365739241600655187393
0.75500000000000000444089209850062616169,0.99900320188878738238854065678551319142,0.0,0.00043203872914081590188863357412688003723,0.0002171679970728693216974875755342865728
0.76000000000000000888178419700125232339,0.99900315693207909324264572720739001817,0.0,0.0004232253801834708936854917840290076211,0.00021273695825182870804439435059876715397
0.76500000000000001332267629550187848508,0.99900311197537080409675079762926684417,0.0,0.00041441187580736951573405384692341284951,0.00020830588015385446079935928848494649546
0.77000000000000001776356839400250464678,0.99900306701866251495085586805114367168,0.0,0.00040559821600840064019905230589707677272,0.00020387476277842434880558963932737494097
0.77500000000000002220446049250313080847,0.99900302206195422580496093847302049844,0.0,0.00039678440078245299424752445618118930421,0.00019944360612501613164804819506728450465
0.78000000000000002664535259100375697017,0.99900297710524593665906600889489732594,0.0,0.00038797043012541516004241978152535140042,0.00019501241019310755965324812295392953305
0.78500000000000003108624468950438313186,0.9990029321485376475131710793167741527,0.0,0.00037915630403317557473620705237139438473,0.00019058117498217637388904779359001456546
0.79000000000000003552713678800500929356,0.99900288719182935836727614973865097945,0.0,0.00037034202250162253046448108580594154678,0.00018614990049170030616444560352104011626
0.79500000000000003996802888650563545525,0.99900284223512106922138122016052780621,0.0,0.0003615275855266441743395691672708356968,0.00018171858672115707902937479236839711721
0.80000000000000004440892098500626161695,0.99900279727841278007548629058240463296,0.0,0.00035271299310412850844413713401055482978,0.00017728723367002440577449825450604072614
0.80500000000000004884981308350688777864,0.99900275232170449092959136100428146047,0.0,0.00034389824522996338982479512023573663351,0.00017285584133777999043100334528057422042
0.81000000000000005329070518200751394033,0.99900270736499620178369643142615828647,0.0,0.00033508334190003653048570296398193108266,0.00016842440972390152777039668177457368529
0.81499999999999994670929481799248605967,0.99900266240828791263879974130111444068,0.0,0.00032626828311023569311752589462807938991,0.00016399293882786680170315549620605886443
0.81999999999999995115018691649311222136,0.99900261745157962349290481172299126819,0.0,0.00031745306885644790815308882675325393351,0.00015956142864915329168396844989143296823
0.82499999999999995559107901499373838305,0.99900257249487133434700988214486809494,0.0,0.00030863769913456064816272843835538414417,0.00015512987918723876310205300833636702628
0.82999999999999996003197111349436454475,0.99900252753816304520111495256674492245,0.0,0.00029982217394046104491685068453406876335,0.00015069829044160087368814073405967108756
0.83499999999999996447286321199499070644,0.99900248258145475605522002298862174845,0.0,0.0002910064932700360851114331832050733999,0.00014626666241171727191225637327543765044
0.83999999999999996891375531049561686814,0.99900243762474646690932509341049857596,0.0,0.0002821906571191726103616285916918731462,0.00014183499509706559698351262391225561012
0.84499999999999997335464740899624302983,0.99900239266803817776343016383237540271,0.0,0.00027337466548375731719536764486621671149,0.00013740328849712347884990489817447978406
0.84999999999999997779553950749686919153,0.99900234771132988861753523425425222947,0.0,0.00026455851835967675704696185481681952552,0.00013297154261136853819810607964538666838
0.85499999999999998223643160599749535322,0.99900230275462159947164030467612905622,0.0,0.0002557422157428173362507058720252917733,0.00012853975743927838645326127493204707736
0.85999999999999998667732370449812151492,0.99900225779791331032574537509800588298,0.0,0.00024692575762906531603447950802840590127,0.00012410793298033062577878255985174632108
0.86499999999999999111821580299874767661,0.99900221284120502117985044551988271049,0.0,0.00023810914401430681251334941954580657792,0.00011967606923400284907614372015978254975
0.86999999999999999555910790149937383831,0.99900216788449673203395551594175953724,0.0,0.0002292923748944277966831704540522647161,0.00011524416619977263998467498681847391573
0.875,0.99900212292778844288806058636363636475,0.0,0.00022047545026531409441418665677357559936,0.00011081222387711757288135776580720516356
0.88000000000000000444089209850062616169,0.99900207797108015374216565678551319075,0.0,0.00021165837012285138644463193908519974382,0.00010638024226551521288061936247334428921
0.88500000000000000888178419700125232339,0.9990020330143718645962707272073900175,0.0,0.00020284113446292520837433040829274361989,0.00010194822136444311583412770042385987404
0.89000000000000001332267629550187848508,0.99900198805766357545037579762926684501,0.0,0.00019402374328142095065829635877337588549,9.7516161173378828330586034957469704684e-05
0.89500000000000001776356839400250464678,0.99900194310095528630448086805114367177,0.0,0.00018520619657422385860033392445727333405,9.3084061691799887695527661037151295235e-05
0.90000000000000002220446049250313080847,0.99900189814424699715858593847302049852,0.0,0.00017638849433721903234663639262818924103,8.8651922919183821991110615802844892715e-05
0.90500000000000002664535259100375697017,0.99900185318753870801269100889489732528,0.0,0.00016757063656629142687938517902223536519,8.4219744855008150015912375624179578113e-05
0.91000000000000003108624468950438313186,0.99900180823083041886679607931677415278,0.0,0.00015875262325732585201034846420396733977,7.9787527498750381304724547693053030917e-05
0.91500000000000003552713678800500929356,0.99900176327412212972090114973865097954,0.0,0.00014993445440620697237447949119886176324,7.5355270849888016128347556155895558273e-05
0.92000000000000003996802888650563545525,0.99900171831741384057500622016052780629,0.0,0.00014111613000881930742351452436127176497,7.09229749078985454933853227854489434e-05
0.92500000000000004440892098500626161695,0.99900167336070555142911129058240463305,0.0,0.00013229765006104723141957046945694641083,6.6490639672259451142039942191890700364e-05
0.93000000000000004884981308350688777864,0.9990016284039972622832163610042814598,0.0,0.0001234790145587749734287421549391977781,6.2058265142448205551906351573134283923e-05
0.93500000000000005329070518200751394033,0.99900158344728897313732143142615828731,0.0,0.00011466022349788661731469927439779808894,5.7625851317942271935766995004135821598e-05
0.93999999999999994670929481799248605967,0.99900153849058068399242474130111444152,0.0,0.00010584127687426629755396200357108017082,5.3193398198219202662052932447255621219e-05
0.94499999999999995115018691649311222136,0.99900149353387239484652981172299126752,0.0,9.7022174683797415946235535070601056575e-05,4.8760905782756245572845238893474096137e-05
0.94999999999999995559107901499373838305,0.99900144857716410570063488214486809503,0.0,8.8202916922363816527717205178142213767e-05,4.4328374071030934505050725454549048034e-05
0.95499999999999996003197111349436454475,0.99900140362045581655473995256674492178,0.0,7.9383503585849002288338815243914447493e-05,3.9895803062520695610148397381079857785e-05
0.95999999999999996447286321199499070644,0.99900135866374752740884502298862174929,0.0,7.0563934670136330983586660857805412753e-05,3.5463192756702945773778006326409081005e-05
0.96499999999999996891375531049561686814,0.99900131370703923826295009341049857604,0.0,6.1744210171109015128096440895304428473e-05,3.1030543153055092615534681866409646718e-05
0.96999999999999997335464740899624302983,0.99900126875033094911705516383237540205,0.0,5.2924330084650121989247827589692682467e-05,2.6597854251054534488763557557092306145e-05
0.97499999999999997779553950749686919153,0.99900122379362265997116023425425222955,0.0,4.4104294406642573580758697609569386968e-05,2.216512605017866048035439152986383668e-05
0.97999999999999998223643160599749535322,0.99900117883691437082526530467612905631,0.0,3.5284103132969146656279024120782990374e-05,1.7732358549904850410536181624266509419e-05
0.98499999999999998667732370449812151492,0.99900113388020608167937037509800588381,0.0,2.6463756259512472702984429811835048396e-05,1.3299551749710474832671775058029311655e-05
0.98999999999999999111821580299874767661,0.99900108892349779253347544551988270982,0.0,1.7643253782155037935169400861822899461e-05,8.8667056490728950330524726342614188541e-06
0.99499999999999999555910790149937383831,0.99900104396678950338758051594175953732,0.0,8.8225956967791832878401618299858045116e-06,4.4338202474694630306926274856183990397e-06
1.0,0.99900099901008121424168558636363636408,0.0,1.7819992671044103072114459177335748318e-09,8.9554437752157712423835527162968111186e-10
