value,sup,dur,Y,S
0.0,3.7722053489885499299261175477200916975e-147,132.0,0.99748334618198579028891241217990209439,0.89204347137694050366986763199863464231
0.0050000000000000001040834085586084256647,9.4092116801966401406576781771577732729e-145,132.0,0.99662302957109252296921281210208137965,0.8900883763592760726693491369417219309
0.010000000000000000208166817117216851329,6.500770118667158975371160567475592416e-141,132.0,0.99604126356473749878834132578398234208,0.88888399640339364561915046595398051796
0.014999999999999999444888487687421729788,7.4312493835384532665259469154620966372e-135,131.0,0.99549281305644483823329350250219350306,0.88709265092510290007318095879316632773
0.020000000000000000416333634234433702659,5.1154098250071891368005086813394934726e-126,131.0,0.99492253515947893071765584300612638874,0.88531537943498054718810779717082841019
0.02500000000000000138777878078144567553,1.3688680870529147168775028826589170085e-114,131.0,0.99432558842101609004599762684990975575,0.88360205013412866212691998597811761454
0.029999999999999998889776975374843459576,1.2246687310989431018060543497673141418e-101,130.0,0.99368120264838015166757123703740094361,0.881433119799695099337885927755445935
0.035000000000000003330669073875469621271,5.1566316200023136114238235608394397863e-89,130.0,0.99298402490292350362311096975715206041,0.87967005905951550277373990242484141592
0.040000000000000000832667268468867405318,1.8731052506917462668598091830320273045e-79,130.0,0.99222535397159651145804732571670650168,0.87727054729438315595984646798870200162
0.044999999999999998334665463062265189365,2.7534491534138526542084517979307457595e-72,129.0,0.99139164341992507327140743616856963561,0.87527512317883401585183096426164285571
0.050000000000000002775557561562891351059,9.3816551487094328181411100384015624245e-67,129.0,0.99047658377586111334830585096685415622,0.87276819886651453152652307567089323084
0.055000000000000000277555756156289135106,2.2104246974057363175821502711551222699e-62,128.0,0.98949884522681227332855635444151360084,0.87028677244103540186406257633967123849
0.059999999999999997779553950749686919153,7.3396963500909097673742923303574479352e-59,128.0,0.98839874968814755639941283275834984343,0.8677348934315067345938364653636112276
0.065000000000000002220446049250313080847,5.632206918390174816096403411070410905e-56,127.0,0.98718658748364608787745852314941786875,0.86459178768352892940137024462655502768
0.070000000000000006661338147750939242542,1.404683628539519799898689925653292757e-53,127.0,0.98586388117586252036624933621084384071,0.86180007669574320158874546561106409276
0.074999999999999997224442438437108648941,1.4464752019711712114811379246670235716e-51,126.0,0.98437219765681646370317816025048086561,0.85866109858397050058927895241305592675
0.080000000000000001665334536937734810635,7.5164791472346371154774508612500131536e-50,126.0,0.98273464417669664277945060138244930673,0.85510032389666359330466301765014953738
0.08500000000000000610622663543836097233,2.2868344859609668211339780298713218225e-48,125.0,0.98091767354021429479650480951904252668,0.85119511682652350648217517540943668975
0.089999999999999996669330926124530378729,4.7231034614115018087408368528634565538e-47,124.0,0.9788383957501618509070568154556680893,0.84717287663013304886184954071577497886
0.095000000000000001110223024625156540424,7.7523177754047229788361330938902342857e-46,124.0,0.97656041890292729421921530448652314787,0.84290723231355602254489585727281907759
0.10000000000000000555111512312578270212,1.2351559001584977185611781170131136216e-44,123.0,0.9740142416633154200453555675485023432,0.83818963002239108736458691652577035456
0.10499999999999999611421941381195210852,2.442067295415060254953306707538852749e-43,122.0,0.97112350768232300878795690769207005691,0.83297010450489804853036315633273659201
0.11000000000000000055511151231257827021,7.6225133724370180479909505862519628055e-42,121.0,0.96784494592479850646017354920007283411,0.827304705732659635036506608627642436
0.11500000000000000499600361081320443191,4.4831254600152527883653429945923148153e-40,120.0,0.9641155352567827523330581941699861924,0.82126560550636498414041887156183304913
0.11999999999999999555910790149937383831,5.1188874429646296887839333155592037308e-38,119.0,0.95984170177613482623656998061171827637,0.8144302022067463189459438198088531083
0.125,1.0863448727011313707599016988662578129e-35,118.0,0.95488367359511767170470669979876539721,0.80653266574229964048394380798330180222
0.13000000000000000444089209850062616169,3.8218374937467975129958189857186401148e-33,117.0,0.94923450941408463974352244423946082585,0.79825780541798185621925759924462839477
0.13500000000000000888178419700125232339,2.030076528815653648561646465077102378e-30,115.0,0.94257250583605596488117528209675576759,0.78859983503030698435312274524288498579
0.14000000000000001332267629550187848508,1.4785856613632184086125313703475462197e-27,114.0,0.93458636014732005267215231765314731572,0.77766043173042943182810535370622691622
0.14499999999999999000799277837359113619,1.3808318146466165274966611805222589028e-24,112.0,0.92493953323555424516863438914560453967,0.76546101840179225245811990520617540488
0.14999999999999999444888487687421729788,1.5292227510837430127422330402324908657e-21,110.0,0.91293319246882184026398726716738858417,0.75165775164353444162384688414174622057
0.15499999999999999888977697537484345958,1.8496087156404632222728996464996788337e-18,100.0,0.89739165229733844184171329924648060059,0.7361268954352515657209551044935262262
0.16000000000000000333066907387546962127,2.0987594488231934455165674185140690664e-15,87.0,0.87743398100325429053588953415259466746,0.7186644308313978961257658134718223592
0.16500000000000000777156117237609578297,1.8583204209067103764533087459690517253e-12,74.0,0.85096317748709456936597509379563145392,0.7002118484398610590221361214341243284
0.17000000000000001221245327087672194466,9.7429629799607887717038142411348566413e-10,61.0,0.81740237272328463821777820094374520038,0.68281382901240466395841794729579093609
0.17499999999999998889776975374843459576,2.2280881780311784785981209463381389899e-07,49.0,0.77807045455067583360744458987704520937,0.66837534913428971014219576295533637309
0.17999999999999999333866185224906075746,1.6465338471820917947316165197654847805e-05,37.0,0.73826268536340891486296924274768660654,0.65772047505822552467005002176553540381
0.18499999999999999777955395074968691915,0.00032055715987625854388462935794309382544,27.0,0.70583066210087482661586107152262285361,0.64877752273735148198669554477519128268
0.19000000000000000222044604925031308085,0.0018411139244252946880833027981401337615,18.0,0.68199632476988292765137682556474795663,0.64078033799199708601651161829279742165
0.19500000000000000666133814775093924254,0.0048055723266907677107552492815727901705,11.0,0.66376447621741197459453095483898519903,0.63194830260300170623299322293378742374
0.20000000000000001110223024625156540424,0.0084722696969490195441218914124305233074,5.0,0.64912842259852106299846715675161137822,0.6224678534634679301924827381546518187
0.20499999999999998778754672912327805534,0.012483790986498099519024866401586703415,0.0,0.63513293922458464340428390900077647492,0.61261978595161641716879659692177423373
0.20999999999999999222843882762390421703,0.016930457318833903120785850352627377416,0.0,0.62179710020338606169325034288200521516,0.6013081022719084434171945177146545898
0.21499999999999999666933092612453037873,0.02206301787313421309830565888422392756,0.0,0.60838189869020134932129462584912346645,0.58928118233858297740468090124134931866
0.22000000000000000111022302462515654042,0.028168689385418966928891658700094380892,0.0,0.59399440342910220006305835374168806927,0.57673054366051643172081252490392550189
0.22500000000000000555111512312578270212,0.035427065952516796918950039988943389462,0.0,0.58012943518375897809076410918913653321,0.56331230363593104296365221456834564824
0.23000000000000000999200722162640886381,0.043917948034102623050613141273649494916,0.0,0.56499937163841560165302710704064237119,0.54914983903729901380550617388802126555
0.23499999999999998667732370449812151492,0.054119665427695224173798287624499639383,0.0,0.55012576949613474926031093965896749648,0.53502783703034003105019421361280149209
0.23999999999999999111821580299874767661,0.065756587974844982352353892472504848769,0.0,0.5346503484968833271650289408926806094,0.52015968797867439862433710608179263172
0.24499999999999999555910790149937383831,0.0794074130046207939377480302113717719,0.0,0.51869306162492582830543801262807583506,0.50480783345527175639587475711470040784
0.25,0.094432408546925019035642761757354736608,0.0,0.50244241521602192073349059108763887204,0.48908324412001248780499261150695002961
0.25500000000000000444089209850062616169,0.11130437350597599950770829911972218175,0.0,0.48595450708612765214867564633563465995,0.47295145091628619423048717964280794628
0.26000000000000000888178419700125232339,0.12994659476243225206761126855512367386,0.0,0.46915015382826719386748687242007890621,0.4562370148274419025260990080963445523
0.26500000000000001332267629550187848508,0.15034098485156900005152176754709203418,0.0,0.45180787728970573457687655071860108629,0.43983696978274872105651384575506916244
0.27000000000000001776356839400250464678,0.17221601763583006683136367717194774612,0.0,0.43478412175319220007644778665338252347,0.4225709254524884311420533258770183337
0.27500000000000002220446049250313080847,0.19551026144073474124013507572588315169,0.0,0.41716547103489984387102031244422929457,0.40554650054193973847040055122417807351
0.28000000000000002664535259100375697017,0.22020929475361081228460917967818171126,0.0,0.39941905515694887126163653783790340737,0.38817743347056843693476652280086993325
0.28499999999999997557509345824655611068,0.24624097627116828900752931425531798128,0.0,0.38169758869795314747077468770886134367,0.37051159664295815722075152565998748694
0.28999999999999998001598555674718227237,0.27346849234507624807226044819362755673,0.0,0.36387153518540155980283080757477031709,0.3531118922359319793268283205343467608
0.29499999999999998445687765524780843407,0.30174199498747272425787252580732404688,0.0,0.34580189889940173217609846536080904763,0.33534875685728271057882761808284010985
0.29999999999999998889776975374843459576,0.33098796112578791950732537492741445693,0.0,0.32776551895038152750714742595584373148,0.31767089047956858923010399246383926431
0.30499999999999999333866185224906075746,0.36080119642245088314029990103035241462,0.0,0.30987390734567774355470824958668576288,0.30003966956073135986913240210310818233
0.30999999999999999777955395074968691915,0.39154852192024180036543151121340652157,0.0,0.29183547761253332757039819667933427996,0.28246234393822274202365456966211313409
0.31500000000000000222044604925031308085,0.42273340662921013253551609903230793112,0.0,0.27406366302080802633499090587566023501,0.26499218725623386335650863456880577709
0.32000000000000000666133814775093924254,0.45422583641729865363663630222598970155,0.0,0.25640699717443474781308596064060858439,0.24772968790041729459454196985682936991
0.32500000000000001110223024625156540424,0.48626715657125769436261024523634423686,0.0,0.2388890046946881610337635028740418746,0.23062380392866487690772482763233468874
0.33000000000000001554312234475219156593,0.52451046907495796850161928760714885429,0.0,0.22166374398448815670904133091511570114,0.21381240602292045667432551465185294193
0.33500000000000001998401444325281772763,0.61185941750973159004746992100401823526,0.0,0.20017965852160682161282689415934344098,0.17920716534051408342763492032486326223
0.34000000000000002442490654175344388932,0.74328827169812998736067739757845969699,0.0,0.14897237827505427155545594271391308729,0.11917480411417813440676098424064966444
0.34499999999999997335464740899624302983,0.86899484996747321551216068566015400053,0.0,0.082805601354281269761669035056113270102,0.060250152806118117745885009378579253222
0.34999999999999997779553950749686919153,0.94644461581644570989901143564800580265,0.0,0.03520843811947313402472696579844017239,0.024288686209083916740136615296474826539
0.35499999999999998223643160599749535322,0.9807782638989427697441436911736612923,0.0,0.012712952001711621444771508573979532026,0.008593213076399515764684293051698100852
0.35999999999999998667732370449812151492,0.9934967891216211900227383483604943373,0.0,0.0042555789493113559594627753264922512238,0.0028655260658460569985091879274134987419
0.36499999999999999111821580299874767661,0.99784938939986618455338732618468144111,0.0,0.0013812460520713399014142859214634681495,0.00093350877744001607626297767032920284975
0.36999999999999999555910790149937383831,0.99877890452304180196453296322967956396,0.0,0.00073508636074835616314221989114264511155,0.00034391593231770860606753171552357166368
0.375,0.99878995035022960411482428224759658813,0.0,0.00072391613050209203537916713604854272121,0.00033854916119229124720400575709364186374
0.38000000000000000444089209850062616169,0.99880091178720742222811444839520498799,0.0,0.00071283110057796150833461118389907507636,0.0003332250863562726654536084274920834822
0.38500000000000000888178419700125232339,0.99881178882835478690517524445064606441,0.0,0.00070183127665510016679863066630718794951,0.00032794370920350030205919673918805829032
0.39000000000000001332267629550187848508,0.99882258146809428189258054338813264284,0.0,0.00069091666436917736269723970555057448138,0.00032270503111689507280003577461521002854
0.39500000000000001776356839400250464678,0.99883328970089155122179301304373227211,0.0,0.00068008726931238900345511541912338760984,0.00031750905346845047570271701133436283455
0.40000000000000002220446049250313080847,0.99884391352125530629348618624692125438,0.0,0.00066934309703345039564815520172963611106,0.00031235577761923170573344259957822374101
0.40500000000000002664535259100375697017,0.99885445292373733290708498697425899709,0.0,0.0006586841530375891439629427291715181637,0.00030724520491937477647273775965501382022
0.40999999999999997557509345824655611068,0.99886490790293249811990300980549046209,0.0,0.00064811044278653822239867402754670130021,0.00030217733670808570480122243203056756408
0.41499999999999998001598555674718227237,0.99887527845347875763042681646912127253,0.0,0.00063762197169852851527036581273634929535,0.00029715217431363942195788688096139002071
0.41999999999999998445687765524780843407,0.99888556457005716194697006396453511035,0.0,0.00062721874514828258654089638202713335356,0.00029216971905337925375623884263147374191
0.42499999999999998889776975374843459576,0.9988957662473918636631530568594339454,0.0,0.00061690076846700732966285788362690322357,0.00028722997223371584466649241840319368448
0.42999999999999999333866185224906075746,0.99890588348025012409674421407005174139,0.0,0.00060666804694238726118908296094454081613,0.000282332935150126370919762192087577406
0.43499999999999999777955395074968691915,0.99891591626344231999016350053821667654,0.0,0.00059652058581857775192488354961800402207,0.00027747860908715370409918402555100728407
0.44000000000000000222044604925031308085,0.99892586459182195015608958400843595781,0.0,0.000586458390296198313503080978716846785,0.00027266699531840558172066618560803742362
0.44500000000000000666133814775093924254,0.99893572846028564206815484683915918939,0.0,0.00057648146553232594039785697942561991483,0.00026789809510655378480426638564879308328
0.45000000000000001110223024625156540424,0.99894550786377315839671251298363482654,0.0,0.00056658981664048850739332375506084862664,0.00026317190970333332243718199365223637193
0.45500000000000001554312234475219156593,0.99895520279726740348966028053739283618,0.0,0.00055678344869065822252257975585944707711,0.00025848844034954162332933232453835828672
0.46000000000000001998401444325281772763,0.99896481325579442979830498057086941167,0.0,0.0005470623667092451354928862311004387121,0.00025384768827503773436250359922903885159
0.46500000000000002442490654175344388932,0.99897433923442344424825291334654151227,0.0,0.00053742657567909070161246800028501509415,0.00024924965469874152613401881533485421931
0.46999999999999997335464740899624302983,0.99898378072826681445095800768132712647,0.0,0.00052787608053946150679260073484029314677,0.00024469434082863295583288341783775918811
0.47499999999999997779553950749686919153,0.99899313773248007538296658022077698316,0.0,0.00051841088618604251934342552838977926369,0.00024018174786175108495306652932620947441
0.47999999999999998223643160599749535322,0.99900241024226193496286400331199227708,0.0,0.00050903099747093145668818334300928434624,0.00023571187698419360927131613688503388211
0.48499999999999998667732370449812151492,0.99900999486200640022110142178535693194,0.0,0.00049973641920263214637469001297370379822,0.00023128472937111588960751092542817824112
0.48999999999999999111821580299874767661,0.99900999486200640022110142178535693194,0.0,0.00049052715614604847424349093653082326612,0.00022690030618673024316638410266133590928
0.49499999999999999555910790149937383831,0.99900999486200640022110142178535693194,0.0,0.0004814032130224782816826006819604198944,0.00022255860858430519106808275395894933914
0.50,0.99900999486200640022110142178535693194,0.0,0.00047236459450960731848870030984432131425,0.00021825963770616471287975422096296207692
0.50500000000000000444089209850062616169,0.99900999486200640022110142178535693194,0.0,0.00046341130524150325134924070813462067865,0.000214003394683687508149054983827434421
0.51000000000000000888178419700125232339,0.99900999486200640022110142178535693194,0.0,0.00045454334980860972795976808869149493697,0.00020978988063730626494046917347698548818
0.51500000000000001332267629550187848508,0.99900999486200640022110142178535693194,0.0,0.00044576073275774049679065559110666378885,0.0002056190966765069353753154849815137767
0.52000000000000001776356839400250464678,0.99900999486200640022110142178535693194,0.0,0.0004370634585920735825172926823373228027,0.00020149104389982801817631290619078321811
0.52500000000000002220446049250313080847,0.99900999486200640022110142178535693194,0.0,0.00042845153177114551712765172945255687293,0.00019740572339485984821756731713625269888
0.53000000000000002664535259100375697017,0.99900999486200640022110142178535693194,0.0,0.00041992495671084562672101875814426354055,0.00019336313623824389308083265540998927434
0.53500000000000003108624468950438313186,0.99900999486200640022110142178535693194,0.0,0.00041148373778341037401154299208226435485,0.00018936328349567205661889198078765879274
0.54000000000000003552713678800500929356,0.99900999486200640022110142178535693194,0.0,0.00040312787931741775655012729820362898823,0.00018540616622188598952689540879045688273
0.54500000000000003996802888650563545525,0.99900999486200640022110142178535693194,0.0,0.0003948573855977817606780491411246485468,0.00018149178546067640692248351769545748411
0.55000000000000004440892098500626161695,0.99900999486200640022110142178535693194,0.0,0.00038667226086574687122556907655603093903,0.00017762014224488241293551646672124895398
0.55500000000000004884981308350688777864,0.99900999486200640022110142178535693194,0.0,0.00037857250931888263696865118939370120083,0.00017379123759639083230822069475193757854
0.56000000000000005329070518200751394033,0.99900999486200640022110142178535693194,0.0,0.00037055813511107829185678720755530856581,0.00017000507252613554900655669903366768792
0.56499999999999994670929481799248605967,0.99900999486200640022110142178535693194,0.0,0.00036262914235253760713583506293428096468,0.00016626164803409693448980118118971830734
0.56999999999999995115018691649311222136,0.99900999486200640022110142178535693194,0.0,0.00035478553510977292181630340779383853183,0.00016256096510930086881287701861928986283
0.57499999999999995559107901499373838305,0.99900999486200640022110142178535693194,0.0,0.00034702731740560098764528380731934415425,0.00015890302472981859900048193933352544874
0.57999999999999996003197111349436454475,0.99900999486200640022110142178535693194,0.0,0.00033935449321913710741397082263158374739,0.00015528782786276577227926593833972594393
0.58499999999999996447286321199499070644,0.99900999486200640022110142178535693194,0.0,0.0003317670664857902122381794853947658456,0.00015171537546430189335230455342421594074
0.58999999999999996891375531049561686814,0.99900999486200640022110142178535693194,0.0,0.00032426504109725781767818181891634129647,0.00014818566847962970509419770261792363404
0.59499999999999997335464740899624302983,0.99900999486200640022110142178535693194,0.0,0.00031684842090152103571687013695486032041,0.00014469870784299457626277961156265905072
0.59999999999999997779553950749686919153,0.99900999486200640022110142178535693194,0.0,0.00030951720970283964260817570114096701592,0.00014125449447768389622817631636230224086
0.60499999999999998223643160599749535322,0.99900999486200640022110142178535693194,0.0,0.00030227141126174720260753821259398407534,0.0001378530292960264767199388442105547304
0.60999999999999998667732370449812151492,0.99900999486200640022110142178535693194,0.0,0.00029511102929504624759608846267728732906,0.00013449431319939196059297178938987148301
0.61499999999999999111821580299874767661,0.99900999486200640022110142178535693194,0.0,0.00028803606747580351261007327238901028699,0.00013117834707819023761296861615076564469
0.61999999999999999555910790149937383831,0.99900999486200640022110142178535693194,0.0,0.00028104652943334522728691861014000463532,0.00012790513181187086726205663252295724553
0.625,0.99900999486200640022110142178535693194,0.0,0.00027414241875325246323919349413811486177,0.00012467466826892250856534619029591639971
0.63000000000000000444089209850062616169,0.99900999486200640022110142178535693194,0.0,0.00026732373897735653736760395878665178213,0.00012148695730687235693907027625233190642
0.63500000000000000888178419700125232339,0.99900999486200640022110142178535693194,0.0,0.00026059049360373447112401299492566234699,0.00011834199977228558806099226826002171465
0.64000000000000001332267629550187848508,0.99900999486200640022110142178535693194,0.0,0.00025394268608670450573534896190762439692,0.00011523979650076480876375123704190052532
0.64500000000000001776356839400250464678,0.99900999486200640022110142178535693194,0.0,0.00024738031983682167339913151591521570328,0.00011218034831694951495180578036594352338
0.65000000000000002220446049250313080847,0.99900999486200640022110142178535693194,0.0,0.00024090339822087342446121060410872268611,0.00010916365603451555654262898104374924461
0.65500000000000002664535259100375697017,0.99900999486200640022110142178535693194,0.0,0.00023451192456187531058618053864560393479,0.00010618972045617460943279868351342781373
0.66000000000000003108624468950438313186,0.99900999486200640022110142178535693194,0.0,0.00022820590213906672393079758885607490647,0.00010325854237367365448961888592624578171
0.66500000000000003552713678800500929356,0.99900999486200640022110142178535693194,0.0,0.00022198533418790669233059591439792736769,0.00010037012256779446356889964557287156464
0.67000000000000003996802888650563545525,0.99900999486200640022110142178535693194,0.0,0.00021585022390006973050976300756295852727,9.7524461808353092559514495190315546628e-05
0.67500000000000004440892098500626161695,0.99900999486200640022110142178535693194,0.0,0.00020980057442344174732420211957839940917,9.472156085419938145534596620087918222e-05
0.68000000000000004884981308350688777864,0.99900999486200640022110142178535693194,0.0,0.000203836388862116009047575414251856983,9.1961420453216461455221412265754233261e-05
0.68500000000000005329070518200751394033,0.99900999486200640022110142178535693194,0.0,0.0001979576702763891587099878231599920942,8.924404134232026909143292270448622968e-05
0.68999999999999994670929481799248605967,0.99900999486200640022110142178535693194,0.0,0.00019216442168275741918586767605933474126,8.6569424247459126301097265746530612436e-05
0.69499999999999995115018691649311222136,0.99900999486200640022110142178535693194,0.0,0.00018645664605391221202034324785936195599,8.3937569883613032009378279654032843322e-05
0.69999999999999995559107901499373838305,0.99900999486200640022110142178535693194,0.0,0.00018083434631873711679832645200362521429,8.1348478954793553677839243773343151273e-05
0.70499999999999996003197111349436454475,0.99900999486200640022110142178535693194,0.0,0.00017529752536230359834595177011714051874,7.880215215404313104982428913515851737e-05
0.70999999999999996447286321199499070644,0.99900999486200640022110142178535693194,0.0,0.00016984618602586743605755687076038525069,7.6298590163434685293697420499759151506e-05
0.71499999999999996891375531049561686814,0.99900999486200640022110142178535693194,0.0,0.00016448033110686507974557444468894841702,7.3837793654071175314865792548792771871e-05
0.71999999999999997335464740899624302983,0.99900999486200640022110142178535693194,0.0,0.00015919996335891006160693596973511804445,7.1419763286085161100308201240964890292e-05
0.72499999999999997779553950749686919153,0.99900999486200640022110142178535693194,0.0,0.00015400508549178946431457593236764190997,6.9044499708638374096135309310115697971e-05
0.72999999999999998223643160599749535322,0.99900999486200640022110142178535693194,0.0,0.00014889570017146044524249094805217019675,6.6712003559921294618699711314763959786e-05
0.73499999999999998667732370449812151492,0.99900999486200640022110142178535693194,0.0,0.00014387181002004681683267410508366440306,6.4422275467152736299765529077614041125e-05
0.73999999999999999111821580299874767661,0.99900999486200640022110142178535693194,0.0,0.00013893341761583568311211070710798440044,6.2175316046579437566238812797927166995e-05
0.74499999999999999555910790149937383831,0.99900999486200640022110142178535693194,0.0,0.00013408052549327413236788740860777372041,5.9971125903475660154951606595228286944e-05
0.75,0.99900999486200640022110142178535693194,0.0,0.00012931313614296598598833252571265864833,5.7809705632142794662984119765734387461e-05
0.75500000000000000444089209850062616169,0.99900999486200640022110142178535693194,0.0,0.0001246312520116686034779710623208405839,5.5691055815908973134001026619330241926e-05
0.76000000000000000888178419700125232339,0.99900999486200640022110142178535693194,0.0,0.00012003487550228974365394371920374656044,5.3615177027128688681069498431067649378e-05
0.76500000000000001332267629550187848508,0.99900999486200640022110142178535693194,0.0,0.00011552400897388448203140485202303164837,5.1582069827182422146418150803210938751e-05
0.77000000000000001776356839400250464678,0.99900999486200640022110142178535693194,0.0,0.00011109865474165218440528001353558723026,4.9591734766476275798587668607984287973e-05
0.77500000000000002220446049250313080847,0.99900999486200640022110142178535693194,0.0,0.00010675881507693353663562935621315180489,4.7644172384441614067415448683587073635e-05
0.78000000000000002664535259100375697017,0.99900999486200640022110142178535693194,0.0,0.00010250449220720763064372878457465737519,4.5739383209534711317288177602926364971e-05
0.78500000000000003108624468950438313186,0.99900999486200640022110142178535693194,0.0,9.8335688316089106625846332237743107554e-05,4.3877367759236406659087838142067574247e-05
0.79000000000000003552713678800500929356,0.99900999486200640022110142178535693194,0.0,9.4252405543325351491556797557251740325e-05,4.2058126540051765801248213559824281589e-05
0.79500000000000003996802888650563545525,0.99900999486200640022110142178535693194,0.0,9.025464598479375353330320424946763877e-05,4.0281660047509749940330533477397862725e-05
0.80000000000000004440892098500626161695,0.99900999486200640022110142178535693194,0.0,8.6342411692499013333779160117981347963e-05,3.854796876616289169151847903374048461e-05
0.80500000000000004884981308350688777864,0.99900999486200640022110142178535693194,0.0,8.2515704674570510917571668417142706694e-05,3.6857053169586978059424338104557303086e-05
0.81000000000000005329070518200751394033,0.99900999486200640022110142178535693194,0.0,7.8774526895259729153369403029004382666e-05,3.5208913720380740449589673726793480765e-05
0.81499999999999994670929481799248605967,0.99900999486200640022110142178535693194,0.0,7.5118880274937813634967256171639599896e-05,3.3603550870165586892352491335697418504e-05
0.81999999999999995115018691649311222136,0.99900999486200640022110142178535693194,0.0,7.1548766690092785815505404387660247375e-05,3.2040965059585164501819207901690386569e-05
0.82499999999999995559107901499373838305,0.99900999486200640022110142178535693194,0.0,6.8064187973327622227886480380056937336e-05,3.0521156718305284488975330128574276773e-05
0.82999999999999996003197111349436454475,0.99900999486200640022110142178535693194,0.0,6.4665145913357576363737786621952867716e-05,2.904412626501349680492241385321348049e-05
0.83499999999999996447286321199499070644,0.99900999486200640022110142178535693194,0.0,6.135164225500796553956597160368975071e-05,2.7609874107418851482440012881170974904e-05
0.83999999999999996891375531049561686814,0.99900999486200640022110142178535693194,0.0,5.8123678699211931927225902448038607662e-05,2.6218400642251630899232012980840132676e-05
0.84499999999999997335464740899624302983,0.99900999486200640022110142178535693194,0.0,5.4981256903008259875320892571641113304e-05,2.4869706255263089084314986692455772461e-05
0.84999999999999997779553950749686919153,0.99900999486200640022110142178535693194,0.0,5.1924378479539249526762118677324022006e-05,2.3563791321225198067864485571688753093e-05
0.85499999999999998223643160599749535322,0.99900999486200640022110142178535693194,0.0,4.8953044998048646737580318263756956878e-05,2.2300656203930401274826752746353508294e-05
0.85999999999999998667732370449812151492,0.99900999486200640022110142178535693194,0.0,4.606725798387962930194809613693823587e-05,2.1080301256191373962594904327462984134e-05
0.86499999999999999111821580299874767661,0.99900999486200640022110142178535693194,0.0,4.3267018918472849488236386620483726572e-05,1.9902726819840790703040193298679785107e-05
0.86999999999999999555910790149937383831,0.99900999486200640022110142178535693194,0.0,4.0552329239364532890793817807056897157e-05,1.8767933225731099909180534027366898351e-05
0.875,0.99900999486200640022110142178535693194,0.0,3.792319034018463360200290579001604927e-05,1.7675920793734305406760029512168698347e-05
0.88000000000000000444089209850062616169,0.99900999486200640022110142178535693194,0.0,3.5379603570655045709032170881070859271e-05,1.6626689832741755051004806922587135182e-05
0.88500000000000000888178419700125232339,0.99900999486200640022110142178535693194,0.0,3.2921570236587871119568414875137429285e-05,1.5620240640663936388812029911594681704e-05
0.89000000000000001332267629550187848508,0.99900999486200640022110142178535693194,0.0,3.0549091599883743720678528986457753896e-05,1.4656573504430279366620518609181835093e-05
0.89500000000000001776356839400250464678,0.99900999486200640022110142178535693194,0.0,2.8262168878530209874815316669297610354e-05,1.3735688699988966084202970149111210892e-05
0.90000000000000002220446049250313080847,0.99900999486200640022110142178535693194,0.0,2.6060803246600165256846914671138358045e-05,1.2857586492306747594611334059282398129e-05
0.90500000000000002664535259100375697017,0.99900999486200640022110142178535693194,0.0,2.3944995834250348035854479865302208754e-05,1.2022267135368767750498457874242934466e-05
0.91000000000000003108624468950438313186,0.99900999486200640022110142178535693194,0.0,2.1914747727719888405307879192550757333e-05,1.1229730872178394097030678922753470955e-05
0.91500000000000003552713678800500929356,0.99900999486200640022110142178535693194,0.0,1.9970059969328914465094175926607895353e-05,1.0479977934757055811597598420173120722e-05
0.92000000000000003996802888650563545525,0.99900999486200640022110142178535693194,0.0,1.8110933557477214458738747986094086447e-05,9.7730085441440886905168337710189943448e-06
0.92500000000000004440892098500626161695,0.99900999486200640022110142178535693194,0.0,1.6337369446642955369023903664408315841e-05,9.1088229103965871829231043776180448539e-06
0.93000000000000004884981308350688777864,0.99900999486200640022110142178535693194,0.0,1.4649368547381457875074877459118406171e-05,8.487421232589263472022565272556683212e-06
0.93500000000000005329070518200751394033,0.99900999486200640022110142178535693194,0.0,1.3046931726324027673848094172951045123e-05,7.9088036988143136038848615618923456756e-06
0.93999999999999994670929481799248605967,0.99900999486200640022110142178535693194,0.0,1.1530059806176875900177130430598447949e-05,7.3729704861813020868217013252445564139e-06
0.94499999999999995115018691649311222136,0.99900999486200640022110142178535693194,0.0,1.0098753565719930359959883429256259147e-05,6.8799217608169954741907180099100470612e-06
0.94999999999999995559107901499373838305,0.99900999486200640022110142178535693194,0.0,8.7530137398060380490745345861555296625e-06,6.4296576778653210240810429954784942521e-06
0.95499999999999996003197111349436454475,0.99900999486200640022110142178535693194,0.0,7.4928410193598853338917147869858897574e-06,6.0221783814872124782552985613117052835e-06
0.95999999999999996447286321199499070644,0.99900999486200640022110142178535693194,0.0,6.3182360513771457653586800478411857779e-06,5.657484004860523803811301825530334049e-06
0.96499999999999996891375531049561686814,0.99900999486200640022110142178535693194,0.0,5.2291994389236496409727860237197828723e-06,5.335574670179937610349621933756604557e-06
0.96999999999999997335464740899624302983,0.99900999486200640022110142178535693194,0.0,4.2257317411346099479207180216884274809e-06,5.0564504886568806156497855067651886642e-06
0.97499999999999997779553950749686919153,0.99900999486200640022110142178535693194,0.0,3.3078334732139046892380454776899113919e-06,4.8201115605194461599600619471354315858e-06
0.97999999999999998223643160599749535322,0.99900999486200640022110142178535693194,0.0,2.4755051064334155947085923600117442313e-06,4.626557975012323768997316432817027288e-06
0.98499999999999998667732370449812151492,0.99900999486200640022110142178535693194,0.0,1.7287470681324232180880308454753145537e-06,4.4757898103967357657449744633407797074e-06
0.98999999999999999111821580299874767661,0.99900999486200640022110142178535693194,0.0,1.0675597417170584221010153965565978143e-06,4.3678071339503809311286976884829210793e-06
0.99499999999999999555910790149937383831,0.99900999486200640022110142178535693194,0.0,4.9194346665981025252607856904880863264e-07,4.3026100019673852136409264557827697759e-06
1.0,0.99900999486200640022110142178535693194,0.0,9.18510336621432134603872461769644379e-09,4.2801984597582594879770000786769251758e-06
