value,sup,dur,Y,S
0.0,2.6453556799585564283529935657651853404e-61,130.0,0.99600520348335236500518998158761590005,0.89167056238567211467255985980299860999
0.0050000000000000001040834085586084256647,4.5238814878777303191834574938478370323e-61,129.0,0.99602279720587028244000105600229718226,0.89034994330380380160785059322295106753
0.010000000000000000208166817117216851329,7.5683825683497173255991875663978036964e-61,129.0,0.99604126356473749881246158368745059676,0.88888399640339364561540224741393204812
0.014999999999999999444888487687421729788,1.2418644025160456738282618865682729662e-60,129.0,0.99606168322596595283500268878071619585,0.88726266596824579028193033721099313106
0.020000000000000000416333634234433702659,2.0041414156465759420786968965079983708e-60,129.0,0.99608376999008502281233948841878854523,0.88547596409885513364862019733402344629
0.02500000000000000138777878078144567553,3.1900524369782756553774866556968536844e-60,129.0,0.99610680876268620216078456849959980431,0.88351388847145931557433969183303442807
0.029999999999999998889776975374843459576,5.0221502094172833068707174822569717023e-60,129.0,0.99613379946195817350350688952321780619,0.88178416344329575404985900522479895846
0.035000000000000003330669073875469621271,7.8405494191836627995102745502733879e-60,128.0,0.99616284786692593127664156507785914283,0.88017625479408853976454888937949466476
0.040000000000000000832667268468867405318,1.2168084510721113261788257896589883477e-59,128.0,0.99619502616487130337396882211583265946,0.8783743054587047251180927293301595541
0.044999999999999998334665463062265189365,1.8813632324283083235462995627571191099e-59,128.0,0.99623108820140508769692347857295259185,0.87636559253041298771346611633826463885
0.050000000000000002775557561562891351059,2.9037313114995559407476459198982290619e-59,128.0,0.99627154044981313062110562805999466451,0.87413730305565118481523018309231882874
0.055000000000000000277555756156289135106,4.481701895278966167759053425875503521e-59,127.0,0.99631745953068135080334394022963320331,0.87221991743093318291130421789806983874
0.059999999999999997779553950749686919153,6.9282580268001227361704758837026397086e-59,127.0,0.99636727878727954859701744203150857153,0.87035075773178886667951950203424618757
0.065000000000000002220446049250313080847,1.0743025321305370431954559660806702092e-58,127.0,0.99642031510507262646106491080008683546,0.8682325587662782461621568940475748487
0.070000000000000006661338147750939242542,1.6731121197574469052548977113549969374e-58,127.0,0.99647575334121901144967287185910506312,0.8658492415034962100835290322903399683
0.074999999999999997224442438437108648941,2.6203097352657642882515936845537231184e-58,127.0,0.99653272379886995104673796101459271092,0.8634578924017758786944282037104541757
0.080000000000000001665334536937734810635,4.1315326632789001716832129362687130823e-58,126.0,0.99659036499006732718111379470018877567,0.86143522297305082087550221084280417353
0.08500000000000000610622663543836097233,6.5656765649581383228327961337938359308e-58,126.0,0.99664869222421412036644022466862668848,0.85910620198335169866373310588289920103
0.089999999999999996669330926124530378729,1.0527377699694811320398795571871987444e-57,126.0,0.99670718892228470982596777610099336603,0.85645080288934190982635073148142401407
0.095000000000000001110223024625156540424,1.7048488598592761749526066906799444332e-57,126.0,0.99676439631595222969683220389899116002,0.85387267618336987033133342714656243931
0.10000000000000000555111512312578270212,2.7914119953407650522545764432732930833e-57,125.0,0.99682162005722318155716237088030460034,0.85155566511973948535107722075893584985
0.10499999999999999611421941381195210852,4.6257384732544265848578661719611581538e-57,125.0,0.99687692095667725445000579071836055554,0.84885502616288164571016288126385123875
0.11000000000000000055511151231257827021,7.7661755140851200382445897085514461374e-57,125.0,0.99693115085784829608912398693969734882,0.84574571200012377002713553310918047668
0.11500000000000000499600361081320443191,1.3223885352921635062299129042815316993e-56,124.0,0.99698306514521407347737900827284497341,0.84328173407216909151095178039792852251
0.11999999999999999555910790149937383831,2.2861449118940038742263495619335412103e-56,124.0,0.99703345414892946633488328548784518105,0.8404481413223157326321391425910643013
0.125,4.0171864772998019070938638877328251544e-56,124.0,0.99708065809828113855442832961621311698,0.8371275576420343739961587255688099242
0.13000000000000000444089209850062616169,7.1830955025962014481165441025023772358e-56,123.0,0.99712641279772974736859296491523711662,0.83431370592181510549611118701864652537
0.13500000000000000888178419700125232339,1.3085525602553305139493426935986998758e-55,123.0,0.99716825480114053821867501243477862339,0.83121207318741395403989922453649473456
0.14000000000000001332267629550187848508,2.4316627382298997562397213345667572298e-55,123.0,0.99720811605085907100205855734048505332,0.82752397717680590205704306305616666114
0.14499999999999999000799277837359113619,4.6155033910392024531750654503652474701e-55,122.0,0.99724424480352979636700179278432205977,0.8245798578755515672544082451422443611
0.14999999999999999444888487687421729788,8.9606938404034189148761816004008898994e-55,122.0,0.99727682370335448578951277695682020223,0.82100989511314801635913370824886264623
0.15499999999999999888977697537484345958,1.7820140426861185590698598308253922189e-54,121.0,0.99730649327830664868775595801176808992,0.81735271077187701883303213261219046098
0.16000000000000000333066907387546962127,3.6358780212188380422360039460630649151e-54,121.0,0.99733122216626505620888385941403418689,0.81384394264668914488582747743869077652
0.16500000000000000777156117237609578297,7.6236854346571332924159483994280117306e-54,121.0,0.99735332687543770979680364073250284897,0.80963741864336710107814010836027717633
0.17000000000000001221245327087672194466,1.6457342091099808882812415002614857316e-53,120.0,0.99737033250466951129826302046486012428,0.80610123306769724233101374638035772611
0.17499999999999998889776975374843459576,3.6646646830905847236494428739674942429e-53,120.0,0.99738301899486416210566469685536259737,0.80162412363017010513706125019722399407
0.17999999999999999333866185224906075746,8.4352027777768683610582753210646706959e-53,119.0,0.99739129546966926609749391148351653702,0.79781539606422036393210091020771096009
0.18499999999999999777955395074968691915,2.0115199685096549141599122470318125224e-52,119.0,0.99739363897524558500799074360432365083,0.79303346082985681313785286735730039419
0.19000000000000000222044604925031308085,4.9817724692669331247926106284545190827e-52,118.0,0.99739192956862655344385827647263264702,0.78895553456980919688251873781744689897
0.19500000000000000666133814775093924254,1.2847810186820150755022913948746900776e-51,118.0,0.99738285197462509831059565594558472222,0.78401236627531960057445541941656743799
0.20000000000000001110223024625156540424,3.4603271084791313174906775374572216355e-51,117.0,0.99736949651498827765904478755909921014,0.77939862683735804809669349893285104921
0.20499999999999998778754672912327805534,9.763798827641645129813802284206384991e-51,116.0,0.99734764179453639487715422274559423532,0.77440961995212484621811625706014965726
0.20999999999999999222843882762390421703,2.8962183984222528035310661487831707152e-50,116.0,0.99732034000312344606252342858099744888,0.76889817713542975507736784904700691176
0.21499999999999999666933092612453037873,9.0655105875036628289610369154702480931e-50,115.0,0.9972838980560938783386452117990643076,0.76385967847372169015220578847375685546
0.22000000000000000111022302462515654042,3.0067366711345037499892001518630684175e-49,114.0,0.99723931445373685618196741797682944954,0.75830638306325019040955611051143976268
0.22500000000000000555111512312578270212,1.0614696816556801372577442211777368216e-48,114.0,0.99718574243192270636698393093323466852,0.75233737724912597903680541801995478173
0.23000000000000000999200722162640886381,4.0085560901774078355078089070252770705e-48,113.0,0.9971204179675167550843814425857161327,0.74619995555532004042506278784830163013
0.23499999999999998667732370449812151492,1.6282033787848004193108467063309283639e-47,112.0,0.99704431388498568588138064702551565997,0.74013498545902708518824723039944508692
0.23999999999999999111821580299874767661,7.1561218875477283005622094984233048363e-47,111.0,0.99695584309749522936148212447545194857,0.73372115323646112222866644682284734697
0.24499999999999999555910790149937383831,3.4258172363071247732169482032764754898e-46,110.0,0.99685207967391138969140850366927158798,0.72699304058520346937358726255616671703
0.25,1.799389070453312369226589056516525677e-45,109.0,0.99673142085862539812687734041760669464,0.71995948258883525659018350171748557338
0.25500000000000000444089209850062616169,1.0452850205787952145039723756809311552e-44,108.0,0.99659187905606304705178889365819826783,0.71259781108587848721957059782018043901
0.26000000000000000888178419700125232339,6.7751036463964946154046807742580979074e-44,107.0,0.99643096248621659838808081168577261742,0.70484822392146879839162555455978542516
0.26500000000000001332267629550187848508,4.947351897901254094160139961605907318e-43,106.0,0.99624549542310068902914643143582650884,0.69696388796254780782841407921804303909
0.27000000000000001776356839400250464678,4.1136225040086242490212389292491062512e-42,104.0,0.99603133557208158723840082037159714824,0.68886356378139780765729077211696001972
0.27500000000000002220446049250313080847,3.9403865235436723500518868709299010744e-41,103.0,0.99578291127479197258882947343019567422,0.68007308628932030226229193491635715766
0.28000000000000002664535259100375697017,4.4041795662494491854498127536062299823e-40,102.0,0.99549329964979558476553228521447527949,0.67127569198750218897057117427809269244
0.28499999999999997557509345824655611068,5.8245358751481624575856806202218439191e-39,100.0,0.9951623135941023132959183474747029446,0.66178538125118506537809316447348203236
0.28999999999999998001598555674718227237,9.253708971093803718441484978156604323e-38,98.0,0.99477037454578534471500784870372756126,0.65204935619722142989498101973228851342
0.29499999999999998445687765524780843407,1.7953690005779568306713347111081584182e-36,96.0,0.99431814776078910823335411057656402285,0.64198645331647231505765119355676918424
0.29999999999999998889776975374843459576,4.3293535387007018107431650252468590469e-35,94.0,0.99378503909480585525936576628502897628,0.65275012198329258934524636143886385622
0.30499999999999999333866185224906075746,1.3220468260675738691027249009138031499e-33,92.0,0.99315479388515871776149612396280591646,0.67016654955095456549893026853379167957
0.30999999999999999777955395074968691915,5.2134219749056169558717930589343472646e-32,90.0,0.99240460683647269309362931291836693672,0.68773332218137126047792350698616158055
0.31500000000000000222044604925031308085,2.7085936123777424320692681135401535404e-30,87.0,0.99151189512294063506515971210312366614,0.70540070418976512332121649802717502788
0.32000000000000000666133814775093924254,1.8910200383140108670215059992386769337e-28,84.0,0.99043201652075842892145756216022404775,0.72311081437200215747782870681863583004
0.32500000000000001110223024625156540424,1.8070675971093512522405640155360351934e-26,81.0,0.98912755617680199721842603878171189183,0.74079061429394943968010905671610593423
0.33000000000000001554312234475219156593,2.4000241408925122378972929525013421904e-24,77.0,0.98753779650285722699189119922614968372,0.75837666336263867034293477230103031011
0.33500000000000001998401444325281772763,4.4720112397609183620966661171475880219e-22,73.0,0.98555919472545172278474215606124648162,0.77576975247126823065241850902717177254
0.34000000000000002442490654175344388932,1.1681631674766018697460096195316522382e-19,68.0,0.98310232999868057472046080626701497964,0.79288225218975957113730280728389552493
0.34499999999999997335464740899624302983,4.2030064796400050706275929154504400872e-17,62.0,0.97997847288526150231851633158901597362,0.80960941245932381292563538919376700453
0.34999999999999997779553950749686919153,1.9911163775201094321166442933279532891e-14,56.0,0.97598336498256656290697260411448438042,0.82584063899622854513059199601745789617
0.35499999999999998223643160599749535322,1.13554955968409034316266884374951745e-11,48.0,0.9707511361693904805369250222699558258,0.84146467312165261413978279633974983651
0.35999999999999998667732370449812151492,6.6247252205901649115114532005252685181e-09,39.0,0.96382209959741298539059529278122702824,0.856332632124860963111914358362592729
0.36499999999999999111821580299874767661,2.9604515695837932146190264896031701986e-06,28.0,0.95439857864848311202442929374985568054,0.86863667179999056393009627443245990289
0.36999999999999999555910790149937383831,0.00059857636792298047871045297335636635897,13.0,0.94128476597611252946409954470817893139,0.85959186840693734375787816789340702671
0.375,0.024130068797192374834603747424534485791,0.0,0.90454972952825361367901572809132479095,0.58136034689224082863485428000779303412
0.38000000000000000444089209850062616169,0.15495096772446693446698078210873891484,0.0,0.77848354550110372662809640187937637863,0.28258755787515241801081931493049292113
0.38500000000000000888178419700125232339,0.41342783623272156305397467020710539392,0.0,0.54360945444450282033758464602384817961,0.1414166684821363446546562518405764301
0.39000000000000001332267629550187848508,0.69383450058722671189128961503213618647,0.0,0.28519223417275517068178868281233039192,0.055930201474026014618669784298001455884
0.39500000000000001776356839400250464678,0.87171064889492554603160987690913499528,0.0,0.11942111951379727511389365072441849606,0.018493119346202987951261264649953546336
0.40000000000000002220446049250313080847,0.95082523595984114775470765051437910917,0.0,0.045576377147363259104050177837851585915,0.0056244946691367971672150684345894389402
0.40500000000000002664535259100375697017,0.9809663381535350295081598485065324054,0.0,0.017547961628639687558882388052151219118,0.0016591743556193988980763594538792755688
0.40999999999999997557509345824655611068,0.99207180733086587738037871537826053148,0.0,0.0072747287311350714746714512344233303545,0.00050566661797406355507402914823525068882
0.41499999999999998001598555674718227237,0.99583774524487043319829099008423555046,0.0,0.0038121992687923526594361206641174662478,0.00049813383315565925576434355958472081495
0.41999999999999998445687765524780843407,0.99704378064653805653230633571643842736,0.0,0.002705768626823813238992755056238634637,0.00049388183337463512678894210250777715869
0.42499999999999998889776975374843459576,0.99766410751158964490190583168961484637,0.0,0.0021362713417486908557228348358634455122,0.00048962979740775335621314384749379750434
0.42999999999999999333866185224906075746,0.99804950927353093536536018406049707937,0.0,0.0017821094918104231911155802399127870453,0.00048537772525455201249914692504080760381
0.43499999999999999777955395074968691915,0.99831317669243234932011863420616583084,0.0,0.0015392241740981576022051943228090106973,0.00048112561691456915624671673641764318759
0.44000000000000000222044604925031308085,0.99850398646559166586685284259802645651,0.0,0.0013627662341817760665975623538153652409,0.00047687347238734284019301867207996281739
0.44500000000000000666133814775093924254,0.99864617600382291998150736022619341434,0.0,0.0012301230375240670019901961089122323518,0.00047262129167241110921245082581533109803
0.45000000000000001110223024625156540424,0.99875218309235352636739341457964253317,0.0,0.0011291979666498444833652152207192915337,0.00046836907476931200031647670461724505672
0.45500000000000001554312234475219156593,0.99882636605791475417954726443629599343,0.0,0.0010544461018846685815433975166214546009,0.00046411682167758354265345793428797644101
0.46000000000000001998401444325281772763,0.99886472448140720140500900107251692041,0.0,0.0010068976525876658836209616643581906469,0.00045986453239676375750848696077010273402
0.46500000000000002442490654175344388932,0.99888265277487527751518942582071595128,0.0,0.00099403317848395553784243647518235823044,0.00045561220692639065830321974720659964021
0.46999999999999997335464740899624302983,0.99889804927102836109694117584587238333,0.0,0.00098557829959192014877587450533142217866,0.00045135984526600229780660760734506301717
0.47499999999999997779553950749686919153,0.99890641576179652141718622923597840201,0.0,0.00097712327758646100972554899594065861617,0.00044710744741513657929153512916824523146
0.47999999999999998223643160599749535322,0.99891478334137149606794936373952551856,0.0,0.00096866811246394452110743754665607566295,0.00044285501337333153979884231523317652372
0.48499999999999998667732370449812151492,0.99892315200978094057773164195194291317,0.0,0.0009602128042207368664551463962447747037,0.00043860254314012516129476608265221392455
0.48999999999999999111821580299874767661,0.99893152176705251141129457573368859667,0.0,0.0009517573528532041062819224186371353546,0.00043435003671505541788127028696254392395
0.49499999999999999555910790149937383831,0.99893989261321386596969974711353143403,0.0,0.0009433017583577121780754471167047180357,0.00043009749409766027579587839355497175524
0.50,0.99894826454829266259034843120387481252,0.0,0.00093484602073062689629263035166504670101,0.00042584491528747769341150614483038140802
0.50500000000000000444089209850062616169,0.99895663757231656054702122112824140545,0.0,0.0009263901399683139523544038080976085695,0.00042159230028404562123629422308373913265
0.51000000000000000888178419700125232339,0.99896501168531322004991765496103795128,0.0,0.00091793411606713891464051419455540657056,0.00041733964908690200191344090911551315416
0.51500000000000001332267629550187848508,0.99897338688731030224569584467971948008,0.0,0.00090947794902346722848431617975639919106,0.00041308696169558477022103473657038232006
0.52000000000000001776356839400250464678,0.99898176317833546921751210712947214959,0.0,0.00090102163883366421616756506433916137951,0.00040883423810963185307188714200310641452
0.52500000000000002220446049250313080847,0.9989901405584163839850605970005339354,0.0,0.00089256518549409507691520918816709900519,0.00040458147832858116951336511067143084875
0.53000000000000002664535259100375697017,0.99899851902758071050461294181827241807,0.0,0.00088410858900112488689018207316554843903,0.00040032868235197063072722381805589843731
0.53500000000000003108624468950438313186,0.99900546136965391854456671975413010728,0.0,0.00087565184935111859918819430167609165298,0.00039607585017933814002943926710644098917
0.54000000000000003552713678800500929356,0.99900541819353627586189726436905372677,0.0,0.00086719496654044104383252513031241622539,0.00039182298181022159287004092121562338658
0.54500000000000003996802888650563545525,0.99900537501741863317922780898397734626,0.0,0.00085873794056545692776881383930204859811,0.00038757007724415887683294433291841289386
0.55000000000000004440892098500626161695,0.99900533184130099049655835359890096575,0.0,0.00085028077142253083485985081729828778123,0.00038331713648068787163578376831834634191
0.55500000000000004884981308350688777864,0.999005288665183347813888898213824586,0.0,0.00084182345910802722588036838164666578063,0.0003790641595193464491297448272399679404
0.56000000000000005329070518200751394033,0.99900524548906570513121944282874820473,0.0,0.00083336600361831043851183133409025979045,0.00037481114635967247329939705910741033646
0.56499999999999994670929481799248605967,0.99900520231294806244950868984208843843,0.0,0.00082490840494974487513523238097180689282,0.00037055809700120389469959491810630472108
0.56999999999999995115018691649311222136,0.99900515913683041976683923445701205792,0.0,0.00081645066309869425163704097367135546696,0.00036630501144347837270784078638454828044
0.57499999999999995559107901499373838305,0.99900511596071277708416977907193567741,0.0,0.00080799277806152272418248593512480779226,0.00036205188968603384214411627841591988624
0.57999999999999996003197111349436454475,0.99900507278459513440150032368685929765,0.0,0.00079953474983459413802786226994963427459,0.00035779873172840813552485281532730092075
0.58499999999999996447286321199499070644,0.99900502960847749171883086830178291639,0.0,0.00079107657841427221531014627672149427738,0.00035354553757013907749902878312575960579
0.58999999999999996891375531049561686814,0.99900498643235984903616141291670653588,0.0,0.00078261826379692055504178451598342758175,0.00034929230721076448484800212293131797547
0.59499999999999997335464740899624302983,0.99900494325624220635349195753163015612,0.0,0.00077415980597890263310548251358414385952,0.00034503904064982216648534291693497082713
0.59999999999999997779553950749686919153,0.99900490008012456367082250214655377486,0.0,0.00076570120495658180224899319932972681505,0.00034078573788684992345666597008182929136
0.60499999999999998223643160599749535322,0.9990048569040069209881530467614773951,0.0,0.00075724246072632129207990508093306855093,0.00033653239892138554893946338747926168256
0.60999999999999998667732370449812151492,0.99900481372788927830548359137640101459,0.0,0.00074878357328448420906043015324534870557,0.00033227902375296682824293714752990427246
0.61499999999999999111821580299874767661,0.99900477055177163562281413599132463332,0.0,0.00074032454262743353650219154275387179238,0.00032802561238113153880783167078941461923
0.61999999999999999555910790149937383831,0.99900472737565399294014468060624825357,0.0,0.0007318653687515321345610108873305751411,0.00032377216480541745020626638454884009951
0.625,0.99900468419953635025747522522117187306,0.0,0.00072340605165314274023169545121551875649,0.00031951868102536232414156828314147426023
0.63000000000000000444089209850062616169,0.99900464102341870757480576983609549255,0.0,0.00071494659132862796734282497521966738574,0.00031526516104050391444810448397407363187
0.63500000000000000888178419700125232339,0.99900459784730106489213631445101911204,0.0,0.00070648698777435030655153826213127396008,0.00031101160485037996709111477928230761168
0.64000000000000001332267629550187848508,0.99900455467118342220946685906594273153,0.0,0.00069802724098667212533831949731017259998,0.00030675801245452822016654418361031404907
0.64500000000000001776356839400250464678,0.99900451149506577952679740368086635102,0.0,0.00068956735096195566800178430445428821158,0.00030250438385248640390087547701423313893
0.65000000000000002220446049250313080847,0.99900446831894813684412794829578997051,0.0,0.00068110731769656305565346553652266872356,0.00029825071904379224065096174398959222461
0.65500000000000002664535259100375697017,0.99900442514283049416145849291071359075,0.0,0.00067264714118685628621259880179934491215,0.00029399701802798344490385890812241414334
0.66000000000000003108624468950438313186,0.99900438196671285147878903752563720949,0.0,0.00066418682142919723440090772508232166835,0.00028974328080459772327665826246392167634
0.66500000000000003552713678800500929356,0.99900433879059520879611958214056082898,0.0,0.0006557263584199476517373889439820036053,0.00028548950737317277451631899562871073416
0.67000000000000003996802888650563545525,0.99900429561447756611345012675548444922,0.0,0.00064726575215546916653309684031335667909,0.00028123569773324628949950071361626485104
0.67500000000000004440892098500626161695,0.99900425243835992343078067137040806796,0.0,0.00063880500263212328388592800656610660028,0.0002769818518843559512323959573556835798
0.68000000000000004884981308350688777864,0.99900420926224228074811121598533168745,0.0,0.00063034410984627138567540544743727363446,0.00027272796982603943485056271597349737388
0.68500000000000005329070518200751394033,0.99900416608612463806544176060025530769,0.0,0.00062188307379427473055746251641034235617,0.00026847405155783440761875693578444153898
0.68999999999999994670929481799248605967,0.99900412291000699538373100761359554063,0.0,0.00061342189447249464183673919887857242296,0.00026422009707927862338793120008024502222
0.69499999999999995115018691649311222136,0.99900407973388935270106155222851916012,0.0,0.00060496057187729175595449642217124188641,0.00025996610638990954476720657596946420229
0.69999999999999995559107901499373838305,0.99900403655777171001839209684344277961,0.0,0.0005964991060050271497389308987023807655,0.00025571207948926490986429003114115888273
0.70499999999999996003197111349436454475,0.99900399338165406733572264145836639985,0.0,0.00058803749685206158889945144327885501376,0.00025145801637688235445905434502551931846
0.70999999999999996447286321199499070644,0.99900395020553642465305318607329001859,0.0,0.0005795757444147557158957929275397439401,0.0002472039170522995064597327350347362831
0.71499999999999996891375531049561686814,0.99900390702941878197038373068821363808,0.0,0.0005711138486894700499327986264855302698,0.00024294978151505398590275133988885332294
0.71999999999999997335464740899624302983,0.99900386385330113928771427530313725832,0.0,0.00056265180967256498695520229994398535991,0.00023869560976468340495256169866368600463
0.72499999999999997779553950749686919153,0.99900382067718349660504481991806087706,0.0,0.00055418962736040079964241000895703970192,0.00023444140180072536790147322556068071087
0.72999999999999998223643160599749535322,0.9990037775010658539223753645329844973,0.0,0.00054572730174933763740328166707292767739,0.0002301871576227174711694856803985855154
0.73499999999999998667732370449812151492,0.99900373432494821123970590914790811679,0.0,0.0005372648328357355263709123265278944856,0.0002259328772301973033041216348268056744
0.73999999999999999111821580299874767661,0.99900369114883056855703645376283173553,0.0,0.00052880222061595436939741319930175216,0.00022167856062270244498025893426031627292
0.74499999999999999555910790149937383831,0.99900364797271292587436699837775535577,0.0,0.00052033946508635394604869241303157042813,0.00021742420779977046899996315553600453859
0.75,0.99900360479659528319169754299267897526,0.0,0.00051187656624329391259923550176778719676,0.00021316981876093894029232006029031436753
0.75500000000000000444089209850062616169,0.999003561620477640509028087607602594,0.0,0.00050341352408313380202688563155702230993,0.00020891539350574541591326804405806555535
0.76000000000000000888178419700125232339,0.99900351844435999782635863222252621424,0.0,0.00049495033860223302400762356083587721108,0.00020466093203372744504543058109232026805
0.76500000000000001332267629550187848508,0.99900347526824235514368917683744983373,0.0,0.00048648700979695086491034733562000204889,0.00020040643434442256899794866490516925396
0.77000000000000001776356839400250464678,0.99900343209212471246101972145237345322,0.0,0.0004780235376636464877916517194727107083,0.00019615190043736832120631324452931029916
0.77500000000000002220446049250313080847,0.99900338891600706977835026606729707271,0.0,0.00046955992219867893239060735823742318607,0.00019189733031210222723219765650029143666
0.78000000000000002664535259100375697017,0.9990033457398894270956808106822206922,0.0,0.00046109616339840711512353967951821366457,0.00018764272396816180476329005255929139521
0.78500000000000003108624468950438313186,0.99900330256377178441301135529714431169,0.0,0.0004526322612591898290788075268927415735,0.00018338808140508456361312582307630979067
0.79000000000000003552713678800500929356,0.99900325938765414173034189991206793118,0.0,0.0004441682157773857440115815288418418548,0.00017913340262240800572092001619363953794
0.79500000000000003996802888650563545525,0.99900321621153649904767244452699155142,0.0,0.00043570402694935340633862220238004960055,0.00017487868761966962515139975268949397806
0.80000000000000004440892098500626161695,0.99900317303541885636500298914191517016,0.0,0.00042723969477145123913305779137133313866,0.00017062393639640690809463663656166118881
0.80500000000000004884981308350688777864,0.99900312985930121368233353375683878965,0.0,0.00041877521924003754211916183951430861469,0.00016636914895215733286587916133105796292
0.81000000000000005329070518200751394033,0.99900308668318357099966407837176240989,0.0,0.00041031060035147049166713049798120800562,0.00016211432528645836990538511206505591628
0.81499999999999994670929481799248605967,0.99900304350706592831795332538510264283,0.0,0.0004018458381021083287449301636071780519,0.00015785946539884757625552438614230616183
0.81999999999999995115018691649311222136,0.99900300033094828563528387000002626307,0.0,0.00039338093248830860708797524256198674621,0.00015360456928886221765233399804602843328
0.82499999999999995559107901499373838305,0.99900295715483064295261441461494988181,0.0,0.0003849158835064293209267782069390899422,0.00014934963695603983538656010669319195593
0.82999999999999996003197111349436454475,0.9990029139787130002699449592298735013,0.0,0.00037645069115282815316299340672213062388,0.0001450946683999178683968215979614025589
0.83499999999999996447286321199499070644,0.99900287080259535758727550384479712154,0.0,0.00036798535542386266331808035681895359196,0.00014083966362003374774590859518346964392
0.83999999999999996891375531049561686814,0.99900282762647771490460604845972074028,0.0,0.00035951987631589028752807945229274568013,0.00013658462261592489662061483548668674557
0.84499999999999997335464740899624302983,0.99900278445036007222193659307464436052,0.0,0.00035105425382526833853838741813680330795,0.00013232954538712873033157004185099140024
0.84999999999999997779553950749686919153,0.99900274127424242953926713768956798001,0.0,0.00034258848794835400569853249357719080605,0.00012807443193318265631307229088587675676
0.85499999999999998223643160599749535322,0.99900269809812478685659768230449159875,0.0,0.00033412257868150435495694935088755188286,0.00012381928225362407412292037632592736352
0.85999999999999998667732370449812151492,0.99900265492200714417392822691941521899,0.0,0.00032565652602107632885575374870033553825,0.00011956409634799037544224616824485155814
0.86499999999999999111821580299874767661,0.99900261174588950149125877153433883848,0.0,0.00031719032996342674652551691979869665571,0.00011530887421581894407534696798788288395
0.86999999999999999555910790149937383831,0.99900256856977185880858931614926245797,0.0,0.00030872399050491230368003969337333044281,0.00011105361585664715594951785882242294789
0.875,0.99900252539365421612591986076418607746,0.0,0.0003002575076418895726111263517284988302,0.00010679832127001237911488405230679814022
0.88000000000000000444089209850062616169,0.99900248221753657344325040537910969695,0.0,0.00029179088137071500218335822142150586227,0.00010254299045545197374423323037700262102
0.88500000000000000888178419700125232339,0.99900243904141893076058094999403331644,0.0,0.00028332411168774491782886699881987804128,9.8287623412503292132847883151299979112e-05
0.89000000000000001332267629550187848508,0.99900239586530128807791149460895693593,0.0,0.00027485719858933552154210781006050454623,9.4032220140703678698337642452555969393e-05
0.89500000000000001776356839400250464678,0.99900235268918364539524203922388055617,0.0,0.00026639014207184289187463200539499114731,8.9776780639590469980471611048174718999e-05
0.90000000000000002220446049250313080847,0.99900230951306600271257258383880417491,0.0,0.00025792294213162298392985968790548059276,8.552130490870099464101068760751080091e-05
0.90500000000000002664535259100375697017,0.9990022663369483600299031284537277944,0.0,0.0002494555987650316293578519765751911727,8.1265792947572573463539887376629556192e-05
0.91000000000000003108624468950438313186,0.99900222316083071734723367306865141464,0.0,0.00024098811196842453635008300369792408906,7.7010244755742519353300658570288057967e-05
0.91500000000000003552713678800500929356,0.99900217998471307466456421768357503338,0.0,0.00023252048173815728963421164661078920631,7.2754660332748137337023194481009086987e-05
0.92000000000000003996802888650563545525,0.99900213680859543198189476229849865362,0.0,0.00022405270807058535046885299373439768514,6.8499039678126724562758741305120499996e-05
0.92500000000000004440892098500626161695,0.99900209363247778929922530691342227311,0.0,0.00021558479096206405663834954490476892595,6.4243382791415570299711901685632359996e-05
0.93000000000000004884981308350688777864,0.99900205045636014661655585152834589185,0.0,0.00020711673040894862244754214598119819719,5.9987689672151955938072933971824194821e-05
0.93500000000000005329070518200751394033,0.99900200728024250393388639614326951209,0.0,0.00019864852640759413871654065771433023937,5.5731960319873154988850047195414745903e-05
0.93999999999999994670929481799248605967,0.99900196410412486125217564315660974503,0.0,0.0001901801789543557608121734839094435543,5.1476194734116527581082781892145870503e-05
0.94499999999999995115018691649311222136,0.99900192092800721856950618777153336527,0.0,0.00018171168804558795649922660166630746959,4.7220392914419142472954496236370230716e-05
0.94999999999999995559107901499373838305,0.99900187775188957588683673238645698401,0.0,0.00017324305367764563414573208487569189294,4.2964554860318344033497518490743547494e-05
0.95499999999999996003197111349436454475,0.9990018345757719332041672770013806035,0.0,0.0001647742758468833905805772271897632763,3.8708680571351374255314724505796112132e-05
0.95999999999999996447286321199499070644,0.99900179139965429052149782161630422374,0.0,0.0001563053545496556991217676948440061533,3.4452770047055467250988351439615902336e-05
0.96499999999999996891375531049561686814,0.99900174822353664783882836623122784248,0.0,0.0001478362897823169095711966007556241266,3.0196823286967849252912267030832633733e-05
0.96999999999999997335464740899624302983,0.99900170504741900515615891084615146272,0.0,0.00013936708154122124820941331277183403715,2.5940840290625738613124234587290715143e-05
0.97499999999999997779553950749686919153,0.99900166187130136247348945546107508221,0.0,0.00013089772982272281779039199605229007021,2.1684821057566345803138173690283433892e-05
0.97999999999999998223643160599749535322,0.99900161869518371979082000007599870095,0.0,0.00012242823462317559753629988956987348596,1.7428765587326873413776416614220695324e-05
0.98499999999999998667732370449812151492,0.99900157551906607710815054469092232119,0.0,0.00011395859593893344313226531671408259581,1.3172673879444516155001960461602633985e-05
0.98999999999999999111821580299874767661,0.99900153234294843442548108930584594068,0.0,0.00010548881376635008672114542998125653727,8.9165459334564608557507150131714115569e-06
0.99499999999999999555910790149937383831,0.99900148916683079174281163392076956017,0.0,9.7018888101779136898293689735865329425e-05,4.6603817488998864637637462931135112959e-06
1.0,0.99900144599071314906014217853569317966,0.0,8.8548818941574078706327077027097622418e-05,4.0418132531196404541951584918483401226e-07
