value,sup,dur,Y,S
0.0,8.0105265609871647955146948671285321305e-78,130.0,0.9960048129141877027868611651717280281,0.89174984162885850827883310888378561003
0.0050000000000000001040834085586084256647,1.430578756312543934009353527522498253e-77,130.0,0.99602296998746838316979162842605247828,0.89022291325748902113561243260738433655
0.010000000000000000208166817117216851329,2.5019756555378883882673134787920193082e-77,130.0,0.99604088457808246582482302177658790378,0.88881968448054698034501568057300673474
0.014999999999999999444888487687421729788,4.2964524205934609202803771345291538886e-77,130.0,0.99606186894565476593280399431205805315,0.8872641608847637928537650024442705792
0.020000000000000000416333634234433702659,7.2647000852961809381159971343030959755e-77,129.0,0.99608355976229307898009265358890139789,0.88554617845866510225490867961259519135
0.02500000000000000138777878078144567553,1.2129984458933607749636809742121925698e-76,129.0,0.99610717335534079955606857624125716227,0.88365560235966701936923838359096858672
0.029999999999999998889776975374843459576,2.005705969992571075291808953671003917e-76,129.0,0.9961339059966021976093380120261521239,0.88161423862864047434633034320690270206
0.035000000000000003330669073875469621271,3.2930949592865841077013303877071696837e-76,129.0,0.99616283760047252480194786630512966411,0.88008181534962475086707305451955158887
0.040000000000000000832667268468867405318,5.382063673580486569130752308390349323e-76,129.0,0.9961950077892351824228386486931456476,0.87835890264926818090355520535124482254
0.044999999999999998334665463062265189365,8.7756887135493418812659383836821244432e-76,129.0,0.99623113865883604565773634341333929989,0.87643256438211225628530937041301559416
0.050000000000000002775557561562891351059,1.4304919366287367133720370101639179805e-75,128.0,0.99627162445734139885977858267602036383,0.87428985869262320768666176265767562399
0.055000000000000000277555756156289135106,2.3353793696302914167219165658819683649e-75,128.0,0.99631736339839617755017235796398218437,0.8720504830107311095951755421119539623
0.059999999999999997779553950749686919153,3.824872890871744637031909621496460413e-75,128.0,0.9963672637792300064574769982040426381,0.87027366187225762105787392497232045276
0.065000000000000002220446049250313080847,6.2939095548848337396345649012187624496e-75,128.0,0.99642033000452231691132375606479308499,0.86825166805894632141626984434146020972
0.070000000000000006661338147750939242542,1.0420139456012718880171980690972518389e-74,127.0,0.99647574002798768068491130492693787842,0.86596825149893195586142078743974881902
0.074999999999999997224442438437108648941,1.7379704665951061274017558641441519341e-74,127.0,0.99653262410556299806873938751830675805,0.86340686827476980870583098846733436337
0.080000000000000001665334536937734810635,2.9239099163502854402341874388368093702e-74,127.0,0.99659012552958569944556121283013643862,0.86133242345032245499405355255721115912
0.08500000000000000610622663543836097233,4.9676883518265176930987062637725957621e-74,127.0,0.99664885341174955837289938248392397046,0.85911691956999878363661064982658205545
0.089999999999999996669330926124530378729,8.5332756622859521913991610454078756791e-74,126.0,0.99670713628343037160562653819209972498,0.85657918130296794480386581153534966942
0.095000000000000001110223024625156540424,1.4836894185658892581968931936587216713e-73,126.0,0.99676430838635958302013351878150329907,0.85369844680846559980024510969694841775
0.10000000000000000555111512312578270212,2.6141371185715655802916795817658955841e-73,126.0,0.99682167506067636646106027996961625464,0.8514793167666108385180983219323533881
0.10499999999999999611421941381195210852,4.6726846200283128107472754662519670682e-73,126.0,0.99687666074942154206989406991445391559,0.84891331447779575859792761285039433984
0.11000000000000000055511151231257827021,8.4831733989526931268641596019683882712e-73,125.0,0.99693123920410717639745790282565461092,0.84594330270052747276287499047105861663
0.11500000000000000499600361081320443191,1.5660850310830712719898803544104733522e-72,125.0,0.99698278191128121836368316682001781034,0.84314913941430648851716320870749550287
0.11999999999999999555910790149937383831,2.9434921299946601954149872835712078832e-72,125.0,0.99703350860253599782764712520117531534,0.84047034688429640361936508985368894269
0.125,5.6395465478944206592183286448413070648e-72,124.0,0.99708067636350650431833713965113068284,0.83730963204143469847564396562792254776
0.13000000000000000444089209850062616169,1.1028692992208817926700817993911610396e-71,124.0,0.99712637464301509676671857110897008027,0.83416770722281993476378137879900304891
0.13500000000000000888178419700125232339,2.2044118349016973100443746035039700853e-71,124.0,0.99716857734742385596817009970119439524,0.83124436094565111299764069150352347984
0.14000000000000001332267629550187848508,4.5099332466507571695685909030956584977e-71,123.0,0.9972079360636974268398844634737889491,0.82774010007827292897216071113407778888
0.14499999999999999000799277837359113619,9.4582337137384654769737525537701001774e-71,123.0,0.99724442676376849672728317481847754276,0.8244774318029228068575035516682226291
0.14999999999999999444888487687421729788,2.0365968901355754280776615199675269065e-70,123.0,0.99727646285303647284427558451830862894,0.82111258765115293440474249167036588838
0.15499999999999999888977697537484345958,4.5101563265384066314376538128074199642e-70,122.0,0.99730650246199062195485837371468877738,0.81713709831578664297493265467948773113
0.16000000000000000333066907387546962127,1.0290947400467352641207510298146290582e-69,122.0,0.99733165677699043996658033296023733344,0.81385770188398733555297915908396193534
0.16500000000000000777156117237609578297,2.4240278207661015687566762025473417581e-69,122.0,0.99735314427181617088970568894836172835,0.80976806257657363219403261522551154821
0.17000000000000001221245327087672194466,5.9066564678598613493668922727223795387e-69,121.0,0.99737060538712931917321628841584887599,0.80605820543093518473765454941291846243
0.17499999999999998889776975374843459576,1.4922466401688479644561886518408039243e-68,121.0,0.99738264091814267465806351183815294814,0.80184351719276942773498423420845968062
0.17999999999999999333866185224906075746,3.918184163816914624857204232765154301e-68,120.0,0.99739142025753317859581224960762652966,0.79775635370844855029214395218061527954
0.18499999999999999777955395074968691915,1.0720415051918490339023902889879903378e-67,120.0,0.99739363283592488582053290481311617574,0.79326635153126073409386734485067634241
0.19000000000000000222044604925031308085,3.0651704937646400591323078743207495903e-67,119.0,0.99739194744574911053753367825130037567,0.78893046826081602594745188836165934395
0.19500000000000000666133814775093924254,9.1866113585612426284448588332201739238e-67,119.0,0.9973832661472540050725783540352077265,0.78396046275897976874056998012383472585
0.20000000000000001110223024625156540424,2.8958430171282361545671676689197396999e-66,118.0,0.99736949000775105241663961712026803342,0.77946696596257315034982457324500957483
0.20499999999999998778754672912327805534,9.6362598226936419313816507254361517978e-66,117.0,0.99734789891751379401586713937758057069,0.77425327882569520345525909579372342092
0.20999999999999999222843882762390421703,3.3985950185240118820425622284126027551e-65,117.0,0.99732045945435487907682233683231554546,0.76912882983308521452586684196954579791
0.21499999999999999666933092612453037873,1.276018811653857468184947259220779575e-64,116.0,0.99728326784996043466032373482333596911,0.76390616608082497630121273897608624538
0.22000000000000000111022302462515654042,5.1247818258700998441233273308147932899e-64,115.0,0.99723982969328959763331618390203221086,0.75818382858059961805103255821504107524
0.22500000000000000555111512312578270212,2.2133691527602976928049441291471976265e-63,115.0,0.99718552554466637052362458067805348192,0.75219568114942239656714675222172470509
0.23000000000000000999200722162640886381,1.0340013187305752914768010728159843591e-62,114.0,0.99712019665334851759529048212005797436,0.74641834961108164518786789097150172468
0.23499999999999998667732370449812151492,5.2584880828350201945192801198581591467e-62,113.0,0.99704507886772219964283777393196882908,0.74026236343611045938895301391040498991
0.23999999999999999111821580299874767661,2.9318470008730629776287713740029882943e-61,112.0,0.99695601739136555349191054506726096699,0.7337863052802528760622509843120330653
0.24499999999999999555910790149937383831,1.8061212294183578057280975681228066148e-60,111.0,0.99685172579213245860298482469816041422,0.72702862505569215607277737009180632072
0.25,1.2399796968939212595065804355962519129e-59,111.0,0.99673062401650884114609912028400616273,0.72000187035758772453087638066190899153
0.25500000000000000444089209850062616169,9.5779618240110206967801617900818823973e-59,109.0,0.99659076064351774142655006676725198766,0.71268678030638538669496728056133776143
0.26000000000000000888178419700125232339,8.4117560786533119829413656335315338414e-58,108.0,0.99642970172590576416781277616967187308,0.70502656505590154006413649099520356793
0.26500000000000001332267629550187848508,8.4977234210817809461568636777756717249e-57,107.0,0.9962443645251559620421059422176204599,0.69692160809292009601629036403485204146
0.27000000000000001776356839400250464678,1.0002375773514208936241580581731647416e-55,106.0,0.99603075755127198817944868933405879345,0.68877210784231855025910050619331630028
0.27500000000000002220446049250313080847,1.3914305887573962413513797234597964601e-54,105.0,0.99578355645533749095438963712159326047,0.68022943232015204760817122140202331711
0.28000000000000002664535259100375697017,2.3238124702548740940635803872335551786e-53,103.0,0.99549538428906293319829792523941445415,0.67116569563263486015666865527320382268
0.28499999999999997557509345824655611068,4.7408597011533585376667659556873447646e-52,102.0,0.9951614662121225368700162021801980828,0.66182180783791581509595674509184443883
0.28999999999999998001598555674718227237,1.2043131610840384578715855661425513146e-50,100.0,0.99477297897427131457965671444819855907,0.65221099329408894024663494477286163644
0.29499999999999998445687765524780843407,3.8903842250660144236142823575719473576e-49,98.0,0.99431939512693943708077616659915611324,0.64214580457787225148845350214433859065
0.29999999999999998889776975374843459576,1.6354918766648757001830981950538426751e-47,96.0,0.99378474674491216176891456503248360139,0.65272716203631257554047249435748424496
0.30499999999999999333866185224906075746,9.1762517889360112725767163720523966525e-46,94.0,0.99315464466242267423181511449412280384,0.67014071702435931047406106954316882204
0.30999999999999999777955395074968691915,7.0621959486629362909711734692904253858e-44,92.0,0.99240766531505415499119060191707631516,0.68771335443147620707306520752102583876
0.31500000000000000222044604925031308085,7.6784658704705118457018198466989195828e-42,89.0,0.99150957079541086631887019179898289198,0.70538074602624145420283797175301804172
0.32000000000000000666133814775093924254,1.2169556521424275794274178611757814261e-39,87.0,0.99043907644431333828625423023249346124,0.72308650321861618927270331955367931269
0.32500000000000001110223024625156540424,2.9049000713725581803919372838179174406e-37,83.0,0.98913564027385134942260945431264170145,0.74077351769850715909877901239527047033
0.33000000000000001554312234475219156593,1.0795029135667552577740068079742840549e-34,80.0,0.98753479482933077629967968739755100539,0.75835343726457421070107484422062267275
0.33500000000000001998401444325281772763,6.4483474130747323582497711675208286244e-32,76.0,0.98556928675777932834258686895382696429,0.7757501084698002373118431503730856317
0.34000000000000002442490654175344388932,6.3695712821328179838613522923207231215e-29,71.0,0.98310114580724306955858440614374156367,0.79286304572033182558883707005564792954
0.34499999999999997335464740899624302983,1.0620410980858789160907400418066545079e-25,66.0,0.97998898295605761612352096849743118762,0.80958935642878101886615513625500912056
0.34999999999999997779553950749686919153,3.0078328892992674413925108103604364526e-22,60.0,0.97597967613396820329132409413403546483,0.82582340468225963143346339980687847887
0.35499999999999998223643160599749535322,1.4203186958894758938585290231803823062e-18,53.0,0.97076879731552489163363895315437848043,0.84144777571277310673088368779204529989
0.35999999999999998667732370449812151492,1.0527438122918144513034040753021183125e-14,44.0,0.9638100625170196121110426898673649996,0.85633016905360080076553458924591342588
0.36499999999999999111821580299874767661,1.0747227094778464642304653755764099807e-10,34.0,0.95438763265306551903706809841093317422,0.86885681758814845283159266545312405696
0.36999999999999999555910790149937383831,1.1663546441611554208481389914356650449e-06,20.0,0.9412889765491804689517806530032433245,0.86309117488698968313443100682567333064
0.375,0.0037846294062761569583830915765635989802,3.0,0.90746734895653473541828503918974880569,0.60773481258226085092224335355797231819
0.38000000000000000444089209850062616169,0.10968351147613870847096347491756897601,0.0,0.78647267456619379025051588249360942567,0.29082315275519116284020173601661919567
0.38500000000000000888178419700125232339,0.37186273104123648703238052217574434469,0.0,0.55586666011832491822203662523058838306,0.14609060631185788571335952288300740697
0.39000000000000001332267629550187848508,0.66740183285319080374471658477239996564,0.0,0.29555805161790253628037317064567967396,0.058338465873785544434874578814657514402
0.39500000000000001776356839400250464678,0.85936830919659615679947309234035650809,0.0,0.12483728101022318026301010840549168828,0.01939335318529914618626093508029923828
0.40000000000000002220446049250313080847,0.94587484078151273420098939205108125656,0.0,0.047819047942561418790503090151662916079,0.0059110341472556174464801167616090017579
0.40500000000000002664535259100375697017,0.97902462020412989283781744227813829814,0.0,0.018426531130227724579020374609795464683,0.0017449174614424811939462711601187885222
0.40999999999999997557509345824655611068,0.99126887112417417853390453364119178577,0.0,0.0076309723595230587159414681570723682701,0.0005317051519967785749936269802139994799
0.41499999999999998001598555674718227237,0.99544481603956197061966814387366422061,0.0,0.0039734305498370088378381967860340837499,0.00052361999845685285300551020498490421733
0.41999999999999998445687765524780843407,0.99679214165439720749304968809715158959,0.0,0.0027963140244985172172664882809049956574,0.00051914694488432026320810552022325382492
0.42499999999999998889776975374843459576,0.99748702649849752541074058825204872294,0.0,0.0021888130248527841180395042022395013916,0.00051467385127420735996060163145935551084
0.42999999999999999333866185224906075746,0.99791985394481125596761989249301035258,0.0,0.0018101084533602677487962594615602657819,0.00051020071762597658598176102634133960754
0.43499999999999999777955395074968691915,0.99821679339223349087273119430865622167,0.0,0.0015497209041521879444819608237049587791,0.00050572754393909037436708319433979502679
0.44000000000000000222044604925031308085,0.99843249251933115896574202163273105772,0.0,0.0013599361928064083590931952244517403543,0.00050125433021301114858858928317317272786
0.44500000000000000666133814775093924254,0.99859412493433038468339180326710951587,0.0,0.0012166215055533661334952129397973930047,0.00049678107644720132249460674945056897159
0.45000000000000001110223024625156540424,0.99871587304570145658580550574895832339,0.0,0.001106753204883803193479879956330306312,0.00049230778264112330030955400353170717097
0.45500000000000001554312234475219156593,0.99880312610040952340121673004775708658,0.0,0.001024100340216323001843624454973904122,0.00048783444879423947663372504860393722285
0.46000000000000001998401444325281772763,0.99885099289593058260146271936292009727,0.0,0.00096895646458778166711059969939448021496,0.00048336107490601223644307411397607109049
0.46500000000000002442490654175344388932,0.9988726906204990154496491669671538081,0.0,0.00095246281694370280918683510965608101111,0.00047888766097590395508900028258887349534
0.46999999999999997335464740899624302983,0.99889086356508585331224116614296806279,0.0,0.00094356971111887557583966271247770252982,0.00047441420700337704796367039381053035126
0.47499999999999997779553950749686919153,0.99890316269057679296475988823294272815,0.0,0.00093467644696717734537129979868213810918,0.00046994071298789377183809510421124735849
0.47999999999999998223643160599749535322,0.99891196169367991230850888717988738893,0.0,0.00092578302448438006129724023860975072844,0.00046546717892891652285380948278677856187
0.48499999999999998667732370449812151492,0.99892076184982703583486125034975501285,0.0,0.00091688944366625541784740823103674468125,0.00046099360482590763786183818643747364576
0.48999999999999999111821580299874767661,0.99892956315904896197490544908613573457,0.0,0.0009079957045085749586918868537442721786,0.000456519990678329444087573776491573117
0.49499999999999999555910790149937383831,0.9989383656213764902563989272007756473,0.0,0.00089910180700711007693421665969870920471,0.00045204633648564425913056131151182440433
0.5,0.99894716923684042130381691403709804767,0.0,0.00089020775115763201510469391529414978404,0.00044757264224731439096428293431748458386
0.50500000000000000444089209850062616169,0.99895597400547155683840124014096863333,0.0,0.00088131353695591186515366848063481381432,0.00044309890796280213793594245322152853683
0.51000000000000000888178419700125232339,0.99896477992730069967820915553886731862,0.0,0.00087241916439772056844484133183506199372,0.0004386251336315697887662499174828812709
0.51500000000000001332267629550187848508,0.99897358700235865373816215062362898645,0.0,0.00086352463347882891574856172531470973588,0.00043415131925307962254920618697349316558
0.52000000000000001776356839400250464678,0.9989823952306762240300947796479157294,0.0,0.00085462994419500754723512400406733050797,0.00042967746482679390875188749606007690059
0.52500000000000002220446049250313080847,0.99899120461228421666280348682558316622,0.0,0.00084573509654202695246806404587923726679,0.00042520357035217490721423001170032479436
0.53000000000000002664535259100375697017,0.99900001514721343884209543504110315422,0.0,0.00083684009051565747039745535347682921236,0.00042072963582868486814881438575342529567
0.53500000000000003108624468950438313186,0.99900522221601140673081234692236140239,0.0,0.00082794492611166928935320478657998945932,0.00041625566125578603214065030150469735522
0.54000000000000003552713678800500929356,0.9990051768051949530480901958333480962,0.0,0.00081904960332583244703834793583921756026,0.00041178164663294063014696101440416139342
0.54500000000000003996802888650563545525,0.99900513139437849936536804474433479001,0.0,0.0008101541221539168305223441386341793513,0.00040730759195961088349696788701886558739
0.55000000000000004440892098500626161695,0.99900508598356204568264589365532148458,0.0,0.00080125848259169217623437113671135489729,0.00040283349723525900389167491819878618174
0.55500000000000004884981308350688777864,0.99900504057274559199992374256630817839,0.0,0.00079236268463492806995661937563846376252,0.00039835936245934719340365326645612052055
0.56000000000000005329070518200751394033,0.9990049951619291383172015914772948722,0.0,0.00078346672827939394681758594605334526845,0.00039388518763133764447682576755779150669
0.56499999999999994670929481799248605967,0.99900494975111268463548776306815967416,0.0,0.00077457061352085928882055551724627300827,0.00038941097275069263927422367614733674223
0.56999999999999995115018691649311222136,0.99900490434029623095276561197914636797,0.0,0.00076567434035509283469966155377448224301,0.00038493671781687415228677161757499171679
0.57499999999999995559107901499373838305,0.99900485892947977727004346089013306253,0.0,0.00075677790877786376511375119701063344437,0.00038046242282934444641823738373798869773
0.57999999999999996003197111349436454475,0.99900481351866332358732130980111975635,0.0,0.00074788131878494091250948036547292101759,0.00037598808778756567559579557960529363957
0.58499999999999996447286321199499070644,0.99900476810784686990459915871210645016,0.0,0.00073898457037209295864627595512949109222,0.00037151371269099998411689498855494556636
0.58999999999999996891375531049561686814,0.99900472269703041622187700762309314322,0.0,0.00073008766353508843458962763094519291674,0.00036703929753910950664904305524202180478
0.59499999999999997335464740899624302983,0.99900467728621396253915485653407983703,0.0,0.00072119059826969572070437926006648417991,0.00036256484233135636822959036267854532862
0.59999999999999997779553950749686919153,0.99900463187539750885643270544506653085,0.0,0.00071229337457168304664801998662215511804,0.00035809034706720268426551510352515285145
0.60499999999999998223643160599749535322,0.99900458646458105517371055435605322466,0.0,0.0007033959924368184913639749481175347949,0.00035361581174611056053320754559434231461
0.60999999999999998667732370449812151492,0.99900454105376460149098840326703991847,0.0,0.00069449845186086998307489563339984121301,0.00034914123636754209317825449156511838939
0.61499999999999999111821580299874767661,0.99900449564294814780826625217802661304,0.0,0.00068560075283960529927594988217233547149,0.00034466662093095936871522373290885463672
0.61999999999999999555910790149937383831,0.99900445023213169412554410108901330685,0.0,0.00067670289536879206672811152603493846347,0.00034019196543582446402744849802619091701
0.625,0.99900440482131524044282195000000000067,0.0,0.00066780487944419776145144967102896709184,0.00033571726988159944636681189459478467779
0.63000000000000000444089209850062616169,0.99900435941049878676009979891098669448,0.0,0.00065890670506158970871841762166364536674,0.00033124253426774637335353134612773472294
0.63500000000000000888178419700125232339,0.99900431399968233307737764782197338829,0.0,0.00065000837221673508304714144640204417931,0.00032676775859372729297594302274249606001
0.64000000000000001332267629550187848508,0.99900426858886587939465549673296008211,0.0,0.00064110988090540090819470818458410189883,0.00032229294285900424359028626614010441528
0.64500000000000001776356839400250464678,0.99900422317804942571193334564394677592,0.0,0.00063221123112335405715045369476437639385,0.00031781808706303925392048800879452899365
0.65000000000000002220446049250313080847,0.99900417776723297202921119455493346973,0.0,0.0006233124228663612521292501444421775052,0.0003133431912052943430579471873519720897
0.65500000000000002664535259100375697017,0.99900413235641651834648904346592016355,0.0,0.00061441345613018906456479314116172734246,0.00030886825528523152046131915023993408526
0.66000000000000003108624468950438313186,0.99900408694560006466376689237690685736,0.0,0.00060551433091060391510288850495999422409,0.00030439327930231278595630005948586243008
0.66500000000000003552713678800500929356,0.99900404153478361098104474128789355117,0.0,0.00059661504720337207359473868213984450901,0.00029991826325600012973541128674520314857
0.67000000000000003996802888650563545525,0.99900399612396715729832259019888024499,0.0,0.00058771560500425965909022880034615490497,0.00029544320714575553235778380353867342658
0.67500000000000004440892098500626161695,0.9990039507131507036156004391098669388,0.0,0.00057881600430903263983121236492252634242,0.00029096811097104096474894256569857383349
0.68000000000000004884981308350688777864,0.99900390530233424993287828802085363261,0.0,0.00056991624511345683324479659652623880031,0.00028649297473131838820059089202395870681
0.68500000000000005329070518200751394033,0.99900385989151779625015613693184032642,0.0,0.00056101632741329790593662740997908497741,0.00028201779842604975437039483714448324273
0.68999999999999994670929481799248605967,0.99900381448070134256844230852270512913,0.0,0.00055211625120432157130732442954941987606,0.00027754258205469710465197749857139030142
0.69499999999999995115018691649311222136,0.99900376906988488888572015743369182294,0.0,0.00054321601648229279905668341315787509767,0.00027306732561672217269475328176673791322
0.69999999999999995559107901499373838305,0.99900372365906843520299800634467851675,0.0,0.00053431562324297700090530338867759882649,0.00026859202911158698062230291634242827768
0.70499999999999996003197111349436454475,0.99900367824825198152027585525566521057,0.0,0.00052541507148213924010582766003493312179,0.00026411669253875344155398701305638719822
0.70999999999999996447286321199499070644,0.99900363283743552783755370416665190438,0.0,0.00051651436119554442905585773733029697268,0.00025964131589768345897405069594017552719
0.71499999999999996891375531049561686814,0.99900358742661907415483155307763859744,0.0,0.00050761349237895732929123616263459861087,0.00025516589918783892673140794041108530257
0.71999999999999997335464740899624302983,0.99900354201580262047210940198862529125,0.0,0.0004987124650281425514793289768649469636,0.00025069044240868172903942590559164213588
0.72499999999999997779553950749686919153,0.99900349660498616678938725089961198582,0.0,0.00048981127913886455541230782771728741043,0.00024621494555967374047570926083633233737
0.72999999999999998223643160599749535322,0.99900345119416971310666509981059867963,0.0,0.00048090993470688765000043171863358529777,0.00024173940864027682598188450646537324624
0.73499999999999998667732370449812151492,0.99900340578335325942394294872158537345,0.0,0.00047200843172797599326532839878117915525,0.00023726383164995284086338428870534523634
0.73999999999999999111821580299874767661,0.99900336037253680574122079763257206726,0.0,0.00046310677019789359233327539402192393667,0.00023278821458816363078923170883650387142
0.74499999999999999555910790149937383831,0.99900331496172035205849864654355876107,0.0,0.00045420495011240430342848067884874299239,0.00022831255745437103179182462654659064111
0.75,0.99900326955090389837577649545454545489,0.0,0.00044530297146727183186636298926720590853,0.00022383686024803687026671995749096074841
0.75500000000000000444089209850062616169,0.9990032241400874446930543443655321487,0.0,0.00043640083425825973204683177659974776319,0.00021936112296862296297241796505884637794
0.76000000000000000888178419700125232339,0.99900317872927099101033219327651884251,0.0,0.00042749853848113140744756680219014371553,0.0002148853456155911170301465463455738902
0.76500000000000001332267629550187848508,0.99900313331845453732761004218750553708,0.0,0.0004185960841316501106172973729858513026,0.00021040952818840312992364551233055335693
0.77000000000000001776356839400250464678,0.99900308790763808364488789109849223089,0.0,0.00040969347120557894316908121797583116697,0.000205933670686520789498950862260858881
0.77500000000000002220446049250313080847,0.9990030424968216299621657400094789247,0.0,0.00040079069969868085577358300546145538521,0.00020145777310940587396417905224021809517
0.78000000000000002664535259100375697017,0.99900299708600517627944358892046561852,0.0,0.00039188776960671864815235250113811096406,0.00019698183545652015188931125802322926691
0.78500000000000003108624468950438313186,0.99900295167518872259672143783145231158,0.0,0.00038298468092545496907110236696510444076,0.00019250585772732538220597763201462439912
0.79000000000000003552713678800500929356,0.99900290626437226891399928674243900539,0.0,0.00037408143365065231633298560080147199371,0.00018802983992128331420724155447339673473
0.79500000000000003996802888650563545525,0.99900286085355581523127713565342569921,0.0,0.00036517802777807303677187261678529780285,0.00018355378203785568754738387892161104866
0.80000000000000004440892098500626161695,0.99900281544273936154855498456441239302,0.0,0.00035627446330347932624562796643414186803,0.00017907768407650423224168717175771511247
0.80500000000000004884981308350688777864,0.99900277003192290786583283347539908758,0.0,0.00034737074022263322962938670044417682581,0.00017460154603669066866621994607417070554
0.81000000000000005329070518200751394033,0.9990027246211064541831106823863857814,0.0,0.00033846685853129664080883037116563180171,0.00017012536791787670755762088967922255507
0.81499999999999994670929481799248605967,0.99900267921029000050139685397725058335,0.0,0.00032956281822523150038463488402451363077,0.00016564914971952414940533820471869961777
0.81999999999999995115018691649311222136,0.99900263379947354681867470288823727716,0.0,0.00032065861930019900482457904376046549167,0.00016117289144109448688248331698410095794
0.82499999999999995559107901499373838305,0.99900258838865709313595255179922397097,0.0,0.00031175426175196079271328653572801529236,0.00015669659308204950119767591548664602282
0.82999999999999996003197111349436454475,0.99900254297784063945323040071021066479,0.0,0.00030284974557627815391137775639339000118,0.00015222025464185086452767755119201575405
0.83499999999999996447286321199499070644,0.99900249756702418577050824962119735935,0.0,0.00029394507076891222725639422561451524121,0.00014774387611996023940874100294623004882
0.83999999999999996891375531049561686814,0.99900245215620773208778609853218405241,0.0,0.00028504023732562400055607243270376946122,0.00014326745751583927873639447071842963855
0.84499999999999997335464740899624302983,0.99900240674539127840506394744317074623,0.0,0.00027613524524217431058161732301018628686,0.00013879099882894962576522576304652430267
0.84999999999999997779553950749686919153,0.99900236133457482472234179635415744004,0.0,0.0002672300945143238430609754249986903067,0.000134314500058752914108666478685525733
0.85499999999999998223643160599749535322,0.99900231592375837103961964526514413385,0.0,0.00025832478513783313267210761780394985734,0.00012983796120471076773877618245838336452
0.85999999999999998667732370449812151492,0.99900227051294191735689749417613082767,0.0,0.00024941931710846256303626153923642886094,0.00012536138226628480098602657530914147361
0.86499999999999999111821580299874767661,0.99900222510212546367417534308711752148,0.0,0.00024051369042197236671124363421821811698,0.00012088476324293661853908565855823584783
0.86999999999999999555910790149937383831,0.99900217969130900999145319199810421529,0.0,0.00023160790507412262518469084362622487457,0.0001164081041341278154446018923597483137
0.875,0.99900213428049255630873104090909090986,0.0,0.00022270196106067326886734193352029790699,0.00011193140493931997710698834836043741847
0.88000000000000000444089209850062616169,0.99900208886967610262600888982007760367,0.0,0.00021379585837738407708630846473386371103,0.00010745466565797467928820685656036353215
0.88500000000000000888178419700125232339,0.99900204345885964894328673873106429749,0.0,0.00020488959702001467807834540280464786458,0.00010297788628955348810755214637492665611
0.89000000000000001332267629550187848508,0.9990019980480431952605645876420509913,0.0,0.00019598317698432454898312136822305396086,9.8501066833517960041435981898135193745e-05
0.89500000000000001776356839400250464678,0.99900195263722674157784243655303768511,0.0,0.00018707659826607301583648852697577096958,9.4024207289329641923171291366923953391e-05
0.90000000000000002220446049250313080847,0.99900190722641028789512028546402437892,0.0,0.0001781698608610192535637521213621782283,8.9547307656450070942756290826339627601e-05
0.90500000000000002664535259100375697017,0.99900186181559383421239813437501107274,0.0,0.00016926296476492228597293964106111572766,8.5070367934340774646658601995412002651e-05
0.91000000000000003108624468950438313186,0.9990018164047773805296759832859977658,0.0,0.00016035590997354098574806963442558570032,8.0593388122463270937599364333529136765e-05
0.91500000000000003552713678800500929356,0.99900177099396092684695383219698446036,0.0,0.00015144869648263407444242015998294996735,7.6116368220279068074337341307134738077e-05
0.92000000000000003996802888650563545525,0.99900172558314447316423168110797115418,0.0,0.00014254132428796012247179687811818586822,7.1639308227249664671453020856565977303e-05
0.92500000000000004440892098500626161695,0.99900168017232801948150953001895784799,0.0,0.00013363379338527754910780078291776201898,6.7162208142836549699132710062849945473e-05
0.93000000000000004884981308350688777864,0.9990016347615115657987873789299445418,0.0,0.00012472610377034462247109557415169353193,6.2685067966501202482952624014276982853e-05
0.93500000000000005329070518200751394033,0.99900158935069511211606522784093123562,0.0,0.00011581825543891945952467466937133473873,5.8207887697705092703662968872569077762e-05
0.93999999999999994670929481799248605967,0.99900154393987865843435139943179603757,0.0,0.00010691024838676022386638069824863118763,5.3730667335909779811679784550748942577e-05
0.94499999999999995115018691649311222136,0.99900149852906220475162924834278273213,0.0,9.8002082609624334528684875813119616886e-05,4.9253406880576515368928215885219161958e-05
0.94999999999999995559107901499373838305,0.99900145311824575106890709725376942595,0.0,8.9093758103269652756896733148552675295e-05,4.4776106331166839534202398662627369293e-05
0.95499999999999996003197111349436454475,0.99900140770742929738618494616475611976,0.0,8.0185274863453690815991481442117726418e-05,4.0298765687142183406789217985858710331e-05
0.95999999999999996447286321199499070644,0.99900136229661284370346279507574281357,0.0,7.127663288593380977960371110178707485e-05,3.5821384947963968440069878349634910396e-05
0.96499999999999996891375531049561686814,0.99900131688579639002074064398672950739,0.0,6.2367832166467219523292244077164953242e-05,3.1343964113093606441303951900435119523e-05
0.96999999999999997335464740899624302983,0.99900127147497993633801849289771620045,0.0,5.3458872700810978717804626138933495492e-05,2.6866503181992499571413420894739102729e-05
0.97499999999999997779553950749686919153,0.99900122606416348265529634180870289426,0.0,4.4549754484721994822341259094442934846e-05,2.2389002154122040344766714355410935771e-05
0.97999999999999998223643160599749535322,0.99900118065334702897257419071968958807,0.0,3.5640477513957024077819172916989666003e-05,1.7911461028943611628962738926041351977e-05
0.98499999999999998667732370449812151492,0.99900113524253057528985203963067628264,0.0,2.6731041784272671500135437766324210478e-05,1.3433879805918586644614903923066884815e-05
0.98999999999999999111821580299874767661,0.99900108983171412160712988854166297645,0.0,1.7821447291425390873430215877929521596e-05,8.9562584845083289651351405854839418165e-06
0.99499999999999999555910790149937383831,0.99900104442089766792440773745264967027,0.0,8.9116940311714847433494532986084685709e-06,4.4785970641741925165179155219759406822e-06
1.0,0.99900099901008121424168558636363636408,0.0,1.7819992671044103072114459177335748318e-09,8.9554437752157712423835527162968111186e-10
