value,sup,dur,Y,S
0.0,1.7540403054292277681962813803198027085e-59,110.0,0.99602298785730320381337349870016257717,0.2812734224122305823185318363680959303
0.0050000000000000001040834085586084256647,7.6329664103677739401605653348644789595e-59,109.0,0.99605830589912812908728009627726580102,0.275423778791645886218437715821010854
0.010000000000000000208166817117216851329,3.5402202832773763113822295763783138747e-58,108.0,0.99608547830263100926724981383817269475,0.26949632711198441009252919005468213682
0.014999999999999999444888487687421729788,1.759424126471493905444862369029034235e-57,107.0,0.99610362587725280233422572972351218657,0.26350243100411218759528660520169954682
0.020000000000000000416333634234433702659,9.4257028847992549137593471519888228354e-57,106.0,0.99611179870005267029300184132862672636,0.25744585203591502797608194917479056266
0.02500000000000000138777878078144567553,5.4799443975896574397911945587143969796e-56,105.0,0.99610896832827369775015569652264688746,0.25132249465461883180526581464746561737
0.029999999999999998889776975374843459576,3.4836415670645718547479787988924520078e-55,104.0,0.99609401596708555882975167027855644202,0.24512020978764334430403641208015185357
0.035000000000000003330669073875469621271,2.4421406876936896232857506880098677947e-54,103.0,0.99606571559870010781721589606628637576,0.23881867809734784527647612408853908004
0.040000000000000000832667268468867405318,1.9060781616432443294047590432801265571e-53,101.0,0.99602297409838931998453466616934156401,0.23238940499688708539452235874548087196
0.044999999999999998334665463062265189365,1.6743022796966629062517325251534515151e-52,100.0,0.99596405012438156144739228546834247906,0.22600830704840183624094753866319952094
0.050000000000000002775557561562891351059,1.6755636937937765705754337394518147773e-51,99.0,0.99588719963488165629630977055584006197,0.21946059797353496212991296608248211754
0.055000000000000000277555756156289135106,1.937104148327795239024638921471769389e-50,97.0,0.99579042181497364176025584146201714818,0.21286932030751679898569582009054178456
0.059999999999999997779553950749686919153,2.6283429013783940828899415754518877568e-49,96.0,0.99567137547672459280074416462354460759,0.20612344682735800010834022852772671637
0.065000000000000002220446049250313080847,4.2619473362856918103341434115064001547e-48,94.0,0.99552727664978273961951910146662798766,0.19936748970743924831522626181079033008
0.070000000000000006661338147750939242542,8.4325463400434296151036569960758361391e-47,92.0,0.99535475640790644330957458645119218851,0.19250629438767706422917163281578183817
0.074999999999999997224442438437108648941,2.0852121215609699250403490469021863136e-45,90.0,0.99514965797541096711209273165090458871,0.18553384218960965848998128841315884878
0.080000000000000001665334536937734810635,6.6261392024102330103081824313615126849e-44,88.0,0.9949067377209919833875391096292874681,0.17849209478996731140478509901088945162
0.08500000000000000610622663543836097233,2.7949090083207800830018344915784405858e-42,86.0,0.99461959440045885502608675403890297226,0.17136344677160712505343932173431953236
0.089999999999999996669330926124530378729,1.6254299703624064679413654035687233842e-40,83.0,0.99428055949231778231024191893218061991,0.16412617666851407065592112913012394389
0.095000000000000001110223024625156540424,1.3629843171636444777104032371125976918e-38,80.0,0.99387958159528159710950956311795108462,0.15679019978640122448478329691095246419
0.10000000000000000555111512312578270212,1.7374327035918659698519574679353422447e-36,77.0,0.9934039972792638924659490002822228034,0.14935386463216702310460285677353647184
0.10499999999999999611421941381195210852,3.5844026842105249992236991205266518849e-34,73.0,0.99283702864052838731437419555981192959,0.14181920759732587599539476183022019489
0.11000000000000000055511151231257827021,1.2884175641205778107525106032931475957e-31,69.0,0.99215740495479878312888731860187709546,0.13418179389281192399730438009035654608
0.11500000000000000499600361081320443191,8.7874454196202899419503773596801947753e-29,65.0,0.99130946774209152283892198726249341137,0.12642223202264639948412755989142045767
0.11999999999999999555910790149937383831,1.2487199884662161355363267592154244519e-25,60.0,0.99010175941664892895779204042511594252,0.11857888715051059024945535385647411704
0.125,4.039743986958233764636162888935603437e-22,54.0,0.98824804013551535901704825866817997252,0.11061150667621151861584466594269948935
0.13000000000000000444089209850062616169,3.1126098833628129788526740880440493287e-18,47.0,0.98517862146887000874515359769529289145,0.10252641408027445514495533868531774344
0.13500000000000000888178419700125232339,5.1908729572073653198474597625859815229e-14,39.0,0.97969244085026842198972587019808212053,0.094321618415064756772606021315389671669
0.14000000000000001332267629550187848508,1.1970150095249506797826339923256831106e-09,29.0,0.96919529122439088191416541314675549723,0.085985204370549463412400571608938371554
0.14499999999999999000799277837359113619,1.193181184742699985865131455100722529e-05,17.0,0.94821551917526594561399494740230572992,0.077513869558801242523000734435440588636
0.14999999999999999444888487687421729788,0.0059464241965684513126209222100782568225,2.0,0.90634185248255434377654467059674312129,0.068610859255207270907923271805792908157
0.15499999999999999888977697537484345958,0.071949924877252355889742079083275318621,0.0,0.8277935127829486686346861060523315377,0.054703251303485992420796636966731935842
0.16000000000000000333066907387546962127,0.21429531583465765041236222497818319838,0.0,0.69886842526729727420071861485984321259,0.037512721865957639110837584831511589613
0.16500000000000000777156117237609578297,0.40772226028202185896998804323569564138,0.0,0.52719912305825011385468518336369517123,0.021923133751082394039972086722895574549
0.17000000000000001221245327087672194466,0.60525644758977189526784071626655203476,0.0,0.35129615321055574524981379062806234644,0.011114691408253834250872224033607306012
0.17499999999999998889776975374843459576,0.76119246021250152633946418798242024883,0.0,0.21202279868403149731144094988455632896,0.005085186020301310071128385767417542621
0.17999999999999999333866185224906075746,0.86256410279323501047077684944420789402,0.0,0.12153372291754221099533910569405733241,0.0021834804969735400669680385053369609047
0.18499999999999999777955395074968691915,0.92125540302663391747004576282623437689,0.0,0.069312437522209534985674830130584401378,0.00090410551553882755030453061949879541456
0.19000000000000000222044604925031308085,0.95348589609024763506956868294404955982,0.0,0.04077596839015660692335177792897172554,0.00072486597903981400576886252451597887406
0.19500000000000000666133814775093924254,0.96771299072196810535409354979427723669,0.0,0.02829861728096942859072435189466157974,0.00072039472660217973446230640745142897881
0.20000000000000001110223024625156540424,0.97477797965275551093046008627892625101,0.0,0.022104848608463275823793265403230668641,0.00071592343415114527077480722980201710928
0.20499999999999998778754672912327805534,0.97916419322981211358069984960868495917,0.0,0.018260026267211109306840891305570224711,0.00071145210168617351507016785625449727961
0.20999999999999999222843882762390421703,0.98219984119807949531478683082949482632,0.0,0.015599311554498383070027303634529068896,0.00070698072920672728363585777211952368291
0.21499999999999999666933092612453037873,0.98444391639465193092421589516751466025,0.0,0.013632643862187506646748771744682806313,0.00070250931671226945760808559628370458559
0.22000000000000000111022302462515654042,0.98617860115050997581355484016701341945,0.0,0.012112064889172953456222897909910601399,0.00069803786420226288368828105002977402458
0.22500000000000000555111512312578270212,0.98756521574651917049296874874434233859,0.0,0.010896916021005825301483908966660230417,0.00069356637167617039896365006728825867207
0.23000000000000000999200722162640886381,0.98870144473530540268436250803876737243,0.0,0.0099010683097393435824306114891946774534,0.00068909483913345483090695969376942748211
0.23499999999999998667732370449812151492,0.98965168818434378109779627351330320572,0.0,0.0090684781570389562003362595014906590135,0.00068462326657357902219864811252697807076
0.23999999999999999111821580299874767661,0.99045800870323690006369672592142142342,0.0,0.0083617103378966638708911026976846112447,0.00068015165399600573143753114704932669618
0.24499999999999999555910790149937383831,0.99115260889229878029878600134765680665,0.0,0.0077530109368527989625469657079940062831,0.00067568000140019778207387150627886510166
0.25,0.99175775068056407743651335985601913495,0.0,0.0072225282309103940605445752237762465598,0.0006712083087856179631205295588613220106
0.25500000000000000444089209850062616169,0.99228866257280204152904228532768935986,0.0,0.0067572947883096337590616952956298494228,0.00066673657615172905397485119425303943022
0.26000000000000000888178419700125232339,0.99276018842287452177080513531949416,0.0,0.0063438803490052976158876647686330151873,0.00066226480349799382441845268720010512686
0.26500000000000001332267629550187848508,0.99318157913970424695589485561339927877,0.0,0.0059750125148997109852023763025042343595,0.00065779299082387503461700555644138232731
0.27000000000000001776356839400250464678,0.99355952874524571785382081187243622406,0.0,0.0056437474153589442057080900792890450133,0.00065332113812883543512002141763525582952
0.27500000000000002220446049250313080847,0.99390145936396389256231734214237620775,0.0,0.0053440943263065440782695100708805966003,0.00064884924541233776686063683050991348239
0.28000000000000002664535259100375697017,0.9942124279813754595846473446053914116,0.0,0.0050716248128068029614519432850123306917,0.00064437731267384476115539814023698216455
0.28499999999999997557509345824655611068,0.99449561987351061691823950841771447351,0.0,0.0048229769295842385512825712041138030694,0.00063990533991281918935313973257449618169
0.28999999999999998001598555674718227237,0.99475523918642435569919664583314076487,0.0,0.0045955759049977006482172947092929301647,0.00063543332712872366423883953382187877783
0.29499999999999998445687765524780843407,0.99499451074019858185476991576572590008,0.0,0.0043860430325997935655912163279595927617,0.00063096127432102093792663131314531854067
0.29999999999999998889776975374843459576,0.99521620785804518583381549408710640404,0.0,0.0041919491427327637745776386029621506831,0.00062648918148917370326454885568742123581
0.30499999999999999333866185224906075746,0.99542013190455007931115004463038555306,0.0,0.0040128810283637470894096354606248619374,0.0006220170486326446434829598522463952925
0.30999999999999999777955395074968691915,0.99561047989481622403270842152508065726,0.0,0.003846298741814422060421870330812963891,0.00061754487575089643219435070598601450121
0.31500000000000000222044604925031308085,0.99578771405970320057183829901683158518,0.0,0.0036906740999644791553171244741198606173,0.0006130726628433917333931113333676684196
0.32000000000000000666133814775093924254,0.99595305164138761178670858135217580123,0.0,0.0035460411634464247158319692373033270822,0.00060860040990959320145531995930431950674
0.32500000000000001110223024625156540424,0.99610818433866438495193066657141661095,0.0,0.0034098227761267845135060597599880073477,0.00060412811694896348113852790653618594505
0.33000000000000001554312234475219156593,0.99625347181139446225309841070135635888,0.0,0.0032827896371259503385884359912359191684,0.00059965578396096520758154437922796918455
0.33500000000000001998401444325281772763,0.99639010309205964019808764427248822368,0.0,0.0031628103263636243087534154719210914895,0.00059518341094506100630422124078744519964
0.34000000000000002442490654175344388932,0.99651929662372997892198677327693098181,0.0,0.0030499111602017448082288191120680247317,0.00059071099790071349320723778590523837338
0.34499999999999997335464740899624302983,0.99664027189355102531942148951390103428,0.0,0.0029436676586570726237826025473959757702,0.00058623854482738532422631149992981305313
0.34999999999999997779553950749686919153,0.9967556936864999922861009304970661806,0.0,0.002842323186904075685551432931168377631,0.00058176605172453899671472326680212049088
0.35499999999999998223643160599749535322,0.99686418196579960182126349985423044131,0.0,0.0027475790477578921204574394752984638762,0.00057729351859163714736832482867992229499
0.35999999999999998667732370449812151492,0.99696712832282969837590575259024492632,0.0,0.0026571721376400840012291176312226063925,0.00057282094542814235360895281020039998414
0.36499999999999999111821580299874767661,0.99706567775251685879605231574039028271,0.0,0.0025706448684562885157860419622491347013,0.00056834833223351718323819504079385709289
0.36999999999999999555910790149937383831,0.99715847064097697642909130202496694049,0.0,0.0024896658844962337006446372415493676022,0.00056387567900722419443717529204678738573
0.375,0.99724690170774256173212082029904917865,0.0,0.0024120025868572559527281852357078307963,0.0005594029857487259357663380092848584173
0.38000000000000000444089209850062616169,0.99733182157451354560587833176611369193,0.0,0.0023374387259531607170846314100639693052,0.0005549302524574849461652330373756294017
0.38500000000000000888178419700125232339,0.99741271663270445981441891425563328128,0.0,0.0022669009996389948953281578273398678591,0.0005504574791329637549523003407508222794
0.39000000000000001332267629550187848508,0.9974892803719690451771077184004540743,0.0,0.0021996503674698865566506603376457254949,0.00054598466577462488182465471764796492867
0.39500000000000001776356839400250464678,0.99756302252270323859337151014984517369,0.0,0.002134892150090828268993957898388702117,0.00054151181238193083685787050857122540619
0.40000000000000002220446049250313080847,0.99763406655906162908122284764750578096,0.0,0.002072516338536213405874694613692926512,0.00053703891895434412050576629897125613302
0.40500000000000002664535259100375697017,0.99770171496084082973241779283413783485,0.0,0.0020135755338649890347719939465543024068,0.00053256598549132722360018961614386691792
0.40999999999999997557509345824655611068,0.99776614782320358362166411466741990263,0.0,0.0019569779645050848148004780035598515486,0.0005280930119923426770110055377107924027
0.41499999999999998001598555674718227237,0.99782839651891465633032999291883559065,0.0,0.0019023109770368794044259692601870596889,0.00052361999845685285300551020498490421733
0.41999999999999998445687765524780843407,0.99788854859963729369971968926760463423,0.0,0.0018494964250003783273566653112586910914,0.00051914694488432026320810552022325382492
0.42499999999999998889776975374843459576,0.99794662942004841229652273570213947162,0.0,0.0017989308576845814735988382753056250817,0.00051467385127420735996060163145935551084
0.42999999999999999333866185224906075746,0.99800141222899635035339627755874672405,0.0,0.0017508010736891519805721509217050442006,0.00051020071762597658598176102634133960754
0.43499999999999999777955395074968691915,0.99805449119300658810091484671319495643,0.0,0.0017041789772703242952913413493254047476,0.00050572754393909037436708319433979502679
0.44000000000000000222044604925031308085,0.99810592834315453291703704324779254347,0.0,0.0016590090456450280240055004987955747229,0.00050125433021301114858858928317317272786
0.44500000000000000666133814775093924254,0.99815578344464521305441303829021637252,0.0,0.0016152378154573042175766794614002528592,0.00049678107644720132249460674945056897159
0.45000000000000001110223024625156540424,0.99820411407205196294181712805811532938,0.0,0.0015731092432478176887944053230564307298,0.00049230778264112330030955400353170717097
0.45500000000000001554312234475219156593,0.99824979865793743662489672137875143852,0.0,0.0015330279747260119086175311973703053397,0.00048783444879423947663372504860393722285
0.46000000000000001998401444325281772763,0.99829412462251744277927424551195862092,0.0,0.0014940895869746568892773454951358065047,0.00048336107490601223644307411397607109049
0.46500000000000002442490654175344388932,0.99833720288428823578463236977934892264,0.0,0.0014562562153664249875482018167200410801,0.00047888766097590395508900028258887349534
0.46999999999999997335464740899624302983,0.99837907424377708685415596320748805241,0.0,0.0014194912289257960256959313000465537774,0.00047441420700337704796367039381053035126
0.47499999999999997779553950749686919153,0.99841977819121297036989507346922687924,0.0,0.0013837591951011837680644158537536210432,0.00046994071298789377183809510421124735849
0.47999999999999998223643160599749535322,0.99845916703585037355539040209415638487,0.0,0.0013494214020110737398231670279835339554,0.00046546717892891652285380948278677856187
0.48499999999999998667732370449812151492,0.99849658238329869288280324863795318993,0.0,0.0013165420825986743371542676044011551983,0.00046099360482590763786183818643747364576
0.48999999999999999111821580299874767661,0.99853304480141021192769852309818413073,0.0,0.0012845086859700701649018991455031433786,0.000456519990678329444087573776491573117
0.49499999999999999555910790149937383831,0.99856858180504387726930819374220451452,0.0,0.0012532963629196974426522185431590261387,0.00045204633648564425913056131151182440433
0.5,0.99860322016020748885637392833353618876,0.0,0.0012228809565889218965303505266067403354,0.00044757264224731439096428293431748458386
0.50500000000000000444089209850062616169,0.99863698590068266382085002309592157105,0.0,0.0011932389866271604395427770708602379481,0.00044309890796280213793594245322152853683
0.51000000000000000888178419700125232339,0.99866990434440794190471750608279256147,0.0,0.0011643476335941359968905529119648759971,0.0004386251336315697887662499174828812709
0.51500000000000001332267629550187848508,0.99870124046248308462970089539291734505,0.0,0.0011368529698551513170043801546855285579,0.00043415131925307962254920618697349316558
0.52000000000000001776356839400250464678,0.99873162406471764810047249883686966134,0.0,0.001110149135043377011015955052907046706,0.00042967746482679390875188749606007690059
0.52500000000000002220446049250313080847,0.99876131823199489781291437546043462041,0.0,0.0010840591472743612245755551522744037431,0.00042520357035217490721423001170032479436
0.53000000000000002664535259100375697017,0.99879034014388942525106481534024242223,0.0,0.0010585673606884947742848362177246841097,0.00042072963582868486814881438575342529567
0.53500000000000003108624468950438313186,0.99881870660101152460481877268366206864,0.0,0.0010336584854174695932209330939509106853,0.00041625566125578603214065030150469735522
0.54000000000000003552713678800500929356,0.99884643403101336286920189022235510548,0.0,0.0010093175817047996342157422426758745752,0.00041178164663294063014696101440416139342
0.54500000000000003996802888650563545525,0.99887344140073826222728518890744777892,0.0,0.00098553005406979592996831388629122061516,0.00040730759195961088349696788701886558739
0.55000000000000004440892098500626161695,0.99889897901900403201942039398801226081,0.0,0.00096278997860305490991565196832217707823,0.00040283349723525900389167491819878618174
0.55500000000000004884981308350688777864,0.99892400778184126232369830873297101347,0.0,0.00094077703795914745311193377878760657364,0.00039835936245934719340365326645612052055
0.56000000000000005329070518200751394033,0.99894853809251158813989990318276780775,0.0,0.00091921064601728098203029087812038971606,0.00039388518763133764447682576755779150669
0.56499999999999994670929481799248605967,0.99897258018845508230749789881188032178,0.0,0.00089808133452248727840829937317205402067,0.00038941097275069263927422367614733674223
0.56999999999999995115018691649311222136,0.99899614414264622856128378706208919105,0.0,0.00087737979410015686574583125946662399185,0.00038493671781687415228677161757499171679
0.57499999999999995559107901499373838305,0.99900485892947977727004346089013306253,0.0,0.00085709687284864467503746658138068508968,0.00038046242282934444641823738373798869773
0.57999999999999996003197111349436454475,0.99900481351866332358732130980111975635,0.0,0.00083722357492772641005653718882284791103,0.00037598808778756567559579557960529363957
0.58499999999999996447286321199499070644,0.99900476810784686990459915871210645016,0.0,0.00081822521125792976944657949560442026954,0.00037151371269099998411689498855494556636
0.58999999999999996891375531049561686814,0.99900472269703041622187700762309314322,0.0,0.00079989983453052199712113158777291763457,0.00036703929753910950664904305524202180478
0.59499999999999997335464740899624302983,0.99900467728621396253915485653407983703,0.0,0.00078189320779514380388608705077757067012,0.00036256484233135636822959036267854532862
0.59999999999999997779553950749686919153,0.99900463187539750885643270544506653085,0.0,0.00076420020009180747572519313779189254912,0.00035809034706720268426551510352515285145
0.60499999999999998223643160599749535322,0.99900458646458105517371055435605322466,0.0,0.00074681572869562345918518178496972063001,0.00035361581174611056053320754559434231461
0.60999999999999998667732370449812151492,0.99900454105376460149098840326703991847,0.0,0.00072973475915735744081113804843979815074,0.00034914123636754209317825449156511838939
0.61499999999999999111821580299874767661,0.99900449564294814780826625217802661304,0.0,0.00071368748904760571613650066998227230381,0.00034466662093095936871522373290885463672
0.61999999999999999555910790149937383831,0.99900445023213169412554410108901330685,0.0,0.00069819642638582729703819420798132248397,0.00034019196543582446402744849802619091701
0.625,0.99900440482131524044282195000000000067,0.0,0.00068291922390451782622792488770449670719,0.00033571726988159944636681189459478467779
0.63000000000000000444089209850062616169,0.99900435941049878676009979891098669448,0.0,0.00066785388459786055597552480433443861118,0.00033124253426774637335353134612773472294
0.63500000000000000888178419700125232339,0.99900431399968233307737764782197338829,0.0,0.00065456472019197296760298655400814171944,0.00032676775859372729297594302274249606001
0.64000000000000001332267629550187848508,0.99900426858886587939465549673296008211,0.0,0.00064166604726104029877083164400827803946,0.00032229294285900424359028626614010441528
0.64500000000000001776356839400250464678,0.99900422317804942571193334564394677592,0.0,0.00063221123112335405715045369476437639385,0.00031781808706303925392048800879452899365
0.65000000000000002220446049250313080847,0.99900417776723297202921119455493346973,0.0,0.0006233124228663612521292501444421775052,0.0003133431912052943430579471873519720897
0.65500000000000002664535259100375697017,0.99900413235641651834648904346592016355,0.0,0.00061441345613018906456479314116172734246,0.00030886825528523152046131915023993408526
0.66000000000000003108624468950438313186,0.99900408694560006466376689237690685736,0.0,0.00060551433091060391510288850495999422409,0.00030439327930231278595630005948586243008
0.66500000000000003552713678800500929356,0.99900404153478361098104474128789355117,0.0,0.00059661504720337207359473868213984450901,0.00029991826325600012973541128674520314857
0.67000000000000003996802888650563545525,0.99900399612396715729832259019888024499,0.0,0.00058771560500425965909022880034615490497,0.00029544320714575553235778380353867342658
0.67500000000000004440892098500626161695,0.9990039507131507036156004391098669388,0.0,0.00057881600430903263983121236492252634242,0.00029096811097104096474894256569857383349
0.68000000000000004884981308350688777864,0.99900390530233424993287828802085363261,0.0,0.00056991624511345683324479659652623880031,0.00028649297473131838820059089202395870681
0.68500000000000005329070518200751394033,0.99900385989151779625015613693184032642,0.0,0.00056101632741329790593662740997908497741,0.00028201779842604975437039483714448324273
0.68999999999999994670929481799248605967,0.99900381448070134256844230852270512913,0.0,0.00055211625120432157130732442954941987606,0.00027754258205469710465197749857139030142
0.69499999999999995115018691649311222136,0.99900376906988488888572015743369182294,0.0,0.00054321601648229279905668341315787509767,0.00027306732561672217269475328176673791322
0.69999999999999995559107901499373838305,0.99900372365906843520299800634467851675,0.0,0.00053431562324297700090530338867759882649,0.00026859202911158698062230291634242827768
0.70499999999999996003197111349436454475,0.99900367824825198152027585525566521057,0.0,0.00052541507148213924010582766003493312179,0.00026411669253875344155398701305638719822
0.70999999999999996447286321199499070644,0.99900363283743552783755370416665190438,0.0,0.00051651436119554442905585773733029697268,0.00025964131589768345897405069594017552719
0.71499999999999996891375531049561686814,0.99900358742661907415483155307763859744,0.0,0.00050761349237895732929123616263459861087,0.00025516589918783892673140794041108530257
0.71999999999999997335464740899624302983,0.99900354201580262047210940198862529125,0.0,0.0004987124650281425514793289768649469636,0.00025069044240868172903942590559164213588
0.72499999999999997779553950749686919153,0.99900349660498616678938725089961198582,0.0,0.00048981127913886455541230782771728741043,0.00024621494555967374047570926083633233737
0.72999999999999998223643160599749535322,0.99900345119416971310666509981059867963,0.0,0.00048090993470688765000043171863358529777,0.00024173940864027682598188450646537324624
0.73499999999999998667732370449812151492,0.99900340578335325942394294872158537345,0.0,0.00047200843172797599326532839878117915525,0.00023726383164995284086338428870534523634
0.73999999999999999111821580299874767661,0.99900336037253680574122079763257206726,0.0,0.00046310677019789359233327539402192393667,0.00023278821458816363078923170883650387142
0.74499999999999999555910790149937383831,0.99900331496172035205849864654355876107,0.0,0.00045420495011240430342848067884874299239,0.00022831255745437103179182462654659064111
0.75,0.99900326955090389837577649545454545489,0.0,0.00044530297146727183186636298926720590853,0.00022383686024803687026671995749096074841
0.75500000000000000444089209850062616169,0.9990032241400874446930543443655321487,0.0,0.00043640083425825973204683177659974776319,0.00021936112296862296297241796505884637794
0.76000000000000000888178419700125232339,0.99900317872927099101033219327651884251,0.0,0.00042749853848113140744756680219014371553,0.0002148853456155911170301465463455738902
0.76500000000000001332267629550187848508,0.99900313331845453732761004218750553708,0.0,0.0004185960841316501106172973729858513026,0.00021040952818840312992364551233055335693
0.77000000000000001776356839400250464678,0.99900308790763808364488789109849223089,0.0,0.00040969347120557894316908121797583116697,0.000205933670686520789498950862260858881
0.77500000000000002220446049250313080847,0.9990030424968216299621657400094789247,0.0,0.00040079069969868085577358300546145538521,0.00020145777310940587396417905224021809517
0.78000000000000002664535259100375697017,0.99900299708600517627944358892046561852,0.0,0.00039188776960671864815235250113811096406,0.00019698183545652015188931125802322926691
0.78500000000000003108624468950438313186,0.99900295167518872259672143783145231158,0.0,0.00038298468092545496907110236696510444076,0.00019250585772732538220597763201462439912
0.79000000000000003552713678800500929356,0.99900290626437226891399928674243900539,0.0,0.00037408143365065231633298560080147199371,0.00018802983992128331420724155447339673473
0.79500000000000003996802888650563545525,0.99900286085355581523127713565342569921,0.0,0.00036517802777807303677187261678529780285,0.00018355378203785568754738387892161104866
0.80000000000000004440892098500626161695,0.99900281544273936154855498456441239302,0.0,0.00035627446330347932624562796643414186803,0.00017907768407650423224168717175771511247
0.80500000000000004884981308350688777864,0.99900277003192290786583283347539908758,0.0,0.00034737074022263322962938670044417682581,0.00017460154603669066866621994607417070554
0.81000000000000005329070518200751394033,0.9990027246211064541831106823863857814,0.0,0.00033846685853129664080883037116563180171,0.00017012536791787670755762088967922255507
0.81499999999999994670929481799248605967,0.99900267921029000050139685397725058335,0.0,0.00032956281822523150038463488402451363077,0.00016564914971952414940533820471869961777
0.81999999999999995115018691649311222136,0.99900263379947354681867470288823727716,0.0,0.00032065861930019900482457904376046549167,0.00016117289144109448688248331698410095794
0.82499999999999995559107901499373838305,0.99900258838865709313595255179922397097,0.0,0.00031175426175196079271328653572801529236,0.00015669659308204950119767591548664602282
0.82999999999999996003197111349436454475,0.99900254297784063945323040071021066479,0.0,0.00030284974557627815391137775639339000118,0.00015222025464185086452767755119201575405
0.83499999999999996447286321199499070644,0.99900249756702418577050824962119735935,0.0,0.00029394507076891222725639422561451524121,0.00014774387611996023940874100294623004882
0.83999999999999996891375531049561686814,0.99900245215620773208778609853218405241,0.0,0.00028504023732562400055607243270376946122,0.00014326745751583927873639447071842963855
0.84499999999999997335464740899624302983,0.99900240674539127840506394744317074623,0.0,0.00027613524524217431058161732301018628686,0.00013879099882894962576522576304652430267
0.84999999999999997779553950749686919153,0.99900236133457482472234179635415744004,0.0,0.0002672300945143238430609754249986903067,0.000134314500058752914108666478685525733
0.85499999999999998223643160599749535322,0.99900231592375837103961964526514413385,0.0,0.00025832478513783313267210761780394985734,0.00012983796120471076773877618245838336452
0.85999999999999998667732370449812151492,0.99900227051294191735689749417613082767,0.0,0.00024941931710846256303626153923642886094,0.00012536138226628480098602657530914147361
0.86499999999999999111821580299874767661,0.99900222510212546367417534308711752148,0.0,0.00024051369042197236671124363421821811698,0.00012088476324293661853908565855823584783
0.86999999999999999555910790149937383831,0.99900217969130900999145319199810421529,0.0,0.00023160790507412262518469084362622487457,0.0001164081041341278154446018923597483137
0.875,0.99900213428049255630873104090909090986,0.0,0.00022270196106067326886734193352029790699,0.00011193140493931997710698834836043741847
0.88000000000000000444089209850062616169,0.99900208886967610262600888982007760367,0.0,0.00021379585837738407708630846473386371103,0.00010745466565797467928820685656036353215
0.88500000000000000888178419700125232339,0.99900204345885964894328673873106429749,0.0,0.00020488959702001467807834540280464786458,0.00010297788628955348810755214637492665611
0.89000000000000001332267629550187848508,0.9990019980480431952605645876420509913,0.0,0.00019598317698432454898312136822305396086,9.8501066833517960041435981898135193745e-05
0.89500000000000001776356839400250464678,0.99900195263722674157784243655303768511,0.0,0.00018707659826607301583648852697577096958,9.4024207289329641923171291366923953391e-05
0.90000000000000002220446049250313080847,0.99900190722641028789512028546402437892,0.0,0.0001781698608610192535637521213621782283,8.9547307656450070942756290826339627601e-05
0.90500000000000002664535259100375697017,0.99900186181559383421239813437501107274,0.0,0.00016926296476492228597293964106111572766,8.5070367934340774646658601995412002651e-05
0.91000000000000003108624468950438313186,0.9990018164047773805296759832859977658,0.0,0.00016035590997354098574806963442558570032,8.0593388122463270937599364333529136765e-05
0.91500000000000003552713678800500929356,0.99900177099396092684695383219698446036,0.0,0.00015144869648263407444242015998294996735,7.6116368220279068074337341307134738077e-05
0.92000000000000003996802888650563545525,0.99900172558314447316423168110797115418,0.0,0.00014254132428796012247179687811818586822,7.1639308227249664671453020856565977303e-05
0.92500000000000004440892098500626161695,0.99900168017232801948150953001895784799,0.0,0.00013363379338527754910780078291776201898,6.7162208142836549699132710062849945473e-05
0.93000000000000004884981308350688777864,0.9990016347615115657987873789299445418,0.0,0.00012472610377034462247109557415169353193,6.2685067966501202482952624014276982853e-05
0.93500000000000005329070518200751394033,0.99900158935069511211606522784093123562,0.0,0.00011581825543891945952467466937133473873,5.8207887697705092703662968872569077762e-05
0.93999999999999994670929481799248605967,0.99900154393987865843435139943179603757,0.0,0.00010691024838676022386638069824863118763,5.3730667335909779811679784550748942577e-05
0.94499999999999995115018691649311222136,0.99900149852906220475162924834278273213,0.0,9.8002082609624334528684875813119616886e-05,4.9253406880576515368928215885219161958e-05
0.94999999999999995559107901499373838305,0.99900145311824575106890709725376942595,0.0,8.9093758103269652756896733148552675295e-05,4.4776106331166839534202398662627369293e-05
0.95499999999999996003197111349436454475,0.99900140770742929738618494616475611976,0.0,8.0185274863453690815991481442117726418e-05,4.0298765687142183406789217985858710331e-05
0.95999999999999996447286321199499070644,0.99900136229661284370346279507574281357,0.0,7.127663288593380977960371110178707485e-05,3.5821384947963968440069878349634910396e-05
0.96499999999999996891375531049561686814,0.99900131688579639002074064398672950739,0.0,6.2367832166467219523292244077164953242e-05,3.1343964113093606441303951900435119523e-05
0.96999999999999997335464740899624302983,0.99900127147497993633801849289771620045,0.0,5.3458872700810978717804626138933495492e-05,2.6866503181992499571413420894739102729e-05
0.97499999999999997779553950749686919153,0.99900122606416348265529634180870289426,0.0,4.4549754484721994822341259094442934846e-05,2.2389002154122040344766714355410935771e-05
0.97999999999999998223643160599749535322,0.99900118065334702897257419071968958807,0.0,3.5640477513957024077819172916989666003e-05,1.7911461028943611628962738926041351977e-05
0.98499999999999998667732370449812151492,0.99900113524253057528985203963067628264,0.0,2.6731041784272671500135437766324210478e-05,1.3433879805918586644614903923066884815e-05
0.98999999999999999111821580299874767661,0.99900108983171412160712988854166297645,0.0,1.7821447291425390873430215877929521596e-05,8.9562584845083289651351405854839418165e-06
0.99499999999999999555910790149937383831,0.99900104442089766792440773745264967027,0.0,8.9116940311714847433494532986084685709e-06,4.4785970641741925165179155219759406822e-06
1.0,0.99900099901008121424168558636363636408,0.0,1.7819992671044103072114459177335748318e-09,8.9554437752157712423835527162968111186e-10
