value,sup,dur,Y,S
1.0,7.9116448586434504474822005224197578248e-38,129.0,0.99604126356473749881158068547698459163,0.88888399640339364567959965223036112503
0.98999999999999999111821580299874767661,6.0597588639679118392681365282689088872e-37,129.0,0.99545795505641326105159480259303670668,0.88829323990518509415899821081696395531
0.97999999999999998223643160599749535322,3.1010260160783967183765020711339068002e-37,128.0,0.99481566833049334070305872068529322153,0.88765077308428390600530785514658748241
0.96999999999999997335464740899624302983,8.5793689023365276299758810689394736594e-44,128.0,0.99411237258716203499063106534205264413,0.88754464930207417729097742133154382904
0.95999999999999996447286321199499070644,3.2442664401962383248996475044923764528e-55,128.0,0.99335742263160875456200402937671392726,0.88739525997492406143212784684159044415
0.94999999999999995559107901499373838305,6.4937115788669209148383020594918158207e-44,128.0,0.99256208506080107848806553887156394346,0.88717215726163251425408312868686975534
0.93999999999999994670929481799248605967,3.0278595756944787590003955513496933067e-34,128.0,0.99175068921206208428442185789312758568,0.88688038190343885135349608807910630111
0.93000000000000004884981308350688777864,6.5804287770995812376087094709847515873e-26,128.0,0.99091918465754924966778215366918330495,0.88652541872288334618605095029086958679
0.92000000000000003996802888650563545525,1.3319031660333263024630704789174241922e-18,128.0,0.99008847729997955821666998767228995786,0.88611301708946640156058602981973099667
0.91000000000000003108624468950438313186,3.4001388870214618148601625507649394199e-14,128.0,0.98925078401582875631615843136530565687,0.88564901546984674761156679414495255733
0.90000000000000002220446049250313080847,1.2125852626031138611645583858494984354e-12,128.0,0.98840754703884245232358187638496839514,0.88513918531282660737316356761141214531
0.89000000000000001332267629550187848508,1.7263588501127115778072094062969060463e-11,115.0,0.98756741547562604481113257903368660305,0.88458910278351847720770695622757045907
0.88000000000000000444089209850062616169,1.5500294083738312567041007180638450214e-10,86.0,0.98673157909971447370374156574601434028,0.88427184604715185957439616392908710427
0.86999999999999999555910790149937383831,1.0228912088097404493009580566813330808e-09,70.0,0.98589447084919304406022663666290326065,0.88405262159619283168644515747654747662
0.85999999999999998667732370449812151492,5.345784573739057294411289292257140693e-09,59.0,0.98505697314903740186752165796368938263,0.88379607991069888564942751540107661573
0.84999999999999997779553950749686919153,2.3310724109105860408792509429581679956e-08,51.0,0.98421975320296664137955100344881082296,0.88350568802133347304935048254014375006
0.83999999999999996891375531049561686814,8.7484858279426261874862852880438336168e-08,45.0,0.98338332725497749520341669619404364508,0.88318468728103324186090333995301560244
0.82999999999999996003197111349436454475,2.9029720959642678745438879200592912066e-07,40.0,0.98254895436633479928876926623583204223,0.88283609190342138362194273077293776348
0.81999999999999995115018691649311222136,8.62167903124415802741731975348317244e-07,37.0,0.98172459547170673113408502613154146327,0.88246269157628475644579282214834057924
0.81000000000000005329070518200751394033,2.3048054018982205410250835536093974054e-06,34.0,0.98090168666048347358096197928359396053,0.88206705728960164133738766509416082787
0.80000000000000004440892098500626161695,5.7354680535863088517599909202983988752e-06,31.0,0.98008048394217642329772143452639457819,0.8816515495984048679255706135144557466
0.79000000000000003552713678800500929356,1.3098944701995680625025490736535525086e-05,29.0,0.97926120425650184077312497199253685802,0.88121832863760314944511665174836475401
0.78000000000000002664535259100375697017,2.8028037139720247981575801225985374678e-05,26.0,0.97844403393169312078732734526985243272,0.88076936530792160906299560682837176467
0.77000000000000001776356839400250464678,5.6396492974747319511990133214035455398e-05,25.0,0.97762913500868870101729951827367990987,0.88030645315190847435107261136030720461
0.76000000000000000888178419700125232339,0.00010653736110450442591574783275021522737,23.0,0.97681665002876195509623684051797045303,0.87983122053174583818309807980572483946
0.75,0.00019170271977099424865962524942967038833,22.0,0.97600670570165614248084726137991343327,0.87934514280372243489866731605580624701
0.73999999999999999111821580299874767661,0.0003258618867639038091394542047033437414,20.0,0.97519941574841939335824405956694004501,0.87884955425650064599214067169109143397
0.72999999999999998223643160599749535322,0.0005305338883734439577551507367806361956,19.0,0.97439488312878307653222257890025221538,0.87834565964159878376933871160700086318
0.71999999999999997335464740899624302983,0.00082357508159497725707256956904585322891,17.0,0.97359320180444634750839691543117795392,0.87783454517534190256344790135346628279
0.70999999999999996447286321199499070644,0.0012262023069010568354258697216591055975,16.0,0.97279445814865982444511223638204097038,0.87731718893283147341346008226572041028
0.69999999999999995559107901499373838305,0.0017622807387484677553676914936492147975,15.0,0.97199873208349158011462254874395270258,0.87679447058736178402480600737699824838
0.68999999999999994670929481799248605967,0.0024267593984045397795691024239445890738,13.0,0.97120609800539842707661059140810573703,0.87626718047434189595223208057015004604
0.68000000000000004884981308350688777864,0.0032732929951794750276246911775743424671,12.0,0.97041662554471342230503612264061211081,0.87583158340176973408821096305729297776
0.67000000000000003996802888650563545525,0.0042234740054379814706097189840751669914,11.0,0.96963038019369461583133463191476625602,0.87550084723968361679132550759179278446
0.66000000000000003108624468950438313186,0.0053544238637515807381205493244503283054,10.0,0.96885164437599436662736279467190945631,0.87516053992179879401861219948843124372
0.65000000000000002220446049250313080847,0.006640892625451567391661370550711389739,8.0,0.96807628958731021765854033448681677596,0.87481134946025670772703772705571522874
0.64000000000000001332267629550187848508,0.0080133654041525789996503192499703660641,6.0,0.96730413231572151379847913712257001615,0.87445391743150671628309730335813350511
0.63000000000000000444089209850062616169,0.0095484139852554544923800511503049202059,3.0,0.96653522890629036496425630901972332758,0.87408884186553196533756830640682065437
0.61999999999999999555910790149937383831,0.011229253970993397637594867124712615007,0.0,0.96576963318728874597723818509238535079,0.87371668000901338987613811327484461627
0.60999999999999998667732370449812151492,0.012917541319523143149722510717360690442,0.0,0.96500739674510483106843267608976161545,0.87333795095848057152060753830282502523
0.59999999999999997779553950749686919153,0.01472936668499024817331078742981680916,0.0,0.9642485691610910886777734780498490471,0.87295313816163328682391844022397405788
0.58999999999999996891375531049561686814,0.016657941347631148892308863098062817455,0.0,0.96349319821659078381385704497652851058,0.87256269178677605753113704630185931184
0.57999999999999996003197111349436454475,0.018694830562834910238996676748187715281,0.0,0.96274133007122178913434133104897847203,0.87216703096173591255057572377802182654
0.56999999999999995115018691649311222136,0.020673350786922432789382088652424789022,0.0,0.96199300941857604605924830682525686774,0.87176654588477394179756108016534333488
0.56000000000000005329070518200751394033,0.02273374908120206966607352899723348576,0.0,0.96124827962275688539139650240584797565,0.87136159981089367076599051066366258904
0.55000000000000004440892098500626161695,0.024869889889121593422734921070249022452,0.0,0.96050718283858445618128309423503083998,0.87095253091762972460613892422681784187
0.54000000000000003552713678800500929356,0.027075782721578774871852786455012633122,0.0,0.95976976011782123375440521765222613477,0.87053965405490111728944686966094916643
0.53000000000000002664535259100375697017,0.029345675594096565569013565246260613634,0.0,0.95903605150338056425838182459521148948,0.87012326238386309995170050342357305723
0.52000000000000001776356839400250464678,0.031626691465277932154254376710005375652,0.0,0.9583060961131641077153664147958833654,0.86970362890991566617372509992768813112
0.51000000000000000888178419700125232339,0.033862529290545500486637625787023466232,0.0,0.95757993221491349252683216734124873442,0.86928100791514705125600532031962160661
0.50,0.036143944521490400664804402752548209513,0.0,0.95685759729324695969498931520651498972,0.86885563629552639861221955878381763372
0.48999999999999999111821580299874767661,0.038467372478853334652358654927296768298,0.0,0.95613912810987411506024277588125536332,0.86842773480812752002821409124457653022
0.47999999999999998223643160599749535322,0.040829512773598130925114025102196005139,0.0,0.95542456075783419946292970887133310995,0.86799750923357947990694382550968786332
0.46999999999999997335464740899624302983,0.043227325854399028944769982606544007811,0.0,0.95471393071047995657244252283904310725,0.8675651514588115478723067392317346133
0.46000000000000001998401444325281772763,0.045658024910945149520778890824581023011,0.0,0.95400727286582578375461421132510713393,0.86713084048499998134887004415519819083
0.45000000000000001110223024625156540424,0.048119064459374616819042343474364359462,0.0,0.95330462158679178903533366668935137616,0.86669474336544054522321032754656051536
0.44000000000000000222044604925031308085,0.050608126709965574654366183378994390753,0.0,0.95260601073780191153885857784048953602,0.86625701607787075457387121201535608011
0.42999999999999999333866185224906075746,0.053058238137572537199671855065377941698,0.0,0.95191147371813173624153863862715531667,0.86581780433555511952022648743350759678
0.41999999999999998445687765524780843407,0.055481279149314248054286004440985856612,0.0,0.95122104349234864836875971944889799568,0.86537724434123020505256419538092422413
0.40999999999999997557509345824655611068,0.057926576983520639638907702312781220688,0.0,0.95053475261814149001158963796775954321,0.86493546348778760622783975603137312358
0.40000000000000002220446049250313080847,0.060392710512627862244852807346112554623,0.0,0.94985263327179797082829761680534798559,0.86449258100935523243640219165887446118
0.39000000000000001332267629550187848508,0.062878379567227363706832710498449517367,0.0,0.94917471727155453144124903802448187017,0.86404870858622288221310282552208820831
0.38000000000000000444089209850062616169,0.065382395480093704833110181267777276817,0.0,0.94850103609901447677504695444376478014,0.86360395090684893449033409504014607323
0.36999999999999999555910790149937383831,0.067903672008246779803538615607123003961,0.0,0.94783162091880495625148115176959745371,0.86315840618998227101403568952613740301
0.35999999999999998667732370449812151492,0.07044121671139442507709531285411277933,0.0,0.94716650259662165671949358386640855631,0.86271216666973860698328661723440470684
0.34999999999999997779553950749686919153,0.072994122835510212434515303976861311546,0.0,0.94650571171579092485325591786018047069,0.86226531904628364156887217796723940056
0.34000000000000002442490654175344388932,0.075561561727172787858281331024878615366,0.0,0.94584927859246236129177394783729394025,0.86181794490459751026915170381343673032
0.33000000000000001554312234475219156593,0.078142775786578078802624393691493875495,0.0,0.94519723328953021716338377491220082894,0.86137012110362606509350407340383712959
0.32000000000000000666133814775093924254,0.080737071953882084740604129648639600928,0.0,0.94454960562936905241940122307633492827,0.86092192013796472177449674606232396419
0.30999999999999999777955395074968691915,0.083343815713902474584511802152874247701,0.0,0.94390642520545753320187613912091544282,0.86047341047406973777220763408794498507
0.29999999999999998889776975374843459576,0.085962425597476980640648815734018760909,0.0,0.94326772139295420742849393073283020072,0.86002465686284998502720614783587001851
0.28999999999999998001598555674718227237,0.088592368153335144972622138759013962928,0.0,0.94263352335827997247783887670074043498,0.85957572063035901762151782386151612005
0.28000000000000002664535259100375697017,0.091233153361675751178721341594357228404,0.0,0.94200386006775390067931554841012936493,0.85912665994818243278876911049493963501
0.27000000000000001776356839400250464678,0.093827109724554923548554596580584439302,0.0,0.94137876029532183124112972996121039211,0.85867753008499874525347180921467898267
0.26000000000000000888178419700125232339,0.096408386375578405203087610136075871988,0.0,0.94075825262941072533484306923754035866,0.85822838364068299605413255224650305621
0.25,0.098999646218561368823384456303868215219,0.0,0.94014236547893582886377027003274307057,0.85777927076422051231292074551490506847
0.23999999999999999111821580299874767661,0.10160052638245376769349232678708110313,0.0,0.93953112707848256016488483181628604657,0.85733023935660355512403633332830920333
0.23000000000000000999200722162640886381,0.10421068896072724682334623957598320789,0.0,0.93892456549268023501439924431647752247,0.85688133525979534085687530679978060538
0.22000000000000000111022302462515654042,0.1068298188298215323487483760307277381,0.0,0.93832270861978048384079258378357557394,0.85643260243276391288680342683001409127
0.20999999999999999222843882762390421703,0.10945762164892540659607756938978361217,0.0,0.93772558419444939488259557601489998532,0.85598408311551215653992338121120934335
0.20000000000000001110223024625156540424,0.11209382202729819281893137531544605129,0.0,0.9371332197897788857423382058078502642,0.85553581798195944478777417389269173373
0.19000000000000000222044604925031308085,0.11473816184601399170318132847484302805,0.0,0.93654564281851972592128268369521025533,0.85508784628246476806858075337703257812
0.17999999999999999333866185224906075746,0.1173903987217475592623743743300620557,0.0,0.93596288053353582433504646995560563271,0.85464020597672028973716632921561864427
0.17000000000000001221245327087672194466,0.12005030460098869966407449620459255836,0.0,0.9353849600274768413422183464983255374,0.85419293385768775959200255441997335341
0.16000000000000000333066907387546962127,0.12271766447384863957904583737822766539,0.0,0.93481484588828761097296057478975651826,0.85374606566719790796376133116034456973
0.14999999999999999444888487687421729788,0.12539227519739105626665780706051447415,0.0,0.93425082383327087593916492759558048448,0.85329963620378444335362636094530608739
0.14000000000000001332267629550187848508,0.12807394441917011471762596990620543836,0.0,0.93369185331033341363422584179956621017,0.8528536794232793168525864742388991958
0.13000000000000000444089209850062616169,0.13076248959237882393913201163602576749,0.0,0.93313795878783992184917584494344514258,0.85240822853265434264279167162357383748
0.11999999999999999555910790149937383831,0.13345773707469802480281809797980016658,0.0,0.93258916452346601271146949925613597818,0.85196331607755573693576534716590442435
0.11000000000000000055511151231257827021,0.13615952130358573297318644667331934545,0.0,0.93204549455885246945783315808101462467,0.85151897402394243504640628489238460771
0.10000000000000000555111512312578270212,0.13886768404135576405348156783581637477,0.0,0.93150697271344073082874959891072085431,0.85107523383420606703094979268261189988
0.089999999999999996669330926124530378729,0.14158207368396363268346238674514710835,0.0,0.93097362257747609739552643626519055377,0.85063212653811989560817906291555064854
0.080000000000000001665334536937734810635,0.14430254462794644948761137381174522493,0.0,0.93044546750416495795131409634932053702,0.85018968279893574085749500365701796121
0.070000000000000006661338147750939242542,0.14702895669045302248133051785725539358,0.0,0.92992253060097233756367589617917490845,0.84974793297492174527613466346770527168
0.059999999999999997779553950749686919153,0.14976117457775186516346374274809821183,0.0,0.92940483472004630507497752593451512919,0.84930690717660964456830816734627490963
0.050000000000000002775557561562891351059,0.15249906739802042977344964370637983581,0.0,0.92889240244775618032214981012436328293,0.84886663531999780661004997399108308725
0.040000000000000000832667268468867405318,0.15524250821460028819856276377254769012,0.0,0.92838525609333211194905293044597090722,0.84842714717593560311831498420122203562
0.029999999999999998889776975374843459576,0.15799137363625224116875536662609154804,0.0,0.92788341767659445774122594865401176507,0.84798847241589556827113370140605118218
0.020000000000000000416333634234433702659,0.16074554344126497380553785680908781873,0.0,0.92738690891476241818500635420399251644,0.84755064065432210200447373081774723935
0.010000000000000000208166817117216851329,0.16350490023256247014330570367226094087,0.0,0.92689575120833265310760688777383413654,0.84711368148772917880907019756074234529
0.0,0.16626932912122143906702998774620921856,0.0,0.92640996562602007196090061360632624143,0.84667762453070446509288128408097542433
