value,sup,dur,Y,S
1.0,7.5683825683497171666437808426727363966e-61,129.0,0.99604126356473749881158068547698459464,0.88888399640339364567959965223036112879
0.98999999999999999111821580299874767661,5.895280369807539124226010010551732989e-60,129.0,0.99545795505641326105159480259303670517,0.88829323990518509415899821081696396132
0.97999999999999998223643160599749535322,3.0697586413901631416776871327691143145e-60,129.0,0.99481566833049334070305872068529322303,0.8876507730842839060053078551465874794
0.96999999999999997335464740899624302983,8.6468616002918097321566041941815319829e-67,129.0,0.99411237258716203499063106534205264939,0.88754464930207417729097742133154382829
0.95999999999999996447286321199499070644,3.3311803869859091564666881447969161373e-78,129.0,0.99335742263160875456200402937671392876,0.88739525997492406143212784684159044566
0.94999999999999995559107901499373838305,6.7974898505850903339373580386651062684e-67,129.0,0.99256208506080107848806553887156394497,0.88717215726163251425408312868686976512
0.93999999999999994670929481799248605967,3.2335834086625833869982226355849439118e-57,129.0,0.99175068921206208428442185789312758042,0.88688038190343885135349608807910629885
0.93000000000000004884981308350688777864,7.175294323556468114198166967637388455e-49,129.0,0.99091918465754924966778215366918329893,0.8865254187228833461860509502908695898
0.92000000000000003996802888650563545525,1.4841160293065956945592887452731451094e-41,129.0,0.9900884772999795582166699876722899556,0.88611301708946640156058602981973100269
0.91000000000000003108624468950438313186,4.7519088525693712814043798167426500801e-35,129.0,0.98925078401582875631615843136530566138,0.88564901546984674761156679414495255357
0.90000000000000002220446049250313080847,3.3994965935710876132594101140928682961e-29,129.0,0.98840754703884245232358187638496839589,0.88513918531282660737316356761141214681
0.89000000000000001332267629550187848508,7.1225060769176064503292749079356527413e-24,129.0,0.9875674154756260448111325790336866023,0.88458910278351847720770695622757044553
0.88000000000000000444089209850062616169,5.3606818621141236263517850497626636463e-19,129.0,0.98673157909971447370374156574601434555,0.88427184604715185957439616392908709223
0.86999999999999999555910790149937383831,2.9177746929157492410665941373768545276e-15,129.0,0.98589447084919304406022663666290326215,0.88405262159619283168644515747654746985
0.85999999999999998667732370449812151492,7.4171819861231070142355307405815054484e-14,128.0,0.98505697314903740186752165796368938489,0.88379607991069888564942751540107662326
0.84999999999999997779553950749686919153,7.6338693919209316352541780744759941629e-13,128.0,0.98421975320296664137955100344881083048,0.88350568802133347304935048254014374329
0.83999999999999996891375531049561686814,5.285192137364357655266949833921367498e-12,128.0,0.98338332725497749520341669619404363906,0.88318468728103324186090333995301560019
0.82999999999999996003197111349436454475,2.841615341256758030103177236609810019e-11,103.0,0.98254895436633479928876926623583204524,0.88283609190342138362194273077293776423
0.81999999999999995115018691649311222136,1.2699565239004147327190596633603411184e-10,86.0,0.98172459547170673113408502613154146402,0.8824626915762847564457928221483405672
0.81000000000000005329070518200751394033,4.9129084884641564978094453607922539335e-10,74.0,0.98090168666048347358096197928359395827,0.8820670572896016413373876650941608369
0.80000000000000004440892098500626161695,1.6905805694637701941133776989429096623e-09,65.0,0.9800804839421764232977214345263945797,0.88165154959840486792557061351445574811
0.79000000000000003552713678800500929356,5.280019742256826120309269475672531547e-09,58.0,0.97926120425650184077312497199253686028,0.88121832863760314944511665174836474799
0.78000000000000002664535259100375697017,1.5070831055124604867069742834790396129e-08,53.0,0.97844403393169312078732734526985243422,0.88076936530792160906299560682837176542
0.77000000000000001776356839400250464678,3.970786590394034921078099291645297928e-08,49.0,0.97762913500868870101729951827367991213,0.88030645315190847435107261136030719784
0.76000000000000000888178419700125232339,9.9113047485012681033029835328383586867e-08,45.0,0.97681665002876195509623684051797045303,0.87983122053174583818309807980572483721
0.75,2.2938258477813864902237025881969191079e-07,42.0,0.97600670570165614248084726137991343177,0.87934514280372243489866731605580625228
0.73999999999999999111821580299874767661,5.1035452264534243706951122312696867348e-07,39.0,0.97519941574841939335824405956694004426,0.87884955425650064599214067169109143547
0.72999999999999998223643160599749535322,1.0661783962286013729075789382092810453e-06,36.0,0.97439488312878307653222257890025220861,0.87834565964159878376933871160700086092
0.71999999999999997335464740899624302983,2.1683931902519972198494912142882812845e-06,34.0,0.97359320180444634750839691543117795467,0.87783454517534190256344790135346629181
0.70999999999999996447286321199499070644,4.1393264648879512306971771536846759734e-06,32.0,0.97279445814865982444511223638204097038,0.87731718893283147341346008226572041103
0.69999999999999995559107901499373838305,7.735039319130911126714452911460692284e-06,30.0,0.97199873208349158011462254874395269882,0.8767944705873617840248060073769982529
0.68999999999999994670929481799248605967,1.3827716089840809833576015692327818391e-05,29.0,0.97120609800539842707661059140810573929,0.87626718047434189595223208057015004905
0.68000000000000004884981308350688777864,2.3918453529350661985434576013077586011e-05,27.0,0.97041662554471342230503612264061211306,0.87583158340176973408821096305729297174
0.67000000000000003996802888650563545525,4.0649915078598901969908827254758653739e-05,26.0,0.96963038019369461583133463191476625602,0.87550084723968361679132550759179278822
0.66000000000000003108624468950438313186,6.5593455248885713127297216802482421997e-05,24.0,0.9688516443759943666273627946719094518,0.87516053992179879401861219948843124973
0.65000000000000002220446049250313080847,0.00010418044091903902158600833021318516779,23.0,0.96807628958731021765854033448681677897,0.87481134946025670772703772705571522724
0.64000000000000001332267629550187848508,0.00016202847830598860519122577066268181664,22.0,0.96730413231572151379847913712257001539,0.87445391743150671628309730335813350812
0.63000000000000000444089209850062616169,0.00024189946724536337600461529810525412083,21.0,0.96653522890629036496425630901972332833,0.87408884186553196533756830640682065512
0.61999999999999999555910790149937383831,0.00035622512852565032041738306943898122365,20.0,0.96576963318728874597723818509238535455,0.87371668000901338987613811327484461777
0.60999999999999998667732370449812151492,0.0005141330924575192798897740036895343824,19.0,0.96500739674510483106843267608976161244,0.87333795095848057152060753830282502297
0.59999999999999997779553950749686919153,0.00071626888102099631546853807251360390075,17.0,0.96424856916109108867777347804984904183,0.87295313816163328682391844022397405487
0.58999999999999996891375531049561686814,0.00098556354064629412688097161274767993631,16.0,0.96349319821659078381385704497652850833,0.87256269178677605753113704630185931259
0.57999999999999996003197111349436454475,0.0013348255267672007056303522006216416426,16.0,0.96274133007122178913434133104897846751,0.87216703096173591255057572377802182428
0.56999999999999995115018691649311222136,0.00174824367490710250699409358143924991,15.0,0.96199300941857604605924830682525686774,0.87176654588477394179756108016534333789
0.56000000000000005329070518200751394033,0.002264265479343393622988500402063811422,13.0,0.9612482796227568853913965024058479749,0.8713615998108936707659905106636625913
0.55000000000000004440892098500626161695,0.0029001324550436480692655141484273681235,13.0,0.96050718283858445618128309423503083847,0.87095253091762972460613892422681784262
0.54000000000000003552713678800500929356,0.0036095732148137901282550594455091673611,12.0,0.95976976011782123375440521765222613401,0.87053965405490111728944686966094916568
0.53000000000000002664535259100375697017,0.00443647850994277873626175297034541407,10.0,0.95903605150338056425838182459521148723,0.87012326238386309995170050342357305648
0.52000000000000001776356839400250464678,0.0054010718783884287490321989291100033991,9.0,0.95830609611316410771536641479588336691,0.86970362890991566617372509992768813112
0.51000000000000000888178419700125232339,0.0064842703635794702325157379258132247604,7.0,0.95757993221491349252683216734124873969,0.86928100791514705125600532031962161188
0.50,0.0076311876751145197630099425887824762498,7.0,0.9568575972932469596949893152065149822,0.86885563629552639861221955878381763372
0.48999999999999999111821580299874767661,0.0089119168805148659483920527350338613378,4.0,0.95613912810987411506024277588125536407,0.86842773480812752002821409124457652796
0.47999999999999998223643160599749535322,0.010329943835200303070806685489272048389,0.0,0.95542456075783419946292970887133310694,0.86799750923357947990694382550968786633
0.46999999999999997335464740899624302983,0.011863257513778348380883370971648021356,0.0,0.95471393071047995657244252283904310424,0.86756515145881154787230673923173461405
0.46000000000000001998401444325281772763,0.013407669827877299251249158230867804941,0.0,0.95400727286582578375461421132510713243,0.86713084048499998134887004415519819609
0.45000000000000001110223024625156540424,0.015066769445166502078764395408127049603,0.0,0.9533046215867917890353336666893513724,0.86669474336544054522321032754656051912
0.44000000000000000222044604925031308085,0.016838681912562804441781427477163187591,0.0,0.95260601073780191153885857784048954054,0.86625701607787075457387121201535608462
0.42999999999999999333866185224906075746,0.018720691657934614428807936686702744269,0.0,0.95191147371813173624153863862715531667,0.86581780433555511952022648743350759829
0.41999999999999998445687765524780843407,0.020687830528894870749508407350561197758,0.0,0.95122104349234864836875971944889799417,0.86537724434123020505256419538092423015
0.40999999999999997557509345824655611068,0.022611540462068212499055065360888979868,0.0,0.95053475261814149001158963796775954697,0.86493546348778760622783975603137312659
0.40000000000000002220446049250313080847,0.024619182834363317889981967656080433961,0.0,0.94985263327179797082829761680534798258,0.86449258100935523243640219165887446419
0.39000000000000001332267629550187848508,0.02670713031773563737822613973063722458,0.0,0.94917471727155453144124903802448186941,0.86404870858622288221310282552208821057
0.38000000000000000444089209850062616169,0.02887158323581626797400089723804674263,0.0,0.94850103609901447677504695444376478466,0.86360395090684893449033409504014608075
0.36999999999999999555910790149937383831,0.031108638240635349494347129744434196101,0.0,0.94783162091880495625148115176959745221,0.86315840618998227101403568952613740451
0.35999999999999998667732370449812151492,0.033414349861583342146338015705848764176,0.0,0.94716650259662165671949358386640855932,0.86271216666973860698328661723440471285
0.34999999999999997779553950749686919153,0.035714435301845573321393993213777055806,0.0,0.94650571171579092485325591786018047295,0.8622653190462836415688721779672394141
0.34000000000000002442490654175344388932,0.037981289102590986148370039283072112584,0.0,0.94584927859246236129177394783729394025,0.86181794490459751026915170381343671979
0.33000000000000001554312234475219156593,0.040299582752241530402967735273816613228,0.0,0.94519723328953021716338377491220082818,0.86137012110362606509350407340383712583
0.32000000000000000666133814775093924254,0.042666447484543546745151157983208642429,0.0,0.94454960562936905241940122307633492526,0.86092192013796472177449674606232396344
0.30999999999999999777955395074968691915,0.045079108989654984717078300538909160129,0.0,0.94390642520545753320187613912091544809,0.86047341047406973777220763408794498582
0.29999999999999998889776975374843459576,0.047534899992213007896560129520968572348,0.0,0.94326772139295420742849393073283019921,0.86002465686284998502720614783587000948
0.28999999999999998001598555674718227237,0.050031269365429975764676455222095821359,0.0,0.94263352335827997247783887670074042671,0.85957572063035901762151782386151612457
0.28000000000000002664535259100375697017,0.052565788203876524576396152521738338474,0.0,0.94200386006775390067931554841012936719,0.85912665994818243278876911049493964254
0.27000000000000001776356839400250464678,0.055136153275598616130985484948694953327,0.0,0.94137876029532183124112972996121039061,0.85867753008499874525347180921467898718
0.26000000000000000888178419700125232339,0.057740188258203432634841636018662089178,0.0,0.94075825262941072533484306923754036318,0.85822838364068299605413255224650305546
0.25,0.060304118042040840385920889748582864765,0.0,0.94014236547893582886377027003274307433,0.85777927076422051231292074551490506396
0.23999999999999999111821580299874767661,0.062831751819498485311277725239936637885,0.0,0.93953112707848256016488483181628604582,0.85733023935660355512403633332830920182
0.23000000000000000999200722162640886381,0.065386298620279343516110342739879466577,0.0,0.93892456549268023501439924431647751645,0.85688133525979534085687530679978060839
0.22000000000000000111022302462515654042,0.067966319345935643686393870262591496287,0.0,0.93832270861978048384079258378357557394,0.85643260243276391288680342683001409728
0.20999999999999999222843882762390421703,0.070570457770457453519688345713353948713,0.0,0.93772558419444939488259557601489997855,0.85598408311551215653992338121120934485
0.20000000000000001110223024625156540424,0.073197437504962723885657635539662879272,0.0,0.93713321978977888574233820580785025442,0.85553581798195944478777417389269173148
0.19000000000000000222044604925031308085,0.075846058668142555081951473862320266512,0.0,0.93654564281851972592128268369521024856,0.85508784628246476806858075337703258038
0.17999999999999999333866185224906075746,0.078515194356500211686290189429162032834,0.0,0.93596288053353582433504646995560563046,0.85464020597672028973716632921561864653
0.17000000000000001221245327087672194466,0.081203786993671994138864167476686012703,0.0,0.93538496002747684134221834649832553966,0.85419293385768775959200255441997335116
0.16000000000000000333066907387546962127,0.083910844624793329256626566650147553301,0.0,0.93481484588828761097296057478975652202,0.85374606566719790796376133116034457198
0.14999999999999999444888487687421729788,0.086635437209999915932285325457618566622,0.0,0.93425082383327087593916492759558048975,0.85329963620378444335362636094530608062
0.14000000000000001332267629550187848508,0.089376692960702868721787007629051164002,0.0,0.93369185331033341363422584179956620866,0.85285367942327931685258647423889920182
0.13000000000000000444089209850062616169,0.092133794753181644741975755082750202,0.0,0.93313795878783992184917584494344513806,0.85240822853265434264279167162357384049
0.11999999999999999555910790149937383831,0.094905976646208599578084784928390492,0.0,0.93258916452346601271146949925613597592,0.8519633160775557369357653471659044236
0.11000000000000000055511151231257827021,0.097692520522748487559936335247699475833,0.0,0.93204549455885246945783315808101462617,0.85151897402394243504640628489238461147
0.10000000000000000555111512312578270212,0.10049275287015167173476556602087001469,0.0,0.93150697271344073082874959891072085431,0.8510752338342060670309497926826119059
0.089999999999999996669330926124530378729,0.10330604170856808117059517319082166114,0.0,0.93097362257747609739552643626519055829,0.85063212653811989560817906291555064703
0.080000000000000001665334536937734810635,0.10612070843056238177051900929365661006,0.0,0.93044546750416495795131409634932054003,0.85018968279893574085749500365701796196
0.070000000000000006661338147750939242542,0.10886236315814600997390489306497189878,0.0,0.92992253060097233756367589617917490996,0.84974793297492174527613466346770526717
0.059999999999999997779553950749686919153,0.11161587609126031698754786629860426005,0.0,0.92940483472004630507497752593451512844,0.84930690717660964456830816734627491941
0.050000000000000002775557561562891351059,0.11438077837194693009229955724080425664,0.0,0.9288924024477561803221498101243632882,0.84886663531999780661004997399108309327
0.040000000000000000832667268468867405318,0.11715662576507951315894804560186201467,0.0,0.92838525609333211194905293044597091023,0.8484271471759356031183149842012220281
0.029999999999999998889776975374843459576,0.11994299701121053743320707737470607184,0.0,0.92788341767659445774122594865401176582,0.84798847241589556827113370140605118218
0.020000000000000000416333634234433702659,0.1227394922696277777013727890646930412,0.0,0.92738690891476241818500635420399251719,0.84755064065432210200447373081774724161
0.010000000000000000208166817117216851329,0.12554573164959760694644384294744278726,0.0,0.9268957512083326531076068877738341388,0.84711368148772917880907019756074234679
0.0,0.12836135382726313767864448339698567431,0.0,0.92640996562602007196090061360632623842,0.84667762453070446509288128408097542057
