value,sup,dur,Y,S
1.0,2.5019756555378883310389460052981141591e-77,130.0,0.99604088457808246582391958910242413298,0.88881968448054698040653630109176882525
0.98999999999999999111821580299874767661,1.9700450936914014641773208706185273401e-76,130.0,0.99545770750033722577431256564910495687,0.8881529879683037276914421573560417767
0.97999999999999998223643160599749535322,1.0359612291223303999470441471029444585e-76,130.0,0.99481594213501735950046938032976948676,0.88780003826309597759166196618494849078
0.96999999999999997335464740899624302983,2.9370524665765365768262382612978778985e-83,130.0,0.99411184844741498178059332316231266416,0.88767371509321942915814062198384558799
0.95999999999999996447286321199499070644,1.0850766910284908372399061580818401862e-94,130.0,0.99335755917215242829828869245000609698,0.88747074022784002246815750867694002984
0.94999999999999995559107901499373838305,2.2840691441019496747872193494214918928e-83,130.0,0.99256283865817249283671418995865437674,0.88719543132433499329277101691736709412
0.93999999999999994670929481799248605967,1.1166083991260123302343323767934465482e-73,130.0,0.99175038542240818015892574661823113519,0.8868527807708129316231968633535428557
0.93000000000000004884981308350688777864,2.539934259025471110897543166313433306e-65,130.0,0.99091934830932575270923145532392292046,0.88644828244030117405253266177797920999
0.92000000000000003996802888650563545525,5.3759713742690769999335632763340721748e-58,129.0,0.99008896671578180610508127172851059281,0.88598773544321515995312331141058773759
0.91000000000000003108624468950438313186,1.7592175674666438626452513588464093438e-51,129.0,0.98924980580883119124337360667118396715,0.8854770511929123291841017645482266324
0.90000000000000002220446049250313080847,1.2850918461960290394482645985805794842e-45,129.0,0.98840518930948891993069133210544515424,0.8849220816325605028514834931968447793
0.89000000000000001332267629550187848508,2.747486270905591764905372468519319326e-40,129.0,0.98756945290147291031780011995101507807,0.88470504839976955415259126784516109055
0.88000000000000000444089209850062616169,2.1091337054727609341073404830402544635e-35,129.0,0.98673238282880738626810951198881319531,0.88448957588178983953339256519599604584
0.86999999999999999555910790149937383831,6.8065138757656757551782218963909845379e-31,129.0,0.98589410559057804197857588394126982926,0.88423362944502524498093862869481185254
0.85999999999999998667732370449812151492,1.0453608050267788511327987623065210234e-26,129.0,0.98505549498817468006229028237508078158,0.88394101642411092155583937639304370625
0.84999999999999997779553950749686919153,8.4378713945587159738248455114559760332e-23,129.0,0.98421721096563468512441432784305553381,0.88361530729478203128695765555321044518
0.83999999999999996891375531049561686814,3.8800579037521007241466102900319982275e-19,129.0,0.98337976386673524139213327329206315173,0.88325982923125072844670985502636592324
0.82999999999999996003197111349436454475,6.6212063762477707973846886314328088716e-16,129.0,0.98255283736801682403146599457718570476,0.8828776652651575621061134694939202858
0.81999999999999995115018691649311222136,1.4808059945566693186244174955670784309e-14,129.0,0.98172756924667638347463152703717040282,0.88247165796057083231682537476238151758
0.81000000000000005329070518200751394033,1.2217062570455489309808449556448418434e-13,129.0,0.98090378901881376729801118939565178122,0.88204441659264601826283909977822048687
0.80000000000000004440892098500626161695,6.9417976822367860833095373154986545128e-13,129.0,0.98008174952738992189885646448034464251,0.88159832692473796572895818577113048445
0.79000000000000003552713678800500929356,3.1684707590195595817781916759827618507e-12,129.0,0.97926166509303977723749012576050615908,0.88113556280194707854194594901811087101
0.78000000000000002664535259100375697017,1.230586760242068815341327155601789479e-11,115.0,0.97844371987371108972137472781511177802,0.8806580989054439971998069049382007069
0.77000000000000001776356839400250464678,4.247922118921127982997403343380298549e-11,98.0,0.97762807410614317536366244783841642416,0.88016772413292583903526702242683779627
0.76000000000000000888178419700125232339,1.3264720634328340904192489798119069196e-10,86.0,0.97681486882561449899238306246452135919,0.8796660551810471781616874569532347283
0.75,3.801727626675556092411003544734252624e-10,77.0,0.97600422947895909068799658545205891988,0.87915455000297987544097965831132629805
0.73999999999999999111821580299874767661,1.0145360283257854091293175429466500206e-09,69.0,0.97519626872286250775234693520689630594,0.87863452089749075535872333382834120073
0.72999999999999998223643160599749535322,2.5571652006657408363199523577244538135e-09,62.0,0.97439108861529587506484328742777789602,0.87810714705535933623134634154347591125
0.71999999999999997335464740899624302983,6.0520882211940105326883673218043165714e-09,57.0,0.97358878234976488842641116122714933541,0.87757348644558076190924303933402922539
0.70999999999999996447286321199499070644,1.366650057819179976772591029811946268e-08,53.0,0.97278943564138343850771029905294576506,0.8771275318203289379725114375981779516
0.69999999999999995559107901499373838305,2.9522246505008782530480502114924502587e-08,50.0,0.97199312784504114782889433136413134934,0.87680767320630116769671371448593575629
0.68999999999999994670929481799248605967,6.1156612613272013636282189712359743722e-08,47.0,0.9712035897937364966520536350916553818,0.8764764662107703057076759851163460392
0.68000000000000004884981308350688777864,1.2181214717788636068613709697115587597e-07,44.0,0.97041856530078780266478870111037314116,0.87613475968601289663678158455299056979
0.67000000000000003996802888650563545525,2.3633186167497555560060330990048331721e-07,41.0,0.96963657296720326150354600105332245005,0.87578334385063639177503766801476615635
0.66000000000000003108624468950438313186,4.3769769368907632010928182653312111362e-07,39.0,0.96885767832565126547915222552886393519,0.8754229538913221637439513331715010482
0.65000000000000002220446049250313080847,7.9720041161233741789825498059951778733e-07,37.0,0.96808194330815237052129467111075163497,0.87505427343263435259645295706707506981
0.64000000000000001332267629550187848508,1.4039558708879207301675444840164670316e-06,36.0,0.9673094266810301647404464558590356114,0.8746779378631621334512429210791739489
0.63000000000000000444089209850062616169,2.4001100350747858736403955951033146155e-06,34.0,0.96654018441382656312872432858998130401,0.87429453751014560996610685309472354035
0.61999999999999999555910790149937383831,4.0468373033058039967468564150998749888e-06,32.0,0.96577426999392632840847788292224428163,0.87390462065798613284481580312905197473
0.60999999999999998667732370449812151492,6.6205840787965489914332535812508237613e-06,30.0,0.96501173469628365088066883891534675835,0.87350869640872962916015672230123112255
0.59999999999999997779553950749686919153,1.0555328797948974510983141956928826187e-05,29.0,0.96425262781580903516915968611320138782,0.87310723738480385187687479982090148993
0.58999999999999996891375531049561686814,1.663424377017013479394393163236500863e-05,28.0,0.96349699686853447799045839833505717239,0.87270068227605101645478713731919061951
0.57999999999999996003197111349436454475,2.5729436608365366557749380870627170755e-05,27.0,0.9627448877665371841424856766091053249,0.87228943823448518261964399671750864362
0.56999999999999995115018691649311222136,3.8566829338659192620439077974227506542e-05,26.0,0.9619963449706979209124746984169065262,0.87187388312127291988246611110472064623
0.56000000000000005329070518200751394033,5.7234651119880909764203851650681983131e-05,25.0,0.96125141162464745214885224377215318174,0.87145436761123486949081544878969566953
0.55000000000000004440892098500626161695,8.4113185358275154237276454637991312824e-05,24.0,0.96051012967267360669485826102387113377,0.87103121716073801248808703678515493586
0.54000000000000003552713678800500929356,0.00012022101444071818007507015354845473424,22.0,0.95977253996389237689509498550341702955,0.87060473384523207835424671008158432965
0.53000000000000002664535259100375697017,0.000169021149081358999556918056971233067,21.0,0.9590386823446049540096203032068442105,0.87017519807291149466654254982959038543
0.52000000000000001776356839400250464678,0.0002355781674938193738786788809094090795,21.0,0.95830859574045173675034062949971326949,0.86974287018108601499857063413711437289
0.51000000000000000888178419700125232339,0.00032553914314979387824988318952008231254,20.0,0.95758231822971896345686181730877838178,0.86930799192184286490215655595608944821
0.5,0.00043632333220009838310163162612375206413,19.0,0.95685988710894337987115897042584439313,0.86887078784350243774590325508959300931
0.48999999999999999111821580299874767661,0.00057944419398697359005834329174466441683,18.0,0.95614133895178628103837614566980549675,0.86843146657422597487128660320307567828
0.47999999999999998223643160599749535322,0.00076351429013266820526456956275547284258,17.0,0.95542670966200356278712698966361055909,0.86799022201394235109955830867539965498
0.46999999999999997335464740899624302983,0.00099810204499608545509755722065326134633,16.0,0.95471603452121761681233875681263096145,0.86754723444053458776487690149340417533
0.46000000000000001998401444325281772763,0.0012683027632107842488732670832512875334,16.0,0.95400934823209564662694474150985271137,0.86710267153597540484238460932828442432
0.45000000000000001110223024625156540424,0.0016001698908376730002114326361034768755,15.0,0.95330668495745373578455295319074894236,0.86665668933783348696547310463089191968
0.44000000000000000222044604925031308085,0.0020044958626369154894575097003527796461,13.0,0.95260807835573408677360467542561047526,0.86620943312129517788005910114173305825
0.42999999999999999333866185224906075746,0.0024930925000538653678087833245509158174,13.0,0.95191356161324165853896394707902023927,0.86576103821656538533103237118742870618
0.41999999999999998445687765524780843407,0.0030314074544223472592025907537760362274,12.0,0.95122316747347460351223237479759992109,0.86531163076623129802276530107547814991
0.40999999999999997557509345824655611068,0.0036545189897954910464590497265652950773,11.0,0.95053692826383843519990515664083367586,0.86486132842689622895856143716476377978
0.40000000000000002220446049250313080847,0.004377746985735438543502668936083608465,10.0,0.94985487591999584071850469597880117817,0.8644102410191213637735515657939038924
0.39000000000000001332267629550187848508,0.0052110007362849763561167643334189705012,9.0,0.94917704200807129670567752060508193421,0.86395847112945228042492005549068619478
0.38000000000000000444089209850062616169,0.0061238504895337736385137507868329650792,8.0,0.94850345774490148459188687169874070362,0.86350611466805636478870964083269192728
0.36999999999999999555910790149937383831,0.007100689074685563693112502248108954464,7.0,0.94783415401649791679190239433219000395,0.86305326138525744860669925990324950745
0.35999999999999998667732370449812151492,0.0081891681266906438463087692940721442047,5.0,0.94716916139486707996490400775873668066,0.86259999535002607980215292828380272397
0.34999999999999997779553950749686919153,0.0093946312055394098313403824490675121584,3.0,0.94650851015331481841296973098832900013,0.8621463953932678151428042473191393567
0.34000000000000002442490654175344388932,0.01072164574836552062447632051946031143,0.0,0.945852230280345541605852821341536309,0.86169253551854811235759062734740260756
0.33000000000000001554312234475219156593,0.01210721414263998305693286447426442124,0.0,0.94520035149225264031894294776340559968,0.86123848528270059617022180903084779271
0.32000000000000000666133814775093924254,0.013540861590424634614532782583531939725,0.0,0.94455290324448411966254086556443274894,0.86078431014858556885893911473171750807
0.30999999999999999777955395074968691915,0.015081144240672651591961423595739853049,0.0,0.9439099147418563581434945179642746258,0.86033007181209708590161531324085735822
0.29999999999999998889776975374843459576,0.016728545887583937808159163137611051891,0.0,0.94327141494767933904895213203143585949,0.85987582850535962971559332585548107111
0.28999999999999998001598555674718227237,0.018482883960659237260807489247739155864,0.0,0.94263743259184804596400572936637762024,0.85942163527790860831006251648905102493
0.28000000000000002664535259100375697017,0.020343335719463961712619740109202272505,0.0,0.94200799617794713514800189824524863972,0.85896754425751229499456085117017597948
0.27000000000000001776356839400250464678,0.02220355132088269040519826476438761053,0.0,0.9413831339894092099359139061270909627,0.85851360489216577545469291877850540235
0.26000000000000000888178419700125232339,0.024096300294546831137897284476133382863,0.0,0.94076287409476108187255547049922074289,0.85805986417466956220125570979766872406
0.25,0.026073628652263640117984004635562005029,0.0,0.94014724435198692570430960686132648199,0.85760636685109602857694506667542754788
0.23999999999999999111821580299874767661,0.028133391078324564829117021146009451552,0.0,0.93953627241203258634758390221246198165,0.85715315561434549916223239747381999871
0.23000000000000000999200722162640886381,0.03027319055911732823096773573186540649,0.0,0.93892998572147097344791375760734269913,0.85670027128389988326671281341856259455
0.22000000000000000111022302462515654042,0.032490420644040895984317195192176030478,0.0,0.93832841152434470797711486043819213321,0.85624775297279485951715765046102558621
0.20999999999999999222843882762390421703,0.034782307026076232678863886668130646996,0.0,0.93773157686319885398135542217448843254,0.85579563824275129240508071901790980181
0.20000000000000001110223024625156540424,0.037127421736667789012009730425867870033,0.0,0.93713950857931353000308512479170834498,0.85534396324833225166151850155787209667
0.19000000000000000222044604925031308085,0.039386133173773308155578603987182944314,0.0,0.93655223331214360929408053705081878543,0.85489276287092342727431781374667618146
0.17999999999999999333866185224906075746,0.041702554648105758282479955474221774939,0.0,0.9359697774979704043594069992779152505,0.85444207084327136738650591669931769151
0.17000000000000001221245327087672194466,0.044074335207366961872906879127692168755,0.0,0.93539216736776817091678581079728327645,0.8539919198652554323541888149557731022
0.16000000000000000333066907387546962127,0.046499121075490216862948613480185164568,0.0,0.93481942894428657057018206105857920165,0.85354234171151539851335501382148725157
0.14999999999999999444888487687421729788,0.04897457212346229604417460855020198093,0.0,0.93425158803834874880140577326292121347,0.85309336733150682229479866184203952723
0.14000000000000001332267629550187848508,0.051498376249967872064417044689295390364,0.0,0.93368867024436340436794854879242594008,0.85264502694251027633311257688469109305
0.13000000000000000444089209850062616169,0.054068261721181538190961335595862275464,0.0,0.93313070093504826421788435290504549582,0.8521973501160782035464863009344899367
0.11999999999999999555910790149937383831,0.056682007556075003803250840287375306942,0.0,0.93257770525536159313086535783691571922,0.85175036585836403044841311254645170696
0.11000000000000000055511151231257827021,0.059337452071686516751812746891282905743,0.0,0.93203410226128255304205138898825034153,0.85130410268474208569731753660008067815
0.10000000000000000555111512312578270212,0.062032499722714266212237249410203150803,0.0,0.93149575696650468462285489515164610592,0.85085858868909365823390496605587149179
0.089999999999999996669330926124530378729,0.064717542706864858330980103469868249991,0.0,0.93096257845697485909663102827388047974,0.85041385160810385733879402096670233873
0.080000000000000001665334536937734810635,0.067330269553164687896674928814178400291,0.0,0.93043458876268747166793287865643388617,0.8499699188808856801127042974687310109
0.070000000000000006661338147750939242542,0.069974676009991070869747954574542403408,0.0,0.9299118096076846677849311766094939131,0.84952681770422164346428408477024962228
0.059999999999999997779553950749686919153,0.072649293781567881558931000459321886839,0.0,0.92939426239923916832346347291445935481,0.84908457508368935670642687112016407074
0.050000000000000002775557561562891351059,0.07535271072207455587087748390883576721,0.0,0.92888196821625260196209662975602528216,0.84864321788091528599474298189489859873
0.040000000000000000832667268468867405318,0.078083571149499209407553345751258723327,0.0,0.92837494779686774016881480002857953535,0.84820277285718060085241221776498594835
0.029999999999999998889776975374843459576,0.080840575684006495679802902872505927517,0.0,0.92787322152529406735682133069334514546,0.8477632667135842676300587916089407112
0.020000000000000000416333634234433702659,0.08362248068107007283842288732211224585,0.0,0.92737680941784726726629653079577415591,0.84732472612795128120561383993785362695
0.010000000000000000208166817117216851329,0.086428097324041710052755644192980896841,0.0,0.92688573110820456552638007156306840542,0.84688717778865808187844437804626521118
0.0,0.089256290435076508617467456597552620269,0.0,0.92640000583187935530167337915283289705,0.84645064842553262068633915237222607154
