value,sup,dur,Y,S
1.0,8.2066703180748318136483688871510043429e-77,108.0,0.99608517062250971376375689442954661903,0.26945857525651123824616849868608101657
0.98999999999999999111821580299874767661,4.7960984803452209762127716361300168555e-76,108.0,0.99576830060491729658143392630584380848,0.269754327619426878529411673122579533
0.97999999999999998223643160599749535322,2.8285229434141963697952806437291149682e-75,107.0,0.99545164546252499189111512320032212641,0.27012402219414079422420458678545786032
0.96999999999999997335464740899624302983,1.6821203332022581854941790517840241809e-74,106.0,0.99513616174207321864980414006073954483,0.27056390183056106546948037090835018804
0.95999999999999996447286321199499070644,1.008177035448646548629320481126324683e-73,106.0,0.99482157256872916466864468470413052581,0.27106991890476996109696512366604052445
0.94999999999999995559107901499373838305,6.0873789736939866670516973932861697904e-73,105.0,0.99450918029560766213138336183007632372,0.271637846545761846641137729713296024
0.93999999999999994670929481799248605967,3.7020126556540647791643507303661181547e-72,104.0,0.99419866698329850933229490509588883751,0.27226334424554581359059126781053793473
0.93000000000000004884981308350688777864,2.2673741435747221259614895444560886951e-71,104.0,0.99389044046503236030547513984795505284,0.27294198757799624107894687679245742657
0.92000000000000003996802888650563545525,1.3986488733764172864981025351951949418e-70,103.0,0.9935848341851369593567909072355457349,0.27366926993811452670290030461324006662
0.91000000000000003108624468950438313186,8.6910358936003059462700412609317539609e-70,102.0,0.99328209879164902321481448931521773264,0.27444058257385873438743635957898644742
0.90000000000000002220446049250313080847,5.4417656575291762600319297235738748238e-69,101.0,0.9929823986315990078536372443635868428,0.27525117775393419949382090307152128801
0.89000000000000001332267629550187848508,3.434705866188347668487488519443153024e-68,100.0,0.99268580651341278835277797048314376898,0.27609611870616119625941480474221436543
0.88000000000000000444089209850062616169,2.1864615397322234881480409591109365698e-67,100.0,0.99239264750871889642822747775076508432,0.27697021896451659976723009326313256468
0.86999999999999999555910790149937383831,1.4046261923301787504766319135835039356e-66,99.0,0.99210358601549660520803327338941333947,0.2778679729617364863783241741560555269
0.85999999999999998667732370449812151492,9.1127906346159194332670945015434627184e-66,98.0,0.99181772114740748404229180594536109735,0.27878347907784009690610420930778855027
0.84999999999999997779553950749686919153,5.9752808017740473143994856975403999341e-65,97.0,0.9915357164128914418886342501129268147,0.27971035588255143838785256079732918323
0.83999999999999996891375531049561686814,3.9633685105379654761006739847809055346e-64,96.0,0.99125789247852255412329643348835415931,0.280716759424727185307955987910686414
0.82999999999999996003197111349436454475,2.6618903908917979431246875527693269221e-63,95.0,0.99098361401630626495889469088464305558,0.28177901347033717631001445663226178918
0.81999999999999995115018691649311222136,1.8121440634493527094488831660197350023e-62,94.0,0.99071375375676259420764341563960496914,0.28284218542481762070580417824859797481
0.81000000000000005329070518200751394033,1.2518894269170124318435403382682526161e-61,93.0,0.99044796995682663497773540176161096612,0.28389753146634792487010321136442408785
0.80000000000000004440892098500626161695,8.7869946670785920940443427778587190951e-61,92.0,0.99018547875487297337052066074739682227,0.28493530957491779078448635262570343034
0.79000000000000003552713678800500929356,6.2745582541287773358739172013821727552e-60,91.0,0.98992859069657999702982612118705132063,0.28600581408563701836825546176161936962
0.78000000000000002664535259100375697017,4.5645600007287034897003519588763981795e-59,90.0,0.98967537393245241578636779127349178108,0.28717893843116231984293923320695053584
0.77000000000000001776356839400250464678,3.3878975662040938604595527938063923411e-58,89.0,0.98942596897518707128065893705958994799,0.28831343973601485330488360572491763767
0.76000000000000000888178419700125232339,2.5695604993051692286460572500337530983e-57,88.0,0.98918055550424828399467651664422782195,0.28939477700402780146121031337964384902
0.75,1.9948329870295361269648807959374015071e-56,87.0,0.98893995494429091458015312367498151165,0.29057562614724457552321116883409626169
0.73999999999999999111821580299874767661,1.5879505391988448499545952278182960763e-55,86.0,0.98870381122441243983003066732484892011,0.29177126135906841296926883746563585769
0.72999999999999998223643160599749535322,1.2985456326306541110623190736445428783e-54,85.0,0.98847173981329934696542582051509562043,0.29287722441337183743992346803558633152
0.71999999999999997335464740899624302983,1.0929991200960244407579832263577440192e-53,83.0,0.98824376800385943592784551867751477282,0.29411319204882767537190271807124614532
0.70999999999999996447286321199499070644,9.4891001438130740666176896651458444205e-53,82.0,0.98801987434863764072835619237661460351,0.29530003349545321514816184676251391991
0.69999999999999995559107901499373838305,8.5157605078240879944170116166568066789e-52,81.0,0.98779997868842099043878198610488694616,0.29647444416492126443276489823806997764
0.68999999999999994670929481799248605967,7.918059958435182575365314132327945233e-51,80.0,0.98758392997385398012428425589450509215,0.29771607402101889230068641473221775944
0.68000000000000004884981308350688777864,7.6466497306473559145416452911824390162e-50,78.0,0.98737319997764541238646764933060714842,0.29888639532235283048221185756269220094
0.67000000000000003996802888650563545525,7.6895465002901240059811829635412264655e-49,77.0,0.98716646203616139897380133133185363052,0.3001402810065262849572224344594865747
0.66000000000000003108624468950438313186,8.0740471318058014507994942128930391525e-48,75.0,0.98696327324388908958983383702304675436,0.30135100816955457482920643809736812282
0.65000000000000002220446049250313080847,8.8775863676048360775667549086210388187e-47,74.0,0.98676311775660778477226909702353914379,0.30255337459289854817089181032514559285
0.64000000000000001332267629550187848508,1.0252658834146740182281077287162595592e-45,72.0,0.98656842273916183210030603542750704121,0.30383198906358144291337053643581061185
0.63000000000000000444089209850062616169,1.2477251748378727379019065261409936986e-44,71.0,0.98637735202958266467369675491139433791,0.30502529534381309705113655365723775617
0.61999999999999999555910790149937383831,1.605567321193089111040711125790489808e-43,69.0,0.98618881162975346616432654820203055165,0.3062428260396982240468578533722152318
0.60999999999999998667732370449812151492,2.1925065873354508730509372707334826588e-42,68.0,0.98600629159637896403446506300544494561,0.30753133209594502954494662319032373982
0.59999999999999997779553950749686919153,3.1895341779371151628534286106223245044e-41,66.0,0.9858253975740728606965783791636118938,0.30878027460367324561332076880397883356
0.58999999999999996891375531049561686814,4.9631866160131726818668423527143902964e-40,64.0,0.9856499557874071431674823998981853749,0.31000951931839395390506037254239440151
0.57999999999999996003197111349436454475,8.2970202019933193705142025104183583224e-39,63.0,0.98547764970536583847093986777337400908,0.31123482832619031928847009249822954101
0.56999999999999995115018691649311222136,1.4969497135820625592957813625427765102e-37,61.0,0.98530759793870683344823573080637307701,0.31246726884553837115565250322315693468
0.56000000000000005329070518200751394033,2.9290731735187707516325171416589398259e-36,59.0,0.98514262857978694144209820353196101289,0.31371252665717816277273083300899104892
0.55000000000000004440892098500626161695,6.247810176576479308982783626164509429e-35,57.0,0.98498150685758059201252855390959314974,0.31497007512731664307605385164683453434
0.54000000000000003552713678800500929356,1.4606922363429509705918381980019152298e-33,55.0,0.98482337253760377677720379303417328517,0.31623214676555997153349907340394660313
0.53000000000000002664535259100375697017,3.7644181891587534799913509640734838734e-32,53.0,0.98466844922426814870181105003662868209,0.31748245153807552679482242421159607996
0.52000000000000001776356839400250464678,1.0757749203864070783445783099116551909e-30,51.0,0.98451675272234881998503425475239474782,0.31869458660043329185895277844586811114
0.51000000000000000888178419700125232339,3.4298609851063421213613308710840163662e-29,48.0,0.9843680297439728059063939051362649793,0.3199097751514631290359155796183290342
0.50,1.2275137761698626735934227454274886242e-27,46.0,0.98422167578142211620004452173648137687,0.32120479350666100130089013122644631189
0.48999999999999999111821580299874767661,4.9608395053467110695124037356892049428e-26,44.0,0.98408071014457679813143751375257220638,0.32236020494871209805496455036768159469
0.47999999999999998223643160599749535322,2.276185387119044425408362234418969229e-24,41.0,0.98393119594467127712307717967502590375,0.32367772454662830583025478714129721915
0.46999999999999997335464740899624302983,1.1907536673864609471451514876574464077e-22,39.0,0.98367506764613393535409428454182238137,0.32487404049218490833595079942947955757
0.46000000000000001998401444325281772763,7.1168801424431166734962687619729580078e-21,36.0,0.98324042813213209769704449445805151819,0.32608142726084019643568822197497304162
0.45000000000000001110223024625156540424,4.8510747333250540140529418321410521117e-19,33.0,0.98253873439648511956304558661724692103,0.327349216344798711771115900306915437
0.44000000000000000222044604925031308085,3.7400614772972054425418324380830780847e-17,30.0,0.98143377926497969336972226566161574193,0.32858441170242038446758348721544953712
0.42999999999999999333866185224906075746,3.2005329187155785757680246670862047004e-15,27.0,0.97971319532372506193385508632760327529,0.32979879161458150010120187559082456162
0.41999999999999998445687765524780843407,2.9340628914435503071310527651433804806e-13,24.0,0.97704392850641917333465951522598094598,0.33097633578948537459228589439821604711
0.40999999999999997557509345824655611068,2.7140253675478861620366600460426678857e-11,21.0,0.97290707705889595269739666021881521496,0.33223392077169432773353152907767860358
0.40000000000000002220446049250313080847,2.3094206824141022286251293209571804462e-09,18.0,0.9665139161878559778065868709514844207,0.33346122305346005045153854901271186501
0.39000000000000001332267629550187848508,1.5878078558747884780220892154362259679e-07,14.0,0.95672230667152251528190029084713362189,0.32951285559783966703774248262195550263
0.38000000000000000444089209850062616169,7.4942441423064758607391733246869653646e-06,10.0,0.94200078567782010316766279220408967293,0.31540752944552568095732140515351596061
0.36999999999999999555910790149937383831,0.00020288969136294690743973176728490480839,6.0,0.92051068481430742619785009531028188544,0.291601332918427820607137929784710878
0.35999999999999998667732370449812151492,0.002683728952249553508948067353029674521,2.0,0.89036589079216022317962800521461633236,0.26041385942501475419920877108909495265
0.34999999999999997779553950749686919153,0.01640680504176522851599221440200578164,0.0,0.85006856261658344670439509457758468752,0.22514754900788007108742634032100439327
0.34000000000000002442490654175344388932,0.052989601320473535071447400575633924201,0.0,0.79902300997099246873999314683850444895,0.18909360399692781009424286139015548718
0.33000000000000001554312234475219156593,0.11334835645166201404218920097894333296,0.0,0.73794327945166003460024542474894437447,0.15489888380578738772995830189406979361
0.32000000000000000666133814775093924254,0.19056508139823143071834313595141406573,0.0,0.66895353883829494333157011609890894589,0.12431856099960921416574718817794804258
0.30999999999999999777955395074968691915,0.27702306240010768807118247751220099369,0.0,0.59528048935620811041255791686009944782,0.098224662208241273721792374170771622081
0.29999999999999998889776975374843459576,0.36625258377584306739074382174022482228,0.0,0.5206243115406485189077469320725669587,0.076768192517079634262316845589818313388
0.28999999999999998001598555674718227237,0.453141441327255812510840399197539804,0.0,0.44844983155270378870333915003088136512,0.059613977812374221579088561490057110328
0.28000000000000002664535259100375697017,0.53404662363291111008945386509885437792,0.0,0.38145146175427586742137583671554071408,0.046172973785795136759631558573463685901
0.27000000000000001776356839400250464678,0.60678034190755487010318703670757086145,0.0,0.32132081883037043084696463288073784784,0.035781025235974373528696846378474312163
0.26000000000000000888178419700125232339,0.67040775995647589482070271626773462151,0.0,0.26879198162906781551616736296008680678,0.027808930191776233978244903180246283031
0.25,0.72492668088396204021432981162368432009,0.0,0.22385157178223867199989721457093438987,0.021714584877804858777783089812356974298
0.23999999999999999111821580299874767661,0.77093178472493232264619612650767871868,0.0,0.18599622329998827317818873535510629618,0.017057063414069042852240529747955024993
0.23000000000000000999200722162640886381,0.80933287555623363136027532321914095455,0.0,0.15446089884502621008184208426694830845,0.013490423629961921642859718953542273224
0.22000000000000000111022302462515654042,0.84115252300106541893763031382351279552,0.0,0.12838693445087302370635306596873484322,0.010749238163699231435080382542200648891
0.20999999999999999222843882762390421703,0.86739874112258320635601655856802426046,0.0,0.10692893387502385192011132025267947642,0.0086325280528188056949301723481111461315
0.20000000000000001110223024625156540424,0.88899561143075707501218107601940761698,0.0,0.089313181380879026907237629228253149794,0.0069891778407504078239613198529648279594
0.19000000000000000222044604925031308085,0.90675312835295882678943891640535376604,0.0,0.074862888176511580587729352321337691448,0.0057058786127720625579513567615079262188
0.17999999999999999333866185224906075746,0.92136088678828326692791208141602872756,0.0,0.063003225157710981667129076294956324708,0.0046976578397608965970074345858434176716
0.17000000000000001221245327087672194466,0.93339472018054198925772924929593904766,0.0,0.053255409884317346667997533008661968112,0.0039006582749456264471075556556995242315
0.16000000000000000333066907387546962127,0.94332931583627941599120889757151444245,0.0,0.045225794754327982690893194173850833643,0.0032667258087521027312340944760418747787
0.14999999999999999444888487687421729788,0.95155270458718663179880884838531335427,0.0,0.038593446044591690653375323589050174605,0.0027593915099246401221400086775602331992
0.14000000000000001332267629550187848508,0.95838041808086664895300184498173951387,0.0,0.033098077414037113490103158377778392858,0.0023509021056992580585001821324050114405
0.13000000000000000444089209850062616169,0.96406826900932009246619819422205227281,0.0,0.02852920770586869689262724063091106617,0.0020200278924236568938192383153318993679
0.11999999999999999555910790149937383831,0.96882337601909490098075556334910646604,0.0,0.024716846406069435197435200623320776325,0.0017504428092691051510313119293055424957
0.11000000000000000055511151231257827021,0.97281341024771641271254832186001422269,0.0,0.021523711158032221565610951157132728487,0.0015295242394081911671571120414576984637
0.10000000000000000555111512312578270212,0.97617421088709497382819012414119811029,0.0,0.018838840664927182922015231631784973108,0.0013474605892121298254153508554271334633
0.089999999999999996669330926124530378729,0.97901598362210490567309152248114902445,0.0,0.016572413398191676565796519278084425408,0.001196584896058882291374349839210194111
0.080000000000000001665334536937734810635,0.98142830716753420457811366896884733072,0.0,0.014651575744790193471164717786186831153,0.0010708748954825788116755391781889651344
0.070000000000000006661338147750939242542,0.98348415783336683841952101657756287181,0.0,0.01301709835759442890094919469239454146,0.00096557612912476620526173151161258788415
0.059999999999999997779553950749686919153,0.98510883673317996343799073574190114193,0.0,0.011735314973684957115062400060553217515,0.0008769163868023293863176958770352609208
0.050000000000000002775557561562891351059,0.98624113580499752392877174210222205236,0.0,0.010846029856333465047446638921499515486,0.00080188825903267963113936400244742272852
0.040000000000000000832667268468867405318,0.98714728392488081846468784944346519673,0.0,0.010134200851753328591982003741661279588,0.00073808272587161633509614098088758907255
0.029999999999999998889776975374843459576,0.98790794340827693773368692893238228941,0.0,0.009536716784452795613944801067301459234,0.00068356117573203404102070589699162526604
0.020000000000000000416333634234433702659,0.98856304588564974531148237561776349067,0.0,0.0090220609504847973569463887111173829325,0.00063675650414872335530789451184446834294
0.010000000000000000208166817117216851329,0.98913731862432944684926098100621714224,0.0,0.0085709834077733329374641634635279305274,0.00059639632481016260882996221436025241168
0.0,0.98964678684502397838153800173880827215,0.0,0.0081705845300484530666844611114446781477,0.00056144307553499501806415502744392411472
