value,sup,dur,Y,S
1.0,1.0406141808413487611985241247385430791e-43,104.0,0.99608517062250971376375689442954662054,0.2694585752565112382461684986860810162
0.98999999999999999111821580299874767661,3.7944042687679182013336453592932409e-43,103.0,0.99576830060491729658143392630584380773,0.26975432761942687852941167312257953413
0.97999999999999998223643160599749535322,1.3826308747828676174442716138303086045e-42,102.0,0.99545164546252499189111512320032212115,0.2701240221941407942242045867854578622
0.96999999999999997335464740899624302983,5.0296460566056754829379151486967709755e-42,102.0,0.99513616174207321864980414006073954408,0.27056390183056106546948037090835019068
0.95999999999999996447286321199499070644,1.8250493173784643409397469432402808917e-41,101.0,0.99482157256872916466864468470413052355,0.27106991890476996109696512366604052295
0.94999999999999995559107901499373838305,6.6012506530093192554426150409364150554e-41,100.0,0.99450918029560766213138336183007632598,0.27163784654576184664113772971329602475
0.93999999999999994670929481799248605967,2.3788416122155458654822481055383793146e-40,99.0,0.99419866698329850933229490509588883676,0.27226334424554581359059126781053793285
0.93000000000000004884981308350688777864,8.5373890665816662639366285081258331948e-40,98.0,0.99389044046503236030547513984795505058,0.27294198757799624107894687679245742732
0.92000000000000003996802888650563545525,3.0506460477018475787708157636205290565e-39,98.0,0.99358483418513695935679090723554573189,0.27366926993811452670290030461324006587
0.91000000000000003108624468950438313186,1.0851824489283208506382085439784713973e-38,97.0,0.9932820987916490232148144893152177379,0.27444058257385873438743635957898644855
0.90000000000000002220446049250313080847,3.8427405001695590070347100668116509473e-38,96.0,0.99298239863159900785363724436358683979,0.27525117775393419949382090307152128462
0.89000000000000001332267629550187848508,1.3546673330431751442235926523513559571e-37,95.0,0.99268580651341278835277797048314377124,0.27609611870616119625941480474221436618
0.88000000000000000444089209850062616169,4.7549212907139264730878438695332987895e-37,94.0,0.99239264750871889642822747775076508583,0.27697021896451659976723009326313256317
0.86999999999999999555910790149937383831,1.6621725547478579135436344077883774011e-36,93.0,0.99210358601549660520803327338941334097,0.27786797296173648637832417415605552615
0.85999999999999998667732370449812151492,5.7885403713067170968933000460617512313e-36,92.0,0.99181772114740748404229180594536109509,0.27878347907784009690610420930778855027
0.84999999999999997779553950749686919153,2.0090626791854205494003854358840624971e-35,91.0,0.99153571641289144188863425011292681545,0.27971035588255143838785256079732918248
0.83999999999999996891375531049561686814,6.9526805381723083904109996552046793833e-35,90.0,0.99125789247852255412329643348835415781,0.28071675942472718530795598791068641438
0.82999999999999996003197111349436454475,2.4003728239153197305475397051203837295e-34,89.0,0.99098361401630626495889469088464305709,0.28177901347033717631001445663226178918
0.81999999999999995115018691649311222136,8.272473454719265032610278862620420091e-34,88.0,0.99071375375676259420764341563960496613,0.28284218542481762070580417824859797518
0.81000000000000005329070518200751394033,2.8478264322580188932003292381548681273e-33,87.0,0.99044796995682663497773540176161096612,0.2838975314663479248701032113644240871
0.80000000000000004440892098500626161695,9.800141490484996675615679372272008003e-33,86.0,0.99018547875487297337052066074739681701,0.2849353095749177907844863526257034326
0.79000000000000003552713678800500929356,3.37395146184743112657476476421068909e-32,85.0,0.98992859069657999702982612118705132063,0.28600581408563701836825546176161936999
0.78000000000000002664535259100375697017,1.1630744878886274198850146389958998523e-31,83.0,0.98967537393245241578636779127349178033,0.28717893843116231984293923320695053885
0.77000000000000001776356839400250464678,4.0182844475947671240445133885594886118e-31,82.0,0.98942596897518707128065893705958994121,0.28831343973601485330488360572491763616
0.76000000000000000888178419700125232339,1.3927348512955031208873492872067807705e-30,81.0,0.98918055550424828399467651664422782421,0.28939477700402780146121031337964384751
0.75,4.8478524316111839401666251125792832788e-30,80.0,0.9889399549442909145801531236749815124,0.29057562614724457552321116883409626282
0.73999999999999999111821580299874767661,1.6965673535973674431506987798788695745e-29,78.0,0.98870381122441243983003066732484891635,0.29177126135906841296926883746563585506
0.72999999999999998223643160599749535322,5.9765562982375037294723139307263107845e-29,77.0,0.98847173981329934696542582051509561666,0.29287722441337183743992346803558633114
0.71999999999999997335464740899624302983,2.1219610041768236208218038350271085702e-28,76.0,0.98824376800385943592784551867751477282,0.29411319204882767537190271807124614532
0.70999999999999996447286321199499070644,7.6034481511425917369487144075083566388e-28,75.0,0.988019874348637640728356192376614602,0.29530003349545321514816184676251392104
0.69999999999999995559107901499373838305,2.7534954967155807921216181013793568531e-27,73.0,0.98779997868842099043878198610488694692,0.29647444416492126443276489823806998102
0.68999999999999994670929481799248605967,1.0092705240943771645604033423076151086e-26,72.0,0.98758392997385398012428425589450508763,0.29771607402101889230068641473221776019
0.68000000000000004884981308350688777864,3.7502997325163634847826750242350066748e-26,70.0,0.98737319997764541238646764933060714617,0.29888639532235283048221185756269219869
0.67000000000000003996802888650563545525,1.4150904740285104101410070225442844167e-25,69.0,0.98716646203616139897380133133185362826,0.30014028100652628495722243445948657244
0.66000000000000003108624468950438313186,5.4316048366421620225258197044363003787e-25,67.0,0.98696327324388908958983383702304675135,0.30135100816955457482920643809736812244
0.65000000000000002220446049250313080847,2.1247483021442347139315357420970785873e-24,66.0,0.9867631177566077847722690970235391483,0.30255337459289854817089181032514559172
0.64000000000000001332267629550187848508,8.4874713257626854845524646196492038502e-24,64.0,0.98656842273916183210030603542750704196,0.30383198906358144291337053643581061148
0.63000000000000000444089209850062616169,3.469335366665978204945749212038709517e-23,62.0,0.98637735202958266467369675491139433716,0.30502529534381309705113655365723775805
0.61999999999999999555910790149937383831,1.4543525159651981193488913254274177779e-22,61.0,0.98618881162975346616432654820203055165,0.30624282603969822404685785337221523331
0.60999999999999998667732370449812151492,6.2670454680008629034204908743724244828e-22,59.0,0.98600629159637896403446506300544494335,0.30753133209594502954494662319032373982
0.59999999999999997779553950749686919153,2.7829120219801120889435566308284543749e-21,57.0,0.9858253975740728606965783791636118923,0.30878027460367324561332076880397883319
0.58999999999999996891375531049561686814,1.2767797729669074466627277986406735794e-20,56.0,0.9856499557874071431674823998981853764,0.31000951931839395390506037254239440189
0.57999999999999996003197111349436454475,6.0689626350089319160186632221292564129e-20,54.0,0.98547764970536583847093986777337400908,0.31123482832619031928847009249822954138
0.56999999999999995115018691649311222136,2.9975389769801105815707023436263177346e-19,52.0,0.98530759793870683344823573080637307626,0.31246726884553837115565250322315693129
0.56000000000000005329070518200751394033,1.5431418660463810724660693995032403399e-18,50.0,0.9851426285797869414420982035319610144,0.31371252665717816277273083300899104929
0.55000000000000004440892098500626161695,8.3069889108340872080475591253901821551e-18,48.0,0.98498150685758059201252855390959315125,0.31497007512731664307605385164683453434
0.54000000000000003552713678800500929356,4.6918756630512937580692032898894708723e-17,46.0,0.98482337253760377677720379303417328517,0.316232146765559971533499073403946602
0.53000000000000002664535259100375697017,2.7901891050366426388138743039825725229e-16,43.0,0.98466844922426814870181105003662868134,0.31748245153807552679482242421159608072
0.52000000000000001776356839400250464678,1.7532905423743998718511284465345725004e-15,41.0,0.98451675272234881998503425475239474706,0.31869458660043329185895277844586810963
0.51000000000000000888178419700125232339,1.1682844689355740935052929817219313608e-14,39.0,0.9843680297439728059063939051362649793,0.31990977515146312903591557961832903307
0.50,8.2830266370089219728444139387488303112e-14,37.0,0.98422167578142211620004452173648137838,0.32120479350666100130089013122644630925
0.48999999999999999111821580299874767661,6.2671888906004343639720156243465144635e-13,34.0,0.98408071014457679813143751375257220638,0.32236020494871209805496455036768159582
0.47999999999999998223643160599749535322,5.0716986331518689669985242404430803675e-12,31.0,0.98393119594467127712307717967502590299,0.32367772454662830583025478714129721915
0.46999999999999997335464740899624302983,4.3930173795876566946064924689240281131e-11,29.0,0.98367506764613393535409428454182238137,0.32487404049218490833595079942947955719
0.46000000000000001998401444325281772763,4.065922006400509957316533008278741008e-10,26.0,0.98324042813213209769704449445805151518,0.32608142726084019643568822197497304162
0.45000000000000001110223024625156540424,3.9975499141781958757727046451821354191e-09,23.0,0.98253873439648511956304558661724692103,0.32734921634479871177111590030691543512
0.44000000000000000222044604925031308085,4.1223743903938243001990908779715400814e-08,20.0,0.98143377926497969336972226566161573967,0.32858441170242038446758348721544953674
0.42999999999999999333866185224906075746,4.3543658782105815652756177951588028833e-07,17.0,0.97971319532372506193385508632760327906,0.32979879161458150010120187559082456199
0.41999999999999998445687765524780843407,4.5231915773949161261852885706474697893e-06,14.0,0.97704392850641917333465951522598094824,0.33097633578948537459228589439821604711
0.40999999999999997557509345824655611068,4.3288987675534626850373628772374028095e-05,11.0,0.97290707705889595269739666021881521872,0.33223392077169432773353152907767860471
0.40000000000000002220446049250313080847,0.00034707746096933106553869163755086893168,7.0,0.96651391618785597780658687095148441619,0.33346122305346005045153854901271186426
0.39000000000000001332267629550187848508,0.0020798928992055458445604591744238637164,4.0,0.95672230667152251528190029084713362264,0.3295128555978396670377424826219555015
0.38000000000000000444089209850062616169,0.0085723872560321008483912238383495245362,0.0,0.94200078567782010316766279220408967143,0.31540752944552568095732140515351595797
0.36999999999999999555910790149937383831,0.024527982999354887925212109065644481607,0.0,0.92051068481430742619785009531028188093,0.29160133291842782060713792978471087574
0.35999999999999998667732370449812151492,0.05306569564585249996667605112741501572,0.0,0.89036589079216022317962800521461632408,0.260413859425014754199208771089094944
0.34999999999999997779553950749686919153,0.095047145120792852432012028256281901964,0.0,0.85006856261658344670439509457758469429,0.22514754900788007108742634032100439609
0.34000000000000002442490654175344388932,0.14994276111144298977823226315333610248,0.0,0.79902300997099246873999314683850444444,0.18909360399692781009424286139015548267
0.33000000000000001554312234475219156593,0.21606397889345698154463174312753358606,0.0,0.73794327945166003460024542474894437447,0.15489888380578738772995830189406979342
0.32000000000000000666133814775093924254,0.29054211079331493297512623469111236639,0.0,0.66895353883829494333157011609890894364,0.12431856099960921416574718817794804211
0.30999999999999999777955395074968691915,0.36962092776788926945782306818088289279,0.0,0.59528048935620811041255791686009944556,0.098224662208241273721792374170771621235
0.29999999999999998889776975374843459576,0.4492718961412031810179285642518402599,0.0,0.52062431154064851890774693207256694967,0.076768192517079634262316845589818311319
0.28999999999999998001598555674718227237,0.52587379479976370638756765429159273348,0.0,0.44844983155270378870333915003088137302,0.059613977812374221579088561490057110845
0.28000000000000002664535259100375697017,0.5966990289311595510945164649084551789,0.0,0.3814514617542758674213758367155407073,0.046172973785795136759631558573463684867
0.27000000000000001776356839400250464678,0.6600932616771882534270412257397882445,0.0,0.32132081883037043084696463288073785574,0.03578102523597437352869684637847431348
0.26000000000000000888178419700125232339,0.71538893854526331078568480218401362355,0.0,0.26879198162906781551616736296008681129,0.027808930191776233978244903180246283713
0.25,0.76267069771127056432440145917901988876,0.0,0.22385157178223867199989721457093439608,0.021714584877804858777783089812356974792
0.23999999999999999111821580299874767661,0.80250695400734375378765473643988513004,0.0,0.18599622329998827317818873535510629825,0.017057063414069042852240529747955025416
0.23000000000000000999200722162640886381,0.83571855800915098309542599465036369721,0.0,0.15446089884502621008184208426694830845,0.013490423629961921642859718953542273353
0.22000000000000000111022302462515654042,0.86321117323325235785699471303417993869,0.0,0.12838693445087302370635306596873484247,0.010749238163699231435080382542200648926
0.20999999999999999222843882762390421703,0.88586977296531770519898027610938167539,0.0,0.1069289338750238519201113202526794751,0.0086325280528188056949301723481111459669
0.20000000000000001110223024625156540424,0.90450157877190288086190940090522573598,0.0,0.089313181380879026907237629228253151487,0.0069891778407504078239613198529648280299
0.19000000000000000222044604925031308085,0.91981187042773276031885867104843188078,0.0,0.074862888176511580587729352321337690226,0.0057058786127720625579513567615079261777
0.17999999999999999333866185224906075746,0.93239974180962910297130895857169249981,0.0,0.06300322515771098166712907629495632358,0.0046976578397608965970074345858434175952
0.17000000000000001221245327087672194466,0.94276462135323103678597868021837460544,0.0,0.05325540988431734666799753300866196689,0.0039006582749456264471075556556995241346
0.16000000000000000333066907387546962127,0.95131768003398351046779583893788763893,0.0,0.045225794754327982690893194173850833126,0.0032667258087521027312340944760418747464
0.14999999999999999444888487687421729788,0.95839467841241602438275279975624847652,0.0,0.038593446044591690653375323589050175451,0.0027593915099246401221400086775602332227
0.14000000000000001332267629550187848508,0.96426840918142838061154392929118556435,0.0,0.033098077414037113490103158377778392999,0.0023509021056992580585001821324050114405
0.13000000000000000444089209850062616169,0.96915987377028603964306822722428250387,0.0,0.028529207705868696892627240630911066381,0.0020200278924236568938192383153318993561
0.11999999999999999555910790149937383831,0.97324789302840435969507242014921663269,0.0,0.024716846406069435197435200623320775338,0.0017504428092691051510313119293055424428
0.11000000000000000055511151231257827021,0.97667714953374738797054405583926582002,0.0,0.02152371115803222156561095115713272851,0.0015295242394081911671571120414576984901
0.10000000000000000555111512312578270212,0.97956480023033782887679137581153208271,0.0,0.018838840664927182922015231631784972521,0.0013474605892121298254153508554271334325
0.089999999999999996669330926124530378729,0.98200585152796438294369724022327674642,0.0,0.016572413398191676565796519278084425549,0.0011965848960588822913743498392101941198
0.080000000000000001665334536937734810635,0.98407749623467243610279983457058609214,0.0,0.014651575744790193471164717786186831352,0.0010708748954825788116755391781889651476
0.070000000000000006661338147750939242542,0.98584259679482995445718125785905333658,0.0,0.013017098357594428900949194692394541612,0.00096557612912476620526173151161258790104
0.059999999999999997779553950749686919153,0.98723607308835333310000889586397205676,0.0,0.011735314973684957115062400060553217339,0.00087691638680232938631769587703526089802
0.050000000000000002775557561562891351059,0.98820663126405552112880816766196113819,0.0,0.010846029856333465047446638921499515286,0.00080188825903267963113936400244742272191
0.040000000000000000832667268468867405318,0.98898331972602816139752504423106441104,0.0,0.010134200851753328591982003741661279718,0.00073808272587161633509614098088758907549
0.029999999999999998889776975374843459576,0.98963527090320415877448360584975139906,0.0,0.0095367167844527956139448010673014594573,0.00068356117573203404102070589699162529249
0.020000000000000000416333634234433702659,0.99019673397529851681361806760579411611,0.0,0.0090220609504847973569463887111173826856,0.00063675650414872335530789451184446831429
0.010000000000000000208166817117216851329,0.99068892228098362917421739181482029524,0.0,0.0085709834077733329374641634635279306097,0.00059639632481016260882996221436025241903
0.0,0.99112571718257234382133636701508556854,0.0,0.0081705845300484530666844611114446781125,0.00056144307553499501806415502744392410443
