value,sup,dur,Y,S
1.0,2.5019756555378883310389460052981141591e-77,130.0,0.99604088457808246582391958910242413298,0.88881968448054698040653630109176882525
0.98999999999999999111821580299874767661,2.2637638396365395366361950639720270903e-77,130.0,0.99615671505791124989138400740077453539,0.88908302775530741356255728951448720297
0.97999999999999998223643160599749535322,2.049362739225552529995418695334028108e-77,130.0,0.99626671549761903282344675146109944219,0.88934279719557713177825942992441050344
0.96999999999999997335464740899624302983,1.8572224697481231453265748973855311256e-77,130.0,0.99637129012044848025800943366133390811,0.88959912940463947274190229164571428459
0.95999999999999996447286321199499070644,1.6855345498617217546873913451327451044e-77,130.0,0.9964708089422891799034757951865541559,0.88985214952337203059069585850441068939
0.94999999999999995559107901499373838305,1.5324136969846078622013590216043430437e-77,130.0,0.99656561100904241087632516610574238517,0.89010197231383050367282975868246741852
0.93999999999999994670929481799248605967,1.3960080419057405178993381031328227704e-77,130.0,0.99665600731767476566259233423518952925,0.89034870313723758218729712569133556273
0.93000000000000004884981308350688777864,1.2745625961713798782538455651308203197e-77,130.0,0.99674261025062947761510046596072860294,0.89065692094613768604084008775656413832
0.92000000000000003996802888650563545525,1.1664525356009574645795356788036085444e-77,130.0,0.99682556581527257249552483785114724984,0.89104202649613712909509962884295876553
0.91000000000000003108624468950438313186,1.0701973100516041944503088492477494509e-77,130.0,0.99690479322863043138054084602229268007,0.89142212585416471239670931800560609345
0.90000000000000002220446049250313080847,9.8446286621933670601469754026365220308e-78,130.0,0.99698053183366989830377163573656151244,0.89179733948913482733479510445386743257
0.89000000000000001332267629550187848508,9.0805677642339989520365722269242070621e-78,130.0,0.99705300134409034597426494775580198045,0.8921677820441103666421115476487835191
0.88000000000000000444089209850062616169,8.3991939806747382834829550604367629008e-78,130.0,0.99712240374371230446641570906781089885,0.89253356274973020046967844059526407939
0.86999999999999999555910790149937383831,7.791130746906360137435989503101632319e-78,130.0,0.99718892498177812297723738129564504278,0.89289478580282474723831621784201019136
0.85999999999999998667732370449812151492,7.2481064825977951300040317254329610606e-78,130.0,0.99725273648725490131281648127305472108,0.89325155071343751398451234098374306368
0.84999999999999997779553950749686919153,6.76284061402435534729157093892328313e-78,130.0,0.99731399652264858808894442151857971026,0.89360395262315193122978532008712690181
0.83999999999999996891375531049561686814,6.3289350544883489421492478217157504027e-78,130.0,0.99737285139550830679697851791506803205,0.89395208259733770249178579280946360998
0.82999999999999996003197111349436454475,5.9407736010524370588507527969619562251e-78,130.0,0.99742943654371015971350724739529696733,0.89429602789367552603699115863781136728
0.81999999999999995115018691649311222136,5.5934303601545833023299011559936115425e-78,130.0,0.99748387750874444757694871445082613351,0.89463587220909015397332881016352714767
0.81000000000000005329070518200751394033,5.2825874722468403207309508057365445933e-78,130.0,0.99753629080957178530641493035496529406,0.89497169590701643308135720878841924342
0.80000000000000004440892098500626161695,5.0044618967027438623393133663963544727e-78,130.0,0.99758678472814357405431423266858309329,0.89530357622673869406926832291662240982
0.79000000000000003552713678800500929356,4.7557407285033775590411780966138498915e-78,130.0,0.99763546001638239202306251955502921584,0.89563158747637821764827674671705747596
0.78000000000000002664535259100375697017,4.5335243707051969876311036851266597639e-78,130.0,0.99768241053327055731059906471444478065,0.89595580121095480727245139443878088258
0.77000000000000001776356839400250464678,4.3352768298254481179232598557387826118e-78,130.0,0.99772772381968380912079473570057815352,0.89627628639681448486499725047189444761
0.76000000000000000888178419700125232339,4.1587824006326078760882532326378997993e-78,130.0,0.99777148161771657089356549158983193787,0.89659310956359488236851464248524615315
0.75,4.0021080396029454717883356373228241896e-78,130.0,0.99781376034046164179116098997771756799,0.89690633494479130636693754215310056724
0.73999999999999999111821580299874767661,3.8635707775615975076128139451579976221e-78,130.0,0.99785463149751787009202605545375826244,0.89721602460788858772776360359516267124
0.72999999999999998223643160599749535322,3.7417095821292686384746214849767100349e-78,130.0,0.99789416208089312747148952238914860646,0.89752223857493554520435594031554016938
0.71999999999999997335464740899624302983,3.6352611434659740046135128470216524709e-78,130.0,0.99793241491543669397518566790864783839,0.89782503493435920273248438881280452905
0.70999999999999996447286321199499070644,3.5431391187411777754944144843458263454e-78,130.0,0.99796944897746608171866829466398282577,0.89812446994474392056315151162230112161
0.69999999999999995559107901499373838305,3.4644164296403624195579744157071030112e-78,130.0,0.99800531968484050946729642130097932625,0.89842059813123554192493565016063245015
0.68999999999999994670929481799248605967,3.3983102619478655436119500449149682888e-78,130.0,0.99804007916136976503739218407938953053,0.89871347237517181599274553320690176237
0.68000000000000004884981308350688777864,3.3441694663954369289317766892672327023e-78,130.0,0.99807377647812697124843429220844796007,0.89900314399748710303230384353272053925
0.67000000000000003996802888650563545525,3.3014641055241523105224999616739767548e-78,129.0,0.99810645787395146790549267597143460789,0.89928966283639116602561968495698705596
0.66000000000000003108624468950438313186,3.269776932517034736585563603611625205e-78,129.0,0.99813816695717894595320707403482556282,0.89957307731977808733891523438769721996
0.65000000000000002220446049250313080847,3.2487966252102721703752299312333316765e-78,129.0,0.99816897443350748192070682970859267771,0.8998534345327818394076671565749972433
0.64000000000000001332267629550187848508,3.2383126322484416352669535773942601017e-78,129.0,0.99819899204487087486691728088260673583,0.90013078028085897769491905569275882546
0.63000000000000000444089209850062616169,3.2382115191125701524678908217864339263e-78,129.0,0.99822815122051957434221718790029353661,0.90040515914874635726597580193023049675
0.61999999999999999555910790149937383831,3.2484747300246880873606670751448464722e-78,129.0,0.99825648661570432187979221526224332697,0.90067661455561210733190510479464922901
0.60999999999999998667732370449812151492,3.2691777080158624069847865725884450804e-78,129.0,0.99828403107429633747599475623045335882,0.90094518880669115713782086501848316439
0.59999999999999997779553950749686919153,3.3004903402182721129955491042742544558e-78,129.0,0.99831081574489493647119924622611358247,0.90121092314167210214326182835278413153
0.58999999999999996891375531049561686814,3.3426787191700590127536407723966983835e-78,129.0,0.99833687018817603837813535880203609128,0.90147385778007990085273613492272727064
0.57999999999999996003197111349436454475,3.3961082340527428470201271211165837452e-78,129.0,0.9983622224762341523054390405380642537,0.90173403196387858959781816434028089224
0.56999999999999995115018691649311222136,3.4612480287505708477956894990985822513e-78,129.0,0.99838689928459870714035582930376248892,0.90199148399749970586946236172849946899
0.56000000000000005329070518200751394033,3.5386768868570091614948424402605549718e-78,129.0,0.9984109259775412924054477034483671216,0.90224625128548524735771961777333733964
0.55000000000000004440892098500626161695,3.6290906276810712332260488760766309543e-78,129.0,0.99843432668723267439328927628750954707,0.90249837036791863566643474242745149346
0.54000000000000003552713678800500929356,3.7333111223543943195512808344778065135e-78,129.0,0.99845712438725662029343833184783929956,0.90274787695380306099494619019023497196
0.53000000000000002664535259100375697017,3.8522970657482244469151318224672856971e-78,129.0,0.99847934096094098356929571029885539873,0.90299480595253386945988955671893386541
0.52000000000000001776356839400250464678,3.9871566685336155136314324392728214028e-78,129.0,0.99850099726492457695038642373844249251,0.90323919150359984954435424768560422804
0.51000000000000000888178419700125232339,4.1391624648378160455770948336096802009e-78,129.0,0.99852211318834061681917720557328355377,0.90348106700463763347221504561436914679
0.5,4.309768465074985895454930705943787566e-78,129.0,0.99854270770796349691321402483694010494,0.9037204651379536234009203445803779898
0.48999999999999999111821580299874767661,4.5006299212078394644167966605437345746e-78,129.0,0.99856279893963495490017090630847825213,0.90395741789561890043271717640958812098
0.47999999999999998223643160599749535322,4.7136260135214052011321694254361071616e-78,129.0,0.99858240418625797947977310833851622255,0.90419195660323437603506041364482259739
0.46999999999999997335464740899624302983,4.9508858146064462590220611853713760964e-78,129.0,0.99860153998262175700480536705390642447,0.90442411194245593554177697903417626756
0.46000000000000001998401444325281772763,5.214817938364534314568464064820747382e-78,129.0,0.99862022213729829816961217015625072927,0.90465391397236243928845178612304031207
0.45000000000000001110223024625156540424,5.5081443402346332737031507880744409769e-78,129.0,0.99863846577183087164712024359673327413,0.90488139214974314441377213820239181768
0.44000000000000000222044604925031308085,5.8339388003551896619597879636359553554e-78,129.0,0.99865628535741577961289945494710822128,0.90510657534837529320806376620855703756
0.42999999999999999333866185224906075746,6.1956706949557644990619118680545803194e-78,129.0,0.99867369474926215312158476361006940721,0.90532949187735734334620895338174524143
0.41999999999999998445687765524780843407,6.5972547439534322723751788115528230961e-78,129.0,0.99869070721879913599001521905307153822,0.90555016949855838926705899416309218748
0.40999999999999997557509345824655611068,7.0431075156528033325758998313288001832e-78,129.0,0.99870733548388592177249078216889192757,0.90576863544323986549962864408395870295
0.40000000000000002220446049250313080847,7.538211573871302847604058217932007085e-78,129.0,0.99872359173716746187822203650682406978,0.90598491642790148913691083352394013233
0.39000000000000001332267629550187848508,8.0881882701162568381213528329054566444e-78,129.0,0.99873948767270715431894824561860907998,0.90619903866939961563648616309010223069
0.38000000000000000444089209850062616169,8.6993803151468846769039379323865892941e-78,129.0,0.99875503451101733678724229850339380367,0.9064110278993826667777293834860790602
0.36999999999999999555910790149937383831,9.3789454120297586341195012501589843812e-78,129.0,0.99877024302259885301327604239271184204,0.90662090937808511816423575453215190597
0.35999999999999998667732370449812151492,1.013496239846559421460596988968343384e-77,129.0,0.99878512355009223722109033167729760604,0.90682870790751853152403344063188112773
0.34999999999999997779553950749686919153,1.0976551531722923384241116944568011822e-77,129.0,0.99879968602913509953374770130996918437,0.90703444784409541426281607815115393309
0.34000000000000002442490654175344388932,1.1914010757133579660445884573401047762e-77,129.0,0.99881394000801301601155273131849844681,0.90723815311071916369744132404302802152
0.33000000000000001554312234475219156593,1.2958970033148928247489131437496270252e-77,129.0,0.99882789466618457025955828477960981335,0.90743984720837104190935553000461897827
0.32000000000000000666133814775093924254,1.4124566044985423114355372084346061496e-77,129.0,0.99884155883175509770282316349303297134,0.90763955322722296161769426553001760945
0.30999999999999999777955395074968691915,1.5425639927671626999254212798410414968e-77,129.0,0.99885494099796810336496551852764298677,0.90784681013335581120607845260274341796
0.29999999999999998889776975374843459576,1.6878960940826783088042438395675283662e-77,129.0,0.99886804933877820247826193086828410994,0.90809259646164816915174220445977401253
0.28999999999999998001598555674718227237,1.8503479394953493576008815637148416491e-77,129.0,0.99888089172356473825522946404365440543,0.90833620733780397600819741036846578391
0.28000000000000002664535259100375697017,2.0320612525834125716142736401596695597e-77,129.0,0.99889347573104091784293207527750633741,0.90857767035169969639949024153158935037
0.27000000000000001776356839400250464678,2.2354567453424099203992461247001104411e-77,129.0,0.99890580866240934498186683212574773621,0.90881701257126880432029071277669516232
0.26000000000000000888178419700125232339,2.4632705848294159105628119480003137368e-77,129.0,0.99891789755381118193854068525076365852,0.90905426055574358491632227395902353266
0.25,2.7185955466258895194186753310573725866e-77,129.0,0.99892974918811282173920745606483042413,0.90928944036845386353014946328677854394
0.23999999999999999111821580299874767661,3.0049274304607502294404235414891313102e-77,129.0,0.99894137010607086042272448882712490484,0.90952257758920181770902368983800094448
0.23000000000000000999200722162640886381,3.326217378577652134576465262348490299e-77,129.0,0.99895276661691331374634774173513567122,0.90975369732623102753029841696936836123
0.22000000000000000111022302462515654042,3.6869308090980695347514276396090233915e-77,129.0,0.99896394480837239708748486788858156083,0.9099828242278069515341513981578871098
0.20999999999999999222843882762390421703,4.0921137551983384166125127447250294448e-77,129.0,0.99897491055620176369707923420295146619,0.91020998249342510050065725546454317623
0.20000000000000001110223024625156540424,4.5474674868668745755161667888616162517e-77,129.0,0.99898566953320885982265565918815600103,0.91043519588466235610760687925381878028
0.19000000000000000222044604925031308085,5.0594323858241568929509581791027917718e-77,129.0,0.99899622721783098632276175781221241533,0.91065848773568606841111393100792828559
0.17999999999999999333866185224906075746,5.6352821463582106661258575695241404847e-77,129.0,0.99900658890228174401373693173673679233,0.91087988096343481990558792746924150747
0.17000000000000001221245327087672194466,6.2832294858295297699283569048467943191e-77,129.0,0.99901675970029277106526033436836389025,0.91109939807748405916911381997155361023
0.16000000000000000333066907387546962127,7.0125446688926756558620039418458583063e-77,129.0,0.99902674455447404122118832566939068367,0.91131706118960913059179565736394048304
0.14999999999999999444888487687421729788,7.8336882795031458060524378566876964097e-77,129.0,0.99903654824331447326866793019987092434,0.91153289202305760668828766334197590287
0.14000000000000001332267629550187848508,8.7584598149276475956383316802752490487e-77,129.0,0.99904617538784319514191426342963662813,0.91174691192154226194934681907271449831
0.13000000000000000444089209850062616169,9.8001638266058450443326658748227250804e-77,129.0,0.99905563045797049922534210362545726675,0.91195914185796546080107685804490881473
0.11999999999999999555910790149937383831,1.0973795494113300982564346778230188033e-76,129.0,0.99906491777852631305124451829415570903,0.91216960244288521457660844537026526902
0.11000000000000000055511151231257827021,1.2296247690863920191909783526774775712e-76,129.0,0.99907404153501288415228787864779111087,0.91237831393273269028150079190015304659
0.10000000000000000555111512312578270212,1.3786541783688019956642354055447176718e-76,129.0,0.99908300577908733032893715941424287226,0.9125852962377904748941517774912141321
0.089999999999999996669330926124530378729,1.5466084603041404289710719039735463678e-76,129.0,0.99909181443378873361581912021917706011,0.91279056892994047273528133111724763979
0.080000000000000001665334536937734810635,1.7358954226223111085932479462985503216e-76,129.0,0.99910047129852355050039822652942843425,0.91299415125018990273475016557844213131
0.070000000000000006661338147750939242542,1.9492217432335428725953743750249960814e-76,129.0,0.99910898005382226778983555275674503633,0.91319606211598347697261945045037058353
0.059999999999999997779553950749686919153,2.1896281914366172586887056067127863804e-76,129.0,0.99911734426587944765121584157459011138,0.91339632012830946756907704078611258
0.050000000000000002775557561562891351059,2.4605286570070109939714426484479926456e-76,129.0,0.9991255673908885735108961596986953802,0.91359494357860703030499051664543146011
0.040000000000000000832667268468867405318,2.7657533438411804929385437447411347257e-76,129.0,0.99913365277918242567581955653080638725,0.91379195045548182557314042725915395891
0.029999999999999998889776975374843459576,3.1095965101097099523031358662134770479e-76,129.0,0.99914160367918907806168483774558649942,0.91398735845123665849345553027658021001
0.020000000000000000416333634234433702659,3.4968691627783946135973525758724815428e-76,129.0,0.99914942324121301307953205372139178809,0.91418118496822357767528108014373250489
0.010000000000000000208166817117216851329,3.9329571407245232903123398009010436886e-76,129.0,0.99915711452105029579615875347375531102,0.91437344712502358560850572776107416877
0.0,4.4238850473053951759346212531261614753e-76,129.0,0.99916468048344622936591288565229686676,0.91456416176245985262455849185201213117
