value,sup,dur,Y,S
1.0,1.3068913787626856777742217139193297586e-100,130.0,0.99604126356473749881158068547698459313,0.88888399640339364567959965223036112804
0.98999999999999999111821580299874767661,1.1899360539903730952940954110529298482e-100,130.0,0.99615686585254782379657585008012110119,0.88916681726724659141265508085481680358
0.97999999999999998223643160599749535322,1.0839114533871274383464799145962813663e-100,130.0,0.99626667036197970536327186713951721507,0.88944607132556484282255116869949724613
0.96999999999999997335464740899624302983,9.8825616879031756627815819778661853343e-101,130.0,0.99637107731153313466670407459792435923,0.88972188538166165332322245166996465717
0.95999999999999996447286321199499070644,9.0224342415817540191615355141542401479e-101,130.0,0.99647045320139240469491349641572991178,0.88999437555359998356770961475244651485
0.94999999999999995559107901499373838305,8.2507592671315779890000173385357439111e-101,130.0,0.99656513399228710066317944740794723908,0.89026364830455004217689479045588013292
0.93999999999999994670929481799248605967,7.5594539987452174931258439846467181182e-101,130.0,0.99665616121030765699633312255499430119,0.89052980137100207290900532821649731866
0.93000000000000004884981308350688777864,6.9406865032561696253925575189141502113e-101,130.0,0.99674304605758793617448214516746943775,0.89079292459927605059300607496323955576
0.92000000000000003996802888650563545525,6.387081740558853581250630759187046332e-101,130.0,0.9968259532181950451130554650109442554,0.8910531006996634976512004839061185405
0.91000000000000003108624468950438313186,5.8918269448153828726563533736165705583e-101,130.0,0.99690514213300735670782445832857911307,0.89131040592655154184998381504161020233
0.90000000000000002220446049250313080847,5.4487125523895298052419551668502205381e-101,130.0,0.99698085071318392684795643013382026699,0.89159577324791393838177290197944478286
0.89000000000000001332267629550187848508,5.0521329075499623361245088000264992702e-101,130.0,0.99705329743785012515364807305225800823,0.89197620073748105438316041973359904797
0.88000000000000000444089209850062616169,4.6970628553012116820590481020231735206e-101,130.0,0.99712268322617035669431107826051520272,0.89235198146927351605930507767200161585
0.86999999999999999555910790149937383831,4.3790208369747374255803197828873290419e-101,130.0,0.99718919310914069023052954713713396744,0.89272321630370075545398016092910300813
0.85999999999999998667732370449812151492,4.0940253947480300883808381117869071876e-101,130.0,0.99725299772366957304138060892960773537,0.89309000166496918642128548343058036646
0.84999999999999997779553950749686919153,3.8385494940161624136641633268561502906e-101,130.0,0.99731425464900004397441762457369723166,0.89345242984261330075108431998857589239
0.83999999999999996891375531049561686814,3.6094753991496873339212834536195004237e-101,130.0,0.99737310960325689570410559968439627123,0.89381058926805105224056732320158797107
0.82999999999999996003197111349436454475,3.4040517245637507740554728576842831756e-101,130.0,0.99742969751586567013509149971767101127,0.89416456476845075301346972993152782534
0.81999999999999995115018691649311222136,3.2198535493777493396312861337261368991e-101,130.0,0.99748414348977198687711772750187970369,0.89451443779997214869158347843440979618
0.81000000000000005329070518200751394033,3.0547460076704241443029270471405640281e-101,130.0,0.99753656366577231824722005249211731683,0.89486028666224315734893402006495900628
0.80000000000000004440892098500626161695,2.9068514637895677226232105156093123436e-101,130.0,0.99758706599983304886366442336635922688,0.89520218669575341916662696459343472228
0.79000000000000003552713678800500929356,2.7745201962810042525214005608272951595e-101,130.0,0.99763575096300573028309493605350799353,0.89554021046368390063219933137877368957
0.78000000000000002664535259100375697017,2.6563044058310786451773351904882395739e-101,130.0,0.99768271217242587034846539756894197803,0.89587442791954664013733761621217949161
0.77000000000000001776356839400250464678,2.5509353056638950025775072881575995791e-101,130.0,0.99772803696089430981244210928542656426,0.89620490656187804570675180886289502017
0.76000000000000000888178419700125232339,2.4573030290996226762473717379762305046e-101,130.0,0.9977718068916695306762748020012134178,0.89653171157711186441626257285027941623
0.75,2.3744390862952642916744502221069498263e-101,130.0,0.99781409822433258152227182515622189756,0.89685490597165231150867314023218821931
0.73999999999999999111821580299874767661,2.3015011123818235966506907911332287882e-101,130.0,0.99785498233691153594770529380448529464,0.89717455069407276866764679335409870714
0.72999999999999998223643160599749535322,2.2377596668450828657260461425164277094e-101,130.0,0.99789452610885859285559677070199532027,0.89749070474827979387018440536466457737
0.71999999999999997335464740899624302983,2.1825868655039611302136156150438269806e-101,130.0,0.99793279226895034470063439171402169243,0.89780342529840494916934439991729269159
0.70999999999999996447286321199499070644,2.1354466495271698981396073771563028396e-101,130.0,0.99796983971172174118239137796851296944,0.89811276776611727146955152776989617218
0.69999999999999995559107901499373838305,2.0958865191660640440391656304573253978e-101,130.0,0.99800572378563922256538372252781874638,0.89841878592098630440565993342091889806
0.68999999999999994670929481799248605967,2.0635305824220262744303039027857638786e-101,130.0,0.99804049655586165556361043518496259348,0.89872153196446878116955969825210744166
0.68000000000000004884981308350688777864,2.0380737902524956407936590268869159652e-101,130.0,0.99807420704412315385068915047905677032,0.89902105660804067471767171614201711017
0.67000000000000003996802888650563545525,2.0192772499501494570471959222945532415e-101,130.0,0.99810690144799441006195159866972975781,0.89931740914594988915449438216133397666
0.66000000000000003108624468950438313186,2.0069645269715159549762952761226139257e-101,130.0,0.99813862334153423647288459239136212558,0.89961063752302274010647096219708581151
0.65000000000000002220446049250313080847,2.001018862817971901800783503803464621e-101,130.0,0.99816941385912664795834598650702154626,0.89990078839791939916065605023754841019
0.64000000000000001332267629550187848508,2.0013812527236472720304781076547261372e-101,130.0,0.99819931186410748388674871586791518941,0.90018790720219884363119558679976783067
0.63000000000000000444089209850062616169,2.0080493420609794446088793277537516733e-101,130.0,0.99822835410361524754455742506308763224,0.90047203819552262319773852864986579776
0.61999999999999999555910790149937383831,2.0210771147382546096254348815066349498e-101,130.0,0.99825657535095083925132763854138571754,0.90075322451729833237966697428195562573
0.60999999999999998667732370449812151492,2.0405753606496686293549283320334561221e-101,130.0,0.99828400853659784974898837677746701689,0.90103150823503789819982423783539024711
0.59999999999999997779553950749686919153,2.0667129226691667085057873506202452127e-101,130.0,0.9983106848689370169946193451635636707,0.90130693038968237078044758643593463665
0.58999999999999996891375531049561686814,2.099718736980456682204759768275862183e-101,130.0,0.99833663394558354505038435681220263003,0.90157953103812361557236879494078423916
0.57999999999999996003197111349436454475,2.1398846939363230610250989006455495399e-101,130.0,0.998361883856182674118114962661042502,0.90184934929313394400510919760122109236
0.56999999999999995115018691649311222136,2.1875693603740158974090882679708529393e-101,130.0,0.99838646127741580642560504444664296875,0.90211642336089709995454771840953074432
0.56000000000000005329070518200751394033,2.2432026186193141918756142855240855281e-101,130.0,0.99841042577683852142528998864845948725,0.90238079057631797364876300049128471917
0.55000000000000004440892098500626161695,2.3072912925376066177591050516942502321e-101,130.0,0.99843384521154520295848397804577977282,0.90264248743627381944299390829473062569
0.54000000000000003552713678800500929356,2.3804258471952009567869784534888168639e-101,130.0,0.99845666133572702900048709272587723205,0.90290154963095636948546985798365912892
0.53000000000000002664535259100375697017,2.4632882662522694308020759187791993814e-101,130.0,0.99847889602569361480972381886295209982,0.90315801207344218668208575781436860939
0.52000000000000001776356839400250464678,2.5566612304130832801834110898518077712e-101,130.0,0.99850057013282093826692734247589178298,0.90341190892761740879121994010940300288
0.51000000000000000888178419700125232339,2.6614387414250327895468791981421292185e-101,130.0,0.99852170354251884713583865567155978031,0.90366327363457297250983847769348963551
0.50,2.7786383595877336664511574298142423753e-101,130.0,0.99854231522918627197091778975946771778,0.90391213893757713625081608186559208228
0.48999999999999999111821580299874767661,2.9094152488812126868738291369235138784e-101,130.0,0.99856242330746743979626430308108318109,0.90415853690572366870218355712047461512
0.47999999999999998223643160599749535322,3.0550782530579456544558223859433902246e-101,130.0,0.99858204508009499222274085409856953307,0.90440249895634633821076670057899311174
0.46999999999999997335464740899624302983,3.2171082588189953298748883365578941483e-101,130.0,0.99860119708258114795940357896676697324,0.90464405587628326298450059134179996408
0.46000000000000001998401444325281772763,3.3971791390080668506780954102400923008e-101,130.0,0.99861989512499564167737470136538866916,0.90488323784206820348591376235105188749
0.45000000000000001110223024625156540424,3.597181610159878510947890970327792337e-101,130.0,0.99863815433104887779731699483094888987,0.90512007443911995447586783793111924602
0.44000000000000000222044604925031308085,3.8192503853402390071602551163635461265e-101,130.0,0.99865598917468033971536402077397492497,0.90535459467999552874254264514364752118
0.42999999999999999333866185224906075746,4.0657950556890422863724914017994124571e-101,130.0,0.99867341351433560879404640527213867497,0.9055868270217678849726687876485808104
0.41999999999999998445687765524780843407,4.3395351931698090377333570200060849174e-101,130.0,0.99869044062510018866799683464890971182,0.90581679938258433142097687030022954746
0.40999999999999997557509345824655611068,4.6435402335650036537271879725495583365e-101,130.0,0.99870708322884455913427386563495910473,0.90604453915745756623069042246279434381
0.40000000000000002220446049250313080847,4.9812747736453574639454624604281821651e-101,130.0,0.9987233535225223545737261893737814329,0.90627007323333744868470221275714825936
0.39000000000000001332267629550187848508,5.3566500006875772336910758586678893178e-101,130.0,0.99873926320475215682531749487066734151,0.90649342800350806268835378078703663352
0.38000000000000000444089209850062616169,5.7740820672228626933621708185150252205e-101,130.0,0.99875482350080299816615260732813886861,0.90671462938135135039806689481198444514
0.36999999999999999555910790149937383831,6.238558330282617087715499073748742239e-101,130.0,0.99877004518609419625247104260472910308,0.90693370281351564185152105276394469968
0.35999999999999998667732370449812151492,6.7557124937982118258842234906490547607e-101,130.0,0.99878493860831149040064484425636385041,0.90715067329252460570620559951986148193
0.34999999999999997779553950749686919153,7.3319098266646160079121320524841890702e-101,130.0,0.99879951370823355008106826163864412354,0.90736556536885963424249661240284290638
0.34000000000000002442490654175344388932,7.9743437788812930127197462049597565983e-101,130.0,0.99881378003935570357881684912270057006,0.90757840316254632761225719146892440343
0.33000000000000001554312234475219156593,8.6911454858664169340868080565383891118e-101,130.0,0.99882774678639112790958285925657584,0.90778921037427359684145656637155941557
0.32000000000000000666133814775093924254,9.4915078383771929447759787668076997437e-101,130.0,0.99884142278272368950518067098347630901,0.90799801029607189323674214178748053659
0.30999999999999999777955395074968691915,1.0385826004488318338131852242154574002e-100,130.0,0.99885481652688108422668474120872062731,0.90820482582157527994439949274617083316
0.29999999999999998889776975374843459576,1.1385856522968154702343451548052704967e-100,130.0,0.99886793619809183867383696160648515556,0.90840967945589032791472220094431413975
0.28999999999999998001598555674718227237,1.2504897346496543488154477776052456406e-100,130.0,0.9988807896709850708057217666756470543,0.9086125933250932807318484791708185745
0.28000000000000002664535259100375697017,1.375799150100126274870353532434610135e-100,130.0,0.99889338452948762219068975558169929437,0.90881358918537547953520750065360698218
0.27000000000000001776356839400250464678,1.5162157346628509700846288092413757417e-100,130.0,0.9989057280799692362785343048447366233,0.90901268843185571352666818914001327632
0.26000000000000000888178419700125232339,1.6736648779344641516191009848462788678e-100,130.0,0.99891782736368283301554156046902737003,0.909209912107076903724063073437714598
0.25,1.8503249102887596976001781116030770458e-100,130.0,0.99892968916854359807787423983702495079,0.90940528090920342434045720479315604577
0.23999999999999999111821580299874767661,2.0486602731889668388357108492942860783e-100,130.0,0.99894132004028753106341435443111143087,0.90959881519993426951852935138326601938
0.23000000000000000999200722162640886381,2.2714589361758859699106478963012208073e-100,130.0,0.99895272629304726719512709725227553066,0.90979053501214631647509109191969464572
0.22000000000000000111022302462515654042,2.5218745762731595298681592078854039674e-100,130.0,0.99896391401938037522331007488241995759,0.90998046005728102410704041884359164439
0.20999999999999999222843882762390421703,2.8034740927889723122303317110462387385e-100,130.0,0.99897488909978292296670959963077998946,0.91016860973248705425961559572356844344
0.20000000000000001110223024625156540424,3.1202910931433156129624829286669983704e-100,130.0,0.99898565721171887631558640984572339998,0.91035500312753053998875228006399980925
0.19000000000000000222044604925031308085,3.4768860537712349897266413176272380331e-100,130.0,0.99899622383819383846730914820714074848,0.9105396590314839852388040830821794286
0.17999999999999999333866185224906075746,3.8784139347041433224512268189910760618e-100,130.0,0.99900659427589973258239220008684725992,0.91072259593920410753685129132651471605
0.17000000000000001221245327087672194466,4.3307001074664401266538311341872564798e-100,130.0,0.99901677364295526999088855896690026272,0.91090383205760832368266992490691797412
0.16000000000000000333066907387546962127,4.8403255437847161862085485033547342079e-100,130.0,0.9990267668862654135731854461607021326,0.91108338531175898287465605788268685428
0.14999999999999999444888487687421729788,5.4147223076148344988917826990190751886e-100,130.0,0.99903657878852153387938985756635140892,0.91126127335076391122656792421731005788
0.14000000000000001332267629550187848508,6.0622804954450312752989618063094893694e-100,130.0,0.99904621397486255414782384348248156763,0.91143751355350134180594344806142280426
0.13000000000000000444089209850062616169,6.7924678799925567512383194549545345894e-100,130.0,0.99905567691921607860270933814001228859,0.91161212303417682202239859652377099531
0.11999999999999999555910790149937383831,7.6159636304941742886449012112565958438e-100,130.0,0.99906497195033729055625341334145193238,0.91178511864771925396813735656913625448
0.11000000000000000055511151231257827021,8.5448076089578745937941559842260139168e-100,130.0,0.99907410325756228544941396494147210988,0.91197384482600860501969397297158718384
0.10000000000000000555111512312578270212,9.5925668760867547461117147382415621986e-100,130.0,0.99908307489629146008691700203775920931,0.91218504399162784140506203505001258283
0.089999999999999996669330926124530378729,1.0774521183117162582729313529106707808e-99,130.0,0.99909189079321760959170087661188808343,0.91239455559331496289058162685378239621
0.080000000000000001665334536937734810635,1.2107869376446465576910516656404169136e-99,130.0,0.99910055475131248078159967990640880001,0.91260239870915874754461509528556187862
0.070000000000000006661338147750939242542,1.3611958800464066014409324701816512162e-99,130.0,0.99910907045458469012018618876625962411,0.91280859209485114280205825128667848744
0.059999999999999997779553950749686919153,1.5308539950116930129638249379953595417e-99,130.0,0.99911744147262113085907090679415862574,0.91301315419074355260779349076865739884
0.050000000000000002775557561562891351059,1.722204879796666438112588825695948051e-99,130.0,0.99912567126492326424409138497935642068,0.91321610312870805424540374029210274108
0.040000000000000000832667268468867405318,1.9379919400193418683400908171141317262e-99,130.0,0.99913376318504900871229958021658807234,0.91341745673881034889452241324858837932
0.029999999999999998889776975374843459576,2.1812929571354137295668992256951662028e-99,130.0,0.99914172048457030521137747694368210659,0.91361723255580094536943992261927736326
0.020000000000000000416333634234433702659,2.4555582607688862367416001813007784023e-99,130.0,0.99914954631685584394877932788047651211,0.9138154478254308078812668091361382876
0.010000000000000000208166817117216851329,2.7646528232147272000640148018767976382e-99,130.0,0.99915724374068788329370442338832421926,0.91401211951059742466716519349923421681
0.0,3.1129026129597718966031652283499213662e-99,130.0,0.9991648157237215736491448178590497794,0.91420726429732700526185425667614107948
