value,sup,dur,Y,S
1.0,2.7619033740658853231684900068576427512e-409,131.0,0.99999743973707733714477693504585011653,0.89507028398489347785524193758304997248
0.98999999999999999111821580299874767661,8.663901471333184326742331536041276471e-190,131.0,0.99920461414925376817360824267541036518,0.8934378442057136084109423691922997399
0.97999999999999998223643160599749535322,9.3608200672729323560086838311281141256e-152,131.0,0.99841155798477223913102545508158747932,0.89221036105495081047988358463012002909
0.96999999999999997335464740899624302983,3.2362402547778413346241833385083883487e-129,130.0,0.99762042961230713555029851624983968526,0.89081697042366637579532767789713602878
0.95999999999999996447286321199499070644,3.9496332278222556453954566513029540379e-113,130.0,0.99683055446645261565928544629106175025,0.88990628540877805555328313786650565807
0.94999999999999995559107901499373838305,1.3068913787628358169259929393086644153e-100,130.0,0.99604126356473749530504037549221851038,0.88888399640339364055666098561897804724
0.93999999999999994670929481799248605967,2.3255476498096979942269076584909317074e-90,130.0,0.99525330541437200409576222488449691211,0.88764561098345826844440674762262127761
0.93000000000000004884981308350688777864,1.1063173814876708795382596435628323735e-81,130.0,0.99446773248046660950415125834781540759,0.88660160811419153962230161503360466432
0.92000000000000003996802888650563545525,3.6811006989256611402304946387495611027e-74,130.0,0.99368220954343597330063663773215849121,0.88592789531223210954093061669982119746
0.91000000000000003108624468950438313186,1.5966996710775639860642587968382908378e-67,130.0,0.99289683666040956021103382845160644982,0.88516971200524782387049968306463217195
0.90000000000000002220446049250313080847,1.3829522355255770711633409787663479025e-61,130.0,0.9921145911678426759519607852843527368,0.8843549818801554882952325655455001666
0.89000000000000001332267629550187848508,3.2445780740984838818992647708619326514e-56,130.0,0.99133425836245518911180707985378220704,0.88350308117857454161545281434870389215
0.88000000000000000444089209850062616169,2.5838916703757985018716372645070294092e-51,130.0,0.99055442256577739829652168166733859912,0.88262769475413280965989577994360332371
0.86999999999999999555910790149937383831,8.2931914646812604634876976446338071388e-47,130.0,0.98977512203088868288901351405523764026,0.88173862202398965864917687392370652255
0.85999999999999998667732370449812151492,1.2262048534205045069960532285930299696e-42,130.0,0.98899639146492180121333552556137356226,0.88084295340716353449050645893777547976
0.84999999999999997779553950749686919153,9.2875010934571371542905500254242286056e-39,130.0,0.98821826234640649347092929621946256679,0.87994585645680560181284246857126749575
0.83999999999999996891375531049561686814,3.9259645066273051426778369393697155484e-35,130.0,0.98744228099315897128504279176543473492,0.87936038280531595420984063932830326222
0.82999999999999996003197111349436454475,9.9354266638166251583587176543441692074e-32,130.0,0.9866697945627928836781267223566411055,0.87881558956201193949615172495370847768
0.81999999999999995115018691649311222136,1.5955087982600102521342681523842474355e-28,130.0,0.98589806626978674763420476253867534456,0.87825982115647843480857159689392559901
0.81000000000000005329070518200751394033,1.7071988343539512470642030802710663734e-25,130.0,0.9851271099248104934872152698172632969,0.87769592580597400488912311062980534376
0.80000000000000004440892098500626161695,1.2685130467410458052582393802728964631e-22,130.0,0.984356938509210706873008637372426469,0.87712622680624994287031327838270948359
0.79000000000000003552713678800500929356,4.3581810431794440338077373477623506189e-20,130.0,0.98358756419800245630268080077143330913,0.87655262662538126217831776776871422078
0.78000000000000002664535259100375697017,4.5753034255610680126237161085835267195e-18,129.0,0.98281899839444271745906772063743558723,0.87597668802492900178388359824461909857
0.77000000000000001776356839400250464678,1.5717415459408155607777624683380429717e-16,129.0,0.98205125177043982488551821517749384306,0.8753996978260374877325796724049162817
0.76000000000000000888178419700125232339,2.1393930729318510407240778250655376403e-15,129.0,0.9812843343092693150851287703250008987,0.87482271743182962497111238772576775952
0.75,1.5749991266692115647960710684861416835e-14,129.0,0.98051825534844799711463431353456033736,0.87424662314940513689477319306376654406
0.73999999999999999111821580299874767661,8.062940966581492767236476980816013345e-14,129.0,0.97975302362148692347277101270806845757,0.87367213858785797002828401514253651853
0.72999999999999998223643160599749535322,3.3012250655030220116055746683866631172e-13,129.0,0.97899197853324483109416829933376658835,0.87309986085167648920722877751878474416
0.71999999999999997335464740899624302983,1.1548703272641143119438812135420965865e-12,129.0,0.97823273933495566492612253371053715099,0.87253028183989233030690669438666239547
0.70999999999999996447286321199499070644,3.6067269402695037943929280181067031109e-12,124.0,0.97747441251293551497817882597487653452,0.87196380565803893547436849513924280309
0.69999999999999995559107901499373838305,1.0235102825893918128308018829629284574e-11,113.0,0.97671700175647277578214064426371511909,0.87140076292295384549349503928455487194
0.68999999999999994670929481799248605967,2.6977805797730968719077736480301416514e-11,102.0,0.97596051057281108283694244434712094161,0.87084142256904341176468937017920517828
0.68000000000000004884981308350688777864,6.6656040058994622684152326092647164599e-11,94.0,0.97520494228830523436738645285511614257,0.87028600163414482563245309875714384039
0.67000000000000003996802888650563545525,1.5583823308030295652513789260003752303e-10,86.0,0.9744503000511777057857552125820146055,0.86973467340303299608195156607120665446
0.66000000000000003108624468950438313186,3.4812895160920667995925286594651904868e-10,80.0,0.97369658683540561038410317431338973987,0.86918757420929515645247329868216518659
0.65000000000000002220446049250313080847,7.3859751408970297259795043001365358142e-10,74.0,0.9729438054453863066337381501886493831,0.868644809136151698939602957218752318
0.64000000000000001332267629550187848508,1.5128422684506550212479736462420991624e-09,69.0,0.97219195852111860779427801480523447911,0.86810645680972191087246921474370718793
0.63000000000000000444089209850062616169,2.9909453135279942726125306997151611479e-09,64.0,0.97144104854370267768602370725168621664,0.86757257344115693876706652028299118262
0.61999999999999999555910790149937383831,5.7140740723714660837650660328473260312e-09,60.0,0.97069107784101167596732951429844269105,0.86704319624469747758554609556778028119
0.60999999999999998667732370449812151492,1.0599410172216694736709435084070187958e-08,57.0,0.96994204859342593548846256253731253181,0.86651834633533044976675894578350854785
0.59999999999999997779553950749686919153,1.9194916393100831821968653242518501631e-08,54.0,0.96919396283954905371048184111463409526,0.86599803119100334244068977681023052505
0.58999999999999996891375531049561686814,3.3602485997354150019828662427427266712e-08,51.0,0.96844682248184700915036684488976446684,0.86557997286928562208983596164481344522
0.57999999999999996003197111349436454475,5.8024629133629049692285705368441083026e-08,49.0,0.9677006292921679466053796308116093084,0.86521014403936157772195390935739601457
0.56999999999999995115018691649311222136,9.7241998518985901603916235919151460456e-08,47.0,0.96695538491711286076401659213199779214,0.86484141278020661692546703088923924871
0.56000000000000005329070518200751394033,1.5954772891893226761712599762204148051e-07,45.0,0.96621148645770203727364249997156374694,0.86447389364096073971977245785183361391
0.55000000000000004440892098500626161695,2.5880272560610389881009705378354588743e-07,43.0,0.96547226288522883305228365174126567331,0.86410768775816755196272710510077522655
0.54000000000000003552713678800500929356,4.0957616612025569434888956434741490403e-07,41.0,0.96473401409796347271941017177098526826,0.86374288426956785425975093438245991903
0.53000000000000002664535259100375697017,6.3476577020303146419412802872871007724e-07,40.0,0.96399674008417565389591849525403347108,0.86337956156726436504107703588325327924
0.52000000000000001776356839400250464678,9.7436788139927635149230584013788246709e-07,38.0,0.96326044079514697080135668165075779392,0.86301778841041378916170248042966228411
0.51000000000000000888178419700125232339,1.4818561393517248272763651262278882847e-06,36.0,0.96252511614487025094421819289459805848,0.86265762491481218950422683740090189396
0.50,2.183305370715512446593738848031986725e-06,35.0,0.96179076600997173514472613450217944425,0.86229912343437264971001856668870287371
0.48999999999999999111821580299874767661,3.1907392963053318078046941564491517762e-06,33.0,0.96105739022981667177097240004183536497,0.86194232934748061264547376017117731703
0.47999999999999998223643160599749535322,4.626524429107473285137070112405931906e-06,32.0,0.96032498860676532672231465069707557753,0.86158728175949472053518657532382980912
0.46999999999999997335464740899624302983,6.6575768993609440257393439646570057975e-06,31.0,0.95959356090655175677724437070878048879,0.86123401413119215331667015003706647567
0.46000000000000001998401444325281772763,9.3188523573185394655326178040097123681e-06,30.0,0.95886310685876215362238953381522844988,0.86088255484169821208409178457840232765
0.45000000000000001110223024625156540424,1.2944782518382861535007172877531263698e-05,29.0,0.95813362615739325977969429377593447085,0.86053292769335770642596028866898461513
0.44000000000000000222044604925031308085,1.7864528735610255606831178745447964998e-05,29.0,0.95740511846147455920075543490434083067,0.86018515236507358714312025937066684825
0.42999999999999999333866185224906075746,2.4498153405808109227506833657190574694e-05,28.0,0.95667758339574041788645114795628653918,0.85983924481983345778497520118654579554
0.41999999999999998445687765524780843407,3.3103973598115946803530115488185595461e-05,27.0,0.95595102055134068934521966921547560415,0.85949521767144842153378340475944815187
0.40999999999999997557509345824655611068,4.3986433973106690285712570200560389007e-05,26.0,0.95522542948658006475790172445309029491,0.85915308051492503769959094980158059421
0.40000000000000002220446049250313080847,5.8125398996498867723510088851858007309e-05,24.0,0.95450080972767804039752444219892972063,0.85881284022436676159843504862457994067
0.39000000000000001332267629550187848508,7.6397485851615150978344663061842749853e-05,24.0,0.95377716076954266024641552289025064352,0.85847450122184474277273205386112026427
0.38000000000000000444089209850062616169,9.9887568773258830713863812497917493617e-05,23.0,0.95305448207655239026292774416585579433,0.85813806572027978917605925416797500054
0.36999999999999999555910790149937383831,0.00012884681404172636421263139803533067513,23.0,0.95233277308334128297648955956452564214,0.85780353394302940344016913805172162022
0.35999999999999998667732370449812151492,0.00016383159318729099515847222774594032362,22.0,0.9516120331955835308292685302209087919,0.85747090432256940871283006013400394695
0.34999999999999997779553950749686919153,0.00020735428102420511086183712029423017171,21.0,0.95089226179077409958719004452842192144,0.85714017368039269605658947862176137677
0.34000000000000002442490654175344388932,0.00026125004127394711844239884178903674022,21.0,0.95017345821900273998060722556587107664,0.85681133739001318943490314802402024804
0.33000000000000001554312234475219156593,0.00032768852883475681577809766514012431808,20.0,0.949455621803719131515192392953558699,0.85648438952475686232776540427890756085
0.32000000000000000666133814775093924254,0.00040854638778149190638303534805574254035,19.0,0.94873875184248741016290323178602535631,0.85615932299183995487231669441499411555
0.30999999999999999777955395074968691915,0.00049987486797104600835897637622487498405,18.0,0.94802284760772854340919213980641140154,0.85583612965407411511806237883874210764
0.29999999999999998889776975374843459576,0.00060919148329552561725167764502022073778,18.0,0.94730790834744945400045483228912515455,0.855514800440396530225424379967219829
0.28999999999999998001598555674718227237,0.00073950555149070266478990610463080510042,17.0,0.94659393328595796282919042143748578795,0.8551953254462976450318907636197907727
0.28000000000000002664535259100375697017,0.00089422008498418121198746785570021845518,17.0,0.9458809216245628676186828603155276143,0.85487769402510791244959556055225012045
0.27000000000000001776356839400250464678,0.0010771616859166742700396936872464578916,16.0,0.94516887254225862379944989035477334107,0.85456189487100634432909972203713215528
0.26000000000000000888178419700125232339,0.0012855359379291668167082532921814430944,15.0,0.94445976448292390978636246738156985392,0.85424791609452598915028964665486344934
0.25,0.0015152068502896483333430354398739249006,14.0,0.94375357751709276364397799580967904748,0.85393574529125338100218049342844560813
0.23999999999999999111821580299874767661,0.0017797882944740677037902913578429512506,14.0,0.94304835855289105423776457858305839098,0.85362536960434955335997093535350774646
0.23000000000000000999200722162640886381,0.0020834694239657202940681016380075255226,13.0,0.94234410625510809861144617801959469301,0.85331677578145816618867735158971102294
0.22000000000000000111022302462515654042,0.0024307528291005065366034692744523003096,13.0,0.94164081928406923364748704037364836118,0.85300995022651092041867426766369135586
0.20999999999999999222843882762390421703,0.0028264471474460916460548038878193665227,13.0,0.94093849629558406300122644369827566273,0.85270487904689093118760641263197163675
0.20000000000000001110223024625156540424,0.0032636395256704447938905856709748977333,11.0,0.94023713594091454797646403426261324532,0.85240154809637037473669012754995485518
0.19000000000000000222044604925031308085,0.0037242441600677601882892708445224701547,11.0,0.93953673686676075782127335885332313062,0.85209994301419902408821256598998293321
0.17999999999999999333866185224906075746,0.0042373154823248063614852836369644950129,10.0,0.93883729771526232097325403235919636413,0.851800049260684651655429193144597482
0.17000000000000001221245327087672194466,0.0048069794676585866452670205841185572998,10.0,0.93813881712401376832892094893351656597,0.8515018521495742509911279910867790434
0.16000000000000000333066907387546962127,0.0054374398905043543872174269015995294568,8.0,0.9374412937260921928453256821586676678,0.85120533687751628301147671694188257795
0.14999999999999999444888487687421729788,0.0061329473001150912208424447945559379583,8.0,0.9367447261500958111985219231760382918,0.85091048855085826322128564935576506805
0.14000000000000001332267629550187848508,0.0068977649688719136007460553493388181729,7.0,0.93604911302019210567401171046412358489,0.8506172922100106659286603374511682631
0.13000000000000000444089209850062616169,0.0076786463235528712145015852568834811799,6.0,0.93535445295617440660414211445916842627,0.85032573285158712080830084660771650549
0.11999999999999999555910790149937383831,0.0085041601509217284897012508396624406848,5.0,0.93466074457352589186541347373469393211,0.85003579544851190565712031709440109167
0.11000000000000000055511151231257827021,0.0093955291455107882796681589292284299019,3.0,0.93396798648349003141710441173265321721,0.84974746496826858203978268624468562667
0.10000000000000000555111512312578270212,0.010355433863950439957028462484520274446,0.0,0.93327617729314665863206711415668413381,0.84946072638944815596076129208137319257
0.089999999999999996669330926124530378729,0.011386415232381655720543047954785872242,0.0,0.93258531560549290750843321697558503849,0.84917556471674111958235756725791738352
0.080000000000000001665334536937734810635,0.012490852563112268406818141241960717222,0.0,0.93189540001952833180914320926434774598,0.84889196499450504003006932691306061882
0.070000000000000006661338147750939242542,0.013670942896877574136635011753849628768,0.0,0.93120642913034358295655946406512035966,0.84860991231902785759688712649202837963
0.059999999999999997779553950749686919153,0.014875135669344145911606291922871838492,0.0,0.93051840152921211195980511909688989678,0.84832939184959663607417999250902127892
0.050000000000000002775557561562891351059,0.016084676234084207184017108245932500658,0.0,0.9298313158036843902944829766302435638,0.84805038881847202977124137430464160256
0.040000000000000000832667268468867405318,0.017359578281422701145924398656002512787,0.0,0.92914517053768419438627165753121431533,0.84777288853986013212376226967679462346
0.029999999999999998889776975374843459576,0.018700658192065721316837418993559027485,0.0,0.92845996431160657313257033709905207608,0.8474968764179655657216843028813349733
0.020000000000000000416333634234433702659,0.020108562239742458606626056223875115439,0.0,0.92777569570241711936181514089949612489,0.84722233795420254677199684074224640372
0.010000000000000000208166817117216851329,0.021583764381693027897459557480090340001,0.0,0.9270923632837522310596801687722706736,0.84694925875363419563389664729243166656
0.0,0.02312656561571148116916170833217553353,0.0,0.92640996562602007196090061360632623767,0.84667762453070446509288128408097542132
