value,sup,dur,Y,S
1.0,1.222840753855741987207522142707198602e-240,105.0,0.99999199613834690519774365551186203191,0.29330651210404798175166849175208079076
0.98999999999999999111821580299874767661,4.9430527910852421784883499289604232827e-94,105.0,0.99921099706061383591257830878416628583,0.28562551920260635434525249789323126393
0.97999999999999998223643160599749535322,6.1986217301521534581764436073104713984e-65,104.0,0.99842784245163858440317549188910484157,0.28076099131187599470560671028109738487
0.96999999999999997335464740899624302983,1.811267869811375600227778249498189606e-47,103.0,0.99764572164840856844615030078690143662,0.27658677705236583378169495222329063151
0.95999999999999996447286321199499070644,5.9805582228092574276578119382573971709e-35,102.0,0.9968649108204058533553269222463446084,0.27283791589133543846591350319302129685
0.94999999999999995559107901499373838305,3.2542499015219052649495648813312114592e-25,101.0,0.99608517062250971030287641291786112535,0.26945857525651122290626268505893317085
0.93999999999999994670929481799248605967,2.759722403339241366288896467023867612e-17,100.0,0.99530665462074898068300807934989002132,0.26633167566170934122409397014290682093
0.93000000000000004884981308350688777864,1.1889948038986308913813801299812982195e-10,98.0,0.99452931783982130868040989854410746616,0.26331541879866100419058869456638413415
0.92000000000000003996802888650563545525,3.4780986587313501933044253950052091895e-05,96.0,0.99375297347948134027007463293263459405,0.26055834533920235389063052542756503593
0.91000000000000003108624468950438313186,0.0027557254447517053227988810531932038808,74.0,0.99297833136904742402708434900647371107,0.25793248059750871028934317890855892953
0.90000000000000002220446049250313080847,0.0097581227090371892750620059069480664901,7.0,0.99052960519140574097382726353902317116,0.25531504567968478783661704084395557649
0.89000000000000001332267629550187848508,0.018366070868212510850673189992959136115,0.0,0.99143217712647818074212724187565636833,0.25297835730365948546392562753973524301
0.88000000000000000444089209850062616169,0.027509010014669054719554195754091320425,0.0,0.99066067662146193985427905626689556859,0.25071313632912428654843870343783446244
0.86999999999999999555910790149937383831,0.036862144686119908432148066869007730689,0.0,0.98989091927628314718885249476154994265,0.24846838260065245770077104711388110189
0.85999999999999998667732370449812151492,0.046287868559806756478979195546390996109,0.0,0.98912177486358754786234702118265934252,0.24625026977985113752420219435251352004
0.84999999999999997779553950749686919153,0.055727083145367479265878383758881800891,0.0,0.98835429802030072856103145459916510725,0.24425854893307967651342736183851295376
0.83999999999999996891375531049561686814,0.065166474668794314066942193343135639034,0.0,0.98758800529570292660602780128697041515,0.24232987701749752819664989911298828766
0.82999999999999996003197111349436454475,0.074611204087870318340629958786506518894,0.0,0.98682242771460012086896483642333815297,0.24042364542979770241885739110548322213
0.81999999999999995115018691649311222136,0.084020020164547660621274088050375117079,0.0,0.98605846277411330387563319347092220131,0.23854201673571256341257076909498843596
0.81000000000000005329070518200751394033,0.093420249896134319256852920191195489659,0.0,0.98529589985456404804014296243431627508,0.23668654643004799656591598218423406789
0.80000000000000004440892098500626161695,0.10278138497975475759604436291548004814,0.0,0.98453412948353204400288685171002194479,0.23490565059501554597424251723209988894
0.79000000000000003552713678800500929356,0.1121431367933245688559173040448192819,0.0,0.98377315581302812663877680101606152836,0.23328104412499939800166490809550006649
0.78000000000000002664535259100375697017,0.1214376787595641135780424727216382562,0.0,0.98301422899856463372049134286641800927,0.23167625520592125326932841986201542624
0.77000000000000001776356839400250464678,0.13073562469713085623988248275567380522,0.0,0.98225641446674482740792890456219245961,0.23009197440901055191773462990616226884
0.76000000000000000888178419700125232339,0.13999540545939345090713734044096309965,0.0,0.98149945428278002072773046568545642046,0.22852868808460793522595511014768923358
0.75,0.14921167247161556347465126140648478242,0.0,0.98074335054246605165177075210420046615,0.22698671659777773517220431028048563817
0.73999999999999999111821580299874767661,0.15842555802837288539613706049969947985,0.0,0.97998847889818750756125128228997570971,0.22546624527154617384434962700158607386
0.72999999999999998223643160599749535322,0.16759856883485365474064289055950060266,0.0,0.97923560362300779384297378362063905744,0.22396734953774328770360740398152177717
0.71999999999999997335464740899624302983,0.176721795246744977461697176449358257,0.0,0.97848362881021283229552631523634288759,0.22257669001039368193223166941743068456
0.70999999999999996447286321199499070644,0.18583948422385135445579014903961037757,0.0,0.97773255504113603228004637098386539815,0.22125136044053692213888230334923117235
0.69999999999999995559107901499373838305,0.19494747472874045829041607996425483978,0.0,0.97698238304107874424962757306651080187,0.21994229953102706305712291574449994425
0.68999999999999994670929481799248605967,0.20396753038520611906074212108659271036,0.0,0.97623311364159973017955175082548585036,0.21864955549168059408805916930022092219
0.68000000000000004884981308350688777864,0.21298004895821969925209929193073676063,0.0,0.97548577072059118869692400879227662326,0.21737312607247425825660977794529576789
0.67000000000000003996802888650563545525,0.22198445733350782592580901280721948021,0.0,0.97473981320994467737397087915229617777,0.21611296675848469205041518990129281331
0.66000000000000003108624468950438313186,0.23095873911787778570598718839474593459,0.0,0.97399479020520289789783851008862378391,0.21486899769829812275718162214108185041
0.65000000000000002220446049250313080847,0.23985843050405962135883096032421568839,0.0,0.97325070141330931169841122305462750334,0.21364110957394236771458368418638129319
0.64000000000000001332267629550187848508,0.24874879728153446462738903623316810197,0.0,0.97250754662298975350802885809290510655,0.21242916858336618526043375346366163094
0.63000000000000000444089209850062616169,0.25762950561148439581205683733224786759,0.0,0.9717653256870370158628616112889590475,0.21123302067660397675897688999650116734
0.61999999999999999555910790149937383831,0.26649251361509201420665552674170702318,0.0,0.97102403850744766776481687168788990422,0.21009719613848278221387985345775470798
0.60999999999999998667732370449812151492,0.27526201790557974006500929108975196082,0.0,0.97028505450015027750225101086468075311,0.20903197237037909270905708384527825131
0.59999999999999997779553950749686919153,0.28402103248680593564540688249804837628,0.0,0.96954712228962198392825153125561416813,0.207978906111572821692681198850912895
0.58999999999999996891375531049561686814,0.29276935460478849504443943663959781529,0.0,0.96881014669443651881942637045945618506,0.20693791256488260058248511660543691505
0.57999999999999996003197111349436454475,0.30150680599380620071523236243391516509,0.0,0.96807412681113341570480853565284731406,0.20590889481333671294069028493164307779
0.56999999999999995115018691649311222136,0.31017888638419206562490582048636229806,0.0,0.96733906178616869565443126405641731997,0.20489174567535438906953776042075150545
0.56000000000000005329070518200751394033,0.3187983119497594573121293800806753382,0.0,0.96660495080726887968878271587417942478,0.20388634932239139371354616893136065681
0.55000000000000004440892098500626161695,0.32740630663996575882992958935816196225,0.0,0.96587179309595463218183381529648517597,0.20289258269055989400632153279315049669
0.54000000000000003552713678800500929356,0.33600276247915468688402170453813244363,0.0,0.96513958790106925211589080884498048625,0.20191031671323480395895223962246671986
0.53000000000000002664535259100375697017,0.34458758434566967730705795001356735073,0.0,0.96440937969123556086629470903094009345,0.20093941739785549892315431108463076296
0.52000000000000001776356839400250464678,0.35308846945357442436417476690591034124,0.0,0.96368053632617519998064479609710652826,0.19997974676690837556901274563575669654
0.51000000000000000888178419700125232339,0.36154847481671281893421453328781244511,0.0,0.96295266163342817295285819408172188651,0.19903116368033559286025081436570022302
0.50,0.36999643815288158023477475792566636849,0.0,0.96222575429073134496726579376483753172,0.19809352455428102492843701362267781601
0.48999999999999999111821580299874767661,0.37843230700094441999336910151239916209,0.0,0.9614998130091129920784372650389850928,0.19717572906904432065744973610012351377
0.47999999999999998223643160599749535322,0.38685603605714104779399749178160740104,0.0,0.9607748365284531141874475778648633896,0.19633657710172055390921808976278469293
0.46999999999999997335464740899624302983,0.39520878257096771058205623584833557214,0.0,0.96005082361354860705088737995808190001,0.19550602709348503437414317584686359189
0.46000000000000001998401444325281772763,0.40350073233949902081617226956954494607,0.0,0.95932777305062301586416200247840857005,0.19468399040841915931159242111028256139
0.45000000000000001110223024625156540424,0.41178023102778430996782569516595865313,0.0,0.95860568364422846146321277556515278381,0.19387037619316445024337884389383882051
0.44000000000000000222044604925031308085,0.42004726162771775160352144770111771575,0.0,0.95788455421449417229616789014952869977,0.19306509177958539533327428924803802294
0.42999999999999999333866185224906075746,0.42830181120128166342767205666626250232,0.0,0.95716544828342991849438103818907649639,0.19226804304337002526992564205236534215
0.41999999999999998445687765524780843407,0.43653239160307556207821748537445390947,0.0,0.9564476687936087364538606465395806848,0.19147913472333159273029462980747947214
0.40999999999999997557509345824655611068,0.44464791934776342351493898638941773617,0.0,0.95573086005933275767519232110560166956,0.19069827070562807336268949805943621702
0.40000000000000002220446049250313080847,0.45275072329880210693032164394486902998,0.0,0.95501502050340765108379113063550896288,0.18992535427663729174344660059576562406
0.39000000000000001332267629550187848508,0.46084081054253127305745037661581090838,0.0,0.9543001485703998641754634698377387867,0.18916028834780507066077276556588639376
0.38000000000000000444089209850062616169,0.46891819043337048707887639908499696046,0.0,0.95358624272445877552892182667166454337,0.1884029756554143726981437333888809505
0.36999999999999999555910790149937383831,0.47698287437257868743662440884169846093,0.0,0.95287330144734584454351188001323419503,0.18765331893789795291865603675418142472
0.35999999999999998667732370449812151492,0.48498558543204589389886321714770202356,0.0,0.95216132323665003033594313032424384073,0.18691122109303040874581413408521183238
0.34999999999999997779553950749686919153,0.49290345983887976947456970348110201348,0.0,0.95145030660417096504548599464133907096,0.18617658531708224538871080361149286979
0.34000000000000002442490654175344388932,0.50080846192197241543233402331850629958,0.0,0.95074025007445341516259322712526462534,0.18544931522779479891085403210897427438
0.33000000000000001554312234475219156593,0.50870061704431590510402409253527099164,0.0,0.95003115218345830686945055297640434856,0.18472931497283671907517243733445916902
0.32000000000000000666133814775093924254,0.51657995160552431966324608330764729609,0.0,0.94932301147735723743689100697749968832,0.18402614129661397276130556489751377147
0.30999999999999999777955395074968691915,0.52444649293331877499957643496627972777,0.0,0.94861671024142673251876068221457178535,0.18337980225616535047254144664630176285
0.29999999999999998889776975374843459576,0.53223484930995635329407083784509869379,0.0,0.94791188295432443497628827993918612033,0.18273927180080695745903307071627221258
0.28999999999999998001598555674718227237,0.53994647867236954847797037997803898792,0.0,0.9472080195004600702357663056425574969,0.18210448654970908640450677321044684141
0.28000000000000002664535259100375697017,0.54764519186305688014302861251153945966,0.0,0.94650511815322327989609145162295276267,0.18147538311951256475539943733182135023
0.27000000000000001776356839400250464678,0.55533102644704592596720331740416933781,0.0,0.94580317720099603519218059917739593431,0.18085189820294005726613399253335295703
0.26000000000000000888178419700125232339,0.56300402031490681134627774155749596203,0.0,0.94510219494607925461314414196212489821,0.18023396863956386386629807316689881406
0.25,0.57066421163146398910120950384404899786,0.0,0.9444021697037042980997012034902429303,0.17962153147943292307250820011994103775
0.23999999999999999111821580299874767661,0.57825008973917758297784963370566199199,0.0,0.94370309980112223880852577349180447988,0.17901452404019669210539766078597115142
0.23000000000000000999200722162640886381,0.58574692424785154883197463233808144719,0.0,0.94300498357676439906617400871399369085,0.17841288395830479589363646600503241945
0.22000000000000000111022302462515654042,0.59323088057456014807863654591507100486,0.0,0.94230781937946824804070018562957046853,0.17781654923480840934148841758378731801
0.20999999999999999222843882762390421703,0.6007020046256958317980125576203326281,0.0,0.94161160556776333180613050764096035205,0.17722545827624158560149314895248747296
0.20000000000000001110223024625156540424,0.60816034220714928692746806886556274622,0.0,0.94091634050921232300387956980894264492,0.17663954993101752089750258435741927349
0.19000000000000000222044604925031308085,0.61560593900340271305146778841719668336,0.0,0.94022202257980276605073665922054525887,0.17605876352173576676383909292064395277
0.17999999999999999333866185224906075746,0.62299761619720059424519851508768478341,0.0,0.93952865016338548533573230066295725606,0.17548303887376108556508458924814591748
0.17000000000000001221245327087672194466,0.63027106339775241272072891587203601722,0.0,0.93883622165115592536992976559876101274,0.17491231634040262177588125182147596146
0.16000000000000000333066907387546962127,0.63753173937452467701183180747307536442,0.0,0.93814599561475162803272266490632882586,0.17434653682499312280305117841140759509
0.14999999999999999444888487687421729788,0.64477969574134675440562371350765034576,0.0,0.93745682380462638794904413313063789166,0.17378564180014165543503396581156776034
0.14000000000000001332267629550187848508,0.65201498375227580307012841287722924735,0.0,0.93676859927776365949873689472711746726,0.173229573324409362789944035456368871
0.13000000000000000444089209850062616169,0.65923765429718804594057771779451902735,0.0,0.93608132024320986962934501827226957866,0.17267827405663617917916929239386256175
0.11999999999999999555910790149937383831,0.66643736342957197715231725306510376324,0.0,0.93539498492064816794678421280465274251,0.17213168726812672270617017677700463781
0.11000000000000000055511151231257827021,0.6734787573914547975755403132823296516,0.0,0.93470959153988610434580193971170848694,0.17159189077168983614165871699137391643
0.10000000000000000555111512312578270212,0.68050754906621774609308891788156759603,0.0,0.93402513834037665660436023642900018393,0.17110098611840132461602858744575014827
0.089999999999999996669330926124530378729,0.68752379385450142612391659264217936927,0.0,0.9333416235707702610402921481460211475,0.17061388191016499264133612333997117271
0.080000000000000001665334536937734810635,0.69452754664116551981693873567195809391,0.0,0.93265904548849568246031520977818632948,0.1701305391154929303268552340616730097
0.070000000000000006661338147750939242542,0.70151886179980691098774515319928868268,0.0,0.9319774023593677185459239125290576161,0.16965091897011271403738677844475449643
0.059999999999999997779553950749686919153,0.70849779319761787311850121318538457098,0.0,0.93129669245721991260727566397968404156,0.16917498299077133743660849441315191258
0.050000000000000002775557561562891351059,0.71532048371499796658594686185576126328,0.0,0.93061691406356056237663886202428588933,0.16870269298760470236930663722987721785
0.040000000000000000832667268468867405318,0.72210871975027988334049658271551561285,0.0,0.92993806546725043984623597525250737559,0.16823401107518261197952571845576837821
0.029999999999999998889776975374843459576,0.728884638747304715441753008054179614,0.0,0.92926014496420078351505095035633617425,0.16776889968233085392905227336856442836
0.020000000000000000416333634234433702659,0.73564829779757118554083527286740676773,0.0,0.92858315085709019295042215859697607743,0.167307321560824231370142337626073444
0.010000000000000000208166817117216851329,0.74239975339716604208926102706715662439,0.0,0.92790708145509918205265665473077952506,0.16684923979303732984828986046068908443
0.0,0.74913906145589446245705091755551400207,0.0,0.92723193507366122871677337274547737527,0.16639461779863327462876891291301359113
