value,sup,dur,Y,S
1.0,2.2134755860835461428135924252985918547e-328,114.0,0.99999199613834690519774365551186203266,0.29330651210404798175166849175208079227
0.98999999999999999111821580299874767661,1.5123090355006526947868137985103844068e-181,113.0,0.99921099706061383591257830878416628432,0.28562551920260635434525249789323126167
0.97999999999999998223643160599749535322,3.3324110166245278382837434808631005059e-152,113.0,0.99842784245163858440317549188910484006,0.28076099131187599470560671028109738637
0.96999999999999997335464740899624302983,1.7920850393075037264134805879657491786e-134,113.0,0.99764572164840856844615030078690143662,0.27658677705236583378169495222329063076
0.95999999999999996447286321199499070644,1.1523227023851311971209303511744131455e-121,113.0,0.9968649108204058533553269222463446099,0.2728379158913354384659135031930212961
0.94999999999999995559107901499373838305,1.3117066601153433435317553820748981679e-111,113.0,0.99608517062250971030287641291786112535,0.26945857525651122290626268505893316897
0.93999999999999994670929481799248605967,2.5617087363343478596895981876366332573e-103,113.0,0.99530665462074898068300807934989001981,0.2663316756617093412240939701429068183
0.93000000000000004884981308350688777864,2.933336212067541662881920210064590652e-96,113.0,0.99452931783982130868040989854410746315,0.2633154187986610041905886945663841349
0.92000000000000003996802888650563545525,4.13465157690246913351337346716198713e-90,112.0,0.99375297347948134027007463293263459179,0.26055834533920235389063052542756503819
0.91000000000000003108624468950438313186,1.1625170979591791071624381676529509666e-84,112.0,0.99297833136904742402708434900647371032,0.25793248059750871028934317890855892915
0.90000000000000002220446049250313080847,9.0880211249052230633594377102104949811e-80,112.0,0.99220451387597830563014378223764633688,0.25531504567968478783661704084395557762
0.89000000000000001332267629550187848508,2.5072214310881631067321351951358595238e-75,112.0,0.99143217712647818074212724187565637134,0.25297835730365948546392562753973524565
0.88000000000000000444089209850062616169,2.9138102469455664445706169356637143517e-71,112.0,0.99066067662146193985427905626689556483,0.25071313632912428654843870343783446206
0.86999999999999999555910790149937383831,1.6329224466042998284890787655602150693e-67,112.0,0.98989091927628314718885249476154994265,0.24846838260065245770077104711388110227
0.85999999999999998667732370449812151492,4.9038339933972677337376028429380090677e-64,111.0,0.98912177486358754786234702118265934252,0.24625026977985113752420219435251352135
0.84999999999999997779553950749686919153,8.5832910290752947802344999096312927284e-61,111.0,0.9883542980203007285610314545991651065,0.24425854893307967651342736183851295358
0.83999999999999996891375531049561686814,9.3721888668007872142639700936450640571e-58,111.0,0.98758800529570292660602780128697041365,0.24232987701749752819664989911298828973
0.82999999999999996003197111349436454475,6.7503671333190702543592550286006183065e-55,111.0,0.98682242771460012086896483642333815673,0.24042364542979770241885739110548322307
0.81999999999999995115018691649311222136,3.3592945784307127478196764401852122719e-52,111.0,0.98605846277411330387563319347092220432,0.23854201673571256341257076909498843577
0.81000000000000005329070518200751394033,1.2009335653407278087416621979940283679e-49,110.0,0.98529589985456404804014296243431627733,0.23668654643004799656591598218423406959
0.80000000000000004440892098500626161695,3.1877889432152334717367905193531754007e-47,110.0,0.98453412948353204400288685171002194329,0.23490565059501554597424251723209988951
0.79000000000000003552713678800500929356,6.4630559353229668209773702023491796342e-45,110.0,0.98377315581302812663877680101606152535,0.23328104412499939800166490809550006517
0.78000000000000002664535259100375697017,1.0255376105327927448246169797228604964e-42,110.0,0.98301422899856463372049134286641801077,0.23167625520592125326932841986201542605
0.77000000000000001776356839400250464678,1.3008418477622561690973313859880213937e-40,110.0,0.98225641446674482740792890456219245585,0.23009197440901055191773462990616226884
0.76000000000000000888178419700125232339,1.3436654933897883279958156224893808784e-38,109.0,0.98149945428278002072773046568545641896,0.2285286880846079352259551101476892332
0.75,1.1487183857479786696797899323815532957e-36,109.0,0.98074335054246605165177075210420046766,0.22698671659777773517220431028048563761
0.73999999999999999111821580299874767661,8.245778335505007642433889045247163978e-35,109.0,0.97998847889818750756125128228997570745,0.22546624527154617384434962700158607555
0.72999999999999998223643160599749535322,5.0336799071280737528496783063435966926e-33,109.0,0.97923560362300779384297378362063905895,0.22396734953774328770360740398152177623
0.71999999999999997335464740899624302983,2.6431148249608449540663238870391526748e-31,108.0,0.97848362881021283229552631523634288684,0.22257669001039368193223166941743068532
0.70999999999999996447286321199499070644,1.2059985686146328735192281480432460619e-29,108.0,0.9777325550411360322800463709838653974,0.22125136044053692213888230334923117272
0.69999999999999995559107901499373838305,4.8256260608409384983119239091672476825e-28,108.0,0.97698238304107874424962757306651080036,0.21994229953102706305712291574449994463
0.68999999999999994670929481799248605967,1.7073474134955407467961963809522345903e-26,108.0,0.97623311364159973017955175082548584886,0.21864955549168059408805916930022092219
0.68000000000000004884981308350688777864,5.3813914787757183240343368037707507459e-25,107.0,0.97548577072059118869692400879227662476,0.21737312607247425825660977794529576526
0.67000000000000003996802888650563545525,1.5212953029542836726203234200742537975e-23,107.0,0.97473981320994467737397087915229617927,0.21611296675848469205041518990129281237
0.66000000000000003108624468950438313186,3.8810918626875535008828040418014872037e-22,107.0,0.97399479020520289789783851008862378391,0.21486899769829812275718162214108185211
0.65000000000000002220446049250313080847,8.9857417209594240281092907559824417154e-21,106.0,0.97325070141330931169841122305462750334,0.21364110957394236771458368418638129282
0.64000000000000001332267629550187848508,1.8977536798999750456858567617152575599e-19,106.0,0.97250754662298975350802885809290510429,0.2124291685833661852604337534636616315
0.63000000000000000444089209850062616169,3.673225463171882107132740775353014566e-18,105.0,0.97176532568703701586286161128895904449,0.21123302067660397675897688999650116602
0.61999999999999999555910790149937383831,6.5439660887734223436028884547865977171e-17,105.0,0.97102403850744766776481687168788990422,0.21009719613848278221387985345775470874
0.60999999999999998667732370449812151492,1.0772772865537674239089323824527115874e-15,105.0,0.97028505450015027750225101086468075386,0.20903197237037909270905708384527824943
0.59999999999999997779553950749686919153,1.6446390347989675979756858967088642885e-14,104.0,0.96954712228962198392825153125561416963,0.20797890611157282169268119885091289631
0.58999999999999996891375531049561686814,2.336149724371181166427835423293433281e-13,104.0,0.96881014669443651881942637045945618581,0.20693791256488260058248511660543691354
0.57999999999999996003197111349436454475,3.0968682277228807079142494269074258216e-12,103.0,0.96807412681113341570480853565284731481,0.20590889481333671294069028493164307835
0.56999999999999995115018691649311222136,3.841681395169265873325853459382364176e-11,103.0,0.96733906178616869565443126405641732147,0.20489174567535438906953776042075150639
0.56000000000000005329070518200751394033,4.4705600925751433850855912926853181838e-10,102.0,0.96660495080726887968878271587417942704,0.20388634932239139371354616893136065738
0.55000000000000004440892098500626161695,4.8908703959772571474772051369078722384e-09,101.0,0.96587179309595463218183381529648517521,0.20289258269055989400632153279315049481
0.54000000000000003552713678800500929356,5.039604998491774730236280069379557773e-08,101.0,0.96513958790106925211589080884498049001,0.20191031671323480395895223962246671892
0.53000000000000002664535259100375697017,4.897962436318749854348524491375739388e-07,100.0,0.96440937969123556086629470903094009495,0.20093941739785549892315431108463076221
0.52000000000000001776356839400250464678,4.4933137030983128901466273170568031894e-06,99.0,0.96368053632617519998064479609710652826,0.19997974676690837556901274563575669936
0.51000000000000000888178419700125232339,3.6658305712061141828241346030280688118e-05,98.0,0.96295266163342817295285819408172188726,0.19903116368033559286025081436570022133
0.50,0.00019039812257514533650156539618012725024,97.0,0.96222575429073134496726579376483753172,0.19809352455428102492843701362267781864
0.48999999999999999111821580299874767661,0.00065771013786149405810718675127736750848,95.0,0.96149981300911299207843726503898509054,0.19717572906904432065744973610012351377
0.47999999999999998223643160599749535322,0.0016970610495802313125598026701766670031,89.0,0.9607748365284531141874475778648633896,0.19633657710172055390921808976278469463
0.46999999999999997335464740899624302983,0.0035662803999095558543651331480795149621,60.0,0.96005082361354860705088737995808189851,0.19550602709348503437414317584686359132
0.46000000000000001998401444325281772763,0.0064666078626152299112044091299747475532,34.0,0.95932777305062301586416200247840857155,0.19468399040841915931159242111028256214
0.45000000000000001110223024625156540424,0.010507772615516912083495527686041536923,0.0,0.95860568364422846146321277556515278607,0.193870376193164450243378843893838819
0.44000000000000000222044604925031308085,0.015710048539752275296926095215007535304,0.0,0.95788455421449417229616789014952870052,0.19306509177958539533327428924803802144
0.42999999999999999333866185224906075746,0.022043965862648785608733406033482190806,0.0,0.95716544828342991849438103818907649639,0.19226804304337002526992564205236534253
0.41999999999999998445687765524780843407,0.029406220512094833330775338357159544887,0.0,0.95644766879360873645386064653958068254,0.19147913472333159273029462980747947064
0.40999999999999997557509345824655611068,0.037685709944905243389063487285951390515,0.0,0.95573086005933275767519232110560166956,0.19069827070562807336268949805943621664
0.40000000000000002220446049250313080847,0.046765901816099839140265482334536759475,0.0,0.95501502050340765108379113063550896288,0.18992535427663729174344660059576562349
0.39000000000000001332267629550187848508,0.056551068383484608058005871615501539013,0.0,0.95430014857039986417546346983773878595,0.18916028834780507066077276556588639263
0.38000000000000000444089209850062616169,0.066938699007753589184635482210226690657,0.0,0.95358624272445877552892182667166454488,0.18840297565541437269814373338888095201
0.36999999999999999555910790149937383831,0.077818177507066729616398510210724689305,0.0,0.95287330144734584454351188001323419578,0.18765331893789795291865603675418142491
0.35999999999999998667732370449812151492,0.089106288316619019115027086424702448888,0.0,0.95216132323665003033594313032424383998,0.18691122109303040874581413408521183369
0.34999999999999997779553950749686919153,0.10074871513951176297625678009210876912,0.0,0.9514503066041709650454859946413390687,0.18617658531708224538871080361149286961
0.34000000000000002442490654175344388932,0.11271888970002919825883707380704026631,0.0,0.9507402500744534151625932271252646261,0.18544931522779479891085403210897427419
0.33000000000000001554312234475219156593,0.12491742854400534138494851543622098015,0.0,0.95003115218345830686945055297640434705,0.18472931497283671907517243733445916864
0.32000000000000000666133814775093924254,0.1372619899095528949610986391729021482,0.0,0.94932301147735723743689100697749968907,0.18402614129661397276130556489751377298
0.30999999999999999777955395074968691915,0.14990164735687475262459787590762365722,0.0,0.94861671024142673251876068221457178008,0.18337980225616535047254144664630176116
0.29999999999999998889776975374843459576,0.16249347317626922021385250448812376272,0.0,0.94791188295432443497628827993918611882,0.18273927180080695745903307071627221296
0.28999999999999998001598555674718227237,0.17538533347811844213954074277356865308,0.0,0.94720801950046007023576630564255749164,0.18210448654970908640450677321044684217
0.28000000000000002664535259100375697017,0.18815667718398373902721973662870325158,0.0,0.94650511815322327989609145162295276492,0.18147538311951256475539943733182134967
0.27000000000000001776356839400250464678,0.20117298902879619687455674870796066526,0.0,0.94580317720099603519218059917739593055,0.18085189820294005726613399253335295985
0.26000000000000000888178419700125232339,0.21410498779336431252682648576511536924,0.0,0.94510219494607925461314414196212490047,0.1802339686395638638662980731668988135
0.25,0.2271267314305553722047869943773331985,0.0,0.94440216970370429809970120349024293331,0.17962153147943292307250820011994103812
0.23999999999999999111821580299874767661,0.24027071915390708785896693489575404805,0.0,0.94370309980112223880852577349180447762,0.17901452404019669210539766078597115236
0.23000000000000000999200722162640886381,0.253220986425406873332832964394397548,0.0,0.94300498357676439906617400871399369536,0.17841288395830479589363646600503242077
0.22000000000000000111022302462515654042,0.26630829297140886213456192551598085863,0.0,0.94230781937946824804070018562957046703,0.17781654923480840934148841758378731876
0.20999999999999999222843882762390421703,0.27946234746845572572249425664260521726,0.0,0.94161160556776333180613050764096034904,0.17722545827624158560149314895248747259
0.20000000000000001110223024625156540424,0.29239384040915513173297886676628153225,0.0,0.94091634050921232300387956980894264944,0.17663954993101752089750258435741927236
0.19000000000000000222044604925031308085,0.30542414907115473327060733714820226468,0.0,0.94022202257980276605073665922054525586,0.1760587635217357667638390929206439522
0.17999999999999999333866185224906075746,0.31854280929480226437109922172261445873,0.0,0.93952865016338548533573230066295725757,0.17548303887376108556508458924814591748
0.17000000000000001221245327087672194466,0.33144367913121552596890938849145492342,0.0,0.93883622165115592536992976559876101199,0.1749123163404026217758812518214759609
0.16000000000000000333066907387546962127,0.34433356842564771663127585696187783545,0.0,0.93814599561475162803272266490632882737,0.1743465368249931228030511784114075949
0.14999999999999999444888487687421729788,0.35728807239189752075300857173164847546,0.0,0.93745682380462638794904413313063789241,0.1737856418001416554350339658115677609
0.14000000000000001332267629550187848508,0.37028517885093728873086683813699555003,0.0,0.93676859927776365949873689472711747478,0.17322957332440936278994403545636887156
0.13000000000000000444089209850062616169,0.38297543071264718489979592881122833233,0.0,0.93608132024320986962934501827226957866,0.17267827405663617917916929239386256175
0.11999999999999999555910790149937383831,0.39571333324407520066843857906106413722,0.0,0.93539498492064816794678421280465274552,0.17213168726812672270617017677700463744
0.11000000000000000055511151231257827021,0.4084937725621195013268628081073967052,0.0,0.93470959153988610434580193971170848093,0.17159189077168983614165871699137391774
0.10000000000000000555111512312578270212,0.42131202796222542799659087983541555153,0.0,0.93402513834037665660436023642900018243,0.17110098611840132461602858744575014864
0.089999999999999996669330926124530378729,0.43381474708391256568425888017863051009,0.0,0.93334162357077026104029214814602114674,0.17061388191016499264133612333997117271
0.080000000000000001665334536937734810635,0.44632768258668692769304435828487937466,0.0,0.93265904548849568246031520977818632873,0.17013053911549293032685523406167300951
0.070000000000000006661338147750939242542,0.45886846314196895462134814474618452226,0.0,0.93197740235936771854592391252905761685,0.16965091897011271403738677844475449643
0.059999999999999997779553950749686919153,0.47143380305453517822086472899272996046,0.0,0.93129669245721991260727566397968403855,0.16917498299077133743660849441315191296
0.050000000000000002775557561562891351059,0.48382220279604066972874013278857147833,0.0,0.93061691406356056237663886202428588933,0.1687026929876047023693066372298772171
0.040000000000000000832667268468867405318,0.49605867821375961545432072375848768408,0.0,0.92993806546725043984623597525250737935,0.16823401107518261197952571845576837859
0.029999999999999998889776975374843459576,0.50831290396272857952176848170677910273,0.0,0.92926014496420078351505095035633617726,0.16776889968233085392905227336856442892
0.020000000000000000416333634234433702659,0.52058253930775145234360996773574352001,0.0,0.92858315085709019295042215859697607893,0.167307321560824231370142337626073444
0.010000000000000000208166817117216851329,0.53286540365912510036286242648812364903,0.0,0.92790708145509918205265665473077952054,0.16684923979303732984828986046068908443
0.0,0.54482900037424545874067700049408280812,0.0,0.92723193507366122871677337274547737602,0.16639461779863327462876891291301359207
