value,sup,dur,Y,S
1.0,9.7099537139746302157690954587758639626e-260,107.0,0.99999199613834690519774365551186203492,0.29330651210404798175166849175208079264
0.98999999999999999111821580299874767661,4.879317801887080347440766465450780298e-113,106.0,0.99921099706061383591257830878416628583,0.28562551920260635434525249789323126242
0.97999999999999998223643160599749535322,7.7869672394007025017789772147980612698e-84,106.0,0.99842784245163858440317549188910483931,0.28076099131187599470560671028109738675
0.96999999999999997335464740899624302983,2.9812050140112176657760092701557793203e-66,105.0,0.99764572164840856844615030078690143662,0.27658677705236583378169495222329063038
0.95999999999999996447286321199499070644,1.3384844671718008288362267423842087143e-53,105.0,0.9968649108204058533553269222463446099,0.27283791589133543846591350319302129685
0.94999999999999995559107901499373838305,1.0406141808414433362944397408503296709e-43,104.0,0.9960851706225097103028764129178611246,0.26945857525651122290626268505893317123
0.93999999999999994670929481799248605967,1.3530546865213498094392287127832436223e-35,103.0,0.99530665462074898068300807934989001831,0.26633167566170934122409397014290682056
0.93000000000000004884981308350688777864,1.0010399458460047043320550220689671767e-28,102.0,0.99452931783982130868040989854410746466,0.26331541879866100419058869456638413453
0.92000000000000003996802888650563545525,8.7932305975508503213137954359896414011e-23,102.0,0.99375297347948134027007463293263459179,0.26055834533920235389063052542756503781
0.91000000000000003108624468950438313186,1.4730087845170362766776562004130817683e-17,100.0,0.99297833136904742402708434900647370881,0.25793248059750871028934317890855892915
0.90000000000000002220446049250313080847,6.4680450701635151965748476077780013679e-13,99.0,0.99220451387597830563014378223764633688,0.25531504567968478783661704084395557687
0.89000000000000001332267629550187848508,9.2060607794863612269483193622006715159e-09,98.0,0.99143217712647818074212724187565636984,0.25297835730365948546392562753973524264
0.88000000000000000444089209850062616169,3.7093817976740886715799138679004197496e-05,96.0,0.99066067662146193985427905626689556708,0.25071313632912428654843870343783446169
0.86999999999999999555910790149937383831,0.0016411138395345635373000501299479645198,88.0,0.98989091927628314718885249476154994641,0.24846838260065245770077104711388110434
0.85999999999999998667732370449812151492,0.0068464965277099175570846268872709446865,31.0,0.98905080919825037950457058251824737324,0.24625026977985113752420219435251352023
0.84999999999999997779553950749686919153,0.014372589226602860346613246110779385802,0.0,0.98835429802030072856103145459916510875,0.24425854893307967651342736183851295207
0.83999999999999996891375531049561686814,0.023006422012254690537015435189940289146,0.0,0.98758800529570292660602780128697041365,0.24232987701749752819664989911298828973
0.82999999999999996003197111349436454475,0.032167877426991767072959081757197312863,0.0,0.98682242771460012086896483642333815372,0.24042364542979770241885739110548322232
0.81999999999999995115018691649311222136,0.041603220903858444985746114594651701662,0.0,0.98605846277411330387563319347092220207,0.23854201673571256341257076909498843596
0.81000000000000005329070518200751394033,0.051167023176767629204799451763795579374,0.0,0.98529589985456404804014296243431627733,0.23668654643004799656591598218423406808
0.80000000000000004440892098500626161695,0.060783347167930091369561341963965905664,0.0,0.98453412948353204400288685171002194479,0.23490565059501554597424251723209988932
0.79000000000000003552713678800500929356,0.070427847635463296649863385268050897604,0.0,0.98377315581302812663877680101606152535,0.23328104412499939800166490809550006517
0.78000000000000002664535259100375697017,0.080101429182435022723336909513654389433,0.0,0.98301422899856463372049134286641801679,0.23167625520592125326932841986201542605
0.77000000000000001776356839400250464678,0.089751556305942954590694838711815815708,0.0,0.98225641446674482740792890456219245359,0.23009197440901055191773462990616226847
0.76000000000000000888178419700125232339,0.09940125751858626946060675564114733825,0.0,0.98149945428278002072773046568545641971,0.22852868808460793522595511014768923358
0.75,0.10901900136928499801506532377742941152,0.0,0.9807433505424660516517707521042004654,0.22698671659777773517220431028048563817
0.73999999999999999111821580299874767661,0.11864526352355762094525937895037386406,0.0,0.97998847889818750756125128228997570444,0.22546624527154617384434962700158607537
0.72999999999999998223643160599749535322,0.12819900551066621470306290786003076347,0.0,0.9792356036230077938429737836206390612,0.22396734953774328770360740398152177642
0.71999999999999997335464740899624302983,0.13776514744545388235135939576653268867,0.0,0.97848362881021283229552631523634288533,0.2225766900103936819322316694174306855
0.70999999999999996447286321199499070644,0.14729416966826335940079199392412964312,0.0,0.97773255504113603228004637098386539815,0.22125136044053692213888230334923117122
0.69999999999999995559107901499373838305,0.15677240532336281572646513317219390867,0.0,0.97698238304107874424962757306651080187,0.21994229953102706305712291574449994501
0.68999999999999994670929481799248605967,0.166253254427541084673273004057036661,0.0,0.97623311364159973017955175082548584886,0.21864955549168059408805916930022092106
0.68000000000000004884981308350688777864,0.17570396309797709646955016940749146127,0.0,0.975485770720591188696924008792276621,0.21737312607247425825660977794529576564
0.67000000000000003996802888650563545525,0.18508446813158274495114947611752354715,0.0,0.97473981320994467737397087915229617927,0.21611296675848469205041518990129281388
0.66000000000000003108624468950438313186,0.19446254263940713602378884618631784138,0.0,0.97399479020520289789783851008862378241,0.21486899769829812275718162214108185098
0.65000000000000002220446049250313080847,0.20383667712816673519100388296334991026,0.0,0.97325070141330931169841122305462750484,0.21364110957394236771458368418638129206
0.64000000000000001332267629550187848508,0.21313220207137957681238966917140335894,0.0,0.97250754662298975350802885809290510354,0.21242916858336618526043375346366163056
0.63000000000000000444089209850062616169,0.22239585047758867444383153111133347018,0.0,0.97176532568703701586286161128895904599,0.21123302067660397675897688999650116696
0.61999999999999999555910790149937383831,0.23165310174373513422985252844929581119,0.0,0.97102403850744766776481687168788990422,0.21009719613848278221387985345775470911
0.60999999999999998667732370449812151492,0.24090314421900791826876165716658252537,0.0,0.97028505450015027750225101086468075537,0.20903197237037909270905708384527824962
0.59999999999999997779553950749686919153,0.25006799089699654825963029328291869933,0.0,0.96954712228962198392825153125561416963,0.207978906111572821692681198850912895
0.58999999999999996891375531049561686814,0.25919986122988919451459776893648967591,0.0,0.96881014669443651881942637045945618506,0.20693791256488260058248511660543691542
0.57999999999999996003197111349436454475,0.26832309698660896479559431711968135393,0.0,0.96807412681113341570480853565284731557,0.20590889481333671294069028493164307798
0.56999999999999995115018691649311222136,0.27743721662742806866821384274395012157,0.0,0.96733906178616869565443126405641732222,0.20489174567535438906953776042075150564
0.56000000000000005329070518200751394033,0.28650064448162073462264854835529471174,0.0,0.96660495080726887968878271587417942629,0.20388634932239139371354616893136065775
0.55000000000000004440892098500626161695,0.29548960615915483035410718601766936804,0.0,0.96587179309595463218183381529648517597,0.20289258269055989400632153279315049556
0.54000000000000003552713678800500929356,0.30446851675874879659247218972398590861,0.0,0.96513958790106925211589080884498048625,0.20191031671323480395895223962246672005
0.53000000000000002664535259100375697017,0.31343707444064688100549687353029187063,0.0,0.96440937969123556086629470903094009119,0.20093941739785549892315431108463076409
0.52000000000000001776356839400250464678,0.32239501421287917540874654643118550618,0.0,0.96368053632617519998064479609710652675,0.19997974676690837556901274563575669917
0.51000000000000000888178419700125232339,0.33126924949621618975457539967153492904,0.0,0.96295266163342817295285819408172188801,0.19903116368033559286025081436570022283
0.50,0.34009473058449839499630968542742840816,0.0,0.96222575429073134496726579376483753021,0.19809352455428102492843701362267781845
0.48999999999999999111821580299874767661,0.34890899768070312834905957382363565593,0.0,0.96149981300911299207843726503898509054,0.19717572906904432065744973610012351171
0.47999999999999998223643160599749535322,0.35771188008856721920437268341089010064,0.0,0.9607748365284531141874475778648633911,0.1963365771017205539092180897627846935
0.46999999999999997335464740899624302983,0.36650322694790882530324528958073563429,0.0,0.96005082361354860705088737995808189926,0.19550602709348503437414317584686359038
0.46000000000000001998401444325281772763,0.3752134780769152178934200353019507143,0.0,0.9593277730506230158641620024784085693,0.1946839904084191593115924211102825627
0.45000000000000001110223024625156540424,0.38386505649185064724064671671824558326,0.0,0.95860568364422846146321277556515278531,0.19387037619316445024337884389383881863
0.44000000000000000222044604925031308085,0.39250468488227987520899092008947597635,0.0,0.95788455421449417229616789014952870127,0.193065091779585395333274289248038022
0.42999999999999999333866185224906075746,0.40113226819860389791977978887043548781,0.0,0.95716544828342991849438103818907649789,0.19226804304337002526992564205236534479
0.41999999999999998445687765524780843407,0.40974772283280938790993304853652906678,0.0,0.95644766879360873645386064653958068104,0.19147913472333159273029462980747947214
0.40999999999999997557509345824655611068,0.41832174746779767712968910039000766344,0.0,0.95573086005933275767519232110560166881,0.19069827070562807336268949805943621664
0.40000000000000002220446049250313080847,0.42678989180725523334670020789340380212,0.0,0.95501502050340765108379113063550896062,0.18992535427663729174344660059576562293
0.39000000000000001332267629550187848508,0.43524560434606933995680414587542458388,0.0,0.9543001485703998641754634698377387882,0.18916028834780507066077276556588639338
0.38000000000000000444089209850062616169,0.44368883759746319621340197835263671542,0.0,0.95358624272445877552892182667166454337,0.18840297565541437269814373338888095163
0.36999999999999999555910790149937383831,0.45211955094867666081730067247111681353,0.0,0.95287330144734584454351188001323419728,0.18765331893789795291865603675418142378
0.35999999999999998667732370449812151492,0.46053770998508317481387961037148836931,0.0,0.95216132323665003033594313032424384148,0.18691122109303040874581413408521183294
0.34999999999999997779553950749686919153,0.46886257491670592114741357057293404091,0.0,0.95145030660417096504548599464133907021,0.18617658531708224538871080361149286961
0.34000000000000002442490654175344388932,0.47712535247924094593221053789758422049,0.0,0.95074025007445341516259322712526462384,0.18544931522779479891085403210897427513
0.33000000000000001554312234475219156593,0.48537536847158333940645682915475998465,0.0,0.95003115218345830686945055297640434705,0.18472931497283671907517243733445916845
0.32000000000000000666133814775093924254,0.49361261146863032213164688841064578906,0.0,0.94932301147735723743689100697749968832,0.18402614129661397276130556489751377091
0.30999999999999999777955395074968691915,0.50183707385314946964314007259205348779,0.0,0.94861671024142673251876068221457178158,0.18337980225616535047254144664630176191
0.29999999999999998889776975374843459576,0.5100487514650998106746639962191425615,0.0,0.94791188295432443497628827993918611732,0.18273927180080695745903307071627221258
0.28999999999999998001598555674718227237,0.51813884084393599569337711528112165076,0.0,0.94720801950046007023576630564255749164,0.18210448654970908640450677321044684085
0.28000000000000002664535259100375697017,0.52618674852111321343315318149855611231,0.0,0.94650511815322327989609145162295276492,0.18147538311951256475539943733182135099
0.27000000000000001776356839400250464678,0.53422173296410885675225541339369133485,0.0,0.94580317720099603519218059917739593356,0.1808518982029400572661339925333529591
0.26000000000000000888178419700125232339,0.54224380574941640462598536190991120497,0.0,0.94510219494607925461314414196212490198,0.18023396863956386386629807316689881482
0.25,0.5502529805532740529929907907072675496,0.0,0.9444021697037042980997012034902429303,0.179621531479432923072508200119941037
0.23999999999999999111821580299874767661,0.55824927296157539275414461090096930489,0.0,0.94370309980112223880852577349180448063,0.17901452404019669210539766078597115066
0.23000000000000000999200722162640886381,0.56611689598458904806368105611493574757,0.0,0.94300498357676439906617400871399369536,0.17841288395830479589363646600503242039
0.22000000000000000111022302462515654042,0.57394067443818046317892676055533962442,0.0,0.94230781937946824804070018562957046703,0.1778165492348084093414884175837873182
0.20999999999999999222843882762390421703,0.58175148801390916827784728990656721116,0.0,0.94161160556776333180613050764096034829,0.17722545827624158560149314895248747146
0.20000000000000001110223024625156540424,0.5895493636191851443412927804793071969,0.0,0.94091634050921232300387956980894264718,0.17663954993101752089750258435741927217
0.19000000000000000222044604925031308085,0.59733432925219387185231871961597514867,0.0,0.94022202257980276605073665922054525737,0.17605876352173576676383909292064395202
0.17999999999999999333866185224906075746,0.60510641389674514667275301442441671071,0.0,0.93952865016338548533573230066295725155,0.17548303887376108556508458924814591729
0.17000000000000001221245327087672194466,0.61275982500309458573116582093312049475,0.0,0.93883622165115592536992976559876101726,0.1749123163404026217758812518214759609
0.16000000000000000333066907387546962127,0.62035028874853018393410813429338867385,0.0,0.93814599561475162803272266490632882887,0.17434653682499312280305117841140759284
0.14999999999999999444888487687421729788,0.62792783950639767376702099067141865126,0.0,0.93745682380462638794904413313063790069,0.17378564180014165543503396581156775958
0.14000000000000001332267629550187848508,0.63549251465000520488898751605881048258,0.0,0.93676859927776365949873689472711747177,0.17322957332440936278994403545636887175
0.13000000000000000444089209850062616169,0.64304435202279086137926910403345655148,0.0,0.93608132024320986962934501827226957264,0.17267827405663617917916929239386256137
0.11999999999999999555910790149937383831,0.65058338988041963462014448334344490011,0.0,0.93539498492064816794678421280465274026,0.17213168726812672270617017677700463894
0.11000000000000000055511151231257827021,0.65802428008211758930898123667458819389,0.0,0.93470959153988610434580193971170847792,0.17159189077168983614165871699137391662
0.10000000000000000555111512312578270212,0.66537224255675264890742252028170684913,0.0,0.93402513834037665660436023642900017566,0.17110098611840132461602858744575014883
0.089999999999999996669330926124530378729,0.67270742264891753381619059036921468799,0.0,0.93334162357077026104029214814602114449,0.17061388191016499264133612333997117365
0.080000000000000001665334536937734810635,0.68002986489199524923342009649212740703,0.0,0.93265904548849568246031520977818632873,0.17013053911549293032685523406167300913
0.070000000000000006661338147750939242542,0.68733961389853406726009489120480879836,0.0,0.93197740235936771854592391252905761986,0.16965091897011271403738677844475449737
0.059999999999999997779553950749686919153,0.69463671432955760990581302084016710633,0.0,0.93129669245721991260727566397968403855,0.16917498299077133743660849441315191126
0.050000000000000002775557561562891351059,0.701857198993099022485340946682963859,0.0,0.9306169140635605623766388620242858946,0.16870269298760470236930663722987721804
0.040000000000000000832667268468867405318,0.70895345864310767827211974741298288669,0.0,0.92993806546725043984623597525250738085,0.16823401107518261197952571845576837877
0.029999999999999998889776975374843459576,0.71603713713509530087456522473902884184,0.0,0.92926014496420078351505095035633617651,0.16776889968233085392905227336856442873
0.020000000000000000416333634234433702659,0.72310828376758166433255110621024941091,0.0,0.92858315085709019295042215859697607969,0.16730732156082423137014233762607344457
0.010000000000000000208166817117216851329,0.73016694767063181893269054969511587959,0.0,0.9279070814550991820526566547307795243,0.16684923979303732984828986046068908425
0.0,0.73721317779115378982890100188595948339,0.0,0.92723193507366122871677337274547737076,0.16639461779863327462876891291301359264
