value,sup,dur,Y,S
1.0,1.2815233028859607960359094126835130169e-449,132.0,0.99999743973707733714477693504585011577,0.89507028398489347785524193758304997398
0.98999999999999999111821580299874767661,4.0753382382118544203962605185899728704e-230,132.0,0.99920461414925376817360824267541036594,0.89343784420571360841094236919229974216
0.97999999999999998223643160599749535322,4.4642657128883702285132548548509139435e-192,132.0,0.99841155798477223913102545508158747857,0.89221036105495081047988358463012003135
0.96999999999999997335464740899624302983,1.5650115046052929454217460668048386028e-169,132.0,0.99762042961230713555029851624983968526,0.89081697042366637579532767789713602803
0.95999999999999996447286321199499070644,1.9370001784134639581005378418340338196e-153,132.0,0.99683055446645261565928544629106175251,0.88990628540877805555328313786650566484
0.94999999999999995559107901499373838305,6.5007701186679032090524444241442217421e-141,132.0,0.99604126356473749530504037549221851038,0.8888839964033936405566609856189780495
0.93999999999999994670929481799248605967,1.1734379871258292304566770724876819938e-130,132.0,0.99525330541437200409576222488449691587,0.88764561098345826844440674762262127234
0.93000000000000004884981308350688777864,5.6634654637570232465242191190921413122e-122,132.0,0.9944677324804666095041512583478154106,0.88660160811419153962230161503360466282
0.92000000000000003996802888650563545525,1.9120831141940728518393041689897486213e-114,131.0,0.99368220954343597330063663773215849046,0.88592789531223210954093061669982120122
0.91000000000000003108624468950438313186,8.4166388432767160766582622948708173666e-108,131.0,0.99289683666040956021103382845160645133,0.88516971200524782387049968306463217195
0.90000000000000002220446049250313080847,7.398945024797867676520445051457079668e-102,131.0,0.9921145911678426759519607852843527353,0.88435498188015548829523256554550017036
0.89000000000000001332267629550187848508,1.7620967296515759640265845612539527949e-96,131.0,0.99133425836245518911180707985378221005,0.8835030811785745416154528143487038929
0.88000000000000000444089209850062616169,1.4246803292817458432632564301999743904e-91,131.0,0.99055442256577739829652168166733859762,0.88262769475413280965989577994360332296
0.86999999999999999555910790149937383831,4.643015642416441156281546402088778886e-87,131.0,0.98977512203088868288901351405523764251,0.88173862202398965864917687392370652179
0.85999999999999998667732370449812151492,6.9717461203686715320635305347234770295e-83,131.0,0.98899639146492180121333552556137355775,0.88084295340716353449050645893777547449
0.84999999999999997779553950749686919153,5.3634383829330002729989175323426116272e-79,131.0,0.98821826234640649347092929621946256528,0.87994585645680560181284246857126748973
0.83999999999999996891375531049561686814,2.3031571045449240514274458953080366075e-75,131.0,0.98744228099315897128504279176543473417,0.87936038280531595420984063932830325695
0.82999999999999996003197111349436454475,5.9219467650238220433110426127270135097e-72,131.0,0.98666979456279288367812672235664110324,0.87881558956201193949615172495370847016
0.81999999999999995115018691649311222136,9.6637817538270202534333682679312691367e-69,131.0,0.98589806626978674763420476253867534381,0.87825982115647843480857159689392560277
0.81000000000000005329070518200751394033,1.0509263349730700717406078686452759455e-65,131.0,0.98512710992481049348721526981726329916,0.87769592580597400488912311062980534376
0.80000000000000004440892098500626161695,7.9377040704564651536873808804997111632e-63,131.0,0.98435693850921070687300863737242646825,0.87712622680624994287031327838270948735
0.79000000000000003552713678800500929356,4.3137520678564962448202965312821656595e-60,131.0,0.98358756419800245630268080077143330688,0.87655262662538126217831776776871422379
0.78000000000000002664535259100375697017,1.7388548371024150393239202248115964322e-57,131.0,0.98281899839444271745906772063743558798,0.87597668802492900178388359824461909782
0.77000000000000001776356839400250464678,5.3379799016402332714969731186987926549e-55,131.0,0.98205125177043982488551821517749384607,0.87539969782603748773257967240491628772
0.76000000000000000888178419700125232339,1.2770214973961753516135322804092348794e-52,131.0,0.98128433430926931508512877032500089795,0.87482271743182962497111238772576775876
0.75,2.4294654655743201138565080179489288195e-50,131.0,0.98051825534844799711463431353456033887,0.87424662314940513689477319306376654557
0.73999999999999999111821580299874767661,3.7417081436655698824497213784888559596e-48,131.0,0.97975302362148692347277101270806845983,0.87367213858785797002828401514253651703
0.72999999999999998223643160599749535322,4.7397736954606129259108031829141733409e-46,131.0,0.97899197853324483109416829933376658685,0.87309986085167648920722877751878474416
0.71999999999999997335464740899624302983,5.0085120388340821486609472223739259471e-44,131.0,0.97823273933495566492612253371053715024,0.87253028183989233030690669438666239773
0.70999999999999996447286321199499070644,4.4711129265753330229751565261983595556e-42,131.0,0.97747441251293551497817882597487653377,0.87196380565803893547436849513924280685
0.69999999999999995559107901499373838305,3.4104761369859684860808762473041356257e-40,131.0,0.97671700175647277578214064426371511684,0.87140076292295384549349503928455487119
0.68999999999999994670929481799248605967,2.2457447282078216477437828278501969754e-38,131.0,0.97596051057281108283694244434712094462,0.8708414225690434117646893701792051828
0.68000000000000004884981308350688777864,1.2884966494398912548540938509134763932e-36,131.0,0.97520494228830523436738645285511614257,0.87028600163414482563245309875714384641
0.67000000000000003996802888650563545525,6.4959847699883915832758936553930933053e-35,131.0,0.97445030005117770578575521258201460625,0.8697346734030329960819515660712066507
0.66000000000000003108624468950438313186,2.8998834760128368895171835275025173694e-33,131.0,0.97369658683540561038410317431338974212,0.86918757420929515645247329868216519185
0.65000000000000002220446049250313080847,1.1543471633065714745889094890217425714e-31,131.0,0.97294380544538630663373815018864938009,0.86864480913615169893960295721875231273
0.64000000000000001332267629550187848508,4.1238514731471882539120128138166670485e-30,131.0,0.97219195852111860779427801480523447836,0.86810645680972191087246921474370718567
0.63000000000000000444089209850062616169,1.3299717466302766933696553921575074501e-28,131.0,0.97144104854370267768602370725168621965,0.86757257344115693876706652028299118036
0.61999999999999999555910790149937383831,3.8932548452221916946157335788105516872e-27,131.0,0.97069107784101167596732951429844268428,0.86704319624469747758554609556778028119
0.60999999999999998667732370449812151492,1.0396558895933274704792849288393173034e-25,131.0,0.96994204859342593548846256253731253106,0.86651834633533044976675894578350854785
0.59999999999999997779553950749686919153,2.5443902469868039460001897625083210625e-24,131.0,0.96919396283954905371048184111463409301,0.86599803119100334244068977681023052129
0.58999999999999996891375531049561686814,5.731362398415613132268612435925774711e-23,131.0,0.96844682248184700915036684488976446459,0.86557997286928562208983596164481344898
0.57999999999999996003197111349436454475,1.193000957974578208724340450546301461e-21,130.0,0.96770062929216794660537963081160930915,0.86521014403936157772195390935739601758
0.56999999999999995115018691649311222136,2.2992324366325781768712303926000623949e-20,130.0,0.96695538491711286076401659213199778763,0.86484141278020661692546703088923925096
0.56000000000000005329070518200751394033,3.5351896776869733034671003091403989231e-19,130.0,0.96621148645770203727364249997156374694,0.86447389364096073971977245785183361541
0.55000000000000004440892098500626161695,3.9370232729089347062353711153541265105e-18,130.0,0.9654722628852288330522836517412656718,0.86410768775816755196272710510077522128
0.54000000000000003552713678800500929356,3.1713187928572152579363795665227395197e-17,130.0,0.96473401409796347271941017177098526826,0.86374288426956785425975093438245992129
0.53000000000000002664535259100375697017,1.8657057469686380043129238860177082e-16,130.0,0.96399674008417565389591849525403347409,0.86337956156726436504107703588325327623
0.52000000000000001776356839400250464678,8.2443735717489191674901927520217267712e-16,130.0,0.96326044079514697080135668165075779241,0.86301778841041378916170248042966228787
0.51000000000000000888178419700125232339,2.8772773909099133211325418396698166731e-15,130.0,0.96252511614487025094421819289459805848,0.86265762491481218950422683740090189321
0.50,8.3959826897736838107113987357637559054e-15,130.0,0.9617907660099717351447261345021794435,0.86229912343437264971001856668870287295
0.48999999999999999111821580299874767661,2.1504642055296085160778690432113469051e-14,130.0,0.96105739022981667177097240004183536573,0.86194232934748061264547376017117732154
0.47999999999999998223643160599749535322,5.0063923889035699532156745514607193027e-14,130.0,0.96032498860676532672231465069707557753,0.86158728175949472053518657532382981063
0.46999999999999997335464740899624302983,1.0848473980416863197089943882833861086e-13,130.0,0.95959356090655175677724437070878048578,0.86123401413119215331667015003706648169
0.46000000000000001998401444325281772763,2.220390921472111952243266147492587717e-13,130.0,0.9588631068587621536223895338152284559,0.86088255484169821208409178457840233066
0.45000000000000001110223024625156540424,4.3338205257459126021720239929061764109e-13,130.0,0.95813362615739325977969429377593446935,0.8605329276933577064259602886689846204
0.44000000000000000222044604925031308085,8.1590930366762127323073277169475271131e-13,130.0,0.95740511846147455920075543490434083142,0.860185152365073587143120259370666849
0.42999999999999999333866185224906075746,1.4833745529422699151680388082119006471e-12,130.0,0.95667758339574041788645114795628654144,0.85983924481983345778497520118654578576
0.41999999999999998445687765524780843407,2.6234579129301037300959570299873112444e-12,130.0,0.9559510205513406893452196692154756049,0.85949521767144842153378340475944815412
0.40999999999999997557509345824655611068,4.5297869729455344706699013640383718453e-12,130.0,0.95522542948658006475790172445309029717,0.85915308051492503769959094980158059872
0.40000000000000002220446049250313080847,7.6228079122956771426427771126682118735e-12,128.0,0.95450080972767804039752444219892972138,0.85881284022436676159843504862457994142
0.39000000000000001332267629550187848508,1.258170681050155650551141424671868521e-11,121.0,0.95377716076954266024641552289025064352,0.85847450122184474277273205386112026126
0.38000000000000000444089209850062616169,2.0461749781522911559644856475782093643e-11,115.0,0.95305448207655239026292774416585579207,0.85813806572027978917605925416797500054
0.36999999999999999555910790149937383831,3.2523372559446176032502651501165041694e-11,109.0,0.95233277308334128297648955956452564064,0.85780353394302940344016913805172161721
0.35999999999999998667732370449812151492,5.1175784802565177979932794551174303733e-11,104.0,0.95161203319558353082926853022090879039,0.8574709043225694087128300601340039492
0.34999999999999997779553950749686919153,7.8929973096656277246233449125780485064e-11,99.0,0.95089226179077409958719004452842191918,0.85714017368039269605658947862176137978
0.34000000000000002442490654175344388932,1.2092713735136889798930653404982187819e-10,95.0,0.95017345821900273998060722556587107288,0.85681133739001318943490314802402024653
0.33000000000000001554312234475219156593,1.8145701664474080627121772372653013857e-10,91.0,0.9494556218037191315151923929535586975,0.85648438952475686232776540427890756461
0.32000000000000000666133814775093924254,2.7038151505612687691088441063019226692e-10,87.0,0.94873875184248741016290323178602535179,0.85615932299183995487231669441499411404
0.30999999999999999777955395074968691915,3.9887313759200147521141195903319051613e-10,83.0,0.94802284760772854340919213980641140004,0.85583612965407411511806237883874210087
0.29999999999999998889776975374843459576,5.7888186449275139570868964820446840007e-10,79.0,0.94730790834744945400045483228912515305,0.85551480044039653022542437996721982749
0.28999999999999998001598555674718227237,8.3565498792235851135727643788690122896e-10,76.0,0.94659393328595796282919042143748578645,0.85519532544629764503189076361979078323
0.28000000000000002664535259100375697017,1.1981902911435865387936937792001823046e-09,73.0,0.94588092162456286761868286031552761655,0.85487769402510791244959556055225012045
0.27000000000000001776356839400250464678,1.6877123941072150544685755675047238808e-09,71.0,0.94516887254225862379944989035477334183,0.85456189487100634432909972203713215753
0.26000000000000000888178419700125232339,2.3660401747037483236522969939041720551e-09,69.0,0.94445976448292390978636246738156985317,0.8542479160945259891502896466548634546
0.25,3.3017857994198535036109849170372879161e-09,66.0,0.94375357751709276364397799580967904297,0.85393574529125338100218049342844560211
0.23999999999999999111821580299874767661,4.56551415644991959093326305315399023e-09,64.0,0.94304835855289105423776457858305838948,0.8536253696043495533599709353535077442
0.23000000000000000999200722162640886381,6.2290569506094654198443024811720701733e-09,62.0,0.94234410625510809861144617801959469526,0.85331677578145816618867735158971102068
0.22000000000000000111022302462515654042,8.4642000632882844986204047668822196816e-09,60.0,0.94164081928406923364748704037364836118,0.85300995022651092041867426766369135661
0.20999999999999999222843882762390421703,1.1455735557592689670874396517338789373e-08,59.0,0.94093849629558406300122644369827566198,0.85270487904689093118760641263197162998
0.20000000000000001110223024625156540424,1.5444517679744882112331735154459445834e-08,57.0,0.94023713594091454797646403426261324457,0.85240154809637037473669012754995485293
0.19000000000000000222044604925031308085,2.0508308997409945631421292737251190766e-08,56.0,0.93953673686676075782127335885332313213,0.85209994301419902408821256598998293772
0.17999999999999999333866185224906075746,2.7088484265488906267350349495084957127e-08,54.0,0.93883729771526232097325403235919636338,0.85180004926068465165542919314459748651
0.17000000000000001221245327087672194466,3.5656798174397105760496819704712186287e-08,53.0,0.93813881712401376832892094893351656522,0.85150185214957425099112799108677903964
0.16000000000000000333066907387546962127,4.6777421791822084947193590099346811898e-08,51.0,0.9374412937260921928453256821586676663,0.85120533687751628301147671694188257268
0.14999999999999999444888487687421729788,6.1164421512220239726539010401610989927e-08,50.0,0.9367447261500958111985219231760382933,0.85091048855085826322128564935576506654
0.14000000000000001332267629550187848508,7.9140064430709098985903581070069531292e-08,49.0,0.93604911302019210567401171046412358263,0.85061729221001066592866033745116826235
0.13000000000000000444089209850062616169,1.0155840327111104909490779698905216251e-07,48.0,0.93535445295617440660414211445916842702,0.85032573285158712080830084660771650549
0.11999999999999999555910790149937383831,1.2994559902779167526208510374761440559e-07,47.0,0.93466074457352589186541347373469393512,0.85003579544851190565712031709440109017
0.11000000000000000055511151231257827021,1.6579071088987740147511088791778391048e-07,46.0,0.93396798648349003141710441173265321721,0.8497474649682685820397826862446856229
0.10000000000000000555111512312578270212,2.1092958736458945783143680710363326405e-07,45.0,0.93327617729314665863206711415668413305,0.84946072638944815596076129208137319032
0.089999999999999996669330926124530378729,2.676199273119987917358083179603318748e-07,44.0,0.9325853156054929075084332169755850415,0.84917556471674111958235756725791738577
0.080000000000000001665334536937734810635,3.370918996624665653653263116838611038e-07,43.0,0.93189540001952833180914320926434774372,0.84889196499450504003006932691306061129
0.070000000000000006661338147750939242542,4.204716814156791771367062795572786007e-07,41.0,0.93120642913034358295655946406512036041,0.8486099123190278575968871264920283721
0.059999999999999997779553950749686919153,5.2318847281802018710547992459071937874e-07,40.0,0.93051840152921211195980511909688989377,0.84832939184959663607417999250902127666
0.050000000000000002775557561562891351059,6.4943129938676427341066412869437912465e-07,39.0,0.92983131580368439029448297663024356229,0.84805038881847202977124137430464160331
0.040000000000000000832667268468867405318,8.0423303834631304618725700268360358119e-07,39.0,0.92914517053768419438627165753121431232,0.84777288853986013212376226967679462722
0.029999999999999998889776975374843459576,9.9362759955032323172654111443183148804e-07,38.0,0.92845996431160657313257033709905207984,0.84749687641796556572168430288133497029
0.020000000000000000416333634234433702659,1.2248339815074921052916476161051703671e-06,37.0,0.92777569570241711936181514089949612865,0.84722233795420254677199684074224640146
0.010000000000000000208166817117216851329,1.5033562598810870856357029815400025806e-06,37.0,0.92709236328375223105968016877227066909,0.84694925875363419563389664729243166205
0.0,1.8249270104690157763281242022616084311e-06,36.0,0.92640996562602007196090061360632623391,0.84667762453070446509288128408097542433
