value,sup,dur,Y,S
1.0,2.199134340131904295342958198042055163e-279,110.0,0.99999228751203400189314297297575217774,0.29334902326921577532756393006375969741
0.98999999999999999111821580299874767661,4.7656220658327944032124585722804483487e-129,110.0,0.99921125192691062651559710208173308976,0.2856193764515651146319709514736386002
0.97999999999999998223643160599749535322,3.1446449917857495031967881860962642811e-99,109.0,0.99842812308670314679438461447063337437,0.28078565142779201933296396610074806845
0.96999999999999997335464740899624302983,2.9274629073573939703280050820394136737e-81,109.0,0.99764601698070880723315705623166401298,0.27656473522713419678598988828091181596
0.95999999999999996447286321199499070644,2.5850112689301523307422463774950306719e-68,108.0,0.99686517855517349546579824572438190428,0.27281807251127456360379702519908950226
0.94999999999999995559107901499373838305,3.5402202832777061467957092432054294953e-58,108.0,0.996085478302631005806232344780890645,0.2694963271119843952721564904164803822
0.93999999999999994670929481799248605967,7.6131318527479621672338661016958801147e-50,107.0,0.99530697816898026142810114389397105142,0.26633033133927465149531906520521861519
0.93000000000000004884981308350688777864,8.9870919269364935547362931744594463204e-43,107.0,0.99452962769472505838949227330364820772,0.26336436326631037926017032788612663927
0.92000000000000003996802888650563545525,1.2384000425928629615344741709590397243e-36,106.0,0.99375342134797911386070586024176252831,0.26054791416396473303421219419979012624
0.91000000000000003108624468950438313186,3.2518811639825531081516991225976854837e-31,106.0,0.99297878807248059832591849213269861484,0.25796220911157814611274482704144106627
0.90000000000000002220446049250313080847,2.2771854827933185628392238646644378097e-26,105.0,0.99220487983738471456205872995368451938,0.25538172305857786019065555557115196658
0.89000000000000001332267629550187848508,5.405636327916484101934148769173893731e-22,104.0,0.99143274897508354104025551693255500137,0.25296808687170602691940011854399599958
0.88000000000000000444089209850062616169,5.188718019452994178055397911208668879e-18,103.0,0.99066112523494399600628979094349884111,0.25073418379089226409465069127906859552
0.86999999999999999555910790149937383831,2.2978826768062201366261433161028940518e-14,102.0,0.9898915625128311230365955483478941807,0.2485186542507560699270694003512054009
0.85999999999999998667732370449812151492,5.181619810100582138686600709529936432e-11,101.0,0.9891226437909701524027449291752141863,0.24632780738884991439023875062158739603
0.84999999999999997779553950749686919153,6.3772356870795008222934757497958531328e-08,100.0,0.98835495971778189413776609138961364387,0.24424610533289214115167379545109620668
0.83999999999999996891375531049561686814,3.5399934198013350764900060198827059378e-05,98.0,0.98758889503942413231346490796153919724,0.24234191755546063612121056361018359169
0.82999999999999996003197111349436454475,0.0010337151160336572786027399415095709753,96.0,0.98682355659175708179224955358875072738,0.24045882113073765712329287088864133516
0.81999999999999995115018691649311222136,0.0047615850280478813394321345942760640845,47.0,0.9860593107835750533084129904856945787,0.2385990578204224987063709378576555534
0.81000000000000005329070518200751394033,0.011008606456455998931826471326282668165,0.0,0.98529698659014399077705254599405326928,0.23676426031242083042643430020778130392
0.80000000000000004440892098500626161695,0.018827146799931881060934487208909215813,0.0,0.98453546471856002886504139775038736634,0.2349555854814738932486320659834954892
0.79000000000000003552713678800500929356,0.027526290198651767678811456509684169641,0.0,0.98377474887019826320428722875991575092,0.2332793093537515774069702585635362637
0.78000000000000002664535259100375697017,0.036748872684065102655160035462935434182,0.0,0.98301544945015584990861101213082068323,0.23169315098455517775025647892429861691
0.77000000000000001776356839400250464678,0.046263837872910839398498611475733275424,0.0,0.98225788995786441616602553397514413522,0.23012666696530476363203538849853775526
0.76000000000000000888178419700125232339,0.055958628061701460912029336500014052487,0.0,0.98150119330005394015965030441136912763,0.22858038656409589167162395460105561522
0.75,0.065753263805759637514353989231216483757,0.0,0.98074536125088749808842014073859451224,0.227054671204637592598268576018185021
0.73999999999999999111821580299874767661,0.075617293422823793133752162432757007186,0.0,0.97999039578999072270091734438135558372,0.22554974529562273034317064191503331403
0.72999999999999998223643160599749535322,0.085512659754051214128844389050139169593,0.0,0.97923741025303263268677182257443306,0.22406572134088842758795930089162522865
0.71999999999999997335464740899624302983,0.095394508055721480583575961340165114389,0.0,0.97848571040044106223605735312891020329,0.22260262047236210960172895932224378625
0.70999999999999996447286321199499070644,0.1053171924645908479277143840085424053,0.0,0.9777349189388344960316965625467597942,0.22126054407614873593982351339399330936
0.69999999999999995559107901499373838305,0.11518262021581987447124176592886634137,0.0,0.97698503636489262432424346056046076477,0.21996575596577291557371875272347362548
0.68999999999999994670929481799248605967,0.12506760974736653886115017068831387978,0.0,0.9762360632963408709344353873847024577,0.21868677027751156399012604295675333895
0.68000000000000004884981308350688777864,0.13492514066991194930264393523439423363,0.0,0.97548811861388622646894638279164614232,0.21742360695950538296226681353977364814
0.67000000000000003996802888650563545525,0.14473924873682339780957076818369303384,0.0,0.97474245169905428212327956714084299603,0.21617624270712797712922586485886100803
0.66000000000000003108624468950438313186,0.15457218094870543067317861327557800448,0.0,0.97399772584524479379464728062616856054,0.21494461790627943308726535879703163514
0.65000000000000002220446049250313080847,0.16433956012381093538561880978680425388,0.0,0.97325394058526081229631242770610189489,0.21372864252685404584516314571655019789
0.64000000000000001332267629550187848508,0.17407434058587456010992518086594949341,0.0,0.97251109554311931627647359026474732546,0.2125282011347309802427366778499963776
0.63000000000000000444089209850062616169,0.1838161253897506389087963265304625965,0.0,0.97176919041552910188606939144496069343,0.21134315716140336720470465743111187802
0.61999999999999999555910790149937383831,0.19351870325759249818841692848304762175,0.0,0.97102822495631135217126723487643617928,0.21017335654662915118672609547319774222
0.60999999999999998667732370449812151492,0.20314766720937546444572409208458955794,0.0,0.97028848950214836156744863308551131802,0.20904841264802038164272939809733914231
0.59999999999999997779553950749686919153,0.21277729763849078584865724587446422052,0.0,0.96955087236052421446846034257664899478,0.20800653528443248082195539101606798186
0.58999999999999996891375531049561686814,0.22240560135603718437779028949597545424,0.0,0.96881421753301059428142087668291088917,0.20697640491277801686309649655860689945
0.57999999999999996003197111349436454475,0.23195758255628792165339407670371694881,0.0,0.96807852398926114710454277770927650165,0.20595793616542455547398043990739934237
0.56999999999999995115018691649311222136,0.24146115056978176764712916221275567436,0.0,0.9673437907543927071192851852418088879,0.20495103295103031437966343340376743063
0.56000000000000005329070518200751394033,0.2509602686347300620059816052062118973,0.0,0.96661001689994702672726707615525137583,0.20395559008641275958955043425875274858
0.55000000000000004440892098500626161695,0.26045383252814709783473717541060342216,0.0,0.96587720153605895286222816596539797865,0.20297149472317842864266927665893546801
0.54000000000000003552713678800500929356,0.26988726057183794865380401399811934741,0.0,0.96514534380466204049680184242856576184,0.20199862759580134949058688563157902869
0.53000000000000002664535259100375697017,0.27924733459143545434484295593286531311,0.0,0.96441444287358827332757514579826473392,0.20103686411410471701966536595504045574
0.52000000000000001776356839400250464678,0.28860007039276326008532668823370056042,0.0,0.96368571291866560396035284688389522787,0.20008607531993362254531528737049371689
0.51000000000000000888178419700125232339,0.29794479847758553075603273476734828029,0.0,0.96295818349324032188835383755650297457,0.1991461287251118090867729155121511152
0.5,0.30728093565957673517956620756157731814,0.0,0.96223162631017155680123713463782970554,0.19821688904547741804520397044483263716
0.48999999999999999111821580299874767661,0.31649997828558166326878103243083148115,0.0,0.96150603998878846426301089456111220814,0.19729821884382813289471637208279460189
0.47999999999999998223643160599749535322,0.32569426340974456778245063826371184247,0.0,0.96078142318045217865602322455195183267,0.19638997909292289050047443986018598712
0.46999999999999997335464740899624302983,0.33487897205157487202889788843362614238,0.0,0.96005777456443821930393650388179669714,0.19554392483408359555165415517558721219
0.46000000000000001998401444325281772763,0.34405372506982596625783867132223244404,0.0,0.95933509284427762568077173248759648297,0.19473047945903055398863833955492979232
0.45000000000000001110223024625156540424,0.35321818734211149562219364211700789963,0.0,0.95861337674450306395343941005693199082,0.19392525481775258469389550897824084274
0.44000000000000000222044604925031308085,0.36225117951330763734915542337041762086,0.0,0.95789262500775314055677184866510407413,0.19312816405327520297368231559154324095
0.42999999999999999333866185224906075746,0.37126592366856750084987416307913904709,0.0,0.95717283639219394890101198945291228743,0.19233911865494580753950365372842062358
0.41999999999999998445687765524780843407,0.38026976438093952066538035938716769649,0.0,0.95645499306410296345185882977739933936,0.19155802878443974076249560930772087709
0.40999999999999997557509345824655611068,0.38926247648533131887989790976366145149,0.0,0.95573855892140038300440469878253288496,0.19078480356659047860847282285874517419
0.40000000000000002220446049250313080847,0.39824385945764869472747448304210616221,0.0,0.95502309820128752398042834235281731478,0.19001935134875529222792791198732428999
0.39000000000000001332267629550187848508,0.40712105232285960472457790920857445575,0.0,0.95430860927928210241704385480515341592,0.18926157993201328992680804568307598187
0.38000000000000000444089209850062616169,0.4159447787547029257525250874668850261,0.0,0.95359509055241894999936455391394368826,0.18851139677712826519732004643765603694
0.36999999999999999555910790149937383831,0.42475676447397903698489533946542436411,0.0,0.95288254043718782787859252472346844844,0.18776870918788741918558908168723267336
0.35999999999999998667732370449812151492,0.43355687479373573036141533401239892885,0.0,0.95217095736766341160886485843359252772,0.18703342447414376786039581394765433883
0.34999999999999997779553950749686919153,0.44234498973655323951484166309365396644,0.0,0.95146033979380845945487886265301794173,0.1863054500966395550727985011735782524
0.34000000000000002442490654175344388932,0.45109798276344849408312493757156759366,0.0,0.95075068617993326949135282411506931232,0.1855846937954664935070062117910743629
0.33000000000000001554312234475219156593,0.45972020994500565640722126166336096462,0.0,0.95004199500329631325216884922830880443,0.18487106370382237464218548321381068362
0.32000000000000000666133814775093924254,0.46833015353510873272365917651936831883,0.0,0.94933426475283261536247650430748093659,0.18416446844854960371575536247308361129
0.30999999999999999777955395074968691915,0.47692773628691456687722405596468964905,0.0,0.94862749392799772274763057729333476116,0.18346481723878649144648731407616829164
0.29999999999999998889776975374843459576,0.48551289011419217336828434656054302345,0.0,0.94792219948167620925855099021815756551,0.18279637119915065049683147888356391385
0.28999999999999998001598555674718227237,0.49408555523902608705271834893271374388,0.0,0.94721874282849500723823099329270100394,0.18216833787423375324041311588574685831
0.28000000000000002664535259100375697017,0.50258429479191018177676479964040249449,0.0,0.94651625193533921503924309124231765555,0.18154585707499517195428534430887207249
0.27000000000000001776356839400250464678,0.51098230868396302311605985101694842659,0.0,0.94581472503806104197466692500881383719,0.1809288685331843282969836471700388083
0.26000000000000000888178419700125232339,0.5193676524502213540675989363175247669,0.0,0.94511416038762216700316568435503156506,0.1803173120412888991467769871961389347
0.25,0.52774029333463036900398100886689299542,0.0,0.94441455624905932359554990353611675158,0.17971112751881284265645423316898486312
0.23999999999999999111821580299874767661,0.536100203917948362593899388552212294,0.0,0.94371591090053012849973785918098443503,0.17911025507198391758984253484679361081
0.23000000000000000999200722162640886381,0.54444736165737529636801046264772617441,0.0,0.94301822263243247537583145582651181758,0.17851463504746834120719049699292862061
0.22000000000000000111022302462515654042,0.55270494558113095340854120324583344267,0.0,0.94232148974659143838491334256001797843,0.17792420808061784684274690784586534072
0.20999999999999999222843882762390421703,0.56086833524190758118029830276622228761,0.0,0.94162571055550821593968923030006575159,0.17733891513872710831320726899932536288
0.20000000000000001110223024625156540424,0.569018867240503257794916543347873612,0.0,0.94093088338166607230646072453459904665,0.17675869755973666068124786094380730177
0.19000000000000000222044604925031308085,0.57715653730854555588439689795415731984,0.0,0.94023700655688873339565643347787752521,0.17618349708677778713576098434317197979
0.17999999999999999333866185224906075746,0.58528134433936158659975553798681197858,0.0,0.93954407842174709362717840131848687717,0.17561325589892079243749482242032807142
0.17000000000000001221245327087672194466,0.59339329012729180269729515943546527517,0.0,0.9388520973250104005779498427718475448,0.17504791663845627903294869693903719418
0.16000000000000000333066907387546962127,0.60141790939661243727147896916114206539,0.0,0.9381610616231384633275493024364307856,0.17448742243501028101613963276131145655
0.14999999999999999444888487687421729788,0.60933659663790908989544094585291556867,0.0,0.93747154522889052787964882731369184617,0.17393171692676796696654448961398640317
0.14000000000000001332267629550187848508,0.61724238053303445288067487791738358705,0.0,0.93678376421291452921902481610155640802,0.17338074427905683567410974368125976688
0.13000000000000000444089209850062616169,0.62513527581277136743954845866419635285,0.0,0.93609693177268966259426431341549196273,0.17283444920051878925597364535462302175
0.11999999999999999555910790149937383831,0.63301529906210509101474521937445459155,0.0,0.9354110460880438475342750266518540444,0.17229277695708083721180418351558193309
0.11000000000000000055511151231257827021,0.64088246856804233983854012302845048346,0.0,0.93472610534965854684538718764328995232,0.17175567338391627676121547780423454115
0.10000000000000000555111512312578270212,0.64867482036800498325056624136392147136,0.0,0.9340421077585671618591497790327945252,0.17122308489557197026427129743221567609
0.089999999999999996669330926124530378729,0.65633888119394066151012082967853347739,0.0,0.93335905152568542933822315342101884912,0.17069495849442248943654123484259978188
0.080000000000000001665334536937734810635,0.66399010324244092897136894698726996398,0.0,0.93267693487137160061897406800961070436,0.17021561927193570740306671749801761539
0.070000000000000006661338147750939242542,0.67162851419567604724087622891168617068,0.0,0.93199575602501434619052573638738079146,0.16974126386962095663532667599110938081
0.059999999999999997779553950749686919153,0.67925414277227642077909706733276423131,0.0,0.93131551322464651109572746787782792949,0.16927051012069394409353878183220502709
0.050000000000000002775557561562891351059,0.6868670186370801098237369922812479572,0.0,0.93063620471658296345432300111483277159,0.16880332142106577363497374243509840782
0.040000000000000000832667268468867405318,0.69441717147807951200696029668144170403,0.0,0.92995782875508090866232291729736012858,0.16833966143390135791584953890399256518
0.029999999999999998889776975374843459576,0.70181676893805351998641399617920611768,0.0,0.92928038360202119086371811046005332476,0.16787949410043121758375323021770223733
0.020000000000000000416333634234433702659,0.70920368459429642878056200701068639568,0.0,0.92860386752660917436238540435503429882,0.16742278364960800911988329248410628928
0.010000000000000000208166817117216851329,0.71657795496632118648321340909064165182,0.0,0.92792827880509392642668235812435094121,0.16696949460669497335982889773134509468
0.0,0.72393961708552032828564330058472665493,0.0,0.92725361572050450640547546535537701126,0.16651959180086699837457809175752236216
