value,sup,dur,Y,S
1.0,2.273880218153499047970815954282341178e-346,129.0,0.99999743973707733714477693504585011653,0.89507028398489347785524193758304997323
0.98999999999999999111821580299874767661,6.7286628886093379396474816638676304116e-127,129.0,0.99920461414925376817360824267541036594,0.89343784420571360841094236919229974291
0.97999999999999998223643160599749535322,6.8475323229666511869845644218517622458e-89,129.0,0.99841155798477223913102545508158747782,0.89221036105495081047988358463012002683
0.96999999999999997335464740899624302983,2.2263104386766057526177671029178037382e-66,129.0,0.99762042961230713555029851624983968376,0.89081697042366637579532767789713603029
0.95999999999999996447286321199499070644,2.5510283109409900056021605908688549846e-50,129.0,0.99683055446645261565928544629106175025,0.88990628540877805555328313786650566033
0.94999999999999995559107901499373838305,7.9116448586443570513282607961125775588e-38,129.0,0.99604126356473749530504037549221851114,0.88888399640339364055666098561897805176
0.93999999999999994670929481799248605967,1.317165068847414173064416653348867714e-27,128.0,0.99525330541437200409576222488449691286,0.88764561098345826844440674762262127761
0.93000000000000004884981308350688777864,1.3861658584422045749509999630710517038e-19,128.0,0.99446773248046660950415125834781541135,0.88660160811419153962230161503360466658
0.92000000000000003996802888650563545525,1.8400469786020175282258364281939484927e-15,128.0,0.99368220954343597330063663773215849046,0.88592789531223210954093061669982120348
0.91000000000000003108624468950438313186,2.2066246262844412318835186925609398626e-13,128.0,0.99289683666040956021103382845160644832,0.88516971200524782387049968306463217721
0.90000000000000002220446049250313080847,6.4803984614132702197492112046192086163e-12,108.0,0.99211459116784267595196078528435273454,0.88435498188015548829523256554550017036
0.89000000000000001332267629550187848508,9.6123623061146074002112778178757706751e-11,85.0,0.99133425836245518911180707985378220779,0.88350308117857454161545281434870388914
0.88000000000000000444089209850062616169,9.2006006449992163258678238512472462087e-10,69.0,0.99055442256577739829652168166733859687,0.88262769475413280965989577994360332823
0.86999999999999999555910790149937383831,6.4289845008723333779307853238922428254e-09,57.0,0.98977512203088868288901351405523763875,0.88173862202398965864917687392370651502
0.85999999999999998667732370449812151492,3.4867479768355845701426336405565760214e-08,50.0,0.98899639146492180121333552556137355775,0.88084295340716353449050645893777548352
0.84999999999999997779553950749686919153,1.5461111059141654934470352580351545646e-07,44.0,0.98821826234640649347092929621946256754,0.87994585645680560181284246857126748973
0.83999999999999996891375531049561686814,5.7867709733288811831561314716187495972e-07,39.0,0.98744228099315897128504279176543473568,0.87936038280531595420984063932830325695
0.82999999999999996003197111349436454475,1.8724264828147832969142334531018727725e-06,36.0,0.98666979456279288367812672235664110475,0.87881558956201193949615172495370847618
0.81999999999999995115018691649311222136,5.3875171121662439499969256130242565876e-06,33.0,0.98589806626978674763420476253867534381,0.87825982115647843480857159689392560428
0.81000000000000005329070518200751394033,1.4062444366235361798662698542387309938e-05,29.0,0.98512710992481049348721526981726329991,0.87769592580597400488912311062980534
0.80000000000000004440892098500626161695,3.2918798168422033747031545855624644434e-05,27.0,0.984356938509210706873008637372426469,0.87712622680624994287031327838270948585
0.79000000000000003552713678800500929356,7.1185261615855504701473234441792618194e-05,25.0,0.98358756419800245630268080077143330462,0.87655262662538126217831776776871422078
0.78000000000000002664535259100375697017,0.00014339452728314432812090179148894689382,23.0,0.98281899839444271745906772063743558723,0.87597668802492900178388359824461909782
0.77000000000000001776356839400250464678,0.00026575534458494974957787773688618891009,21.0,0.98205125177043982488551821517749384682,0.87539969782603748773257967240491628321
0.76000000000000000888178419700125232339,0.0004696729504938443189365546735076383012,19.0,0.98128433430926931508512877032500090096,0.87482271743182962497111238772576775801
0.75,0.00076626606610374792035538681166480070029,18.0,0.98051825534844799711463431353456033736,0.87424662314940513689477319306376654557
0.73999999999999999111821580299874767661,0.0012056056865547476936587570792694170975,16.0,0.97975302362148692347277101270806845757,0.87367213858785797002828401514253651703
0.72999999999999998223643160599749535322,0.0017760504075730353627596463802470066571,15.0,0.97899197853324483109416829933376658685,0.87309986085167648920722877751878474265
0.71999999999999997335464740899624302983,0.0025433482410655371774340895658471307809,14.0,0.9782327393349556649261225337105371525,0.87253028183989233030690669438666239923
0.70999999999999996447286321199499070644,0.0034430024660773489293750603875452530432,12.0,0.97747441251293551497817882597487653377,0.87196380565803893547436849513924281061
0.69999999999999995559107901499373838305,0.0045523423366609140938490627077942032317,11.0,0.97671700175647277578214064426371511759,0.8714007629229538454934950392845548757
0.68999999999999994670929481799248605967,0.0058078614151740873284260077844177088677,9.0,0.97596051057281108283694244434712094612,0.87084142256904341176468937017920517753
0.68000000000000004884981308350688777864,0.007212527288748762690600046324377806146,7.0,0.97520494228830523436738645285511614257,0.8702860016341448256324530987571438419
0.67000000000000003996802888650563545525,0.0088096084274855094195962221572148446683,4.0,0.97445030005117770578575521258201460325,0.86973467340303299608195156607120665747
0.66000000000000003108624468950438313186,0.010463557300126671627230139511195212293,0.0,0.97369658683540561038410317431338974062,0.86918757420929515645247329868216518207
0.65000000000000002220446049250313080847,0.012238857669142793019681790958531406241,0.0,0.97294380544538630663373815018864938009,0.86864480913615169893960295721875231574
0.64000000000000001332267629550187848508,0.014155817768420901293063919526386971918,0.0,0.9721919585211186077942780148052344761,0.86810645680972191087246921474370718116
0.63000000000000000444089209850062616169,0.016159915247105092016715134079180604415,0.0,0.97144104854370267768602370725168621589,0.86757257344115693876706652028299118788
0.61999999999999999555910790149937383831,0.018151585569268680144795234255231779444,0.0,0.97069107784101167596732951429844268654,0.8670431962446974775855460955677802842
0.60999999999999998667732370449812151492,0.020238334520945051499805410702914898946,0.0,0.9699420485934259354884625625373125288,0.8665183463353304497667589457835085486
0.59999999999999997779553950749686919153,0.022412121463609536216057295589283738797,0.0,0.96919396283954905371048184111463409677,0.86599803119100334244068977681023052204
0.58999999999999996891375531049561686814,0.024665081851533660201829341787048826993,0.0,0.9684468224818470091503668448897644676,0.86557997286928562208983596164481344672
0.57999999999999996003197111349436454475,0.026910093240214056142351426394078270543,0.0,0.9677006292921679466053796308116093069,0.86521014403936157772195390935739601382
0.56999999999999995115018691649311222136,0.029130227965741700620099487453510994963,0.0,0.96695538491711286076401659213199778913,0.86484141278020661692546703088923925924
0.56000000000000005329070518200751394033,0.031401898885641304471094926412505625608,0.0,0.96621148645770203727364249997156374619,0.86447389364096073971977245785183361767
0.55000000000000004440892098500626161695,0.033720246905179214348611623233140722415,0.0,0.96547226288522883305228365174126568234,0.86410768775816755196272710510077522279
0.54000000000000003552713678800500929356,0.036080786925094653166610972411718984817,0.0,0.96473401409796347271941017177098526525,0.86374288426956785425975093438245992129
0.53000000000000002664535259100375697017,0.03847940501520508561458583848178248779,0.0,0.96399674008417565389591849525403347333,0.86337956156726436504107703588325327472
0.52000000000000001776356839400250464678,0.040912347380595467813163065799696117133,0.0,0.96326044079514697080135668165075779392,0.86301778841041378916170248042966228862
0.51000000000000000888178419700125232339,0.043301461331075474937399252716154137695,0.0,0.96252511614487025094421819289459805773,0.86265762491481218950422683740090189622
0.50,0.045649603311911543135287644891319913969,0.0,0.961790766009971735144726134502179445,0.8622991234343726497100185666887028722
0.48999999999999999111821580299874767661,0.048021113394093139718720744193092744135,0.0,0.96105739022981667177097240004183536573,0.86194232934748061264547376017117731552
0.47999999999999998223643160599749535322,0.050413846008369334159703997856466990489,0.0,0.96032498860676532672231465069707557979,0.86158728175949472053518657532382980611
0.46999999999999997335464740899624302983,0.052825848436506218021976773966289377248,0.0,0.95959356090655175677724437070878048954,0.86123401413119215331667015003706647943
0.46000000000000001998401444325281772763,0.055255345583300079426445675473977596079,0.0,0.9588631068587621536223895338152284559,0.86088255484169821208409178457840233066
0.45000000000000001110223024625156540424,0.057700725238133830932680520326338706611,0.0,0.95813362615739325977969429377593446634,0.86053292769335770642596028866898461664
0.44000000000000000222044604925031308085,0.060160524021983425055002280496588254072,0.0,0.95740511846147455920075543490434083067,0.8601851523650735871431202593706668475
0.42999999999999999333866185224906075746,0.062633414144367289990771678223411340449,0.0,0.95667758339574041788645114795628653918,0.85983924481983345778497520118654579102
0.41999999999999998445687765524780843407,0.0651181910399573473267782716093694545,0.0,0.95595102055134068934521966921547560415,0.85949521767144842153378340475944815036
0.40999999999999997557509345824655611068,0.06761376191344926874497117133565907798,0.0,0.95522542948658006475790172445309029642,0.85915308051492503769959094980158059722
0.40000000000000002220446049250313080847,0.070045665721714603375687800482004941949,0.0,0.95450080972767804039752444219892971988,0.85881284022436676159843504862457993917
0.39000000000000001332267629550187848508,0.072444907313916126213786965403896092001,0.0,0.95377716076954266024641552289025064202,0.85847450122184474277273205386112025975
0.38000000000000000444089209850062616169,0.074851964278205724616391099842226084506,0.0,0.95305448207655239026292774416585579207,0.85813806572027978917605925416797500279
0.36999999999999999555910790149937383831,0.077266145909305621112058817021223542015,0.0,0.95233277308334128297648955956452564214,0.85780353394302940344016913805172162173
0.35999999999999998667732370449812151492,0.079686818420702159182063595558793369236,0.0,0.95161203319558353082926853022090878889,0.85747090432256940871283006013400395071
0.34999999999999997779553950749686919153,0.082113399949666077199371287209952450531,0.0,0.95089226179077409958719004452842192219,0.85714017368039269605658947862176138053
0.34000000000000002442490654175344388932,0.084545355992602901680785313357705796986,0.0,0.95017345821900273998060722556587107438,0.85681133739001318943490314802402024653
0.33000000000000001554312234475219156593,0.086982195239847303845312391673829167975,0.0,0.94945562180371913151519239295355869675,0.8564843895247568623277654042789075586
0.32000000000000000666133814775093924254,0.089423465779498014681801403191809190856,0.0,0.94873875184248741016290323178602535405,0.85615932299183995487231669441499411555
0.30999999999999999777955395074968691915,0.091868751640885122126409054622668589322,0.0,0.94802284760772854340919213980641140455,0.85583612965407411511806237883874210614
0.29999999999999998889776975374843459576,0.094317669649601433287731790123866336775,0.0,0.94730790834744945400045483228912515606,0.85551480044039653022542437996721982373
0.28999999999999998001598555674718227237,0.096769866567588409831956702913699661151,0.0,0.9465939332859579628291904214374857857,0.85519532544629764503189076361979078248
0.28000000000000002664535259100375697017,0.099225016493447469085268673839706973045,0.0,0.9458809216245628676186828603155276173,0.8548776940251079124495955605522501197
0.27000000000000001776356839400250464678,0.1016828184998780198056909728157474032,0.0,0.94516887254225862379944989035477334107,0.85456189487100634432909972203713215829
0.26000000000000000888178419700125232339,0.10414299448687141040006874419344935733,0.0,0.94445976448292390978636246738156985317,0.85424791609452598915028964665486345159
0.25,0.10660528723097878675572581271515673492,0.0,0.94375357751709276364397799580967904447,0.85393574529125338100218049342844561264
0.23999999999999999111821580299874767661,0.10906945861259322759655695064711709342,0.0,0.94304835855289105423776457858305839399,0.85362536960434955335997093535350774044
0.23000000000000000999200722162640886381,0.11153528800472731663963569306139126948,0.0,0.94234410625510809861144617801959469677,0.85331677578145816618867735158971101843
0.22000000000000000111022302462515654042,0.11393471369819522442570779090605753585,0.0,0.94164081928406923364748704037364836118,0.85300995022651092041867426766369135285
0.20999999999999999222843882762390421703,0.11631235474383346756371299748957262504,0.0,0.94093849629558406300122644369827565821,0.85270487904689093118760641263197162998
0.20000000000000001110223024625156540424,0.11869094014683820591679827945919950883,0.0,0.94023713594091454797646403426261324457,0.85240154809637037473669012754995485443
0.19000000000000000222044604925031308085,0.12107030551532069491698620770314840004,0.0,0.93953673686676075782127335885332313363,0.85209994301419902408821256598998293471
0.17999999999999999333866185224906075746,0.12345029718028876672138048823231391343,0.0,0.93883729771526232097325403235919636789,0.85180004926068465165542919314459747824
0.17000000000000001221245327087672194466,0.12583077140169346241222111522549362034,0.0,0.93813881712401376832892094893351655995,0.85150185214957425099112799108677904265
0.16000000000000000333066907387546962127,0.12821159363886549259698645616687824855,0.0,0.93744129372609219284532568215866766856,0.85120533687751628301147671694188256666
0.14999999999999999444888487687421729788,0.13059263787983021265050143944135634097,0.0,0.9367447261500958111985219231760382918,0.85091048855085826322128564935576506579
0.14000000000000001332267629550187848508,0.13297378602446808509408566417869691357,0.0,0.93604911302019210567401171046412357887,0.8506172922100106659286603374511682616
0.13000000000000000444089209850062616169,0.1353549273169262056371947431609806995,0.0,0.93535445295617440660414211445916842627,0.85032573285158712080830084660771651
0.11999999999999999555910790149937383831,0.13773595782308847412060212100696331927,0.0,0.93466074457352589186541347373469393136,0.85003579544851190565712031709440109845
0.11000000000000000055511151231257827021,0.14011677994927995580725840406603612693,0.0,0.93396798648349003141710441173265321345,0.84974746496826858203978268624468562817
0.10000000000000000555111512312578270212,0.14249730199871684448164655662574100771,0.0,0.9332761772931466586320671141566841308,0.84946072638944815596076129208137319107
0.089999999999999996669330926124530378729,0.14487743776252031998854787895888141173,0.0,0.93258531560549290750843321697558503849,0.84917556471674111958235756725791738653
0.080000000000000001665334536937734810635,0.14725710614239241854561711095681565932,0.0,0.93189540001952833180914320926434774673,0.84889196499450504003006932691306060603
0.070000000000000006661338147750939242542,0.14963623080230712980065522149922298057,0.0,0.9312064291303435829565594640651203574,0.84860991231902785759688712649202837662
0.059999999999999997779553950749686919153,0.1520147398468022194810123181822289034,0.0,0.93051840152921211195980511909688989527,0.84832939184959663607417999250902127892
0.050000000000000002775557561562891351059,0.15439256552366898305706823826762720788,0.0,0.9298313158036843902944829766302435638,0.84805038881847202977124137430464159805
0.040000000000000000832667268468867405318,0.15676964394902979048067506849128102084,0.0,0.92914517053768419438627165753121431082,0.84777288853986013212376226967679462195
0.029999999999999998889776975374843459576,0.15914591485296853045833815733904037847,0.0,0.92845996431160657313257033709905207984,0.84749687641796556572168430288133496728
0.020000000000000000416333634234433702659,0.16152132134403878003886106767780585246,0.0,0.9277756957024171193618151408994961279,0.84722233795420254677199684074224640297
0.010000000000000000208166817117216851329,0.16389580969111964945648779361092878119,0.0,0.92709236328375223105968016877227066758,0.84694925875363419563389664729243166957
0.0,0.16626932912122143906702998774620921838,0.0,0.92640996562602007196090061360632623767,0.84667762453070446509288128408097542132
