value,sup,dur,Y,S
1.0,1.4475234306245532162354701857541046516e-76,130.0,0.99558055753506664517655298178913204848,0.91570878073670772655849421809890695877
0.98999999999999999111821580299874767661,1.0106402862222393882874630632451298949e-76,130.0,0.99567173265475180784716834509268534363,0.90917851306118562471185506347098092738
0.97999999999999998223643160599749535322,7.0805228567031161436532461797784335358e-77,130.0,0.99576257499311329988059046719548191796,0.90379416029039035461982253288834806311
0.96999999999999997335464740899624302983,4.9808290362123089043957924613980555562e-77,130.0,0.99585431622589974600915668041675198232,0.89829011720154639576160077884655194846
0.95999999999999996447286321199499070644,3.5204707884933329894968553850089631905e-77,130.0,0.99594787294043225172130254117932778282,0.89344768492067795492517635697400511036
0.94999999999999995559107901499373838305,2.5019756555378845698529448860788056785e-77,130.0,0.99604088457808246625629211468657251052,0.88881968448054696244289593715240726056
0.93999999999999994670929481799248605967,1.7893438284201030219371949726700003003e-77,130.0,0.99613623218964372365635403345316445168,0.88436397491080199837393897654794629057
0.93000000000000004884981308350688777864,1.2888489578352162371492874747655123069e-77,130.0,0.99623288263346706822764418266372826224,0.88024096921802794662520930078201746252
0.92000000000000003996802888650563545525,9.3583593231040005679956060581956394097e-78,129.0,0.99633042202727431344596352800017232993,0.87606969121068056193124079491991292736
0.91000000000000003108624468950438313186,6.8564643539978196144822843893269848161e-78,129.0,0.99642945568396772054565323380879522348,0.87210633618334995767571613817490620256
0.90000000000000002220446049250313080847,5.0738366921680593680715749688551027574e-78,129.0,0.99653037613960192294812819418739427646,0.8681441847004423796170939069597140803
0.89000000000000001332267629550187848508,3.7962859954847568614430521568142398339e-78,129.0,0.99663339799722357497940044328445164757,0.86410586224255441908099546616768252242
0.88000000000000000444089209850062616169,2.8749680283586666639154073696421685854e-78,129.0,0.99673858277452670826256547203450896932,0.86028656965960505519784460604471624916
0.86999999999999999555910790149937383831,2.2061581450252122709063577226626012414e-78,129.0,0.99684610397136364184784742885575945485,0.85604617760353998255481963899707820052
0.85999999999999998667732370449812151492,1.7173433726497674609807490839031018304e-78,128.0,0.99695674621018265062124574784833112116,0.85230314968189552562063810303876113202
0.84999999999999997779553950749686919153,1.3576514384613664617011479450144248754e-78,128.0,0.99706910806568464769958974173234501742,0.84781077396851498226799381550318656956
0.83999999999999996891375531049561686814,1.0912571635896690239805933107938277485e-78,128.0,0.99718378062979658734756312837873877373,0.84407268223895232225390912711635407364
0.82999999999999996003197111349436454475,8.928339668999750572000113891738144839e-79,128.0,0.99729899190251921667978341140592106474,0.83936999620451231854042672743091875517
0.81999999999999995115018691649311222136,7.4441152646755290306442034545181057745e-79,128.0,0.99741468200952344977082573595003669107,0.83551476633986582776645224496955108013
0.81000000000000005329070518200751394033,6.3320185840313133167991041139946411538e-79,127.0,0.9975302543729691916100183757793300606,0.83069614509945378361050886703520889651
0.80000000000000004440892098500626161695,5.500941026506257961183131571533864846e-79,127.0,0.99764481611717652760716346170283392062,0.82656701897554528156263938504155337488
0.79000000000000003552713678800500929356,4.8861307846476776807999590846282223333e-79,127.0,0.99775795028393713135636574583768605808,0.82154158198700732783341941435373369638
0.78000000000000002664535259100375697017,4.4420192845627018622246200319995190624e-79,127.0,0.99786926699583641691196500927238642965,0.81716969996047670925129717584161246487
0.77000000000000001776356839400250464678,4.1373441373059985318618469168751983727e-79,127.0,0.99797840632027754029506000788451003424,0.81184589695162839323647247655969710508
0.76000000000000000888178419700125232339,3.9519429081192726941127504063133805391e-79,126.0,0.99808504046719876824500460288648929023,0.8072554790289932338189612759362532547
0.75,3.8748244294987528255303513942721072862e-79,126.0,0.998188990553068776729463360024531408,0.8018095714610092937820080128355639936
0.73999999999999999111821580299874767661,3.9033065223472816053606823473601883989e-79,126.0,0.9982899015880654548024057836647664599,0.79674280413047992769399173176259607236
0.72999999999999998223643160599749535322,4.0431715051784195197736927363766553397e-79,126.0,0.99838750245782736897309832138448856107,0.79119606109512714418869166122928219052
0.71999999999999997335464740899624302983,4.3099654068418566419406458608141608003e-79,125.0,0.99848161383574763811409299862392329249,0.78553215411987798873991386540789776466
0.70999999999999996447286321199499070644,4.7317941682416328681582886368165617336e-79,125.0,0.99857209084302492399461935492694431947,0.77989018315967635378150996983287956929
0.69999999999999995559107901499373838305,5.3543133009331320326704008939752345111e-79,125.0,0.99865882236955706601047072921496429286,0.77364677743824008404518492470385357833
0.68999999999999994670929481799248605967,6.249174877948297863031760864532190123e-79,125.0,0.9987417299095224781776850365450036574,0.76775500112188063130141465177831536226
0.68000000000000004884981308350688777864,7.528185704346164329064644319084614448e-79,124.0,0.99882076594538175412425466006097110244,0.76146423406967467972070042036689519605
0.67000000000000003996802888650563545525,9.3672197050744446639191682557104984438e-79,124.0,0.99889591193090897193183977337989768021,0.75471810651515029868050673436731256906
0.66000000000000003108624468950438313186,1.2047251522494131952006518830050947791e-78,124.0,0.99896717593669666541477425113906365802,0.74825062561965479184343149231370899747
0.65000000000000002220446049250313080847,1.6026209697436562195333805207417694366e-78,123.0,0.9990345900296101759234127323056297166,0.7414470103799794482669139955131504018
0.64000000000000001332267629550187848508,2.206770814819604106208292382903069844e-78,123.0,0.99909820746069367283931829073496175544,0.73429290857493338644329582318227343653
0.63000000000000000444089209850062616169,3.1477460695170625434927142185754317724e-78,123.0,0.99915809973428890640087186840563373505,0.72687606918663007098715872744646502834
0.61999999999999999555910790149937383831,4.654904159484127469726539273628264929e-78,122.0,0.99921435362517253288736120859087376574,0.71959159573248052540231000386215888384
0.60999999999999998667732370449812151492,7.1428085420142412464440200053386227843e-78,122.0,0.9992670825710939625587915483662333727,0.71201379255415787911328261860468961336
0.59999999999999997779553950749686919153,1.138375770827666357007714413595200288e-77,121.0,0.99931661248901543389847633892322822266,0.70418293830540421009193576801997128339
0.58999999999999996891375531049561686814,1.8863024437972720455494377615559625844e-77,121.0,0.99936284325191553830959777072434775963,0.69613036467794212460877120355508832064
0.57999999999999996003197111349436454475,3.2534478158488200000986651750274025026e-77,121.0,0.99940589459687116566796911576614596642,0.68787822893948327299614884036354074307
0.56999999999999995115018691649311222136,5.8483904298273359883671091970807603087e-77,120.0,0.99944588757046688192963274590045440447,0.67943951043979320372094855719691079454
0.56000000000000005329070518200751394033,1.097252277628704848525069587980632634e-76,120.0,0.99948320090759643404207900082837748273,0.67081825469722214890067867328214951643
0.55000000000000004440892098500626161695,2.1520204615324557280100190170824868073e-76,119.0,0.99951780389523710811507199369180818909,0.66201007150774519712575491551050172035
0.54000000000000003552713678800500929356,4.4201190960014917326868955783294765849e-76,119.0,0.99954972097346642288435906748392498684,0.65300287492489263615759954587141675693
0.53000000000000002664535259100375697017,9.5267654056623542382712976791670753755e-76,118.0,0.99957947221489340284873660621983181423,0.64377783496421145599243361316996286982
0.52000000000000001776356839400250464678,2.1595824733850779107812999394052153488e-75,118.0,0.99960675093916221953425260654187595877,0.63437485492839796546533446557011649666
0.51000000000000000888178419700125232339,5.162080674682583674366382637692405319e-75,117.0,0.99963210908259764285943818048744659986,0.62494223705222717336425639823295412167
0.5,1.3048962936678634364338011253120358393e-74,116.0,0.99965534765969716896518348340594973334,0.61521821208680330587066419111893403939
0.48999999999999999111821580299874767661,3.4999222766664088389126671089799732889e-74,116.0,0.99967672345454514939699878209156225715,0.60546271287419933470523086227109779666
0.47999999999999998223643160599749535322,9.9977384711629271047771063012775242329e-74,115.0,0.99969643389362686205637036965821848819,0.59794557573706670791426800197972682164
0.46999999999999997335464740899624302983,3.0546436229669204059806085641128741124e-73,114.0,0.99971447702760333117760658407592347346,0.60954212009678947404375956749651174232
0.46000000000000001998401444325281772763,1.0031115925931242578453513455760672686e-72,114.0,0.99973098314554350167001699238313520416,0.62121495328561453415642515264429569196
0.45000000000000001110223024625156540424,3.5602857059525261754317763689663041843e-72,113.0,0.99974605742394593611240112344875142694,0.63288312146366954602179873694916557624
0.44000000000000000222044604925031308085,1.3744785733966962822688468064083900195e-71,112.0,0.99975978059954706181595760260113007308,0.64449141416620205257644530566136422556
0.42999999999999999333866185224906075746,5.8142715130464335205894030083352451399e-71,111.0,0.99977225059708734394579665691897145208,0.65599839391304340069383631931191146871
0.41999999999999998445687765524780843407,2.7179196588243985548256901054441913267e-70,110.0,0.99978360979275757627576237826795842493,0.66736881246937582671748955199776497251
0.40999999999999997557509345824655611068,1.4178521002391403938167783704602141008e-69,109.0,0.99979377453576659945844803910174629124,0.67857492173146325179166111694263378364
0.40000000000000002220446049250313080847,8.3494629435966130716751104521054136413e-69,108.0,0.99980297249888905127388637539330770318,0.68962487386036802091686705621616258669
0.39000000000000001332267629550187848508,5.6255929959241661781733191802160001517e-68,107.0,0.99981115756593646031979761999104180306,0.70045846245952359078049540641951539114
0.38000000000000000444089209850062616169,4.4064087176419140186455610773914519076e-67,106.0,0.9998183835947824466050244060446253312,0.71108535080074918598254267567514341751
0.36999999999999999555910790149937383831,4.0896627069592999899347516712554297729e-66,104.0,0.99982467576245489544106128001924910147,0.72149498378180484631112230755912897299
0.35999999999999998667732370449812151492,4.6025499562175320360286924885005750251e-65,103.0,0.9998301422848380541356083604249981689,0.73168314618548223485667636480541912928
0.34999999999999997779553950749686919153,6.4615666134143161752916679683100482021e-64,101.0,0.99983469074130104918726290759347688829,0.74161924481075315945824496904542878993
0.34000000000000002442490654175344388932,1.1725936901785150896031822693832405174e-62,99.0,0.99983840273667299749472421184179857552,0.75131877434399081513068185167201367205
0.33000000000000001554312234475219156593,2.8790878786558098849958974849384060292e-61,98.0,0.99984126944247180489357015486633230429,0.76076255608045784842235498317277926006
0.32000000000000000666133814775093924254,1.0158771634829399923771631720203673138e-59,95.0,0.99984320089888563894934489621859816992,0.76992139808006560131670202273339866877
0.30999999999999999777955395074968691915,5.5902523544498471726916152617113080083e-58,93.0,0.99984423482101327650045050574030153207,0.77660541178976684840462924723223970342
0.29999999999999998889776975374843459576,5.3680595232889458151274790861908746604e-56,91.0,0.99984428236632838721178239103350074629,0.77549831554514826835746992969739250359
0.28999999999999998001598555674718227237,1.0443099162913095516155692570267065781e-53,88.0,0.99983902598747224831711682382849142619,0.75458002132961913110126892841207346962
0.28000000000000002664535259100375697017,4.9059209724641322713956169129760198202e-51,84.0,0.9998162304503580923645102474828409092,0.6948789293951602084710966885429727297
0.27000000000000001776356839400250464678,6.550192767832574017566007526515693856e-48,81.0,0.9997619898604727774937968694607012172,0.59179878753856676317656774773149799656
0.26000000000000000888178419700125232339,2.7897287417020221394457745301405804659e-44,76.0,0.9996495361180909449301348215510178503,0.47640546248266834813672964082073468869
0.25,4.1449680634561111055643727581114926741e-40,71.0,0.99942351607267333668367732428798625793,0.38523498409301013620292983043379484282
0.23999999999999999111821580299874767661,2.4168701751130018772632191484639609163e-35,66.0,0.99896201388321952830176522386229462218,0.32629435466677111372032021240428718503
0.23000000000000000999200722162640886381,6.5131922628571662188019012240724786514e-30,59.0,0.99797866902663056014256577324422327765,0.28780497426069226709355212679527698696
0.22000000000000000111022302462515654042,9.3636090108027858697472319180064395118e-24,50.0,0.9957492083852432715962605629154991285,0.25535944255224599111826203649712789883
0.20999999999999999222843882762390421703,6.3657164990849723255721558760394668376e-17,40.0,0.99028315381106915405221437313502223546,0.21769957249765604643542410919181151261
0.20000000000000001110223024625156540424,6.9798946387177154440466428838730324158e-10,27.0,0.97572363579388689771681405304376218809,0.16870721360235436899368913289980745114
0.19000000000000000222044604925031308085,0.00037038858359583760433657185615946012376,9.0,0.93525775505930936807256176188847681847,0.11299573884129154257683242546377650243
0.17999999999999999333866185224906075746,0.067250900858296265766007278910902587188,0.0,0.83190305879556295223956169067351786212,0.063866554717923629606445815195149802321
0.17000000000000001221245327087672194466,0.28792469863495092644362246240937926864,0.0,0.63204037640913314617685312727248755324,0.029585608123258893212798004276192820343
0.16000000000000000333066907387546962127,0.56465600220450857731440870345352989487,0.0,0.38589203848258812242145738155711191955,0.011212827838906385666204470507495093818
0.14999999999999999444888487687421729788,0.77478665697250242150103286801945278864,0.0,0.19868554932066338920499293477814039642,0.0037647024552107211691552408407997470929
0.14000000000000001332267629550187848508,0.88892625785604352878066064653280265291,0.0,0.09734670076663512179525031202355096035,0.0012334867957700565317350992104313871559
0.13000000000000000444089209850062616169,0.93988856629046878353072966211674492426,0.0,0.052477124275235955526800832582669496212,0.00088580442240051084206701394018049722485
0.11999999999999999555910790149937383831,0.95700954798532623585504007884498761598,0.0,0.03752830062709254754353192961159550613,0.00088580442240051084206701394018049722485
0.11000000000000000055511151231257827021,0.96572276756225482541381973585272887038,0.0,0.029922297551222817692278887877955584335,0.00088580442240051084206701394018049722485
0.10000000000000000555111512312578270212,0.97118464867972008185350794880330228356,0.0,0.025155683320207118388268726247561862967,0.00088580442240051084206701394018049722485
0.089999999999999996669330926124530378729,0.97497890588630425865361499022054306247,0.0,0.021843657861575208220921149499993845824,0.00088580442240051084206701394018049722485
0.080000000000000001665334536937734810635,0.97778671471017727325279070677144267684,0.0,0.019393616121485184692557558865653963025,0.00088580442240051084206701394018049722485
0.070000000000000006661338147750939242542,0.97995805620459588600561818327089015515,0.0,0.017499257306122915950111932633666023368,0.00088580442240051084206701394018049722485
0.059999999999999997779553950749686919153,0.98169092416054609991700719934373011233,0.0,0.015987139801230278443153570918145869226,0.00088580442240051084206701394018049722485
0.050000000000000002775557561562891351059,0.98310802289230055858533222863880864096,0.0,0.014749679481597996586836794313275925264,0.00088580442240051084206701394018049722485
0.040000000000000000832667268468867405318,0.98429115712673449110212032634964383524,0.0,0.013717107946225214484086902364978401738,0.00088580442240051084206701394018049722485
0.029999999999999998889776975374843459576,0.98529391747695139837066139475881511468,0.0,0.012842555995872720378743641276241571753,0.00088580442240051084206701394018049722485
0.020000000000000000416333634234433702659,0.98615753563113025613738103352936959156,0.0,0.012090016714013373486132202288974494236,0.00088580442240051084206701394018049722485
0.010000000000000000208166817117216851329,0.98690491134627748248761626829347530651,0.0,0.011437101520628335939479641801173763148,0.00088580442240051084206701394018049722485
0.0,0.98756204843174852082729626854579725727,0.0,0.01086326417411367130027264243533310078,0.00088580442240051084206701394018049722485
