value,sup,dur,Y,S
1.0,5.5492452848519652598455873681258857773e-100,131.0,0.99558083984826234496635372032898830228,0.91568426192294664442998895667614275888
0.98999999999999999111821580299874767661,4.1092372759074477833578498661094693054e-100,131.0,0.99567154010713240589883065313607862778,0.90927337370372904835203566112007346673
0.97999999999999998223643160599749535322,3.0578776240202333049407256638385793028e-100,131.0,0.99576281646361563588824776709839810281,0.90375447866543773336214826970388280196
0.96999999999999997335464740899624302983,2.2882462386542040510583897170209756612e-100,131.0,0.99585391796454920198637786217056163366,0.89837229484897212507451499585161343339
0.95999999999999996447286321199499070644,1.7231681896203434593083376096475650661e-100,131.0,0.99594790157696252792286750875677410055,0.89335768414570404907185265421317687856
0.94999999999999995559107901499373838305,1.3068913787626840952047269473444688785e-100,130.0,0.99604126356473749924092858392232391019,0.88888399640339362687115841001301520206
0.93999999999999994670929481799248605967,9.9909928514558388079719309375815103941e-101,130.0,0.99613582726687024011732942580601884869,0.88421762331284275671473321997661557715
0.93000000000000004884981308350688777864,7.7060279784206860849918464762748389605e-101,130.0,0.99623275943635250485263998193819387546,0.88030631687239094244968472878235269636
0.92000000000000003996802888650563545525,6.0023968691788643774494210160032835607e-101,130.0,0.99633047864971437183998912209194396174,0.87588521208623286621387439472850430845
0.91000000000000003108624468950438313186,4.7264276022464948735319321229735465649e-101,130.0,0.99642959175071993476466707315679463623,0.87220127571212271786181819077840988555
0.90000000000000002220446049250313080847,3.7663295856305423842631831481441102076e-101,130.0,0.99653049512877195311205605485626436532,0.86794915262977591316047022892768466678
0.89000000000000001332267629550187848508,3.0406209205041434525724928633444283789e-101,129.0,0.99663340992600710033176112105714866827,0.86425668958212969323658610688001043631
0.88000000000000000444089209850062616169,2.4897915790690372895657281368638268502e-101,129.0,0.9967384069887276711479585842803678515,0.86010554961030843411923501158585711382
0.86999999999999999555910790149937383831,2.070296107687837531593258417855972855e-101,129.0,0.99684632032233811172933491363780593877,0.85627036681643810124763533968269157657
0.85999999999999998667732370449812151492,1.7502246278742583017911684839509091283e-101,129.0,0.99695665903033334297889223877631261927,0.85215084721710559829030174008266609152
0.84999999999999997779553950749686919153,1.5061846391842326042250948841697025426e-101,129.0,0.99706933266171965303374421340031915131,0.84811395560949382283431959451432804164
0.83999999999999996891375531049561686814,1.3210586502759992558428790770746542626e-101,129.0,0.9971837175617890096468935081013520486,0.84395092023439193399065583866903514013
0.82999999999999996003197111349436454475,1.1823985280871258442922154234657458042e-101,128.0,0.9972989328814408567793720647541400295,0.83970070905021729117802959036683455744
0.81999999999999995115018691649311222136,1.0812872513798407008472255862484194824e-101,128.0,0.9974148689974540787593233783797440208,0.83541119800533460922629539357757703956
0.81000000000000005329070518200751394033,1.0115503004485762071363456279645107266e-101,128.0,0.99753025140551655002449302947548250755,0.83096223990084568397172852276798066553
0.80000000000000004440892098500626161695,9.692381556282408702122358113655845427e-102,128.0,0.99764464095913715575704805567713726379,0.82645443654040677776608807646629413475
0.79000000000000003552713678800500929356,9.5233313318711523989298156492934918274e-102,128.0,0.99775763115026018768986401805716042956,0.82183272958127486692623063495050541412
0.78000000000000002664535259100375697017,9.6066245742820314285911194265083416634e-102,127.0,0.99786920652890805258233117865876846544,0.81700561415088341879536196677728659308
0.77000000000000001776356839400250464678,9.960298507967659251248349111962260517e-102,127.0,0.99797854132885532982507812468117543105,0.81223826897905656666813638552264221694
0.76000000000000000888178419700125232339,1.0626163896042050310518608863910161445e-101,127.0,0.99808532007657182425528962063656603966,0.80698205260324050109712007671979442259
0.75,1.1677578147673996219516682448568481724e-101,127.0,0.99818925941227257816743045655779570886,0.80208982766929872900158104667523750972
0.73999999999999999111821580299874767661,1.3232968731216775049593601836951201212e-101,126.0,0.99829010934626377484914533941329172028,0.7964473296334863363915172584647619331
0.72999999999999998223643160599749535322,1.5478664454914437142486130545826544319e-101,126.0,0.99838765406518088691605179519990641112,0.7912791821742147510332077067779655394
0.71999999999999997335464740899624302983,1.8707404104843572049193821931160825999e-101,126.0,0.99848171226042801286291426341902326061,0.78559572047171268507363819862709233256
0.70999999999999996447286321199499070644,2.3384074227565008043150238758628991206e-101,126.0,0.99857213695975167995195088942140735081,0.77967761302954046506008799894163462243
0.69999999999999995559107901499373838305,3.0260030959492356042717968350235075454e-101,125.0,0.99865881485832088848429982106207544467,0.77393666203115296728130535523975665488
0.68999999999999994670929481799248605967,4.0576377618013770646360162304951818591e-101,125.0,0.99874166516409734120794620824017522176,0.76767390068737730431671840391861400654
0.68000000000000004884981308350688777864,5.6434412548347320834551179225036731172e-101,125.0,0.99882063799063232946642734313220903066,0.76130228478086288485150885788936085027
0.67000000000000003996802888650563545525,8.1488778929410533873757077349005635916e-101,124.0,0.9988957123464953534375781114081578153,0.7549894298094356719432626875522582825
0.66000000000000003108624468950438313186,1.2228121844647352879005131410025427779e-100,124.0,0.99896694827980654042174535014202643581,0.748272932724829220424645810222785097
0.65000000000000002220446049250313080847,1.9088376542276313591336723102158515037e-100,124.0,0.9990344455905046385064972165169159346,0.74122068183010182989711724038914736431
0.64000000000000001332267629550187848508,3.1030190792612553640765468462452184827e-100,123.0,0.99909814146080091915558165031795565323,0.73425695126967162257900348475442644497
0.63000000000000000444089209850062616169,5.2588533456232317829050951560538014327e-100,123.0,0.99915810644772867495935146071698216118,0.72710788834337079647118568266507320913
0.61999999999999999555910790149937383831,9.3026474039430443093361858036419158685e-100,123.0,0.99921442597986560589520669988482783459,0.71967747740104291795307680485608563019
0.60999999999999998667732370449812151492,1.7198429475608294613863591835252985953e-99,122.0,0.99926719740771696196888563986896846665,0.71200554977819220186973552781033261621
0.59999999999999997779553950749686919153,3.3276962444480354219203069827534472961e-99,122.0,0.99931652709120197227665500501126475146,0.70412308588880744903471023386657477834
0.58999999999999996891375531049561686814,6.7489143763123737675354240912601055034e-99,122.0,0.99936275894022263706810161508533773405,0.69605193980942545182450333970349769703
0.57999999999999996003197111349436454475,1.4371049607869802055472100731328934352e-98,121.0,0.99940588086918936758623348904340178219,0.68780477804416000089470392177799773364
0.56999999999999995115018691649311222136,3.2189416309343094318012549448379854747e-98,121.0,0.99944592333150782110405237016061925582,0.67938526021750960278247228580160815237
0.56000000000000005329070518200751394033,7.5997937399348765530555371431358034116e-98,120.0,0.99948313906712783500522776836972850515,0.67078847291279008477213801345722120525
0.55000000000000004440892098500626161695,1.8956140127397430334717919737386242957e-97,120.0,0.99951778487162854339805053315126154701,0.66200160941990089277268264715111719291
0.54000000000000003552713678800500929356,5.0080482809122266565970825945108259237e-97,119.0,0.99954970544711718657525332401302177458,0.65300486985587667143564474804883325693
0.53000000000000002664535259100375697017,1.4054030271820746350271315619460926372e-96,119.0,0.9995794496016804422814907619503534189,0.64377253940926485023257352483141030542
0.52000000000000001776356839400250464678,4.2028242005506280713926730084241577458e-96,118.0,0.99960674042813915872276305060984847129,0.63439853767225850303798091755471669759
0.51000000000000000888178419700125232339,1.3441756816111232189272755788447875629e-95,118.0,0.99963207616989418045614056225093700613,0.62494430985344741676166319608807774628
0.50,4.6164580631515841559999847203353447103e-95,117.0,0.99965535111965957811161545790510479542,0.61519227842281256665087505924452069042
0.48999999999999999111821580299874767661,1.7103666909658584877315800200629567925e-94,116.0,0.99967671766637685322356239609776650604,0.60545505045792894863669960073379396777
0.47999999999999998223643160599749535322,6.8714120486885363399947106867680337933e-94,116.0,0.99969634632067386090498288001433600096,0.59795740172372102887158308331446106318
0.46999999999999997335464740899624302983,3.0111153326360577629072700340845583692e-93,115.0,0.99971439981224834764730557782333346682,0.60954614971679097109035051448339962026
0.46000000000000001998401444325281772763,1.448865648276766166165574046680423903e-92,114.0,0.99973089920183122093254123782191244902,0.62121513683130822638608827015299709481
0.45000000000000001110223024625156540424,7.7134013974402225918657377760236037662e-92,113.0,0.99974599255663940766889504035615494105,0.63287996695768860337210393272040426531
0.44000000000000000222044604925031308085,4.5830026392024437856187560511554904082e-91,113.0,0.99975977390123359295777285978200949239,0.6444814744556359293078948899110013573
0.42999999999999999333866185224906075746,3.0694812287374866032403309358747920464e-90,112.0,0.99977226126736398306004707946841964542,0.65599824991135137235276700610928188063
0.41999999999999998445687765524780843407,2.3440840266967328890802940995753468909e-89,111.0,0.99978356599277447186426018022262373164,0.66738005240020155259837976363032858901
0.40999999999999997557509345824655611068,2.068448402756667957242376903529001153e-88,110.0,0.99979377052345841385514297143628388608,0.67858828288754565004057464481408711773
0.40000000000000002220446049250313080847,2.1419082442773686676304135267209479444e-87,109.0,0.99980295797051800313891195981588494568,0.68963168947360065267831874231511826065
0.39000000000000001332267629550187848508,2.6504905659804751497094404455142507555e-86,107.0,0.99981113374367989057150691260380620594,0.70046563617708523365361188539941794323
0.38000000000000000444089209850062616169,4.0045020292448398700217949385227021755e-85,106.0,0.99981834937748972208381195463596972573,0.71109453823963430488111729704495187981
0.36999999999999999555910790149937383831,7.5790929494159529907728499070219003392e-84,105.0,0.99982466130516567840806298253441369166,0.72150985248002422154447522791798486581
0.35999999999999998667732370449812151492,1.8536712663232061428860241598327901576e-82,103.0,0.99983010585050768217952656171624236249,0.73168993427069711994509548990340262951
0.34999999999999997779553950749686919153,6.0870806575713407521617521726615652226e-81,102.0,0.99983468476030123251342773440495918663,0.74163114709650543096656062873703042414
0.34000000000000002442490654175344388932,2.8158812710137387715446314703630394882e-79,100.0,0.99983838307358233422262945701709764688,0.75132765005678685621863779659581944042
0.33000000000000001554312234475219156593,1.9521914462676524556560325844038636887e-77,98.0,0.9998412332670324855612281651328592557,0.76077040902022940269157867521350811857
0.32000000000000000666133814775093924254,2.2014462528847844770165892508068397923e-75,96.0,0.99984317560252185830149262487065057788,0.76926605907991112696330106797673358011
0.30999999999999999777955395074968691915,4.5113476966711695797030053367324324991e-73,94.0,0.99984421622645887636941164964787560374,0.77278805863598232617823649359600030252
0.29999999999999998889776975374843459576,1.9503844642366501401285311219082915912e-70,91.0,0.99984314420289366876319928584316147995,0.76300472045233520748672512389280142727
0.28999999999999998001598555674718227237,2.1455115790689215421494064061564302869e-67,88.0,0.99982940374668812887065028893793578091,0.7231160997105748452161158981726912983
0.28000000000000002664535259100375697017,7.3238941205950660202147761101277434442e-64,85.0,0.99979119879725440067108905427039937578,0.63857384558861407666890163116869044862
0.27000000000000001776356839400250464678,9.1526310118055912812238301211312182222e-60,81.0,0.99970859756938610977637138910253727265,0.52551086383283083713601240726451756085
0.26000000000000000888178419700125232339,4.7589743231837672349259424527639555132e-55,77.0,0.99954151500343519290151505568650762289,0.42372565604409979222090291765035560045
0.25,1.188140383826696710723197288578320874e-49,72.0,0.99920388607267242524242188227524450394,0.35382025193848030900377230993542660573
0.23999999999999999111821580299874767661,1.7474603317231362382088990746125846218e-43,66.0,0.99849899291449146520659819934410210029,0.30960057724622104314365922276797475343
0.23000000000000000999200722162640886381,1.9430136997941707848131432233043669626e-36,59.0,0.99694503417515904576869613163554596324,0.27648649914546432254422863269783052352
0.22000000000000000111022302462515654042,1.9227855494243566805375608454529825504e-28,51.0,0.99326362742876958751815883376076557834,0.2417983258895501465782238884281675079
0.20999999999999999222843882762390421703,1.2138224430384121907675113851212512761e-19,40.0,0.98377972892187223313589390012024802952,0.19691777206116614474381553453362129616
0.20000000000000001110223024625156540424,7.7875218561658217257628168905800117058e-11,26.0,0.95760361379072489802724339489209144252,0.14150679705299784616255296239695149795
0.19000000000000000222044604925031308085,0.00042572798932302161130748826576213256979,8.0,0.88655080697852772905653122102212317861,0.086989803720381038893167552695175797646
0.17999999999999999333866185224906075746,0.10711530177707223011913141697047150131,0.0,0.72660059909038393480650593108028835006,0.044673869761715577285619712376182577776
0.17000000000000001221245327087672194466,0.40120940678449062453075850095244224443,0.0,0.48200554066095874488699744720100783978,0.018525353695051115883778616577873955295
0.16000000000000000333066907387546962127,0.6806560990065911503393178280219729727,0.0,0.25577557239309406892225625434665366552,0.0064545030457100077164475633865344649486
0.14999999999999999444888487687421729788,0.84899185527610196468032083887962744635,0.0,0.12005841792403348544670603415174972435,0.002077533427734239000656994084042872972
0.14000000000000001332267629550187848508,0.92874041393728823555877739743822980626,0.0,0.056202413304536686939429238082452658024,0.00066867750542583469831350272805916936771
0.13000000000000000444089209850062616169,0.96157641667451823248930227807064892603,0.0,0.030190145744911956306161207019259919871,0.00049756986978813022377000733076607045911
0.11999999999999999555910790149937383831,0.97252998118754501417355207190138619526,0.0,0.021583555233656758029644293214854169037,0.00049336434078536140163839330101327579805
0.11000000000000000055511151231257827021,0.97814296211538755255514424419177181479,0.0,0.017174902674380443560708256254161878211,0.00048915881249860209327660653261269455743
0.10000000000000000555111512312578270212,0.98165707182552194326743383929275408448,0.0,0.014414789322129132782127743313341014988,0.00048495328492785210999274337382089870509
0.089999999999999996669330926124530378729,0.98409328535675189159477259781627788438,0.0,0.012500811070402416213561389396068713813,0.00048074775807311126309496641143422283466
0.080000000000000001665334536937734810635,0.9858932582275369335023816396193060611,0.0,0.011087632815664488010103652179954041183,0.00047654223193437938140052279232842152861
0.070000000000000006661338147750939242542,0.98728328709547829715438878831144529727,0.0,0.0099966153448685101953127705770483973007,0.00047233670651165627621769863733729638196
0.059999999999999997779553950749686919153,0.98839098795788755526142310918264294661,0.0,0.0091268471867720110887014551482490706057,0.00046813118180494175885484630575186130147
0.050000000000000002775557561562891351059,0.98929524648608279905945762530327571324,0.0,0.0084158467728809393119324980375401640092,0.0004639256578142356581293937739073436309
0.040000000000000000832667268468867405318,0.99004988261172327018615461557851974045,0.0,0.0078231208959130347307996403122632262821,0.00045972013453953778243164920203508465244
0.029999999999999998889776975374843459576,0.99068935803752136645706597372973206206,0.0,0.0073214943548952895400533763798822178261,0.00045551461198084795182465792049665061122
0.020000000000000000416333634234433702659,0.9912388015497747342583468578519305584,0.0,0.0068901388964768336121853225656901322343,0.00045130909013816598491244216639693575601
0.010000000000000000208166817117216851329,0.99171541080779334934466064486873072883,0.0,0.0065161432203903433360050054663801037216,0.00044710356901149169665137764379787338808
0.0,0.99213321984818942618976171784803726489,0.0,0.0061876160624149775415941294519334017826,0.00044289804860082490491606955652101978412
