value,sup,dur,Y,S
1.0,1.1105719190003829796520274528275896529e-25,104.0,0.99594849049241030484641605462689262137,0.28368044895644965934653423200778268048
0.98999999999999999111821580299874767661,1.3426385939868996194511330633621542434e-25,103.0,0.9959765928577979220957604547345635182,0.28083331983465037633458032578064151673
0.97999999999999998223643160599749535322,1.6429834177723568595576998667242657216e-25,103.0,0.99600442499406123905455793813723261995,0.27788546061775972941646584859537489077
0.96999999999999997335464740899624302983,2.0360332268689765225683467391511571128e-25,102.0,0.99603173820712608106626251032113812591,0.27513389912736050038174400444257875126
0.95999999999999996447286321199499070644,2.5564843104036274203069244503973427742e-25,101.0,0.99605850780079387055454497489044795255,0.27232608328156811321624126941994542893
0.94999999999999995559107901499373838305,3.2542499015216186953993922350377494598e-25,101.0,0.99608517062250971388159525451338115092,0.26945857525651122664930277386905499189
0.93999999999999994670929481799248605967,4.2020973577977735687518511512647749515e-25,100.0,0.99611118421461675516023544342013523655,0.26658589314183479658005390920945303583
0.93000000000000004884981308350688777864,5.5076068253533906187971352441833403607e-25,100.0,0.99613676554206198154635293212602720258,0.26383886650228574007346710501928347854
0.92000000000000003996802888650563545525,7.3321789041025253929452175502671086398e-25,99.0,0.99616193314573752925704757682589156909,0.2610552656831029175296302525929430576
0.91000000000000003108624468950438313186,9.9217237521342278861585870461896321502e-25,98.0,0.99618648855415202146567117273728438086,0.25824981377510095364864477892478587397
0.90000000000000002220446049250313080847,1.3657032162870205349055203178252472083e-24,98.0,0.99621064971132785607458607592315829587,0.25543438853185621993186948762882203907
0.89000000000000001332267629550187848508,1.9137890491185350744568299964812653934e-24,97.0,0.99623420053848067613481904618128908389,0.25261821664066681095839107391573784587
0.88000000000000000444089209850062616169,2.7326113441753824340083242914346851513e-24,96.0,0.99625714432014413899176523754925295039,0.24980801881306933328267770448477481663
0.86999999999999999555910790149937383831,3.9793439947390409993592079841352090639e-24,95.0,0.99627965106496190187677970254339348407,0.24700811897150930028655797439337454901
0.85999999999999998667732370449812151492,5.9159863216151325805782553361912591406e-24,95.0,0.99630141198476807151136403586068107938,0.24422052715021260420437337982287238244
0.84999999999999997779553950749686919153,8.9885197164218101582820389188467165606e-24,94.0,0.99632246526454433846484933614657564529,0.24144500289644169187671332696380693348
0.83999999999999996891375531049561686814,1.3973063096531134595689169275796391233e-23,93.0,0.99634305401148648648284694182134303153,0.23867910396606519249177593114983414853
0.82999999999999996003197111349436454475,2.2252125083178112975211132162375492384e-23,92.0,0.99636288344010033646345113935046671773,0.23591822388606315416054970994696948482
0.81999999999999995115018691649311222136,3.6349806463211820461014392248076262359e-23,91.0,0.99638195029201678912715318003501696094,0.23315562140300190275603501096903126963
0.81000000000000005329070518200751394033,6.0996069314816050341457800300140388926e-23,90.0,0.9964002382465511549606182409101027683,0.23038244484216785023228679685986887033
0.80000000000000004440892098500626161695,1.0530218827424671752081896939045696695e-22,89.0,0.99641771739980861657461862797614677815,0.22758775486834422784119965239498719502
0.79000000000000003552713678800500929356,1.8733904569622755740856714342503194056e-22,88.0,0.99643434346053784081276456935351516492,0.22475854998197816871789548959710182863
0.78000000000000002664535259100375697017,3.4407423383053938489935043004410964134e-22,87.0,0.99645005662918174945611589542422348274,0.22202283993512324395380716789922254181
0.77000000000000001776356839400250464678,6.5365744928468444194240983979419359925e-22,86.0,0.99646478011357115193488313644377178765,0.21923943777012787487514415821282117673
0.76000000000000000888178419700125232339,1.2871635648256523440029670036976143055e-21,85.0,0.99647866789285942562286764062948303809,0.21641555798696017259024399552710309569
0.75,2.633242522831523321367629198794199976e-21,83.0,0.99649146556881492327331739418625948765,0.21365992480293897585223294205517695667
0.73999999999999999111821580299874767661,5.6104053381223191348786694453143826747e-21,82.0,0.99650303439204006564008111226870945629,0.21082901924193236655505213126855509177
0.72999999999999998223643160599749535322,1.2482725276282460757736544859913368793e-20,81.0,0.99651363677766321521822753687459281536,0.20805044675670972003665357899194170088
0.71999999999999997335464740899624302983,2.9087332739237712573911403897365677228e-20,79.0,0.99652285732683601796140254166608224894,0.20524686227227080200431261354959707722
0.70999999999999996447286321199499070644,7.1212630715815644020695530355145599431e-20,78.0,0.99653079230733078881575493246004640816,0.20241099796809623487032260026473418941
0.69999999999999995559107901499373838305,1.8381054223217492091854794885897432063e-19,76.0,0.99653256139267933786032024149845801297,0.19957413981812076906202288328549763306
0.68999999999999994670929481799248605967,5.0208687945021020109189226481211876722e-19,75.0,0.99652448621441990751816597814685565259,0.1967569101950271882834114302496280259
0.68000000000000004884981308350688777864,1.45734187388400310741025759351803974e-18,73.0,0.99650507019720286632895429791769583455,0.19391805420035150932929625350928186589
0.67000000000000003996802888650563545525,4.5149395776878073259448756192855531806e-18,71.0,0.99647246076123989770538415553035629833,0.19106903257815184087987233586231797675
0.66000000000000003108624468950438313186,1.5001959742105751678472683734604527205e-17,69.0,0.9964243427112297817607494142772444303,0.18823664871757968845261094786377951337
0.65000000000000002220446049250313080847,5.3742389360577845681171862929632688112e-17,67.0,0.99635779287662682590869610078951294314,0.1853755371815915390898961292140284336
0.64000000000000001332267629550187848508,2.0873543398602499535147986329603608299e-16,65.0,0.99626907938166859469295102086624615975,0.18248392258438453207053447811457245291
0.63000000000000000444089209850062616169,8.842665266394021209375083865467525272e-16,63.0,0.99615338068846482149313196680441140867,0.1796075842499818667232485491944591242
0.61999999999999999555910790149937383831,4.1115884088229515259542838853193772897e-15,60.0,0.99600438669098672834905878842295767761,0.17671513909135434677613775427092714143
0.60999999999999998667732370449812151492,2.1119718535439932563232750625143345043e-14,58.0,0.99581372373529773953206882279492555951,0.17380334574804320872991626029415259386
0.59999999999999997779553950749686919153,1.2061897530279912756400077042224797079e-13,55.0,0.99557011259406994943683761835882142878,0.17087723832285527345283845321190818825
0.58999999999999996891375531049561686814,7.7056148458673867253164689301445931586e-13,52.0,0.99525811474666940653711113929875468537,0.16792137966466135487369078245088990554
0.57999999999999996003197111349436454475,5.5337484900951840268972061864937140223e-12,49.0,0.99485623334991039215083406141219341942,0.16498579070096921059584235444670549642
0.56999999999999995115018691649311222136,4.4801954705680916815653518198671329336e-11,46.0,0.99433398596079622021551473921085388951,0.16201443846866064074791869616284134405
0.56000000000000005329070518200751394033,4.0854970992630929530804576499133738025e-10,42.0,0.99364731301505197557247684035344441433,0.15903121668071573912912726308670641266
0.55000000000000004440892098500626161695,4.1655169630826269940166700851022520609e-09,38.0,0.99273125529275019386162084472863224676,0.15602312179186081697040616633116865942
0.54000000000000003552713678800500929356,4.6639544483366949656936847732745097889e-08,34.0,0.99148810357494215803688933716929071541,0.15300991224249872990927420345306722652
0.53000000000000002664535259100375697017,5.5367422883530233888212420464963385549e-07,29.0,0.98976801103635946642386235866056853497,0.14996979591954936015602121050657612348
0.52000000000000001776356839400250464678,6.5507235118475330242690361000410605491e-06,24.0,0.98733713976078181783897207652660946708,0.14691150110389621890172420495918778063
0.51000000000000000888178419700125232339,6.9787164148016019416894884264176202083e-05,19.0,0.98382568262464788451363742787589206058,0.14383529201526867906197811117291086164
0.50,0.00057732343095401684196080421677683512162,13.0,0.97864512071814142346300605511043358027,0.14072599418145093815502719901026080615
0.48999999999999999111821580299874767661,0.0031794107773487657452810410943459959443,6.0,0.97086339640771326810927283667771632189,0.13504382125895296711633667806400632248
0.47999999999999998223643160599749535322,0.011159024991498191920759097722843977373,0.0,0.95903504520628033507821719442239456319,0.124906028249174431074686952958313664
0.46999999999999997335464740899624302983,0.02767319594713832464810357338901799719,0.0,0.94101304991379635669197944684224750097,0.11103974149645166987989991952265368052
0.46000000000000001998401444325281772763,0.05535910458739241384697631157622337953,0.0,0.91383388620314659555508878694715138325,0.09481899825535231413507788745693992889
0.45000000000000001110223024625156540424,0.097304149616227593887741115538670706805,0.0,0.8738660760274103731640244584099577047,0.077798503194342744727822933492412475002
0.44000000000000000222044604925031308085,0.15672376043608787908238195291979241926,0.0,0.81749692613787968819777975679437343326,0.061308827635784200938264144527742368916
0.42999999999999999333866185224906075746,0.2354117183349501539187895622542047695,0.0,0.74255221296488482610561711171441713386,0.046330685079629514035333687057294676132
0.41999999999999998445687765524780843407,0.33177392492218834938664911653950807092,0.0,0.65016494057247989579366871220691876006,0.033531538437453966686502460062874266813
0.40999999999999997557509345824655611068,0.43969363571393504968682960199760617694,0.0,0.54597522906458190058078339852723066708,0.023268036337615417944707567174689945176
0.40000000000000002220446049250313080847,0.54957787862756887373429826518243040675,0.0,0.43924578195344076947270845692367975224,0.015550175311519866093791743997345726211
0.39000000000000001332267629550187848508,0.65151440606425519488856870560572215521,0.0,0.33979716556170380834259800536172216713,0.010080364346428055319383593484738416062
0.38000000000000000444089209850062616169,0.73853223308981748417925236398505998766,0.0,0.25468742317064475687972113480491160222,0.0063902917626984473287258559018724568814
0.36999999999999999555910790149937383831,0.80793180442215374275279663932253733653,0.0,0.18675674473870906687302875166901750103,0.0039924690228179837601137542847998537813
0.35999999999999998667732370449812151492,0.86052158310046822378376386825102402812,0.0,0.13531231350700741598472112826014014359,0.0024749176142544478970198502217098351704
0.34999999999999997779553950749686919153,0.8989891224361868702365743287539353678,0.0,0.097743257728456495233925073106330384706,0.0015308923337123987502171430535423760315
0.34000000000000002442490654175344388932,0.92651175910756691129236631437664477815,0.0,0.070923339469888415896585354519969227723,0.00094962240836926375084531444759619779822
0.33000000000000001554312234475219156593,0.94597493387219814654317149038847189542,0.0,0.052005567459574008398804615514241850446,0.00059349790427405432717441224767825719013
0.32000000000000000666133814775093924254,0.95967990636749447757880636639840427556,0.0,0.038724783504451293139843386717567275248,0.00049956196272356148331221368146430897168
0.30999999999999999777955395074968691915,0.96783608571759050720758231722534492344,0.0,0.030887448406542384452642388970098202955,0.00049779121343968895801883964733877663119
0.29999999999999998889776975374843459576,0.97275824210188484409423721445143634543,0.0,0.026159937864759363357441333389821899729,0.00049602046428275444055493200779697765529
0.28999999999999998001598555674718227237,0.97617006171770712822380200727293811529,0.0,0.022883645964876355490333761936418194055,0.00049424971525275791727096617944297858879
0.28000000000000002664535259100375697017,0.97871350062018143026239702978394407654,0.0,0.02044155492761690344037528850050081126,0.00049247896634969938434705019854450738067
0.27000000000000001776356839400250464678,0.98069841766745821830337032183974546613,0.0,0.018535739063230465944646241668851968838,0.00049070821757357880847440136557332479252
0.26000000000000000888178419700125232339,0.9823000537740138775267434176545704553,0.0,0.016998031240638553735039107794610924298,0.0004889374689243961858331323353647109179
0.25,0.98362416180951359254705987995350019738,0.0,0.015727002229858676616220759819619212922,0.0004871667204021515027737263523632255309
0.23999999999999999111821580299874767661,0.98473920377764474801541553369011115806,0.0,0.014656447749639660143312934737568858661,0.00048539597200684474564666861797267490497
0.23000000000000000999200722162640886381,0.9856937731223224412424392470616987638,0.0,0.013740076327670230021881764677196215954,0.00048362522373847590571725986028957156785
0.22000000000000000111022302462515654042,0.98652095409586674497236538426873365467,0.0,0.012946111979267529329633942058159264306,0.00048185447559704495950636170284411631935
0.20999999999999999222843882762390421703,0.98724567234858481953324868183351674487,0.0,0.01225035146516898651403892760375643874,0.00048008372758255189827927913997302447126
0.20000000000000001110223024625156540424,0.9878863943147308116382400854813480699,0.0,0.01163529711058998313377349860296131179,0.00047831297969499671330131771367722892997
0.19000000000000000222044604925031308085,0.98845707729094074899793145449503607166,0.0,0.011087543298094952982926961090218615542,0.00047654223193437938109334703230090053286
0.17999999999999999333866185224906075746,0.98896940012541138186246924881590707319,0.0,0.010595874869853185870370934698174938314,0.00047477148430069989292067690408295701202
0.17000000000000001221245327087672194466,0.98943181807425991895221545507538165806,0.0,0.010151862190091423322040980672294584339,0.00047300073679395824004861768492593616758
0.16000000000000000333066907387546962127,0.98985165701505282330969434893249867491,0.0,0.0097490744009498416469746956987217602631,0.00047122998941415439899804696798414050007
0.14999999999999999444888487687421729788,0.99023402347990991069806559083743651679,0.0,0.0093819801636955370349331215249275952273,0.00046945924216128836103427937539587468614
0.14000000000000001332267629550187848508,0.99058461622909737056104006865486646564,0.0,0.0090454173514821724829446628498664996101,0.00046768849503536011742263007696246593475
0.13000000000000000444089209850062616169,0.99090711527773387096167624448743429942,0.0,0.0087358506844436368551765765509056924996,0.00046591774803636964468398465064451003994
0.11999999999999999555910790149937383831,0.99120474070757353581849318542306834181,0.0,0.0084501871172240527020327601347673430483,0.00046414700116431693408366253247688314388
0.11000000000000000055511151231257827021,0.99148032606777845784421630032015682918,0.0,0.008185705299093340294512878310498618066,0.00046237625441920197442957903522928370909
0.10000000000000000555111512312578270212,0.99173638056183891718704749324479823244,0.0,0.0079399958241100727863222025309564741193,0.00046060550780102474961484173444757048805
0.089999999999999996669330926124530378729,0.99197514220504843186319180992887831015,0.0,0.0077109101717439665809934287391073116121,0.00045883476130978524353256086727756757043
0.080000000000000001665334536937734810635,0.99219830668977146858726940132212720818,0.0,0.0074965165885645704453177640581115981893,0.00045706401494548344744806175979413399052
0.070000000000000006661338147750939242542,0.99240614031400009708181023584925284182,0.0,0.0072970673113109136084983735736109537251,0.00045529326870811934525445838688854675883
0.059999999999999997779553950749686919153,0.9926017366110030092815610273767812987,0.0,0.0071094713198253476759027916449443558382,0.00045352252259769292084486738505076877054
0.050000000000000002775557561562891351059,0.99278639164957412701697523205518123015,0.0,0.0069321807813714302972964737711494754782,0.00045175177661420416548461889424583156436
0.040000000000000000832667268468867405318,0.99295881408955800970626391641329246606,0.0,0.0067666690497446906652432014983764619775,0.00044998103075765306183813156980830221914
0.029999999999999998889776975374843459576,0.99312279924795286679751398956151559148,0.0,0.006609470567155345992423572603591595889,0.00044821028502803959748463360426535932524
0.020000000000000000416333634234433702659,0.99327697325620969226369585721886619583,0.0,0.0064612711616994824383753046670324327843,0.00044643953942536375938900402340425868089
0.010000000000000000208166817117216851329,0.99342357809933678745283754073039668506,0.0,0.0063207841202854517172771322887243805782,0.00044466879394962553298024681548112065119
0.0,0.99356210749764686077096481452481866169,0.0,0.0061876160624149775415941294519334017885,0.00044289804860082490491606955652101978486
