value,sup,dur,Y,S
1.0,2.5943122417110671135154659463518051501e-59,110.0,0.99594878723974635386352857553349293733,0.28358380996010948864180517195430591847
0.98999999999999999111821580299874767661,4.1928556545860726645854600352341014728e-59,110.0,0.99597697112140292738202262937058032636,0.28085412507598453693265891766711483858
0.97999999999999998223643160599749535322,6.9161853938168586829856364132466592143e-59,109.0,0.99600470216523094286811601389891008528,0.27798274315272910268842735981181505737
0.96999999999999997335464740899624302983,1.1653834161415493681918202634638114862e-58,109.0,0.99603193983501372324294918632964072461,0.27508916952514880901626695493503185783
0.95999999999999996447286321199499070644,2.0077775193268995757240653399792110149e-58,108.0,0.99605888842572548947549147860012279285,0.27233689645614701944344932524924028014
0.94999999999999995559107901499373838305,3.5402202832773851846122303162601908683e-58,108.0,0.9960854783026310093832135569266290106,0.26949632711198439838069707971481645651
0.93999999999999994670929481799248605967,6.3953242492184098540729728532132657039e-58,107.0,0.9961114609807659032309077635483115353,0.26659370873440406210530058843080692289
0.93000000000000004884981308350688777864,1.184923699647307124909894282736789943e-57,107.0,0.99613708264853381964260256100500817286,0.26384924888968560789995678574480302632
0.92000000000000003996802888650563545525,2.2543548168883747626223810454162410554e-57,106.0,0.99616225725011695088320443254039847393,0.2610700488888724221192597713684362955
0.91000000000000003108624468950438313186,4.4096064392265997944538452510967922837e-57,106.0,0.99618677291009317666681978491834958701,0.25825473047456316832462732951076834017
0.90000000000000002220446049250313080847,8.8797445177831394499160751265039737422e-57,105.0,0.9962110054263588184339529577023468985,0.25541880581406765009944244273269656576
0.89000000000000001332267629550187848508,1.8434884076809850178756653095620755002e-56,105.0,0.99623446626824130156319092170945599547,0.25258297853718003257136961535439825632
0.88000000000000000444089209850062616169,3.9516455661094946512859824668159674389e-56,104.0,0.99625757588508030868627298565363406951,0.249833209424798037581372846062560585
0.86999999999999999555910790149937383831,8.7602658772484269701921123548979415203e-56,104.0,0.99627997369847734868696358663587546286,0.2470674576575661860554947589659455691
0.85999999999999998667732370449812151492,2.0119269222310547898830604877965299804e-55,103.0,0.99630172622008732763894418789294470138,0.24429262332195336388488423260698245659
0.84999999999999997779553950749686919153,4.7959080499881187288671041865077379244e-55,102.0,0.9963229906721071398471579502779924307,0.24151326378454497241631845176745881369
0.83999999999999996891375531049561686814,1.1889415531549015559584719220527698333e-54,102.0,0.99634347876354466016120868501854318366,0.23873166911976104743825080160762402627
0.82999999999999996003197111349436454475,3.0719424730947732898442578333940111023e-54,101.0,0.99636321018430697976775964775756129134,0.23594792015510210314298353720609072109
0.81999999999999995115018691649311222136,8.2914627426249431244744936397505424316e-54,100.0,0.99638225363392873757208680591620912475,0.23315993425850218371659617951235844048
0.81000000000000005329070518200751394033,2.3436607231194898745235435072653812557e-53,99.0,0.99640060450054655758781657580376818818,0.23036350266006055909977138736884243054
0.80000000000000004440892098500626161695,6.9561474931145772628369890908437912131e-53,99.0,0.99641811758235167240050873462173572767,0.22755232245560841071639367412746892832
0.79000000000000003552713678800500929356,2.1742601464861560915025015059752617965e-52,98.0,0.99643476330276657209908522059014773011,0.22480106108378087688838596647765107973
0.78000000000000002664535259100375697017,7.1793276907735784878023673331209454158e-52,97.0,0.99645049755954354812575892787602677677,0.22204164315495543743572765725600298939
0.77000000000000001776356839400250464678,2.5128093012197530588284571889311541852e-51,96.0,0.99646526062045870883185147520463361629,0.21924936501855393153322958024680827984
0.76000000000000000888178419700125232339,9.3570178529634927906688109317425852276e-51,95.0,0.99647915472990063983108810257475261853,0.21641262107152560840832255699798681284
0.75,3.7218090540430148545389747390593366226e-50,94.0,0.99649199516459362945424225013526043283,0.21366936321815976958345963839359414685
0.73999999999999999111821580299874767661,1.5881753933170035218594163722285801793e-49,93.0,0.99650364342770098894102890156347538436,0.2108495887086040565886308421173839343
0.72999999999999998223643160599749535322,7.3051408563416925408784139482996393678e-49,92.0,0.99651416629777283504223746907126726376,0.20806483065302565207225987363838910313
0.71999999999999997335464740899624302983,3.6407421957307618833161522511529103519e-48,91.0,0.9965234744924710018839356842877123095,0.2052277444567004251124452076223464845
0.70999999999999996447286321199499070644,1.9771337385498341459893248781198453421e-47,90.0,0.99653146465024636306010884188711773209,0.20244422612256024490910995384546081519
0.69999999999999995559107901499373838305,1.1772044071262562294866070388495909937e-46,89.0,0.9965379648325823822206891807495377307,0.19961486424870460850816599981168982273
0.68999999999999994670929481799248605967,7.7371252435325144665122881853121688857e-46,87.0,0.99654073461469825279394253372068729373,0.19676565536444699011901790664165532632
0.68000000000000004884981308350688777864,5.6551961545276801010742107274654098722e-45,86.0,0.99653402940997936577831957126192300504,0.19392151110891000901728262203290961875
0.67000000000000003996802888650563545525,4.6344970806674164002446480967607110895e-44,85.0,0.99651644029914696457595110111534273001,0.19107910109125251384675092514755682029
0.66000000000000003108624468950438313186,4.2967932603090302838828827030855044154e-43,83.0,0.99648622924946453896472078867188243124,0.18822557992727636137037443611214061034
0.65000000000000002220446049250313080847,4.5516079251040184658285685683212245769e-42,82.0,0.99644123239293034339623566204629935104,0.18537973210749658143508135595863794719
0.64000000000000001332267629550187848508,5.569134112638936649323800980967840357e-41,80.0,0.99637872879538632699658570154068388247,0.18251177247216200650654407139896147788
0.63000000000000000444089209850062616169,7.9654624061960383281491854861006455713e-40,78.0,0.99629526017773345606761707475044873331,0.1795970138752222594241123695268589096
0.61999999999999999555910790149937383831,1.3494219408069894822445486749460907576e-38,76.0,0.99618637997145356297446086150435440172,0.17672461217815754028320654144924518077
0.60999999999999998667732370449812151492,2.7470183950519674303307185797135868824e-37,74.0,0.99604629909662350758582844957550427528,0.17381135913125874755860986954522130861
0.59999999999999997779553950749686919153,6.8263742662903296384442647985702186922e-36,72.0,0.9958673785209456656804636395133039246,0.17088328368343117652411256362357105996
0.58999999999999996891375531049561686814,2.1064199396949883636976526687266860623e-34,70.0,0.99563939092732822739314577357806232523,0.16794818374606218534993098992213877103
0.57999999999999996003197111349436454475,8.2199356782473673254937045901561680487e-33,68.0,0.99534842877191535588540264290693634305,0.16499395421191462134492510756146483689
0.56999999999999995115018691649311222136,4.1353832596972736122494649381947286318e-31,65.0,0.99497526177641174700314084963522543547,0.16202064007181695484052441649392662091
0.56000000000000005329070518200751394033,2.7353478364941870594718315318937893862e-29,62.0,0.99449282291939192503542471514225678815,0.15902468761630245463248433016526394969
0.55000000000000004440892098500626161695,2.4244085711070236615563740712768479729e-27,59.0,0.99386229268693320428643442776016041367,0.15602765023108862794909659928153329711
0.54000000000000003552713678800500929356,2.9273958514116955093660033265136021722e-25,56.0,0.99302689566467321441018966931682620123,0.15302084457540389019843009775499126069
0.53000000000000002664535259100375697017,4.8691317606588651548152141843288772474e-23,52.0,0.99190191965451457323274945515894804953,0.14997720815605273302565190635480790064
0.52000000000000001776356839400250464678,1.1163947457319015798023636233805491285e-20,49.0,0.99035845614657738653348092638281127175,0.14692384961039362893123969913583817875
0.51000000000000000888178419700125232339,3.4673502654469962660762862845419390013e-18,44.0,0.98819672865237685101786098668642109846,0.14383958004817965602380503413613773368
0.5,1.3911789334086140763024153120543014854e-15,40.0,0.98510244943268934835477849216480333092,0.1407383217568347835410970964099865896
0.48999999999999999111821580299874767661,6.5596298339155538834979556751755488864e-13,34.0,0.98057667276409062449828329883903615762,0.13762553904452575709407643706789032352
0.47999999999999998223643160599749535322,3.0821499676511432884964720286424940683e-10,29.0,0.97382779443555215046478089651326418355,0.13327704092313552043534491559446466159
0.46999999999999997335464740899624302983,1.1094549877055101545592507762032880974e-07,22.0,0.96361883832502792873345261344109354544,0.1246915934503016272997721747797804347
0.46000000000000001998401444325281772763,2.0762909376141183227637524274606596297e-05,15.0,0.94808463447650922581903430246320771778,0.1121551775253758190511548093818900925
0.45000000000000001110223024625156540424,0.0012098720549262041094159372346417289545,7.0,0.9245860510477161152845739646641302285,0.096825876620527119193475651484190472139
0.44000000000000000222044604925031308085,0.015107528701671368172817518029842668523,0.0,0.88975682332488286569047623421800078132,0.080232612712969725368903502263633936396
0.42999999999999999333866185224906075746,0.058511303256580425163375918815253367564,0.0,0.83998993401779870162064428993803474767,0.063816042292665968475053868183402708378
0.41999999999999998445687765524780843407,0.13043250283781229308079446723316461459,0.0,0.77259153096694983164028148628882852801,0.048683929778915091540290072063946237682
0.40999999999999997557509345824655611068,0.22537159194917371346339121473941553915,0.0,0.68749672353123328551786038007840239385,0.035590098310613307057881727404746832741
0.40000000000000002220446049250313080847,0.33652629346042027826731658077503057012,0.0,0.58872256122696873234185932764715623541,0.024953785418574178292326402173520285557
0.39000000000000001332267629550187848508,0.45413412147882329697449728180367544867,0.0,0.48421339172743646130039948529264784566,0.016846851665617520331240737185630721167
0.38000000000000000444089209850062616169,0.56729728242048411168269140324407986687,0.0,0.3834952803891349942064278912902452219,0.011025901624848697824371806460593440086
0.36999999999999999555910790149937383831,0.66727857933329227278958946848438940472,0.0,0.29442141742198776901476481948962087391,0.0070531985653592732802817172625467144647
0.35999999999999998667732370449812151492,0.74955593201898970225667485137231485355,0.0,0.22113293175402825552548006508515301299,0.0044463224658649824458234770201629253841
0.34999999999999997779553950749686919153,0.81367183193026545692037616518661434856,0.0,0.16409504823997892466781706673699515025,0.0027827774306378293659947691295808662793
0.34000000000000002442490654175344388932,0.86175037305766013506354976968222580958,0.0,0.12141432365180209848135606252955036649,0.001740345297948983981717981896958463017
0.33000000000000001554312234475219156593,0.89692888542727270031794807752795248816,0.0,0.090267243914842060221060534138624286044,0.0010939665223770923794237039964603839782
0.32000000000000000666133814775093924254,0.92232692145887197781525710492424277572,0.0,0.067844433472782644344911978383239108076,0.00088580442240051084206701394018049722485
0.30999999999999999777955395074968691915,0.93850153627906994930174221539542593534,0.0,0.053688584357287780673610585233339907997,0.00088580442240051084206701394018049722485
0.29999999999999998889776975374843459576,0.94795395412400531498753875834481478993,0.0,0.04543389219977347583403935004263880431,0.00088580442240051084206701394018049722485
0.28999999999999998001598555674718227237,0.95444416887248647158104135900506797062,0.0,0.039767622637621571454724036372190517738,0.00088580442240051084206701394018049722485
0.28000000000000002664535259100375697017,0.95926920054022742738924323027899318078,0.0,0.035555648098233714950968294839562548095,0.00088580442240051084206701394018049722485
0.27000000000000001776356839400250464678,0.96303489386303024200315164039147998965,0.0,0.032268906878979786391706595345140296335,0.00088580442240051084206701394018049722485
0.26000000000000000888178419700125232339,0.9660729610855163700476620306888335646,0.0,0.029616822386452578303332852283829470182,0.00088580442240051084206701394018049722485
0.25,0.96858694595655551400142022504052066501,0.0,0.027422187021009859082241670198828035599,0.00088580442240051084206701394018049722485
0.23999999999999999111821580299874767661,0.97070615405586861690286000805142997678,0.0,0.025573046571736350535377467500463445345,0.00088580442240051084206701394018049722485
0.23000000000000000999200722162640886381,0.97252152718131951978316013853734854242,0.0,0.023988546282069543226907944648082474324,0.00088580442240051084206701394018049722485
0.22000000000000000111022302462515654042,0.97409661590259723972124872744891826236,0.0,0.02261437737661996172863744207088263136,0.00088580442240051084206701394018049722485
0.20999999999999999222843882762390421703,0.9754766796552300791755043136819027709,0.0,0.021409467625379079818489051086475287304,0.00088580442240051084206701394018049722485
0.20000000000000001110223024625156540424,0.97669807791842424503719873618153664321,0.0,0.02034342933415037463311016075177446105,0.00088580442240051084206701394018049722485
0.19000000000000000222044604925031308085,0.97778703013742738523246089307115422138,0.0,0.019393339262231422656982721096142494107,0.00088580442240051084206701394018049722485
0.17999999999999999333866185224906075746,0.97876553891236284388476084870208981894,0.0,0.018539973679566164834007721454688645479,0.00088580442240051084206701394018049722485
0.17000000000000001221245327087672194466,0.97964809971547620227683249068960233428,0.0,0.017768934380531322951775168166596077477,0.00088580442240051084206701394018049722485
0.16000000000000000333066907387546962127,0.98045140168465962083035265076326583128,0.0,0.017069023161872379142984433139831324483,0.00088580442240051084206701394018049722485
0.14999999999999999444888487687421729788,0.98118219458874286776227718356563553947,0.0,0.016430842646895642972601251349857191398,0.00088580442240051084206701394018049722485
0.14000000000000001332267629550187848508,0.98185270113540207766353516841837112884,0.0,0.015845447734429506129675918406230079189,0.00088580442240051084206701394018049722485
0.13000000000000000444089209850062616169,0.98246986549389444579183954176003781407,0.0,0.015306761810046167830732612568161356599,0.00088580442240051084206701394018049722485
0.11999999999999999555910790149937383831,0.98303977399455676673654013140921194525,0.0,0.014809461347822643231738564175555862329,0.00088580442240051084206701394018049722485
0.11000000000000000055511151231257827021,0.98356779107667959146992556722566405332,0.0,0.014348856750762744229057039734544001256,0.00088580442240051084206701394018049722485
0.10000000000000000555111512312578270212,0.98405867487638077159149152188551555351,0.0,0.01392079111849292491027060956856080765,0.00088580442240051084206701394018049722485
0.089999999999999996669330926124530378729,0.98451667638550327040387024655131117939,0.0,0.013521553493264667027595176388206502537,0.00088580442240051084206701394018049722485
0.080000000000000001665334536937734810635,0.98494345260018662696882708942455787422,0.0,0.013147803691457271562303704419663061037,0.00088580442240051084206701394018049722485
0.070000000000000006661338147750939242542,0.98534254462239872389688975998557350372,0.0,0.012799943391322556515942980395269459654,0.00088580442240051084206701394018049722485
0.059999999999999997779553950749686919153,0.98571836625020452753115888650556830513,0.0,0.012472721294043268422969501056445768869,0.00088580442240051084206701394018049722485
0.050000000000000002775557561562891351059,0.98607176053880865208509947334722028354,0.0,0.012163395586198610765593630496833959932,0.00088580442240051084206701394018049722485
0.040000000000000000832667268468867405318,0.98640340001779644213057690798347702,0.0,0.011874483299445517095436253689474186572,0.00088580442240051084206701394018049722485
0.029999999999999998889776975374843459576,0.98671902740077273938842067716121467318,0.0,0.011600082623145677591084976490466997623,0.00088580442240051084206701394018049722485
0.020000000000000000416333634234433702659,0.98701422731284687003770683872184258044,0.0,0.011341265066273392097317215693664788285,0.00088580442240051084206701394018049722485
0.010000000000000000208166817117216851329,0.98729671755344382396580946328464702164,0.0,0.011095931778078021987043964251825670216,0.00088580442240051084206701394018049722485
0.0,0.98756204843174852082729626854579725727,0.0,0.01086326417411367130027264243533310078,0.00088580442240051084206701394018049722485
