value,sup,dur,Y,S
1.0,1.1988901701069699742238167069263252009e-44,107.0,0.99594849049241030484641605462689262363,0.28368044895644965934653423200778268236
0.98999999999999999111821580299874767661,1.7786734297718877978851030562301295096e-44,106.0,0.99597659285779792209576045473456351895,0.28083331983465037633458032578064151447
0.97999999999999998223643160599749535322,2.6869712873988011380997966224554219875e-44,106.0,0.99600442499406123905455793813723261844,0.27788546061775972941646584859537489039
0.96999999999999997335464740899624302983,4.1363023402521196409262080970837720628e-44,105.0,0.99603173820712608106626251032113812591,0.27513389912736050038174400444257875051
0.95999999999999996447286321199499070644,6.4937636291635011612408456601438367248e-44,105.0,0.9960585078007938705545449748904479518,0.27232608328156811321624126941994542893
0.94999999999999995559107901499373838305,1.0406141808413509891574474470227684192e-43,104.0,0.99608517062250971388159525451338114942,0.26945857525651122664930277386905499264
0.93999999999999994670929481799248605967,1.7036856763423233858775525515277994209e-43,103.0,0.99611118421461675516023544342013524182,0.2665858931418347965800539092094530347
0.93000000000000004884981308350688777864,2.8524511920953333435742870661521972484e-43,103.0,0.99613676554206198154635293212602720108,0.26383886650228574007346710501928347591
0.92000000000000003996802888650563545525,4.8890638296226871147960481362988210946e-43,102.0,0.99616193314573752925704757682589157059,0.2610552656831029175296302525929430576
0.91000000000000003108624468950438313186,8.5879802314068446649869116909697632825e-43,102.0,0.99618648855415202146567117273728438162,0.2582498137751009536486447789247858736
0.90000000000000002220446049250313080847,1.5478367244956799861357274987507612816e-42,101.0,0.99621064971132785607458607592315829587,0.25543438853185621993186948762882203831
0.89000000000000001332267629550187848508,2.8659822079927833777631447229871369715e-42,100.0,0.99623420053848067613481904618128908314,0.25261821664066681095839107391573784888
0.88000000000000000444089209850062616169,5.45907401733288874278622666056393222e-42,100.0,0.99625714432014413899176523754925294964,0.2498080188130693332826777044847748155
0.86999999999999999555910790149937383831,1.0712362566068009567830789520931234141e-41,99.0,0.99627965106496190187677970254339348632,0.24700811897150930028655797439337454694
0.85999999999999998667732370449812151492,2.1689037727361871729731834085896173262e-41,98.0,0.99630141198476807151136403586068108389,0.24422052715021260420437337982287238357
0.84999999999999997779553950749686919153,4.5383740253891745002900053442798200454e-41,97.0,0.99632246526454433846484933614657564905,0.24144500289644169187671332696380693386
0.83999999999999996891375531049561686814,9.8318260456745503357226546200316637765e-41,97.0,0.99634305401148648648284694182134303304,0.23867910396606519249177593114983415116
0.82999999999999996003197111349436454475,2.2093700326590631621600515117269312708e-40,96.0,0.99636288344010033646345113935046671999,0.2359182238860631541605497099469694835
0.81999999999999995115018691649311222136,5.1605088835615121017297183708493143922e-40,95.0,0.99638195029201678912715318003501696244,0.23315562140300190275603501096903127076
0.81000000000000005329070518200751394033,1.2556389522609087525247412989049292047e-39,94.0,0.9964002382465511549606182409101027668,0.23038244484216785023228679685986886845
0.80000000000000004440892098500626161695,3.1902096020341773902416138730910280512e-39,93.0,0.99641771739980861657461862797614677739,0.2275877548683442278411996523949871954
0.79000000000000003552713678800500929356,8.4854115166576560411887623327788248595e-39,92.0,0.99643434346053784081276456935351516717,0.224758549981978168717895489597101829
0.78000000000000002664535259100375697017,2.3693774425619849001700000615768344945e-38,91.0,0.996450056629181749456115895424223485,0.22202283993512324395380716789922254143
0.77000000000000001776356839400250464678,6.9664606780402209463705659291439270753e-38,90.0,0.99646478011357115193488313644377178614,0.21923943777012787487514415821282117711
0.76000000000000000888178419700125232339,2.1638468783324226233359392719145532065e-37,89.0,0.99647866789285942562286764062948303583,0.21641555798696017259024399552710309418
0.75,7.125565988806616330734987187551341446e-37,88.0,0.99649146556881492327331739418625948765,0.21365992480293897585223294205517695742
0.73999999999999999111821580299874767661,2.4972839917545773847617640225891648422e-36,87.0,0.99650303439204006564008111226870945629,0.21082901924193236655505213126855509215
0.72999999999999998223643160599749535322,9.3540308680381384825395257516305745571e-36,86.0,0.99651363677766321521822753687459281536,0.20805044675670972003665357899194170088
0.71999999999999997335464740899624302983,3.7618694522910373536843141414171491421e-35,84.0,0.99652285732683601796140254166608224969,0.20524686227227080200431261354959707647
0.70999999999999996447286321199499070644,1.6325149888256140359122867962621189453e-34,83.0,0.99653079230733078881575493246004640816,0.20241099796809623487032260026473419111
0.69999999999999995559107901499373838305,7.6866251655463543073030612658961755745e-34,82.0,0.99653256139267933786032024149845801598,0.19957413981812076906202288328549763174
0.68999999999999994670929481799248605967,3.9503814172251643824405958321821168575e-33,80.0,0.99652448621441990751816597814685565183,0.19675691019502718828341143024962802797
0.68000000000000004884981308350688777864,2.230555065863478894456899601936225861e-32,79.0,0.99650507019720286632895429791769583981,0.19391805420035150932929625350928186457
0.67000000000000003996802888650563545525,1.3937138106308437330810376304331970067e-31,77.0,0.99647246076123989770538415553035629757,0.19106903257815184087987233586231797618
0.66000000000000003108624468950438313186,9.7125343306950673946591402577950086622e-31,75.0,0.99642434271122978176074941427724443556,0.18823664871757968845261094786377951374
0.65000000000000002220446049250313080847,7.6141522849965732714297902053422857733e-30,73.0,0.99635779287662682590869610078951294314,0.18537553718159153908989612921402843548
0.64000000000000001332267629550187848508,6.7782056520014649096591853531644570559e-29,71.0,0.99626907938166859469295102086624615975,0.18248392258438453207053447811457245065
0.63000000000000000444089209850062616169,6.9222160208892230545867225640543867574e-28,69.0,0.99615338068846482149313196680441140867,0.17960758424998186672324854919445912401
0.61999999999999999555910790149937383831,8.1999182185577648087821401508058486463e-27,67.0,0.99600438669098672834905878842295767761,0.17671513909135434677613775427092714275
0.60999999999999998667732370449812151492,1.1401243470781486338808974789506899288e-25,65.0,0.99581372373529773953206882279492556252,0.17380334574804320872991626029415259423
0.59999999999999997779553950749686919153,1.8841396292152977254639475435076142973e-24,62.0,0.99557011259406994943683761835882143103,0.17087723832285527345283845321190818863
0.58999999999999996891375531049561686814,3.7489955326870127039513808214966566963e-23,60.0,0.99525811474666940653711113929875468537,0.16792137966466135487369078245088990592
0.57999999999999996003197111349436454475,9.0981223559334224178943024352815800633e-22,57.0,0.99485623334991039215083406141219341942,0.16498579070096921059584235444670549699
0.56999999999999995115018691649311222136,2.7253123472584944552637761735341055366e-20,54.0,0.994333985960796220215514739210853885,0.16201443846866064074791869616284134424
0.56000000000000005329070518200751394033,1.0173480070526697673390285755459274224e-18,51.0,0.99364731301505197557247684035344441433,0.15903121668071573912912726308670641229
0.55000000000000004440892098500626161695,4.7555872103323715145713490680182324787e-17,47.0,0.99273125529275019386162084472863224601,0.15602312179186081697040616633116865848
0.54000000000000003552713678800500929356,2.7731694529513042064726786731236527533e-15,43.0,0.99148810357494215803688933716929071541,0.15300991224249872990927420345306722595
0.53000000000000002664535259100375697017,1.9805427129790087456140869422367584786e-13,39.0,0.98976801103635946642386235866056853347,0.14996979591954936015602121050657612254
0.52000000000000001776356839400250464678,1.6605676577835180973586155987230134805e-11,34.0,0.98733713976078181783897207652660946407,0.14691150110389621890172420495918777931
0.51000000000000000888178419700125232339,1.5091925507523746519080609916022804207e-09,29.0,0.98382568262464788451363742787589206133,0.1438352920152686790619781111729108592
0.50,1.2974352246848811577094144283841340384e-07,24.0,0.97864512071814142346300605511043358178,0.14072599418145093815502719901026080653
0.48999999999999999111821580299874767661,8.4944502054378946746005645256862356541e-06,18.0,0.97086339640771326810927283667771632715,0.13504382125895296711633667806400632229
0.47999999999999998223643160599749535322,0.00030789902743189567718411970705200536726,11.0,0.95903504520628033507821719442239456019,0.12490602824917443107468695295831366335
0.46999999999999997335464740899624302983,0.0043165104403006505239284900111003029653,3.0,0.94101304991379635669197944684224750172,0.1110397414964516698798999195226536808
0.46000000000000001998401444325281772763,0.022235955304766100268319998870959715993,0.0,0.913833886203146595555088786947151384,0.094818998255352314135077887456939928796
0.45000000000000001110223024625156540424,0.060582225847300373842820698995415493973,0.0,0.87386607602741037316402445840995770695,0.077798503194342744727822933492412476131
0.44000000000000000222044604925031308085,0.1202682485200518308102321702909695448,0.0,0.81749692613787968819777975679437343551,0.061308827635784200938264144527742369104
0.42999999999999999333866185224906075746,0.20138159814434654559992154150294378025,0.0,0.74255221296488482610561711171441713386,0.046330685079629514035333687057294676179
0.41999999999999998445687765524780843407,0.30154214313628631506006471053043926513,0.0,0.65016494057247989579366871220691875404,0.033531538437453966686502460062874266484
0.40999999999999997557509345824655611068,0.41407523814589100718472469398845391372,0.0,0.54597522906458190058078339852723067461,0.023268036337615417944707567174689945481
0.40000000000000002220446049250313080847,0.5288255376290701390938994582612836963,0.0,0.43924578195344076947270845692367974584,0.015550175311519866093791743997345725952
0.39000000000000001332267629550187848508,0.63536095848644690708451459821775292958,0.0,0.33979716556170380834259800536172215998,0.010080364346428055319383593484738415792
0.38000000000000000444089209850062616169,0.72634993367129281522552506789469889307,0.0,0.25468742317064475687972113480491160222,0.0063902917626984473287258559018724569049
0.36999999999999999555910790149937383831,0.79894218008976767889464380837876260524,0.0,0.18675674473870906687302875166901749087,0.0039924690228179837601137542847998535991
0.35999999999999998667732370449812151492,0.85396637346003765606225900141059461986,0.0,0.13531231350700741598472112826014014397,0.0024749176142544478970198502217098351821
0.34999999999999997779553950749686919153,0.89422378425538206367451740555448901048,0.0,0.097743257728456495233925073106330383389,0.0015308923337123987502171430535423759991
0.34000000000000002442490654175344388932,0.92303277318832157729009430481468598864,0.0,0.070923339469888415896585354519969229039,0.00094962240836926375084531444759619780189
0.33000000000000001554312234475219156593,0.94340926733626597990470031530698499123,0.0,0.052005567459574008398804615514241848048,0.00059349790427405432717441224767825716368
0.32000000000000000666133814775093924254,0.95775994930154706328197060970851752365,0.0,0.038724783504451293139843386717567276518,0.00049956196272356148331221368146430897168
0.30999999999999999777955395074968691915,0.96630453144037109384279333354716425672,0.0,0.030887448406542384452642388970098203143,0.00049779121343968895801883964733877663119
0.29999999999999998889776975374843459576,0.97146114060094306072929655434725918829,0.0,0.026159937864759363357441333389821899094,0.00049602046428275444055493200779697765603
0.28999999999999998001598555674718227237,0.97503544586597177705410459945508160368,0.0,0.022883645964876355490333761936418193773,0.00049424971525275791727096617944297858879
0.28000000000000002664535259100375697017,0.97769999639201130964188720689355687703,0.0,0.020441554927616903440375288500500810907,0.00049247896634969938434705019854450737993
0.27000000000000001776356839400250464678,0.97977943324120817760679468184469962622,0.0,0.01853573906323046594464624166885196872,0.00049070821757357880847440136557332479178
0.26000000000000000888178419700125232339,0.98145729256492932114816310307161944205,0.0,0.016998031240638553735039107794610923781,0.00048893746892439618583313233536471091717
0.25,0.9828446602878975366521394308975110731,0.0,0.015727002229858676616220759819619212898,0.00048716672040215150277372635236322553127
0.23999999999999999111821580299874767661,0.98401264332491107561625097697648509257,0.0,0.014656447749639660143312934737568858567,0.00048539597200684474564666861797267490534
0.23000000000000000999200722162640886381,0.98501265541943235331475412511731393008,0.0,0.013740076327670230021881764677196216025,0.00048362522373847590571725986028957156822
0.22000000000000000111022302462515654042,0.98587933868137091511802450487884490808,0.0,0.012946111979267529329633942058159264165,0.00048185447559704495950636170284411631861
0.20999999999999999222843882762390421703,0.9866384687586325452962276987044077521,0.0,0.012250351465168986514038927603756438681,0.00048008372758255189827927913997302447163
0.20000000000000001110223024625156540424,0.98730968440077113501362990338684771184,0.0,0.011635297110589983133773498602961311826,0.00047831297969499671330131771367722892997
0.19000000000000000222044604925031308085,0.98790759894257491052793938901121066326,0.0,0.011087543298094952982926961090218615331,0.00047654223193437938109334703230090053286
0.17999999999999999333866185224906075746,0.98844444285463063683632012956806833784,0.0,0.010595874869853185870370934698174938396,0.00047477148430069989292067690408295701202
0.17000000000000001221245327087672194466,0.98892870547678236997068011182580970234,0.0,0.010151862190091423322040980672294584198,0.00047300073679395824004861768492593616758
0.16000000000000000333066907387546962127,0.98936877282649185770101169877798666061,0.0,0.0097490744009498416469746956987217603924,0.00047122998941415439899804696798414049971
0.14999999999999999444888487687421729788,0.98976925625782460540038797576916130086,0.0,0.0093819801636955370349331215249275953801,0.0004694592421612883610342793753958746865
0.14000000000000001332267629550187848508,0.99013648889244324649068280521273735217,0.0,0.0090454173514821724829446628498664996807,0.00046768849503536011742263007696246593475
0.13000000000000000444089209850062616169,0.99047432243931881907107794424610274566,0.0,0.0087358506844436368551765765509056924878,0.00046591774803636964468398465064451003994
0.11999999999999999555910790149937383831,0.99078612772281739494209797769650705393,0.0,0.0084501871172240527020327601347673429425,0.00046414700116431693408366253247688314425
0.11000000000000000055511151231257827021,0.99107487146338032173387378087638708849,0.0,0.0081857052990933402945128783104986181013,0.00046237625441920197442957903522928370799
0.10000000000000000555111512312578270212,0.99134318134485367818207356729500335291,0.0,0.007939995824110072786322202530956474178,0.00046060550780102474961484173444757048695
0.089999999999999996669330926124530378729,0.9915934016526289912218491474733900894,0.0,0.0077109101717439665809934287391073116003,0.00045883476130978524353256086727756757006
0.080000000000000001665334536937734810635,0.99182687712815590540962925046350908916,0.0,0.0074965165885645704453177640581115981364,0.00045706401494548344744806175979413399015
0.070000000000000006661338147750939242542,0.9920447311052513040317496847479373163,0.0,0.0072970673113109136084983735736109536957,0.00045529326870811934525445838688854675883
0.059999999999999997779553950749686919153,0.99224979100217406759936500436463682166,0.0,0.0071094713198253476759027916449443557912,0.00045352252259769292084486738505076877054
0.050000000000000002775557561562891351059,0.9924429643129188159605266053926803158,0.0,0.0069321807813714302972964737711494754547,0.00045175177661420416548461889424583156436
0.040000000000000000832667268468867405318,0.99262377622696766754566520344273023984,0.0,0.0067666690497446906652432014983764619952,0.00044998103075765306183813156980830221914
0.029999999999999998889776975374843459576,0.99279577807303378919296523099303933837,0.0,0.0066094705671553459924235726035915958068,0.00044821028502803959748463360426535932524
0.020000000000000000416333634234433702659,0.9929570436666557070874279641924014858,0.0,0.0064612711616994824383753046670324328842,0.00044643953942536375938900402340425868089
0.010000000000000000208166817117216851329,0.99311086725853364914454170008667888468,0.0,0.0063207841202854517172771322887243806899,0.00044466879394962553298024681548112065119
0.0,0.9932557611640298860812087408246523585,0.0,0.0061876160624149775415941294519334017415,0.00044289804860082490491606955652101978375
