value,sup,dur,Y,S
1.0,7.2259416513265286497610365757334599462e-37,129.0,0.99558083984826234496635372032898830002,0.91568426192294664442998895667614275362
0.98999999999999999111821580299874767661,4.6216671052028527128020664522884812672e-37,129.0,0.99567154010713240589883065313607862401,0.90927337370372904835203566112007346823
0.97999999999999998223643160599749535322,2.9609597939476340368281177848669931002e-37,129.0,0.99576281646361563588824776709839810056,0.90375447866543773336214826970388279819
0.96999999999999997335464740899624302983,1.9012512869202900317230297484648132971e-37,129.0,0.9958539179645492019863778621705616314,0.89837229484897212507451499585161343264
0.95999999999999996447286321199499070644,1.2242981680498026755474113311970136704e-37,129.0,0.99594790157696252792286750875677410206,0.89335768414570404907185265421317687931
0.94999999999999995559107901499373838305,7.9116448586434351773349137692116864442e-38,129.0,0.99604126356473749924092858392232391019,0.88888399640339362687115841001301520507
0.93999999999999994670929481799248605967,5.1344352332534314159678426363724740635e-38,128.0,0.99613582726687024011732942580601884869,0.88421762331284275671473321997661558092
0.93000000000000004884981308350688777864,3.3488952731623816113617255281650206707e-38,128.0,0.99623275943635250485263998193819387546,0.8803063168723909424496847287823526941
0.92000000000000003996802888650563545525,2.1971067766899027681185570930402522825e-38,128.0,0.99633047864971437183998912209194396174,0.87588521208623286621387439472850430995
0.91000000000000003108624468950438313186,1.4511711974555843682605535965643377627e-38,128.0,0.996429591750719934764667073156794643,0.87220127571212271786181819077840988856
0.90000000000000002220446049250313080847,9.658256563038918917343379949059637412e-39,128.0,0.99653049512877195311205605485626436833,0.86794915262977591316047022892768466603
0.89000000000000001332267629550187848508,6.4833791013256214610643383034786401702e-39,127.0,0.99663340992600710033176112105714866677,0.86425668958212969323658610688001043857
0.88000000000000000444089209850062616169,4.3938921227877466287632758944435881269e-39,127.0,0.99673840698872767114795858428036785075,0.86010554961030843411923501158585711607
0.86999999999999999555910790149937383831,3.0093675798362157584074313356443792274e-39,127.0,0.99684632032233811172933491363780593651,0.85627036681643810124763533968269157507
0.85999999999999998667732370449812151492,2.0850590144095707045841724032956877986e-39,127.0,0.99695665903033334297889223877631262077,0.85215084721710559829030174008266609303
0.84999999999999997779553950749686919153,1.4629237568265770691117419687312300282e-39,127.0,0.99706933266171965303374421340031915281,0.84811395560949382283431959451432804013
0.83999999999999996891375531049561686814,1.0404673162355706163904710893919512085e-39,126.0,0.99718371756178900964689350810135204635,0.84395092023439193399065583866903513862
0.82999999999999996003197111349436454475,7.5089395730341487323306267833481044414e-40,126.0,0.9972989328814408567793720647541400295,0.83970070905021729117802959036683455895
0.81999999999999995115018691649311222136,5.504345305331130834820324467075024645e-40,126.0,0.9974148689974540787593233783797440223,0.83541119800533460922629539357757704181
0.81000000000000005329070518200751394033,4.1023558190298049356264804042755996988e-40,126.0,0.9975302514055165500244930294754825053,0.83096223990084568397172852276798066704
0.80000000000000004440892098500626161695,3.1115188869398984765933219876946142772e-40,125.0,0.99764464095913715575704805567713726078,0.82645443654040677776608807646629413174
0.79000000000000003552713678800500929356,2.4039102774212065976321674592958023211e-40,125.0,0.99775763115026018768986401805716043182,0.82183272958127486692623063495050541713
0.78000000000000002664535259100375697017,1.8934241603436756234255994440656049469e-40,125.0,0.99786920652890805258233117865876846018,0.81700561415088341879536196677728658255
0.77000000000000001776356839400250464678,1.5216627792509167823517297695275335627e-40,125.0,0.9979785413288553298250781246811754318,0.81223826897905656666813638552264221468
0.76000000000000000888178419700125232339,1.2487197524854068088189265606867582336e-40,124.0,0.99808532007657182425528962063656603665,0.8069820526032405010971200767197944271
0.75,1.0471283214463141613384509425845015654e-40,124.0,0.99818925941227257816743045655779571186,0.80208982766929872900158104667523751198
0.73999999999999999111821580299874767661,8.9786685805274276190719245318602551075e-41,124.0,0.99829010934626377484914533941329172103,0.7964473296334863363915172584647619316
0.72999999999999998223643160599749535322,7.8770966887812337345578481972363387986e-41,123.0,0.99838765406518088691605179519990641262,0.79127918217421475103320770677796553789
0.71999999999999997335464740899624302983,7.0746416891173015430974885859253550395e-41,123.0,0.99848171226042801286291426341902325835,0.78559572047171268507363819862709233105
0.70999999999999996447286321199499070644,6.5079808042379259115995539892945132486e-41,123.0,0.99857213695975167995195088942140735157,0.77967761302954046506008799894163462845
0.69999999999999995559107901499373838305,6.1346557131537098211045739409580658447e-41,122.0,0.99865881485832088848429982106207544392,0.77393666203115296728130535523975665488
0.68999999999999994670929481799248605967,5.9281031123307621681858040386641400758e-41,122.0,0.9987416651640973412079462082401752195,0.76767390068737730431671840391861400955
0.68000000000000004884981308350688777864,5.8746993649017157166680347412671674524e-41,122.0,0.99882063799063232946642734313220902765,0.76130228478086288485150885788936085102
0.67000000000000003996802888650563545525,5.972394447187968856860015531473897276e-41,121.0,0.9988957123464953534375781114081578153,0.75498942980943567194326268755225828325
0.66000000000000003108624468950438313186,6.2307702452144112894850634327823875098e-41,121.0,0.99896694827980654042174535014202643656,0.748272932724829220424645810222785097
0.65000000000000002220446049250313080847,6.6725999472398491631368845058217123741e-41,121.0,0.9990344455905046385064972165169159346,0.74122068183010182989711724038914736807
0.64000000000000001332267629550187848508,7.3372616197775586589769329135752869443e-41,120.0,0.99909814146080091915558165031795565623,0.73425695126967162257900348475442644272
0.63000000000000000444089209850062616169,8.2867378324552987648249052186440377917e-41,120.0,0.99915810644772867495935146071698215817,0.72710788834337079647118568266507321139
0.61999999999999999555910790149937383831,9.6155186205657982669972603580457876652e-41,119.0,0.99921442597986560589520669988482783459,0.7196774774010429179530768048560856347
0.60999999999999998667732370449812151492,1.1466694680909749890985393229917964046e-40,119.0,0.99926719740771696196888563986896847116,0.71200554977819220186973552781033262449
0.59999999999999997779553950749686919153,1.4058201029748558257154544194039798143e-40,118.0,0.99931652709120197227665500501126475221,0.7041230858888074490347102338665747821
0.58999999999999996891375531049561686814,1.7726143187978618370506560040586048899e-40,118.0,0.99936275894022263706810161508533773781,0.69605193980942545182450333970349769402
0.57999999999999996003197111349436454475,2.2997544206929250985035186659875816715e-40,117.0,0.99940588086918936758623348904340178295,0.6878047780441600008947039217779977344
0.56999999999999995115018691649311222136,3.0714912376580271212181842106146511818e-40,117.0,0.99944592333150782110405237016061925582,0.67938526021750960278247228580160815086
0.56000000000000005329070518200751394033,4.225419127737171986239518020948704599e-40,116.0,0.99948313906712783500522776836972850665,0.67078847291279008477213801345722120525
0.55000000000000004440892098500626161695,5.9915030897009063747007836764660186006e-40,116.0,0.99951778487162854339805053315126154926,0.6620016094199008927726826471511171899
0.54000000000000003552713678800500929356,8.7637084096862904502548187962747755212e-40,115.0,0.99954970544711718657525332401302177534,0.65300486985587667143564474804883326145
0.53000000000000002664535259100375697017,1.323496175311946000796715887634014602e-39,114.0,0.99957944960168044228149076195035342342,0.64377253940926485023257352483141030994
0.52000000000000001776356839400250464678,2.0658624610226667049821800222405168784e-39,114.0,0.9996067404281391587227630506098484728,0.63439853767225850303798091755471669909
0.51000000000000000888178419700125232339,3.3370316326268638822605561264428923684e-39,113.0,0.99963207616989418045614056225093700538,0.62494430985344741676166319608807774703
0.50,5.5862752002336424748433333006233673896e-39,112.0,0.99965535111965957811161545790510479391,0.61519227842281256665087505924452068967
0.48999999999999999111821580299874767661,9.7075672287146158653270923592606897546e-39,111.0,0.99967671766637685322356239609776650604,0.60545505045792894863669960073379397229
0.47999999999999998223643160599749535322,1.7545408230336317395841178573978002044e-38,110.0,0.99969634632067386090498288001433599945,0.59795740172372102887158308331446106695
0.46999999999999997335464740899624302983,3.3056363850658073541640713960329334039e-38,110.0,0.99971439981224834764730557782333346682,0.60954614971679097109035051448339961876
0.46000000000000001998401444325281772763,6.5090225222910784949120823612092871821e-38,109.0,0.99973089920183122093254123782191245203,0.62121513683130822638608827015299709406
0.45000000000000001110223024625156540424,1.3435698676416148956819096559035338887e-37,108.0,0.99974599255663940766889504035615494256,0.63287996695768860337210393272040426531
0.44000000000000000222044604925031308085,2.9175655830696249533898091788058669536e-37,107.0,0.99975977390123359295777285978200949164,0.64448147445563592930789488991100135881
0.42999999999999999333866185224906075746,6.6924911843606852961852607135833755673e-37,105.0,0.99977226126736398306004707946841964391,0.65599824991135137235276700610928187537
0.41999999999999998445687765524780843407,1.6295357043610439211453020728847769424e-36,104.0,0.9997835659927744718642601802226237339,0.66738005240020155259837976363032858901
0.40999999999999997557509345824655611068,4.2357419300844034470383445620062564097e-36,103.0,0.99979377052345841385514297143628388909,0.67858828288754565004057464481408711849
0.40000000000000002220446049250313080847,1.1834023690327436096576972985038021736e-35,102.0,0.99980295797051800313891195981588494267,0.68963168947360065267831874231511826366
0.39000000000000001332267629550187848508,3.5826706942078054262598065681492300055e-35,100.0,0.99981113374367989057150691260380620669,0.70046563617708523365361188539941794022
0.38000000000000000444089209850062616169,1.186966449746914580347332010465797226e-34,98.0,0.99981834937748972208381195463596972272,0.71109453823963430488111729704495187981
0.36999999999999999555910790149937383831,4.3561182096110074780771677037477829561e-34,97.0,0.99982466130516567840806298253441369016,0.72150985248002422154447522791798487032
0.35999999999999998667732370449812151492,1.798035629267338189928182125935413784e-33,95.0,0.999830105850507682179526561716242364,0.73168993427069711994509548990340262951
0.34999999999999997779553950749686919153,8.5115953396042270435739346300202781691e-33,93.0,0.99983468476030123251342773440495918889,0.7416311470965054309665606287370304264
0.34000000000000002442490654175344388932,4.7416434057443406302116364431787777427e-32,91.0,0.99983838307358233422262945701709764387,0.75132765005678685621863779659581943892
0.33000000000000001554312234475219156593,3.2197895133233875774826303391922703653e-31,88.0,0.99984123326703248556122816513285925419,0.76077040902022940269157867521350811406
0.32000000000000000666133814775093924254,2.8006568790992116699186904987848444047e-30,85.0,0.99984317560252185830149262487065057938,0.76926605907991112696330106797673357936
0.30999999999999999777955395074968691915,3.351574215082815570911446566203235813e-29,83.0,0.99984421622645887636941164964787560524,0.77278805863598232617823649359600030177
0.29999999999999998889776975374843459576,6.1023118983330691734285961719780731865e-28,79.0,0.99984314420289366876319928584316147845,0.76300472045233520748672512389280141975
0.28999999999999998001598555674718227237,1.9188889780990153989445644811411221477e-26,75.0,0.99982940374668812887065028893793578316,0.72311609971057484521611589817269130808
0.28000000000000002664535259100375697017,1.1771879250442199813300990648943764416e-24,71.0,0.99979119879725440067108905427039937277,0.63857384558861407666890163116869045464
0.27000000000000001776356839400250464678,1.5066343578565829847802206026867708785e-22,67.0,0.99970859756938610977637138910253727265,0.52551086383283083713601240726451755483
0.26000000000000000888178419700125232339,4.0224164960153750409312225955319717176e-20,61.0,0.99954151500343519290151505568650762515,0.42372565604409979222090291765035560346
0.25,2.1808363089671161308121287312187818826e-17,55.0,0.99920388607267242524242188227524450168,0.35382025193848030900377230993542660723
0.23999999999999999111821580299874767661,2.3383489357234827179655922554650841919e-14,47.0,0.99849899291449146520659819934410210029,0.30960057724622104314365922276797475306
0.23000000000000000999200722162640886381,4.6131548128012749590563228362768798515e-11,38.0,0.99694503417515904576869613163554596098,0.27648649914546432254422863269783052277
0.22000000000000000111022302462515654042,1.2422454610714499314089378979138123819e-07,28.0,0.9932636274287695875181588337607655806,0.24179832588955014657822388842816750583
0.20999999999999999222843882762390421703,0.00016538176452786820324035471872311732203,15.0,0.98377972892187223313589390012024803027,0.19691777206116614474381553453362129654
0.20000000000000001110223024625156540424,0.012959612338166852599454963822410123713,0.0,0.95760361379072489802724339489209144403,0.14150679705299784616255296239695149813
0.19000000000000000222044604925031308085,0.084277212275388189082923151545495780199,0.0,0.88655080697852772905653122102212317635,0.086989803720381038893167552695175796705
0.17999999999999999333866185224906075746,0.25227592645043562489874608930045390115,0.0,0.72660059909038393480650593108028834329,0.044673869761715577285619712376182576553
0.17000000000000001221245327087672194466,0.50569209912349256270049579301733001392,0.0,0.48200554066095874488699744720100783827,0.018525353695051115883778616577873954824
0.16000000000000000333066907387546962127,0.73743740301097767284861873432291189959,0.0,0.25577557239309406892225625434665366402,0.0064545030457100077164475633865344648722
0.14999999999999999444888487687421729788,0.8761344941709929158644286516435848308,0.0,0.12005841792403348544670603415174972519,0.0020775334277342390006569940840428729925
0.14000000000000001332267629550187848508,0.94165305648014994390464119105250461691,0.0,0.056202413304536686939429238082452656425,0.00066867750542583469831350272805916934199
0.13000000000000000444089209850062616169,0.96856201845597368090759831736797233865,0.0,0.030190145744911956306161207019259919001,0.00049756986978813022377000733076607045911
0.11999999999999999555910790149937383831,0.97752410102770520395577095932548256589,0.0,0.021583555233656758029644293214854169696,0.00049336434078536140163839330101327579732
0.11000000000000000055511151231257827021,0.98211593608365407151722818013544614131,0.0,0.017174902674380443560708256254161878564,0.00048915881249860209327660653261269455817
0.10000000000000000555111512312578270212,0.98499098251291602924301564894328964778,0.0,0.014414789322129132782127743313341015118,0.00048495328492785210999274337382089870472
0.089999999999999996669330926124530378729,0.98698471366394369561200608488339842602,0.0,0.012500811070402416213561389396068713731,0.00048074775807311126309496641143422283392
0.080000000000000001665334536937734810635,0.98845698418598170126593690942320279305,0.0,0.011087632815664488010103652179954041254,0.00047654223193437938140052279232842152861
0.070000000000000006661338147750939242542,0.98959370856528946884730387962359346483,0.0,0.0099966153448685101953127705770483972772,0.00047233670651165627621769863733729638269
0.059999999999999997779553950749686919153,0.99049987666093378425568613854015667587,0.0,0.0091268471867720110887014551482490706057,0.00046813118180494175885484630575186130184
0.050000000000000002775557561562891351059,0.99124047560243219910260031805983559676,0.0,0.0084158467728809393119324980375401639975,0.00046392565781423565812939377390734363053
0.040000000000000000832667268468867405318,0.99185799409689556310398563026011743269,0.0,0.0078231208959130347307996403122632261646,0.0004597201345395377824316492020350846528
0.029999999999999998889776975374843459576,0.99238072459919238790936007440088429847,0.0,0.0073214943548952895400533763798822177614,0.00045551461198084795182465792049665061159
0.020000000000000000416333634234433702659,0.99283036095532670532157603212314945705,0.0,0.0068901388964768336121853225656901321814,0.00045130909013816598491244216639693575527
0.010000000000000000208166817117216851329,0.99321988802450164785752906160840971616,0.0,0.0065161432203903433360050054663801037098,0.00044710356901149169665137764379787338845
0.0,0.99356210749764686077096481452481866169,0.0,0.0061876160624149775415941294519334017885,0.00044289804860082490491606955652101978486
