value,sup,dur,Y,S
1.0,5.092354749322644394946050233419393419e-60,130.0,0.99558083984826234496635372032898830077,0.91568426192294664442998895667614274985
0.98999999999999999111821580299874767661,3.4530312694661071466011771711409351369e-60,130.0,0.99567154010713240589883065313607862627,0.90927337370372904835203566112007346071
0.97999999999999998223643160599749535322,2.3484122394325769300299566596174844976e-60,130.0,0.99576281646361563588824776709839810131,0.9037544786654377333621482697038828012
0.96999999999999997335464740899624302983,1.6028882047173393669251638045365637492e-60,130.0,0.9958539179645492019863778621705616299,0.89837229484897212507451499585161343489
0.95999999999999996447286321199499070644,1.0986901523953091343891881149892691431e-60,129.0,0.99594790157696252792286750875677410055,0.89335768414570404907185265421317687856
0.94999999999999995559107901499373838305,7.5683825683497047311986430366568614246e-61,129.0,0.99604126356473749924092858392232391019,0.88888399640339362687115841001301520206
0.93999999999999994670929481799248605967,5.2435296317201307777792273128282235505e-61,129.0,0.99613582726687024011732942580601884568,0.88421762331284275671473321997661558543
0.93000000000000004884981308350688777864,3.6567690018115763877783364745216142416e-61,129.0,0.99623275943635250485263998193819387396,0.88030631687239094244968472878235269937
0.92000000000000003996802888650563545525,2.5692540198538884199290032196839017211e-61,129.0,0.99633047864971437183998912209194395948,0.87588521208623286621387439472850431146
0.91000000000000003108624468950438313186,1.8203527871772701610799122378816333801e-61,129.0,0.99642959175071993476466707315679463774,0.8722012757121227178618181907784098833
0.90000000000000002220446049250313080847,1.3018628556777346059420458361148372228e-61,128.0,0.99653049512877195311205605485626436457,0.86794915262977591316047022892768466527
0.89000000000000001332267629550187848508,9.4075150109386098696105659168989030232e-62,128.0,0.99663340992600710033176112105714866602,0.86425668958212969323658610688001043556
0.88000000000000000444089209850062616169,6.8760290728690886652134734552186773745e-62,128.0,0.9967384069887276711479585842803678515,0.86010554961030843411923501158585712134
0.86999999999999999555910790149937383831,5.0888327331033461584857413486912130013e-62,128.0,0.99684632032233811172933491363780594253,0.85627036681643810124763533968269157206
0.85999999999999998667732370449812151492,3.8175915846407984874143212730192973465e-62,128.0,0.99695665903033334297889223877631262077,0.85215084721710559829030174008266609227
0.84999999999999997779553950749686919153,2.9062309283996559707262822951899687075e-62,127.0,0.99706933266171965303374421340031915131,0.84811395560949382283431959451432803863
0.83999999999999996891375531049561686814,2.2476096726743743871313959855691100742e-62,127.0,0.99718371756178900964689350810135204936,0.84395092023439193399065583866903513712
0.82999999999999996003197111349436454475,1.7678339815006063630163838182016386158e-62,127.0,0.99729893288144085677937206475414003251,0.83970070905021729117802959036683456045
0.81999999999999995115018691649311222136,1.415687228195643655139715484254007152e-62,127.0,0.99741486899745407875932337837974402757,0.83541119800533460922629539357757704407
0.81000000000000005329070518200751394033,1.1554908222122196647538082020976333099e-62,127.0,0.9975302514055165500244930294754825068,0.83096223990084568397172852276798066553
0.80000000000000004440892098500626161695,9.6226994180683123950958528027253784241e-63,126.0,0.99764464095913715575704805567713726454,0.82645443654040677776608807646629413099
0.79000000000000003552713678800500929356,8.184716577217444689780519510807716712e-63,126.0,0.99775763115026018768986401805716042806,0.82183272958127486692623063495050541638
0.78000000000000002664535259100375697017,7.1173232483864520075531548234514556283e-63,126.0,0.99786920652890805258233117865876846243,0.81700561415088341879536196677728658706
0.77000000000000001776356839400250464678,6.3335788744833212684625922795916839754e-63,126.0,0.9979785413288553298250781246811754318,0.81223826897905656666813638552264221468
0.76000000000000000888178419700125232339,5.7729260711161224503126729809564919274e-63,125.0,0.99808532007657182425528962063656604116,0.80698205260324050109712007671979442484
0.75,5.394272592380480293270079073540484057e-63,125.0,0.99818925941227257816743045655779571262,0.80208982766929872900158104667523751574
0.73999999999999999111821580299874767661,5.1714959631359257006885203085054470569e-63,125.0,0.99829010934626377484914533941329171878,0.79644732963348633639151725846476193536
0.72999999999999998223643160599749535322,5.09076466432057647904709401161773497e-63,124.0,0.99838765406518088691605179519990641187,0.79127918217421475103320770677796554015
0.71999999999999997335464740899624302983,5.1493461249539896559067411014233975384e-63,124.0,0.99848171226042801286291426341902325985,0.78559572047171268507363819862709232729
0.70999999999999996447286321199499070644,5.3558079686155519996478836971796808417e-63,124.0,0.99857213695975167995195088942140735081,0.77967761302954046506008799894163462544
0.69999999999999995559107901499373838305,5.7317619727284651421803516165013384048e-63,124.0,0.99865881485832088848429982106207544467,0.77393666203115296728130535523975665563
0.68999999999999994670929481799248605967,6.3156065178171663951727493819727794386e-63,123.0,0.99874166516409734120794620824017522025,0.76767390068737730431671840391861401105
0.68000000000000004884981308350688777864,7.1691763387696538516654056776868717968e-63,123.0,0.9988206379906323294664273431322090269,0.7613022847808628848515088578893608435
0.67000000000000003996802888650563545525,8.3889484478222452749704136682063375864e-63,123.0,0.99889571234649535343757811140815781605,0.75498942980943567194326268755225828175
0.66000000000000003108624468950438313186,1.0124733634827238822969927065906279905e-62,122.0,0.99896694827980654042174535014202643882,0.74827293272482922042464581022278510302
0.65000000000000002220446049250313080847,1.261108109959751649220727802863342152e-62,122.0,0.99903444559050463850649721651691593385,0.74122068183010182989711724038914735528
0.64000000000000001332267629550187848508,1.6220864307952812315124491556094777459e-62,121.0,0.99909814146080091915558165031795565774,0.73425695126967162257900348475442644873
0.63000000000000000444089209850062616169,2.1558537017178989715246161222497717591e-62,121.0,0.99915810644772867495935146071698216118,0.72710788834337079647118568266507320763
0.61999999999999999555910790149937383831,2.9626092216849261831584397002020264348e-62,121.0,0.99921442597986560589520669988482783535,0.71967747740104291795307680485608563094
0.60999999999999998667732370449812151492,4.2125635886175029659206340053539819895e-62,120.0,0.99926719740771696196888563986896847191,0.71200554977819220186973552781033261922
0.59999999999999997779553950749686919153,6.2025435295361723331513526553717953525e-62,120.0,0.99931652709120197227665500501126475146,0.7041230858888074490347102338665747821
0.58999999999999996891375531049561686814,9.4648139590589725717207995370103148455e-62,119.0,0.99936275894022263706810161508533773706,0.69605193980942545182450333970349769477
0.57999999999999996003197111349436454475,1.498239558754154143872893124389219817e-61,119.0,0.99940588086918936758623348904340178144,0.68780477804416000089470392177799773364
0.56999999999999995115018691649311222136,2.4628232672918237213810837039710485526e-61,118.0,0.99944592333150782110405237016061925657,0.6793852602175096027824722858016081456
0.56000000000000005329070518200751394033,4.2090112197651547644808834466830976484e-61,118.0,0.99948313906712783500522776836972851041,0.67078847291279008477213801345722120374
0.55000000000000004440892098500626161695,7.4885729683361400987272273989880725446e-61,117.0,0.99951778487162854339805053315126154851,0.66200160941990089277268264715111719216
0.54000000000000003552713678800500929356,1.3891300591533796517562011360111132543e-60,117.0,0.99954970544711718657525332401302177233,0.65300486985587667143564474804883325543
0.53000000000000002664535259100375697017,2.6912320014742736114730747063960045832e-60,116.0,0.99957944960168044228149076195035341965,0.64377253940926485023257352483141030693
0.52000000000000001776356839400250464678,5.4558572002714851028546969811070155898e-60,115.0,0.9996067404281391587227630506098484743,0.63439853767225850303798091755471669985
0.51000000000000000888178419700125232339,1.1599310279663959230255160222028390634e-59,115.0,0.99963207616989418045614056225093700312,0.62494430985344741676166319608807774779
0.50,2.5926491203088723939002137044142847435e-59,114.0,0.99965535111965957811161545790510479617,0.61519227842281256665087505924452068816
0.48999999999999999111821580299874767661,6.109897378026744794754481444302731174e-59,113.0,0.99967671766637685322356239609776650755,0.60545505045792894863669960073379396627
0.47999999999999998223643160599749535322,1.5230459281351737862787460761494518421e-58,113.0,0.9996963463206738609049828800143359987,0.59795740172372102887158308331446106394
0.46999999999999997335464740899624302983,4.0308131870477731118559617683951489508e-58,112.0,0.99971439981224834764730557782333346833,0.60954614971679097109035051448339962102
0.46000000000000001998401444325281772763,1.1374135298776522848349662161128353367e-57,111.0,0.99973089920183122093254123782191244827,0.62121513683130822638608827015299709256
0.45000000000000001110223024625156540424,3.4388120593009478852279683364546095382e-57,110.0,0.99974599255663940766889504035615494181,0.63287996695768860337210393272040426606
0.44000000000000000222044604925031308085,1.1202150536418385097943941358513719168e-56,109.0,0.99975977390123359295777285978200949315,0.64448147445563592930789488991100135881
0.42999999999999999333866185224906075746,3.9574422313681361829495996662088059112e-56,108.0,0.99977226126736398306004707946841964617,0.65599824991135137235276700610928187913
0.41999999999999998445687765524780843407,1.5276253890471996258698560536101780328e-55,107.0,0.99978356599277447186426018022262373239,0.667380052400201552598379763630328586
0.40999999999999997557509345824655611068,6.5001142051331814609990419551233076592e-55,106.0,0.99979377052345841385514297143628388458,0.67858828288754565004057464481408711698
0.40000000000000002220446049250313080847,3.0803667550065908672709843630548536938e-54,104.0,0.99980295797051800313891195981588494493,0.68963168947360065267831874231511826892
0.39000000000000001332267629550187848508,1.6457198975166076835943004133371251245e-53,103.0,0.99981113374367989057150691260380620444,0.70046563617708523365361188539941793947
0.38000000000000000444089209850062616169,1.005788159250397233154996028918882816e-52,102.0,0.99981834937748972208381195463596972423,0.71109453823963430488111729704495187981
0.36999999999999999555910790149937383831,7.1565320808461256839268150200104688473e-52,100.0,0.99982466130516567840806298253441368865,0.72150985248002422154447522791798487258
0.35999999999999998667732370449812151492,6.0580992524464650356028282129927216961e-51,98.0,0.99983010585050768217952656171624236249,0.73168993427069711994509548990340262575
0.34999999999999997779553950749686919153,6.2685764874438051402056318821103008552e-50,96.0,0.99983468476030123251342773440495918813,0.74163114709650543096656062873703042339
0.34000000000000002442490654175344388932,8.2090588815611760041420898483271913285e-49,94.0,0.99983838307358233422262945701709764312,0.75132765005678685621863779659581943516
0.33000000000000001554312234475219156593,1.4244795237570349182892500048842689716e-47,92.0,0.99984123326703248556122816513285925269,0.76077040902022940269157867521350811481
0.32000000000000000666133814775093924254,3.4869810863451514797233092719637091917e-46,90.0,0.99984317560252185830149262487065057637,0.76926605907991112696330106797673357786
0.30999999999999999777955395074968691915,1.3139128778679422677044067461225845621e-44,87.0,0.99984421622645887636941164964787560374,0.77278805863598232617823649359600029499
0.29999999999999998889776975374843459576,8.5933654870862588411131478689194650615e-43,84.0,0.99984314420289366876319928584316147995,0.763004720452335207486725123892801422
0.28999999999999998001598555674718227237,1.134536227827143309034496096084798317e-40,81.0,0.99982940374668812887065028893793578015,0.72311609971057484521611589817269130282
0.28000000000000002664535259100375697017,3.5215108798697814872346423925467760023e-38,77.0,0.99979119879725440067108905427039937352,0.63857384558861407666890163116869045163
0.27000000000000001776356839400250464678,2.8574603462803660316055454998071313988e-35,72.0,0.99970859756938610977637138910253727415,0.52551086383283083713601240726451755709
0.26000000000000000888178419700125232339,6.3760590535745257856204953641754545947e-32,67.0,0.99954151500343519290151505568650762515,0.42372565604409979222090291765035559932
0.25,4.07314103902434290835883712638730124e-28,62.0,0.99920388607267242524242188227524450619,0.35382025193848030900377230993542660685
0.23999999999999999111821580299874767661,7.9430837530009451553619268014490906344e-24,55.0,0.99849899291449146520659819934410210179,0.30960057724622104314365922276797475231
0.23000000000000000999200722162640886381,4.9882729878950389545955134331740898271e-19,47.0,0.99694503417515904576869613163554596474,0.27648649914546432254422863269783052465
0.22000000000000000111022302462515654042,8.9540666989949481654907617363021770995e-14,37.0,0.99326362742876958751815883376076557684,0.24179832588955014657822388842816750565
0.20999999999999999222843882762390421703,2.1586627167283645839337430195002759035e-08,24.0,0.98377972892187223313589390012024803253,0.19691777206116614474381553453362130011
0.20000000000000001110223024625156540424,0.00058120026449021346604356459489159952038,9.0,0.95760361379072489802724339489209144478,0.14150679705299784616255296239695149832
0.19000000000000000222044604925031308085,0.0482763232892304665772160812544760759,0.0,0.8865508069785277290565312210221231771,0.086989803720381038893167552695175796987
0.17999999999999999333866185224906075746,0.21891190690801538471167169656775249979,0.0,0.72660059909038393480650593108028834404,0.044673869761715577285619712376182576882
0.17000000000000001221245327087672194466,0.48298951294188623414227621342052878786,0.0,0.48200554066095874488699744720100784203,0.018525353695051115883778616577873955154
0.16000000000000000333066907387546962127,0.72520610458859100149572066012841029825,0.0,0.25577557239309406892225625434665366515,0.0064545030457100077164475633865344649368
0.14999999999999999444888487687421729788,0.87030491778003381637564098570997068392,0.0,0.12005841792403348544670603415174972444,0.002077533427734239000656994084042872972
0.14000000000000001332267629550187848508,0.93888430881951118260243244556429116783,0.0,0.056202413304536686939429238082452658212,0.0006686775054258346983135027280591693611
0.13000000000000000444089209850062616169,0.96706505522558083802427782580571993468,0.0,0.030190145744911956306161207019259919377,0.00049756986978813022377000733076607045984
0.11999999999999999555910790149937383831,0.97645398174209533911499128108273349461,0.0,0.021583555233656758029644293214854169437,0.00049336434078536140163839330101327579805
0.11000000000000000055511151231257827021,0.9812645621379612503289845392728529787,0.0,0.017174902674380443560708256254161878611,0.00048915881249860209327660653261269455743
0.10000000000000000555111512312578270212,0.9842764694118247631130435331926473695,0.0,0.014414789322129132782127743313341014953,0.00048495328492785210999274337382089870509
0.089999999999999996669330926124530378729,0.98636503147949072709566938354996865041,0.0,0.012500811070402416213561389396068713919,0.00048074775807311126309496641143422283502
0.080000000000000001665334536937734810635,0.98790750159631312869367224415567791382,0.0,0.011087632815664488010103652179954041336,0.00047654223193437938140052279232842152861
0.070000000000000006661338147750939242542,0.98909847767641781094804207247176479728,0.0,0.0099966153448685101953127705770483972537,0.00047233670651165627621769863733729638196
0.059999999999999997779553950749686919153,0.99004782158657855273142088313184896226,0.0,0.0091268471867720110887014551482490705822,0.00046813118180494175885484630575186130147
0.050000000000000002775557561562891351059,0.99082351768549435443436941937193715164,0.0,0.0084158467728809393119324980375401639504,0.0004639256578142356581293937739073436309
0.040000000000000000832667268468867405318,0.99147041858368190654179130399147570477,0.0,0.0078231208959130347307996403122632261763,0.00045972013453953778243164920203508465207
0.029999999999999998889776975374843459576,0.99201814197243316042558433921279848918,0.0,0.007321494354895289540053376379882217779,0.00045551461198084795182465792049665061085
0.020000000000000000416333634234433702659,0.99248940887527104094575829901296626715,0.0,0.0068901388964768336121853225656901321872,0.00045130909013816598491244216639693575564
0.010000000000000000208166817117216851329,0.99289733120586511852121746637452829153,0.0,0.006516143220390343336005005466380103704,0.00044710356901149169665137764379787338808
0.0,0.9932557611640298860812087408246523585,0.0,0.0061876160624149775415941294519334017415,0.00044289804860082490491606955652101978375
