value,sup,dur,Y,S
1.0,8.3024621235264731680571189291416369523e-114,115.0,0.99594849049241030484641605462689262438,0.28368044895644965934653423200778268274
0.98999999999999999111821580299874767661,2.1294804387016131838422814324506398681e-113,114.0,0.99597659285779792209576045473456351895,0.28083331983465037633458032578064151673
0.97999999999999998223643160599749535322,5.6495355871719728754669492432319634947e-113,114.0,0.99600442499406123905455793813723261844,0.27788546061775972941646584859537489001
0.96999999999999997335464740899624302983,1.5526079006800621050539574275065683744e-112,114.0,0.99603173820712608106626251032113812742,0.27513389912736050038174400444257875314
0.95999999999999996447286321199499070644,4.4268734293560552281035804003019532151e-112,113.0,0.99605850780079387055454497489044795405,0.27232608328156811321624126941994542742
0.94999999999999995559107901499373838305,1.3117066601152282817229806248692097094e-111,113.0,0.99608517062250971388159525451338115092,0.26945857525651122664930277386905499264
0.93999999999999994670929481799248605967,4.0461658621686356107678919408211080462e-111,112.0,0.99611118421461675516023544342013524257,0.2665858931418347965800539092094530332
0.93000000000000004884981308350688777864,1.301756063050674388666281526893285531e-110,112.0,0.99613676554206198154635293212602719807,0.26383886650228574007346710501928347516
0.92000000000000003996802888650563545525,4.3768199260493496620360111038589104763e-110,112.0,0.99616193314573752925704757682589156984,0.26105526568310291752963025259294305723
0.91000000000000003108624468950438313186,1.5411749472182297186604217964745525138e-109,111.0,0.99618648855415202146567117273728438237,0.25824981377510095364864477892478587247
0.90000000000000002220446049250313080847,5.6962899610667014043217836528971728734e-109,111.0,0.99621064971132785607458607592315829511,0.25543438853185621993186948762882203944
0.89000000000000001332267629550187848508,2.2152804356853632763622586274980453678e-108,110.0,0.99623420053848067613481904618128907938,0.2526182166406668109583910739157378455
0.88000000000000000444089209850062616169,9.088330071689822973249868785083154384e-108,110.0,0.99625714432014413899176523754925294738,0.24980801881306933328267770448477481606
0.86999999999999999555910790149937383831,3.9442060593421056712841972906229894277e-107,109.0,0.99627965106496190187677970254339348482,0.24700811897150930028655797439337454788
0.85999999999999998667732370449812151492,1.8161125806706743758765589678460756223e-106,109.0,0.99630141198476807151136403586068108088,0.24422052715021260420437337982287238225
0.84999999999999997779553950749686919153,8.9005156103504772321536944141161402932e-106,108.0,0.99632246526454433846484933614657564829,0.2414450028964416918767133269638069333
0.83999999999999996891375531049561686814,4.6586607806520041499614351217835606275e-105,108.0,0.99634305401148648648284694182134303153,0.23867910396606519249177593114983414909
0.82999999999999996003197111349436454475,2.6138294537612306355651837858699039125e-104,107.0,0.9963628834401003364634511393504667072,0.23591822388606315416054970994696948294
0.81999999999999995115018691649311222136,1.5782782179883911809398327739814457045e-103,106.0,0.99638195029201678912715318003501696018,0.23315562140300190275603501096903127001
0.81000000000000005329070518200751394033,1.0299951833205248944488321150979659427e-102,106.0,0.99640023824655115496061824091010276454,0.23038244484216785023228679685986886958
0.80000000000000004440892098500626161695,7.2985398697452134394001022327124604306e-102,105.0,0.9964177173998086165746186279761467789,0.22758775486834422784119965239498719766
0.79000000000000003552713678800500929356,5.6435647835338930859511418862571003038e-101,105.0,0.99643434346053784081276456935351516567,0.224758549981978168717895489597101829
0.78000000000000002664535259100375697017,4.7877996555970404293270214757777703837e-100,104.0,0.99645005662918174945611589542422348049,0.22202283993512324395380716789922254275
0.77000000000000001776356839400250464678,4.4826113518367929905782114931962127603e-99,103.0,0.9964647801135711519348831364437717899,0.21923943777012787487514415821282117617
0.76000000000000000888178419700125232339,4.6613044395634298346383518228411513928e-98,102.0,0.99647866789285942562286764062948303508,0.21641555798696017259024399552710309475
0.75,5.4209897052542826579508561116934795218e-97,102.0,0.9964914655688149232733173941862594884,0.21365992480293897585223294205517695648
0.73999999999999999111821580299874767661,7.1044397672226732641551890135470266433e-96,101.0,0.99650303439204006564008111226870945479,0.21082901924193236655505213126855509384
0.72999999999999998223643160599749535322,1.0579110495130478768988014290402510986e-94,100.0,0.99651363677766321521822753687459281536,0.20805044675670972003665357899194170088
0.71999999999999997335464740899624302983,1.8061820729807958923707214334710570622e-93,99.0,0.99652285732683601796140254166608224969,0.20524686227227080200431261354959707703
0.70999999999999996447286321199499070644,3.5708212352126271604764309756856582105e-92,98.0,0.99653079230733078881575493246004640891,0.20241099796809623487032260026473419054
0.69999999999999995559107901499373838305,8.2640017630458269694830565539257240802e-91,97.0,0.99653256139267933786032024149845801598,0.19957413981812076906202288328549763174
0.68999999999999994670929481799248605967,2.2657929186887006492261468000602097476e-89,96.0,0.99652448621441990751816597814685565108,0.19675691019502718828341143024962802571
0.68000000000000004884981308350688777864,7.4572040191823130978593011856194480135e-88,95.0,0.99650507019720286632895429791769583906,0.1939180542003515093292962535092818657
0.67000000000000003996802888650563545525,2.9892782878188497040843174527763807101e-86,94.0,0.99647246076123989770538415553035629757,0.19106903257815184087987233586231797599
0.66000000000000003108624468950438313186,1.4830665564647771040447836822998825128e-84,93.0,0.99642434271122978176074941427724443331,0.18823664871757968845261094786377951261
0.65000000000000002220446049250313080847,9.269748306958379819278977933094026802e-83,91.0,0.99635779287662682590869610078951294389,0.18537553718159153908989612921402843435
0.64000000000000001332267629550187848508,7.4442837349147930639792565093465798979e-81,90.0,0.99626907938166859469295102086624615824,0.18248392258438453207053447811457245046
0.63000000000000000444089209850062616169,7.8501515415120354172406373372870160117e-79,89.0,0.99615338068846482149313196680441140867,0.17960758424998186672324854919445912326
0.61999999999999999555910790149937383831,1.1135221909806506702776031674483955152e-76,87.0,0.99600438669098672834905878842295767686,0.17671513909135434677613775427092714162
0.60999999999999998667732370449812151492,2.1820092332991078405897330761977237115e-74,85.0,0.99581372373529773953206882279492556102,0.17380334574804320872991626029415259536
0.59999999999999997779553950749686919153,6.0828471001139943918626187863929582062e-72,84.0,0.99557011259406994943683761835882142953,0.17087723832285527345283845321190818919
0.58999999999999996891375531049561686814,2.4913625664264235524045672679538043391e-69,82.0,0.99525811474666940653711113929875468612,0.16792137966466135487369078245088990573
0.57999999999999996003197111349436454475,1.5525594568176199951947709319790029824e-66,80.0,0.99485623334991039215083406141219342092,0.16498579070096921059584235444670549699
0.56999999999999995115018691649311222136,1.5283545295590042079156304633776527484e-63,78.0,0.99433398596079622021551473921085388801,0.16201443846866064074791869616284134405
0.56000000000000005329070518200751394033,2.4717074520829138880848559331172458849e-60,76.0,0.99364731301505197557247684035344441132,0.15903121668071573912912726308670641304
0.55000000000000004440892098500626161695,6.8310010250139885417083998132760760998e-57,73.0,0.99273125529275019386162084472863224751,0.15602312179186081697040616633116865942
0.54000000000000003552713678800500929356,3.3472638309175570017816384008936477259e-53,70.0,0.99148810357494215803688933716929071165,0.15300991224249872990927420345306722671
0.53000000000000002664535259100375697017,2.9955816847807918211110939943937621549e-49,68.0,0.98976801103635946642386235866056853648,0.14996979591954936015602121050657612292
0.52000000000000001776356839400250464678,4.9699125589398880323332196115421261271e-45,64.0,0.98733713976078181783897207652660947009,0.14691150110389621890172420495918778025
0.51000000000000000888178419700125232339,1.511823500774701872142670286846416026e-40,61.0,0.98382568262464788451363742787589206434,0.14383529201526867906197811117291086108
0.50,7.9974198102987658194937004479376232495e-36,57.0,0.97864512071814142346300605511043358253,0.14072599418145093815502719901026080653
0.48999999999999999111821580299874767661,6.5577720938823498162316433976409689464e-31,53.0,0.97086339640771326810927283667771632264,0.1350438212589529671163366780640063221
0.47999999999999998223643160599749535322,6.8363094692400415860719333856019867555e-26,48.0,0.95903504520628033507821719442239457072,0.12490602824917443107468695295831366551
0.46999999999999997335464740899624302983,6.7370006912718710516673614927529380354e-21,43.0,0.94101304991379635669197944684224750398,0.11103974149645166987989991952265368155
0.46000000000000001998401444325281772763,4.2396611593985569928813459308576356388e-16,37.0,0.91383388620314659555508878694715137873,0.094818998255352314135077887456939927197
0.45000000000000001110223024625156540424,1.072879534929297983945609417898140616e-11,30.0,0.87386607602741037316402445840995770921,0.077798503194342744727822933492412476883
0.44000000000000000222044604925031308085,6.7004229686120762200695626890852681438e-08,22.0,0.81749692613787968819777975679437342724,0.061308827635784200938264144527742368822
0.42999999999999999333866185224906075746,6.4754591902177527991432838628190338405e-05,12.0,0.7425522129648848261056171117144171301,0.046330685079629514035333687057294675379
0.41999999999999998445687765524780843407,0.0065403603834956679204852166630995520001,1.0,0.6501649405724798957936687122069187578,0.033531538437453966686502460062874266907
0.40999999999999997557509345824655611068,0.072289308951627043588841593984658166854,0.0,0.5459752290645819005807833985272306731,0.023268036337615417944707567174689945622
0.40000000000000002220446049250313080847,0.21690796311701648402718450143147678627,0.0,0.43924578195344076947270845692367974321,0.015550175311519866093791743997345725717
0.39000000000000001332267629550187848508,0.38181004013252362318115547377466632372,0.0,0.33979716556170380834259800536172217729,0.010080364346428055319383593484738416262
0.38000000000000000444089209850062616169,0.53141456620114330051332601647472025357,0.0,0.25468742317064475687972113480491159621,0.0063902917626984473287258559018724567345
0.36999999999999999555910790149937383831,0.65359020863800905569070009148764084193,0.0,0.18675674473870906687302875166901750084,0.0039924690228179837601137542847998538107
0.35999999999999998667732370449812151492,0.74727733538129082541568534234873057904,0.0,0.13531231350700741598472112826014014303,0.002474917614254447897019850221709835185
0.34999999999999997779553950749686919153,0.81630217515749095184622460906885879252,0.0,0.097743257728456495233925073106330381038,0.0015308923337123987502171430535423759683
0.34000000000000002442490654175344388932,0.86593892932389435614344770182077402175,0.0,0.070923339469888415896585354519969225748,0.0009496224083692637508453144475961977512
0.33000000000000001554312234475219156593,0.90117948236984153152802938636792069941,0.0,0.052005567459574008398804615514241848989,0.00059349790427405432717441224767825717984
0.32000000000000000666133814775093924254,0.9260828407234280604190920457194924455,0.0,0.038724783504451293139843386717567275248,0.00049956196272356148331221368146430897168
0.30999999999999999777955395074968691915,0.94103758413295777377016522114801361276,0.0,0.030887448406542384452642388970098202461,0.00049779121343968895801883964733877663119
0.29999999999999998889776975374843459576,0.9500627094561763369703152460321937104,0.0,0.026159937864759363357441333389821899306,0.00049602046428275444055493200779697765603
0.28999999999999998001598555674718227237,0.9563186212527204584843980757364237021,0.0,0.022883645964876355490333761936418194149,0.00049424971525275791727096617944297858879
0.28000000000000002664535259100375697017,0.9609822683358476559508814380154178402,0.0,0.020441554927616903440375288500500811048,0.00049247896634969938434705019854450737993
0.27000000000000001776356839400250464678,0.9646220000937632107248144946294027553,0.0,0.018535739063230465944646241668851968391,0.00049070821757357880847440136557332479252
0.26000000000000000888178419700125232339,0.96755892020109330827219130306690175227,0.0,0.016998031240638553735039107794610924251,0.00048893746892439618583313233536471091717
0.25,0.96998681452984463107320319790733814448,0.0,0.015727002229858676616220759819619212992,0.00048716672040215150277372635236322553127
0.23999999999999999111821580299874767661,0.97203160676641739221510885538506223423,0.0,0.014656447749639660143312934737568858485,0.00048539597200684474564666861797267490497
0.23000000000000000999200722162640886381,0.97378206955770366233295941983631387919,0.0,0.013740076327670230021881764677196215907,0.00048362522373847590571725986028957156822
0.22000000000000000111022302462515654042,0.97529890042931705892226561428955840913,0.0,0.01294611197926752932963394205815926447,0.00048185447559704495950636170284411631898
0.20999999999999999222843882762390421703,0.97662795193796661242258252165130085082,0.0,0.012250351465168986514038927603756438599,0.00048008372758255189827927913997302447163
0.20000000000000001110223024625156540424,0.97780295145504923759553823186938269608,0.0,0.011635297110589983133773498602961311732,0.00047831297969499671330131771367722892924
0.19000000000000000222044604925031308085,0.97884951387446890340517518223511598169,0.0,0.01108754329809495298292696109021861553,0.00047654223193437938109334703230090053213
0.17999999999999999333866185224906075746,0.9797890742968198509784525987077287872,0.0,0.010595874869853185870370934698174938349,0.00047477148430069989292067690408295701202
0.17000000000000001221245327087672194466,0.98063714697069896130259269987630157351,0.0,0.010151862190091423322040980672294584445,0.00047300073679395824004861768492593616758
0.16000000000000000333066907387546962127,0.9814071676711197441891550715085492936,0.0,0.0097490744009498416469746956987217602748,0.00047122998941415439899804696798414049971
0.14999999999999999444888487687421729788,0.98210845154252637810036498926229387739,0.0,0.0093819801636955370349331215249275952743,0.0004694592421612883610342793753958746865
0.14000000000000001332267629550187848508,0.98275146865605057794301298826456788788,0.0,0.0090454173514821724829446628498664995749,0.00046768849503536011742263007696246593475
0.13000000000000000444089209850062616169,0.98334297715038787591920692047191464959,0.0,0.008735850684443636855176576550905692335,0.00046591774803636964468398465064451003994
0.11999999999999999555910790149937383831,0.98388889113152950837474181432616282111,0.0,0.0084501871172240527020327601347673431188,0.00046414700116431693408366253247688314388
0.11000000000000000055511151231257827021,0.98439441562359062777862894336483665464,0.0,0.0081857052990933402945128783104986181366,0.00046237625441920197442957903522928370799
0.10000000000000000555111512312578270212,0.98486416094750691126895801755935906443,0.0,0.007939995824110072786322202530956474178,0.00046060550780102474961484173444757048731
0.089999999999999996669330926124530378729,0.98530224054591314830107383559241611396,0.0,0.0077109101717439665809934287391073115004,0.00045883476130978524353256086727756757006
0.080000000000000001665334536937734810635,0.98571130130261787437703536714135313849,0.0,0.0074965165885645704453177640581115981541,0.00045706401494548344744806175979413399052
0.070000000000000006661338147750939242542,0.98609271227827261779140337151935300133,0.0,0.0072970673113109136084983735736109537075,0.00045529326870811934525445838688854675883
0.059999999999999997779553950749686919153,0.98645175269996409237662023898296139325,0.0,0.0071094713198253476759027916449443558441,0.00045352252259769292084486738505076877054
0.050000000000000002775557561562891351059,0.98679013749122502920810663983854636102,0.0,0.0069321807813714302972964737711494754723,0.00045175177661420416548461889424583156436
0.040000000000000000832667268468867405318,0.98710676278464456780802003198462916224,0.0,0.0067666690497446906652432014983764620892,0.00044998103075765306183813156980830221878
0.029999999999999998889776975374843459576,0.98740801633294413404440860168069974713,0.0,0.0066094705671553459924235726035915958597,0.00044821028502803959748463360426535932524
0.020000000000000000416333634234433702659,0.98769046892200724438017137762395054661,0.0,0.0064612711616994824383753046670324328313,0.00044643953942536375938900402340425868053
0.010000000000000000208166817117216851329,0.9879599719148785728720726863060482595,0.0,0.0063207841202854517172771322887243806723,0.00044466879394962553298024681548112065119
0.0,0.98821370894143471883862949486966775787,0.0,0.0061876160624149775415941294519334017003,0.00044289804860082490491606955652101978412
