value,sup,dur,Y,S
1.0,1.8725147219021341845121298874084947295e-140,132.0,0.99558083984826234496635372032898830228,0.91568426192294664442998895667614275286
0.98999999999999999111821580299874767661,1.4935048375397720756892094158669747817e-140,132.0,0.99567154010713240589883065313607862702,0.90927337370372904835203566112007346823
0.97999999999999998223643160599749535322,1.1990057659609211102366466173737088363e-140,132.0,0.99576281646361563588824776709839810281,0.90375447866543773336214826970388279594
0.96999999999999997335464740899624302983,9.6958404961566771151548433097853908289e-141,132.0,0.99585391796454920198637786217056163065,0.89837229484897212507451499585161343715
0.95999999999999996447286321199499070644,7.9039273261416791804895191941599038601e-141,132.0,0.99594790157696252792286750875677410055,0.89335768414570404907185265421317687856
0.94999999999999995559107901499373838305,6.5007701186671504673943827254513552686e-141,132.0,0.99604126356473749924092858392232391396,0.88888399640339362687115841001301520282
0.93999999999999994670929481799248605967,5.399446186539776691658269544479175231e-141,131.0,0.99613582726687024011732942580601884944,0.88421762331284275671473321997661557866
0.93000000000000004884981308350688777864,4.5333650080398301181060032944229008573e-141,131.0,0.99623275943635250485263998193819387396,0.88030631687239094244968472878235269786
0.92000000000000003996802888650563545525,3.851493317379848770702749151351977987e-141,131.0,0.99633047864971437183998912209194395873,0.87588521208623286621387439472850431071
0.91000000000000003108624468950438313186,3.3147335447873955146289243586273820274e-141,131.0,0.99642959175071993476466707315679463849,0.87220127571212271786181819077840988706
0.90000000000000002220446049250313080847,2.8931810101700954942686571477618161628e-141,131.0,0.99653049512877195311205605485626436382,0.86794915262977591316047022892768466753
0.89000000000000001332267629550187848508,2.5640537427973445377289076198003130782e-141,131.0,0.99663340992600710033176112105714867053,0.86425668958212969323658610688001044082
0.88000000000000000444089209850062616169,2.3101411736659010393128520428582649078e-141,131.0,0.99673840698872767114795858428036785075,0.86010554961030843411923501158585711682
0.86999999999999999555910790149937383831,2.118658660157995219336909019672611583e-141,130.0,0.99684632032233811172933491363780593877,0.85627036681643810124763533968269157657
0.85999999999999998667732370449812151492,1.9804274033300008049787152557422027375e-141,130.0,0.99695665903033334297889223877631261927,0.85215084721710559829030174008266609303
0.84999999999999997779553950749686919153,1.8893268640347695012347265890324615142e-141,130.0,0.99706933266171965303374421340031915357,0.84811395560949382283431959451432803938
0.83999999999999996891375531049561686814,1.8419922464144775250143198988365901702e-141,130.0,0.99718371756178900964689350810135205161,0.84395092023439193399065583866903514464
0.82999999999999996003197111349436454475,1.8377563900685693279213780883370709431e-141,130.0,0.99729893288144085677937206475414003026,0.83970070905021729117802959036683455594
0.81999999999999995115018691649311222136,1.8788680684225692820804636280999027148e-141,130.0,0.99741486899745407875932337837974402456,0.83541119800533460922629539357757704181
0.81000000000000005329070518200751394033,1.9710642460740339379641739763237625155e-141,129.0,0.99753025140551655002449302947548250304,0.83096223990084568397172852276798066553
0.80000000000000004440892098500626161695,2.1246440217393382091051633286323828329e-141,129.0,0.99764464095913715575704805567713726755,0.82645443654040677776608807646629412949
0.79000000000000003552713678800500929356,2.3563074206537787032928711663055689033e-141,129.0,0.99775763115026018768986401805716043031,0.82183272958127486692623063495050541412
0.78000000000000002664535259100375697017,2.6922205861955065847227214694766713683e-141,129.0,0.99786920652890805258233117865876846243,0.81700561415088341879536196677728658556
0.77000000000000001776356839400250464678,3.1731209704390116835617727812185451487e-141,129.0,0.9979785413288553298250781246811754303,0.81223826897905656666813638552264221995
0.76000000000000000888178419700125232339,3.8629178210154153285048191963340743009e-141,129.0,0.9980853200765718242552896206365660374,0.80698205260324050109712007671979442409
0.75,4.8634423722822568368666404276620071419e-141,128.0,0.99818925941227257816743045655779571186,0.80208982766929872900158104667523751123
0.73999999999999999111821580299874767661,6.3402987263726487720479131397737359921e-141,128.0,0.99829010934626377484914533941329171953,0.79644732963348633639151725846476193235
0.72999999999999998223643160599749535322,8.5692769774428404570512131539159878242e-141,128.0,0.99838765406518088691605179519990641112,0.79127918217421475103320770677796553789
0.71999999999999997335464740899624302983,1.2021883221319221333624720813950117904e-140,128.0,0.99848171226042801286291426341902326061,0.78559572047171268507363819862709233181
0.70999999999999996447286321199499070644,1.7527378015662580078820502567627391716e-140,127.0,0.99857213695975167995195088942140735006,0.77967761302954046506008799894163462619
0.69999999999999995559107901499373838305,2.6588863084397089781018257312730070465e-140,127.0,0.99865881485832088848429982106207544467,0.77393666203115296728130535523975665714
0.68999999999999994670929481799248605967,4.201911326110782169335952242116661414e-140,127.0,0.99874166516409734120794620824017522025,0.7676739006873773043167184039186140118
0.68000000000000004884981308350688777864,6.9261558045078188432555617695634907997e-140,127.0,0.99882063799063232946642734313220902464,0.76130228478086288485150885788936084877
0.67000000000000003996802888650563545525,1.1922924846022295308906504925271434047e-139,126.0,0.99889571234649535343757811140815781304,0.7549894298094356719432626875522582825
0.66000000000000003108624468950438313186,2.1462679903337742443846782294805555892e-139,126.0,0.99896694827980654042174535014202644033,0.74827293272482922042464581022278509475
0.65000000000000002220446049250313080847,4.0456260250494583121450698420185249178e-139,126.0,0.9990344455905046385064972165169159346,0.74122068183010182989711724038914736582
0.64000000000000001332267629550187848508,7.9966777447832245462362360712514004546e-139,126.0,0.99909814146080091915558165031795565774,0.73425695126967162257900348475442644648
0.63000000000000000444089209850062616169,1.6600291534288354445161091885446579902e-138,125.0,0.99915810644772867495935146071698215967,0.72710788834337079647118568266507320537
0.61999999999999999555910790149937383831,3.6250256289192280844659096508326054906e-138,125.0,0.99921442597986560589520669988482783384,0.7196774774010429179530768048560856332
0.60999999999999998667732370449812151492,8.3417709072741806806705204323647964476e-138,125.0,0.99926719740771696196888563986896846514,0.7120055497781922018697355278103326132
0.59999999999999997779553950749686919153,2.0266790755796511490848870682714646169e-137,124.0,0.9993165270912019722766550050112647507,0.70412308588880744903471023386657477759
0.58999999999999996891375531049561686814,5.2094837076386892627833032756957746462e-137,124.0,0.99936275894022263706810161508533774082,0.69605193980942545182450333970349769477
0.57999999999999996003197111349436454475,1.4199663768450759199240141415675502938e-136,124.0,0.99940588086918936758623348904340178144,0.68780477804416000089470392177799773364
0.56999999999999995115018691649311222136,4.1145838010788557940823228683194299476e-136,123.0,0.99944592333150782110405237016061925431,0.67938526021750960278247228580160815462
0.56000000000000005329070518200751394033,1.2709937371689012862381360357463454263e-135,123.0,0.9994831390671278350052277683697285074,0.670788472912790084772138013457221206
0.55000000000000004440892098500626161695,4.1982287735484051999986095776249903289e-135,122.0,0.99951778487162854339805053315126154625,0.66200160941990089277268264715111718915
0.54000000000000003552713678800500929356,1.4879143384766843276255603067696069763e-134,122.0,0.99954970544711718657525332401302177383,0.65300486985587667143564474804883325994
0.53000000000000002664535259100375697017,5.6797823963236206132838502094052761079e-134,122.0,0.99957944960168044228149076195035342342,0.6437725394092648502325735248314103122
0.52000000000000001776356839400250464678,2.3451596550388789481377925118385307135e-133,121.0,0.9996067404281391587227630506098484728,0.63439853767225850303798091755471669985
0.51000000000000000888178419700125232339,1.0523594713439508438490849590432338575e-132,121.0,0.99963207616989418045614056225093700387,0.62494430985344741676166319608807774553
0.50,5.1596573529931290815387298202556494471e-132,120.0,0.99965535111965957811161545790510479843,0.61519227842281256665087505924452069042
0.48999999999999999111821580299874767661,2.7806275192239756020832442519294700548e-131,119.0,0.99967671766637685322356239609776650679,0.60545505045792894863669960073379396627
0.47999999999999998223643160599749535322,1.6582822896828359595302756485229858284e-130,119.0,0.99969634632067386090498288001433599719,0.59795740172372102887158308331446106996
0.46999999999999997335464740899624302983,1.1027431884136196026850293285670225879e-129,118.0,0.99971439981224834764730557782333346757,0.60954614971679097109035051448339961951
0.46000000000000001998401444325281772763,8.2477285511612520643613807021608252767e-129,118.0,0.99973089920183122093254123782191244978,0.62121513683130822638608827015299709256
0.45000000000000001110223024625156540424,7.0063212538523172126495897939990024752e-128,117.0,0.99974599255663940766889504035615494181,0.63287996695768860337210393272040426757
0.44000000000000000222044604925031308085,6.8357510236710383339104403722167140704e-127,116.0,0.99975977390123359295777285978200949014,0.64448147445563592930789488991100135504
0.42999999999999999333866185224906075746,7.7582648589110784091031068450077606817e-126,116.0,0.99977226126736398306004707946841964542,0.65599824991135137235276700610928187537
0.41999999999999998445687765524780843407,1.0394204915569141833949672728935435662e-124,115.0,0.99978356599277447186426018022262373164,0.66738005240020155259837976363032859202
0.40999999999999997557509345824655611068,1.6719201815339688086017460484506191129e-123,114.0,0.99979377052345841385514297143628388458,0.67858828288754565004057464481408711849
0.40000000000000002220446049250313080847,3.2928350252150859867162538567075961815e-122,113.0,0.99980295797051800313891195981588494493,0.68963168947360065267831874231511826516
0.39000000000000001332267629550187848508,8.1250663631236710832617965470214192361e-121,112.0,0.99981113374367989057150691260380620368,0.70046563617708523365361188539941794323
0.38000000000000000444089209850062616169,2.5806767114844158157322528804556858074e-119,111.0,0.99981834937748972208381195463596972498,0.71109453823963430488111729704495188131
0.36999999999999999555910790149937383831,1.0895829094952376065512734553487311887e-117,110.0,0.99982466130516567840806298253441369016,0.72150985248002422154447522791798487108
0.35999999999999998667732370449812151492,6.3564748157006373830053605509458291249e-116,109.0,0.99983010585050768217952656171624236249,0.73168993427069711994509548990340263026
0.34999999999999997779553950749686919153,5.371860037044147104888045827878719603e-114,107.0,0.99983468476030123251342773440495918512,0.74163114709650543096656062873703042565
0.34000000000000002442490654175344388932,6.9743793013482364245971799181850277883e-112,106.0,0.99983838307358233422262945701709764462,0.75132765005678685621863779659581943817
0.33000000000000001554312234475219156593,1.4990464217834065181682497645886760516e-109,104.0,0.99984123326703248556122816513285925494,0.76077040902022940269157867521350811105
0.32000000000000000666133814775093924254,5.8801326567157274195573219023363030819e-107,102.0,0.99984317560252185830149262487065058089,0.76926605907991112696330106797673357711
0.30999999999999999777955395074968691915,4.7931628051671748923114787225578152849e-104,100.0,0.99984421622645887636941164964787560374,0.77278805863598232617823649359600029575
0.29999999999999998889776975374843459576,9.650354796847984746238297568171730438e-101,98.0,0.99984314420289366876319928584316147544,0.763004720452335207486725123892801422
0.28999999999999998001598555674718227237,5.961062725496104921581091504249927866e-97,96.0,0.99982940374668812887065028893793578091,0.72311609971057484521611589817269130808
0.28000000000000002664535259100375697017,1.4302155791093156586629692490397466619e-92,93.0,0.99979119879725440067108905427039937277,0.63857384558861407666890163116869044862
0.27000000000000001776356839400250464678,1.6500382244827835340655495360282928164e-87,90.0,0.99970859756938610977637138910253727039,0.52551086383283083713601240726451755634
0.26000000000000000888178419700125232339,1.1082172899748277318547848584729638605e-81,87.0,0.99954151500343519290151505568650762364,0.42372565604409979222090291765035560421
0.25,5.44218942974890956943129672349033908e-75,83.0,0.99920388607267242524242188227524450544,0.35382025193848030900377230993542660761
0.23999999999999999111821580299874767661,2.6922912429532571581842110910106660434e-67,78.0,0.99849899291449146520659819934410209878,0.30960057724622104314365922276797475193
0.23000000000000000999200722162640886381,2.0277358226977977564217359615349771359e-58,72.0,0.99694503417515904576869613163554596399,0.27648649914546432254422863269783052616
0.22000000000000000111022302462515654042,3.4728344604409740410581446079850634946e-48,65.0,0.99326362742876958751815883376076557759,0.24179832588955014657822388842816750809
0.20999999999999999222843882762390421703,1.390494878509870430306711028343501875e-36,57.0,0.98377972892187223313589390012024803478,0.19691777206116614474381553453362130049
0.20000000000000001110223024625156540424,3.6813056871322206507355806934439041251e-24,46.0,0.95760361379072489802724339489209144553,0.14150679705299784616255296239695149757
0.19000000000000000222044604925031308085,1.4241318572692264804162525593660135311e-12,31.0,0.88655080697852772905653122102212318162,0.086989803720381038893167552695175797175
0.17999999999999999333866185224906075746,0.00020034378506645947070666076286456354786,10.0,0.72660059909038393480650593108028834855,0.044673869761715577285619712376182576929
0.17000000000000001221245327087672194466,0.15320926721223005282091482891441001951,0.0,0.48200554066095874488699744720100783301,0.018525353695051115883778616577873955036
0.16000000000000000333066907387546962127,0.52954679002350884267462454683336070442,0.0,0.25577557239309406892225625434665366552,0.0064545030457100077164475633865344649603
0.14999999999999999444888487687421729788,0.77525021419913044944048779334216844562,0.0,0.12005841792403348544670603415174972576,0.0020775334277342390006569940840428729955
0.14000000000000001332267629550187848508,0.89334419768314329029560246747606563492,0.0,0.056202413304536686939429238082452656284,0.00066867750542583469831350272805916935742
0.13000000000000000444089209850062616169,0.94236861584515946520006656101323057546,0.0,0.030190145744911956306161207019259919683,0.00049756986978813022377000733076607045911
0.11999999999999999555910790149937383831,0.95880135154787545850039618436975876425,0.0,0.021583555233656758029644293214854169602,0.00049336434078536140163839330101327579805
0.11000000000000000055511151231257827021,0.96722119891455709862911363148745222292,0.0,0.017174902674380443560708256254161878282,0.00048915881249860209327660653261269455743
0.10000000000000000555111512312578270212,0.97249327401333977385608070481794799674,0.0,0.014414789322129132782127743313341014859,0.00048495328492785210999274337382089870546
0.089999999999999996669330926124530378729,0.97614941526488707292670833240170577256,0.0,0.012500811070402416213561389396068713825,0.00048074775807311126309496641143422283466
0.080000000000000001665334536937734810635,0.97884934286155725064070351053726775941,0.0,0.011087632815664488010103652179954041359,0.00047654223193437938140052279232842152898
0.070000000000000006661338147750939242542,0.98093406587711031463905953598309589733,0.0,0.009996615344868510195312770577048397242,0.00047233670651165627621769863733729638196
0.059999999999999997779553950749686919153,0.98259607954395465417695630671341738717,0.0,0.0091268471867720110887014551482490704764,0.00046813118180494175885484630575186130147
0.050000000000000002775557561562891351059,0.9839544089393691698409124037380672923,0.0,0.0084158467728809393119324980375401639504,0.0004639256578142356581293937739073436309
0.040000000000000000832667268468867405318,0.98508709951567493863033233957389095134,0.0,0.0078231208959130347307996403122632261528,0.00045972013453953778243164920203508465244
0.029999999999999998889776975374843459576,0.98604613091167625293396192417840287252,0.0,0.0073214943548952895400533763798822178202,0.00045551461198084795182465792049665061085
0.020000000000000000416333634234433702659,0.98687138725644648280924272535327700217,0.0,0.0068901388964768336121853225656901322049,0.00045130909013816598491244216639693575601
0.010000000000000000208166817117216851329,0.98758589156161782721045157211905489281,0.0,0.006516143220390343336005005466380103751,0.00044710356901149169665137764379787338845
0.0,0.98821370894143471883862949486966775787,0.0,0.0061876160624149775415941294519334017003,0.00044289804860082490491606955652101978412
