value,sup,dur,Y,S
-6.0,2.5885140885261549334493164906341444113e-13,36.0,0.99599395662744415096973252548027128881,0.88882084558815002308089123419342100606
-5.9500000000000001776356839400250464678,3.3085356829158686424318598817991103932e-13,36.0,0.99599083532464583199369519522468599223,0.88882098701650707579576368913618023945
-5.9000000000000003552713678800500929356,4.1905692136946418062451001835748720239e-13,36.0,0.99598801103500529774716801385269010677,0.88882114563754230474140556115104928194
-5.8499999999999996447286321199499070644,5.3210254905394053316496453483517658832e-13,36.0,0.99598499763486582488590636880901920477,0.8888213235324892043224018069544245186
-5.7999999999999998223643160599749535322,6.7723488843448166222358365840125346554e-13,36.0,0.99598178601434026365834166220736421301,0.88882152303224691301070859766221384547
-5.75,8.6386261765457745528939538919653704973e-13,36.0,0.99597836672420594890122440655410278703,0.88882174674674011417383390391804993455
-5.7000000000000001776356839400250464678,1.1042165161054774353875938643709758438e-12,35.0,0.99597472995196932512494412812499875192,0.88882199759757766287611053010919266384
-5.6500000000000003552713678800500929356,1.4142098257085535304036004111156091268e-12,35.0,0.99597086549692000822072355672438528074,0.88882227885433984633873365526045396444
-5.5999999999999996447286321199499070644,1.8145640165391929741563230356162081766e-12,35.0,0.99596676274380168795104033606401512157,0.88882259417484599768862157424240263473
-5.5499999999999998223643160599749535322,2.3322825342016453096213280263282294563e-12,35.0,0.9959624106345337589744602896728695818,0.88882294764977402566903719920420596331
-5.5,3.0025809694985706621628621892228538237e-12,35.0,0.99595779763739860835176405070917258453,0.88882334385201991696172269816289912181
-5.4500000000000001776356839400250464678,3.8714160971780084638270972209455746382e-12,35.0,0.99595291171328093624631061815955302963,0.88882378789119659225604191387470050991
-5.4000000000000003552713678800500929356,4.9988009502284929882513321545486789691e-12,34.0,0.99594774027885557556995071714189878161,0.88882428547367527886221678400036631601
-5.3499999999999996447286321199499070644,6.3987712891725578352769015139245515578e-12,34.0,0.99594227016696150561891688188754523108,0.88882484296856573243043097511708246864
-5.2999999999999998223643160599749535322,8.1385738287912894757717782260560929945e-12,34.0,0.99593648758464282825593605387782156439,0.88882546748001026500754361830912537473
-5.25,1.0374724473363136595006573794177907708e-11,34.0,0.99593037806937720565245643214454047801,0.88882616692612561093652538775014895854
-5.2000000000000001776356839400250464678,1.3253277700986140825250705330057261285e-11,34.0,0.9959239264438093413635845438062116739,0.88882695012485985967166413323088956611
-5.1500000000000003552713678800500929356,1.6964203356728021392213285828244527641e-11,34.0,0.9959171167689093355135330267435145336,0.88882782688693106629040279540060081484
-5.0999999999999996447286321199499070644,2.1754797131946735862987749925258842215e-11,33.0,0.9959099322950084925340203644916947103,0.88882880811586981345559324191860731947
-5.0499999999999998223643160599749535322,2.7947232446192403290605978920291315486e-11,33.0,0.99590235540979101536175616482815538809,0.88882990591498767943849951499585828255
-5.0,3.5961543269055798256802806581820081041e-11,33.0,0.99589436758218037210073181360353685898,0.8888311337008221826575348057930031264
-4.9500000000000001776356839400250464678,4.6345731531006102220112576659798744491e-11,33.0,0.99588594930121796199541852948934712368,0.88883250632224791324179383525201364931
-4.9000000000000003552713678800500929356,5.9815224135389988095536712557956448804e-11,33.0,0.99587708000944373716643391094560155468,0.88883404018397094581695923116823209993
-4.8499999999999996447286321199499070644,7.7304603348181281983032544960524267506e-11,32.0,0.99586773803080638108733837877340406209,0.88883575337251253426808273452840734959
-4.7999999999999998223643160599749535322,1.000354533293729344009924570441479337e-10,32.0,0.99585790049355266748639674166730909858,0.8888376657820068260731238193967522589
-4.75,1.2749709554048998756655212059690468997e-10,32.0,0.99584754324868849388523733760803039545,0.88883979923614878049080663015751591377
-4.7000000000000001776356839400250464678,1.6278681613812837911211657656929053833e-10,32.0,0.99583757144441524847419022658363529797,0.88884217760138981125254581588085341076
-4.6500000000000003552713678800500929356,2.0826376275221406218808512794620352468e-10,32.0,0.99582709571015314620259671111509293686,0.88884482688494144402839039841004423831
-4.5999999999999996447286321199499070644,2.6695060143471505866174206180254183649e-10,32.0,0.99581602376121740074204802808890243771,0.8888477753092579477168577942490380389
-4.5499999999999998223643160599749535322,3.4278426114940722617602752299192252899e-10,31.0,0.99580432548677267436606532891371465362,0.88885105335237023542283880580438712535
-4.5,4.4089631155456486253594084645240912797e-10,31.0,0.99579196905999762581949809688939865243,0.88885469374067691551361411149519949446
-4.4500000000000001776356839400250464678,5.6798019279359046279187276688909433345e-10,31.0,0.99577892081712597829802983079332164084,0.88885873137750873198705300725741718428
-4.4000000000000003552713678800500929356,7.3277240408012254690781405591863987482e-10,31.0,0.99576514512556991222086331073426944959,0.88886320318692358967807220666650081634
-4.3499999999999996447286321199499070644,9.4668326638660459514769436910327664862e-10,31.0,0.99575060424080391930504219511617307242,0.88886814784773324413873996832778300889
-4.2999999999999998223643160599749535322,1.2246240638073834007745939935393488358e-09,30.0,0.99573525815225396286132919338745804537,0.88887360538771331841857833875953150969
-4.25,1.5860920844591519817151573279445665307e-09,30.0,0.99571906441862089708502846533852787671,0.88887961660235817991769910838741711592
-4.2000000000000001776356839400250464678,2.0299972520109852396075836165936232114e-09,30.0,0.99570197799273285926434208532265680415,0.88888622225653536421865074179486769606
-4.1500000000000003552713678800500929356,2.5960906176836132596020170120955108262e-09,30.0,0.99568395103522284569892860529163368216,0.88889346202119428082308877259829169033
-4.0999999999999996447286321199499070644,3.3264121739249150480967251249461302178e-09,30.0,0.99566493271530360878387809768145588549,0.88890137309124764507709573891051931726
-4.0499999999999998223643160599749535322,4.2698582440434419352411789831724879368e-09,30.0,0.99564486899600609883873396808960895492,0.88890998842539907607077637592874921213
-4.0,5.4901501286307066661878867555879136054e-09,29.0,0.99562370240078018809118723003371735833,0.8889193345447738100048284174472241438
-3.9500000000000001776356839400250464678,7.0703878896195063415598123781547585014e-09,29.0,0.99560137175849376284053280292832017038,0.88892942882570274679421631304156129307
-3.8999999999999999111821580299874767661,9.1190162822336751167766179964663210915e-09,29.0,0.99557781192454101996214371128125384706,0.88894027622415975935397262922002584904
-3.8500000000000000888178419700125232339,1.1777643864168325885003587999164824542e-08,29.0,0.99555295347668926894417206576190751712,0.88895186537666607390671806020149882299
-3.7999999999999998223643160599749535322,1.5231294770017117025291187634342571601e-08,29.0,0.99552672238503498990477442116463947416,0.88896416403667543450514348390173271032
-3.75,1.9721854710551134663352533372182415005e-08,28.0,0.99549903965561570821269697138646832466,0.88897711382836538357016928903540849163
-3.7000000000000001776356839400250464678,2.5511909312295690228139629673316511481e-08,28.0,0.99547043917254027626020250508123241553,0.88899062433311723223179762452763237692
-3.6499999999999999111821580299874767661,3.2617948496988382597704687893733457444e-08,28.0,0.99544098269452529960191724185003462245,0.88900456656911170370813760411461674485
-3.6000000000000000888178419700125232339,4.1783729380346237462956380796790931985e-08,28.0,0.99540981324310080001605215787858776636,0.88901876598193323312569381619312052039
-3.5499999999999998223643160599749535322,5.3622032728162116615537966281351852034e-08,28.0,0.99537682877031051667369858352847676027,0.8890329951330721588881573121613845344
-3.5,6.8931279382251833021204391770709858521e-08,27.0,0.9953419200982270649023909227867397584,0.88904696635104399717745539264818301912
-3.4500000000000001776356839400250464678,8.8752499220135060104873644395257740003e-08,27.0,0.99530497034297272149545486271178622251,0.8890603246913531784924085736309574947
-3.3999999999999999111821580299874767661,1.1444394489510482986299582764514280134e-07,27.0,0.99526585428350936670728005216478664668,0.88907264162870985797987760385350760389
-3.3500000000000000888178419700125232339,1.4777885159758921627420779488029314479e-07,27.0,0.99522443767103611625197561289125259862,0.88908340996686292505027884002021926429
-3.2999999999999998223643160599749535322,1.9107356676629008973222158303635722077e-07,27.0,0.99518057647542583390877910791936625222,0.88909204048485134230224172010694007868
-3.25,2.4735553688366576468859256123500494046e-07,26.0,0.99513411606487772387333669326515634148,0.88909786082895766090934729990158277547
-3.2000000000000001776356839400250464678,3.2058361182241079207075339184011819564e-07,26.0,0.99508489031367203640437903174948329386,0.88910011709362884402605893145768155484
-3.1499999999999999111821580299874767661,4.1010234857116846733912865905171221113e-07,26.0,0.99503272063078745460521814582280268504,0.88909797840224419277768354290461125198
-3.1000000000000000888178419700125232339,5.2528249082344157521726473310885425638e-07,26.0,0.99497741489971561362631323235068449261,0.88909054459684490674439744835789637918
-3.0499999999999998223643160599749535322,6.7402187738813221612896345139878084718e-07,25.0,0.99491876631773819873211738337898797014,0.88907685688161894106013178329386522532
-3.0,8.6633451164594005385665220988592219413e-07,25.0,0.99485655212172810714731456333284593975,0.88905591095672695352854132117718404021
-2.9500000000000001776356839400250464678,1.1152713502341127138288532117290728565e-06,25.0,0.99479053218732726051290188677208107384,0.88902667185767152304408439555922954523
-2.8999999999999999111821580299874767661,1.4378513440323025990284547051446438193e-06,25.0,0.99472044748881117036437313524079285807,0.88898808942135749443268638673733013891
-2.8500000000000000888178419700125232339,1.8562797889154789703201287679055134444e-06,24.0,0.9946460184073976663150786514558103241,0.88893911307867516624298529011064412971
-2.7999999999999998223643160599749535322,2.3995428719274449656700798404218638382e-06,24.0,0.99456818414095478487356835474927258245,0.88887870456808392366363802790330449383
-2.75,3.1054947309458570293464009782437883354e-06,24.0,0.99448615394126175985252880594568434578,0.88880584720814851896526591128651558695
-2.7000000000000001776356839400250464678,4.0034040909825810163050232352401499802e-06,24.0,0.99439883084285777882327800536937949523,0.88871955057416628939163418257674309103
-2.6499999999999999111821580299874767661,5.1174547102805092119975029610557104759e-06,23.0,0.99430583612233559956757606581267452071,0.88865022550219917851208364251105152766
-2.6000000000000000888178419700125232339,6.5536098530926678577150317469807647281e-06,23.0,0.99420675953363633275560169765424827674,0.88867754299932370205967055573299005305
-2.5499999999999998223643160599749535322,8.4072171211422288113880713358462455905e-06,23.0,0.99410115637678507019333378845433133623,0.88869820236692695984148555313851362703
-2.5,1.0802249745276932981161000938370609673e-05,23.0,0.99398854426873571863648072718511359012,0.88871077868666905509389194499809050275
-2.4500000000000001776356839400250464678,1.3899954497692930147348530885885983913e-05,22.0,0.99386839958475726060385180966455250339,0.88871377728315649913421384160183194562
-2.3999999999999999111821580299874767661,1.7910106217865617972552536938062097102e-05,22.0,0.99374015353766220272773205745345871972,0.88870564858444899034721982358740740821
-2.3500000000000000888178419700125232339,2.3105643416105444675708008165554993466e-05,22.0,0.99360318786038033699377783048321266311,0.88868480126475568658728093788373841616
-2.2999999999999998223643160599749535322,2.9841681340499085046609654306689777658e-05,21.0,0.99345683005420508291120467143141403844,0.88864961220596776958415672037401945888
-2.25,3.8393086774016693000909931532578261447e-05,21.0,0.99330034816025491532917459344430565136,0.88859843207114863169534336026840426779
-2.2000000000000001776356839400250464678,4.8942279594051111246387573976125838807e-05,21.0,0.99313294500565537766769269858922680049,0.88852958571582513117361062226076470936
-2.1499999999999999111821580299874767661,6.2496618317180787122174868710402237036e-05,20.0,0.99295375186943925748456553830028673467,0.88844136722574760311230297216649901344
-2.1000000000000000888178419700125232339,7.9926952764130057066341633573898776517e-05,20.0,0.99276182150702643027713499079311582196,0.8883320299919169196703244073932946778
-2.0499999999999998223643160599749535322,0.00010235680998727860925056895351210192648,20.0,0.99255612046689258901257131331888351606,0.88819977283058804438714403318223819189
-2.0,0.00013123434540670414185278130566428337699,19.0,0.99233736412150491429010330160655899449,0.88804272364363784742285081661699145686
-1.9499999999999999555910790149937383831,0.00016842370955717979667956267428004210191,19.0,0.99210377919251131471860476633811004448,0.88785892242424298588921859563466877453
-1.8999999999999999111821580299874767661,0.00021632039660932432203044427642339138557,18.0,0.99185282077769393227000084078212988782,0.88764630550236658217056577365930756236
-1.8500000000000000888178419700125232339,0.00027799580488507207056613881019756770384,18.0,0.99158302754326897780538544942258270495,0.88740269278587495117229006484745196306
-1.8000000000000000444089209850062616169,0.00035205491441025197669627904079903132938,17.0,0.99129280098991948746699356911763996807,0.88712577941182719124883462851747734378
-1.75,0.00044595415928908533303746973109409065765,17.0,0.99098039187017995899152486525009722248,0.88681313273207135621545079053228586118
-1.6999999999999999555910790149937383831,0.00056537967316201301242837578856418640705,15.0,0.99064388527323734696120435332196618581,0.88646219498844380352542568880393475693
-1.6499999999999999111821580299874767661,0.00071715451052901036693343587169680342482,15.0,0.99028118425764916972581883046600517577,0.88607029146081944706923900004285024112
-1.6000000000000000888178419700125232339,0.00090980357049959654364375293451766414177,14.0,0.98988999190601957910359805171288450989,0.88563464336359785130467687689441673541
-1.5500000000000000444089209850062616169,0.0011539033196216783106874881641110390287,14.0,0.98946779167056709823666305934708555419,0.88515238437363255702213578288962787599
-1.5,0.0014624616844313200046048455092729595821,13.0,0.98901182587452095431468955365843654457,0.88462057942385668902431117355387433875
-1.4499999999999999555910790149937383831,0.0018468396832181159051096563066174445647,12.0,0.98851907223118542975333321179099717833,0.88421750972264842297540812891328887073
-1.3999999999999999111821580299874767661,0.002298544390358083215741617579476097843,12.0,0.98798621824046786539950004849678557377,0.88392007908772110819906639634542722991
-1.3500000000000000888178419700125232339,0.0028583264234653945014570232572539019906,11.0,0.98740963332235789466218115034606081925,0.88357201574048762305614738432770743381
-1.3000000000000000444089209850062616169,0.0035491733488931848847604250654672403154,10.0,0.98678533854940837296810837020227187268,0.88316952817910732921636456205295320578
-1.25,0.004397418625053900320366832771742497181,9.0,0.98610897384704806496650906785223669305,0.88270874321619638104705361422303516747
-1.1999999999999999555910790149937383831,0.0054325023453545201585871977601211265522,7.0,0.98537830685242979951694353479542912578,0.88218572635598254300391191794497628415
-1.1499999999999999111821580299874767661,0.0066863473044984394835169899822165564135,6.0,0.98458784887603357427696261086518015709,0.88159650404283080037141873402259771516
-1.1000000000000000888178419700125232339,0.0081922439412909616948595015761536151279,4.0,0.98336210830425438543445646156864809992,0.88093708606644193749632573867085957588
-1.0500000000000000444089209850062616169,0.0099773974929087695014587846996057106991,2.0,0.98187797689421901121420443917786312212,0.88020348637991325672640092508354569501
-1.0,0.011971975564148705646274232791807300596,0.0,0.98178488397181000267418277979767286958,0.87939174072039731966079395979898368122
-0.94999999999999995559107901499373838305,0.014297416019576664117106885794451120658,0.0,0.98068376164165384827922204670644429531,0.87849791968247183346029969288577180097
-0.90000000000000002220446049250313080847,0.016980321873930903449629944366998589622,0.0,0.97948613298851614203604981382434174823,0.87751813623764279565363429826717816194
-0.84999999999999997779553950749686919153,0.02004034845053764802380070082010141284,0.0,0.97818303635026352020666320235264311697,0.876448547075239000742549884197371933
-0.80000000000000004440892098500626161695,0.023487818640646309721542957488361300437,0.0,0.97676469593357198253899964428382705845,0.87528534752116275417426211130747899098
-0.75,0.027321834330000916681823762679959559412,0.0,0.97522046019518800251660183730065560143,0.87402476014110304866493602095881394216
-0.69999999999999995559107901499373838305,0.031529264173462311119444793762019659327,0.0,0.97353873865080461267915829220053497468,0.8726630174334843998464590478401416807
-0.65000000000000002220446049250313080847,0.036084898465650580636800274505140582919,0.0,0.97170693785207935718553561765212757176,0.87153412668271689826076183303611789834
-0.59999999999999997779553950749686919153,0.040952882649620006831618534354180009566,0.0,0.96971139748444391994886191665190737251,0.87040637309970553883467979701971995462
-0.55000000000000004440892098500626161695,0.045919913931693797068706528429310031789,0.0,0.96753732778274085226207755461905288215,0.86916318138401350451772802495619558611
-0.5,0.050816702013718387614930341558764999296,0.0,0.96516874973900216093883968359987350684,0.8677995926583699282566976788547784035
-0.45000000000000001110223024625156540424,0.055771668393848024443249423083163444596,0.0,0.96258843988588595263890261476081822563,0.86631069925358628284448256955348652517
-0.40000000000000002220446049250313080847,0.060163615166453934866161610105449568129,0.0,0.95977788177723733343340537734770130141,0.86469162135580884529638006656026317837
-0.34999999999999997779553950749686919153,0.064363411512407164506918757259870674538,0.0,0.95671722664789513794335789528464877987,0.86293747803433610262329864888707041122
-0.29999999999999998889776975374843459576,0.068097729018109111515932989999623262678,0.0,0.95338526610856982592441987045203505507,0.86104335415542406151859879574778239672
-0.25,0.071777941585007764902437758689667306784,0.0,0.94975942010431890603574425409665843438,0.85900426490923901664641365143130168366
-0.20000000000000001110223024625156540424,0.075368810322021440074043861361350041051,0.0,0.94581574371767233674240806254860713481,0.85681511981913062988218282059647131362
-0.14999999999999999444888487687421729788,0.078727518811364775995981342884824234267,0.0,0.9415289567049821442747889654197649172,0.85447068817821841077445978415144056497
-0.10000000000000000555111512312578270212,0.082140599491207166620603820170374035173,0.0,0.93687249988645464954342102511734535416,0.85196556788419853955522962876655847922
-0.050000000000000002775557561562891351059,0.085639569105876874498495304241176036532,0.0,0.93184116849494427087777256893065406513,0.84929415963560643727470812606123712299
0.0,0.089256290435076508617467456597552620269,0.0,0.92640000583187935530167337915283289705,0.84645064842553262068633915237222607154
