value,sup,dur,Y,S
-6.0,2.3982729971692226696236197954856559017e-16,49.0,0.99599468632084077027638224229005510296,0.8888851228006654952448689238944263109
-5.9500000000000001776356839400250464678,3.1451146388619448687568508360551464435e-16,48.0,0.99599143306184191109741650863639773049,0.88888526003274915648891719084765971215
-5.9000000000000003552713678800500929356,4.1261153116209091782245827252955792286e-16,48.0,0.99598799097746039934525948802184742811,0.8888854139555754401209039455270343524
-5.8499999999999996447286321199499070644,5.4150415639291916906362958639152777307e-16,48.0,0.99598435183303645354576418381021903093,0.88888558659173687256143566109405595353
-5.7999999999999998223643160599749535322,7.1089752496947659006427265424100276579e-16,48.0,0.99598095871152102514455227352499034881,0.88888578020700764754349032316753630108
-5.75,9.3356995108160087418323195202776490772e-16,48.0,0.99597761424683137907617749997145161856,0.88888599733908492524656208373438439703
-5.7000000000000001776356839400250464678,1.2263428216190910069614595880059443823e-15,47.0,0.9959740533046825312599775363106501183,0.88888624082959754235740071908656432103
-5.6500000000000003552713678800500929356,1.6113623137348340638235039737187042043e-15,47.0,0.99597026561098781154509315811054849173,0.88888651385971944416151993653808034044
-5.5999999999999996447286321199499070644,2.1177879614208619273201133901725518362e-15,47.0,0.99596624047978527057853926951630696851,0.88888681998975068500595560679047920315
-5.5499999999999998223643160599749535322,2.784017310423451985093663138030937851e-15,47.0,0.99596196678525796682585325708575100763,0.88888716320305355909564859896436787986
-5.5,3.6606169759413318467515591188580466239e-15,47.0,0.9959574329316947413687986332001197552,0.88888754795475424536474751755705480453
-5.4500000000000001776356839400250464678,4.8141845625714883454359520033167142511e-15,46.0,0.99595262682078016693304264975275706219,0.88888797922563983810652909494553266327
-5.4000000000000003552713678800500929356,6.3324372859788795341267562924632740015e-15,46.0,0.99594753581577864467430331526729800797,0.88888846258169488723601983995943358499
-5.3499999999999996447286321199499070644,8.3309172401740695124949660826794110614e-15,46.0,0.99594214670249723407048773028048294838,0.88888900423972810116311646651909440798
-5.2999999999999998223643160599749535322,1.0961827315673407024693582972431934522e-14,46.0,0.99593644564726348352256075424642419094,0.88888961113953545310556722712292378411
-5.25,1.4425675321507887789044547736821707084e-14,45.0,0.99593041815240455305907682991385290505,0.8888902910230264474006461629600443919
-5.2000000000000001776356839400250464678,1.8986619457604911952688257544231157306e-14,45.0,0.99592404900975362341864667223101261816,0.88889105252070048329653495381716887927
-5.1500000000000003552713678800500929356,2.4992692486460825898316542549465666202e-14,45.0,0.99591732225249856320812362228617009155,0.88889190524579344642614789441758057194
-5.0999999999999996447286321199499070644,3.2902456620752454458330186130512308952e-14,45.0,0.9959102211052758950388069023388186626,0.88889285989631250291551401744174060572
-5.0499999999999998223643160599749535322,4.3320135133284618329506321445649466923e-14,45.0,0.99590272793193012591389825000639033633,0.88889392836502914021968339772012536557
-5.0,5.7041918115511411834295065494965989721e-14,44.0,0.99589482417997265389799482428187150243,0.88889512385729387186124367664447744275
-4.9500000000000001776356839400250464678,7.5116998982860813605848200381852682674e-14,44.0,0.99588649032063155896308346959251852511,0.88889646101625480420188042883132560483
-4.9000000000000003552713678800500929356,9.8928031680542494533920982745266702633e-14,44.0,0.99587770578354900496293961198184572697,0.88889795605468705141422425637204523506
-4.8499999999999996447286321199499070644,1.3029719374902796860806191438183000859e-13,44.0,0.99586844888560896428851485543808261899,0.88889962689214729201549651506675690597
-4.7999999999999998223643160599749535322,1.7162601312885558655768691183966854332e-13,44.0,0.9958586967539114607838730005971811256,0.8889014932955294276657676053294161361
-4.75,2.2607971943466195439570697685119014216e-13,43.0,0.9958484252433416296776483123585513248,0.88890357702027993562712416844051614417
-4.7000000000000001776356839400250464678,2.9783031485586667397290626164370592635e-13,43.0,0.99583760884932379417042232107506825015,0.88890590194849599260203901286991908228
-4.6500000000000003552713678800500929356,3.923770919246559655581734928584605658e-13,43.0,0.99582622061610878878708866291894615881,0.88890849421883070709184530783479257611
-4.5999999999999996447286321199499070644,5.1696930683892524987188349934674685497e-13,43.0,0.99581502975355628503912827921970943877,0.88891138234151682950577866084368661088
-4.5499999999999998223643160599749535322,6.8116361304181291229399834836454426975e-13,42.0,0.99580344182943476886492742704664292509,0.88891459728983683471115192147287196212
-4.5,8.9755928592759092103396189153124471419e-13,42.0,0.99579119605278189366528402347437255097,0.88891817255695318941026702578329261929
-4.4500000000000001776356839400250464678,1.1820206968413324696134804676264828901e-12,42.0,0.99577825874074343205099189006838317596,0.88892214416410669068803491887021166707
-4.4000000000000003552713678800500929356,1.5566027192315126633782930334795070307e-12,42.0,0.99576459424848873122957627307230628019,0.88892655060273503518641837046066986361
-4.3499999999999996447286321199499070644,2.05009482378280801083009719419871772e-12,42.0,0.99575016482745716083595822507810760428,0.88893143268901027760830416141851018026
-4.2999999999999998223643160599749535322,2.7002995431253898087156842120282315202e-12,41.0,0.99573493047149833591551176455527149902,0.88893683330461437386936332075329254986
-4.25,3.5570539304540516969149647169890598619e-12,41.0,0.99571884875111494980709239193595793506,0.88894279699227180615610885867723054291
-4.2000000000000001776356839400250464678,4.6860667469818294727844165493951953745e-12,41.0,0.99570187463619262668364725873016425853,0.88894936936869433908186136592012850956
-4.1500000000000003552713678800500929356,6.1739814962701542107255194470080986365e-12,41.0,0.99568396030724003203834197109722909317,0.8889565963112977904333908425854586617
-4.0999999999999996447286321199499070644,8.135057866855112526225130381976931305e-12,41.0,0.9956650549543247153316674405085272958,0.8889645228685619292494910431655992585
-4.0499999999999998223643160599749535322,1.0719990234632728024889097600852111776e-11,40.0,0.99564510456182575448754317162224371616,0.88897319183760006515287048665617230006
-4.0,1.4127548641321992423492984667041233536e-11,40.0,0.99562405167618922224842073155009399444,0.88898264194694174732124681686981724843
-3.9500000000000001776356839400250464678,1.8619948313400912863959839723626294656e-11,40.0,0.99560183515339508499661221780221200042,0.8889929055784867649483674860127729745
-3.8999999999999999111821580299874767661,2.4543145843340275959921825387639140082e-11,40.0,0.99557838988299059144819597385025880854,0.88900400596109216984438931777402394297
-3.8500000000000000888178419700125232339,3.2353646879733537789627024071574678441e-11,39.0,0.99555364648623918097871655881050186449,0.88901595377061206790111459225814735638
-3.7999999999999998223643160599749535322,4.265392243703110628973009057207967991e-11,39.0,0.99552753098686686394968207842842620976,0.88902874307899607918261806741609516001
-3.75,5.6239209737651528920916020214514793246e-11,39.0,0.9954999644536244620859002921813778248,0.88904234661005549596059718171289863221
-3.7000000000000001776356839400250464678,7.4159373328034537124886891670691702862e-11,39.0,0.99547086261402699758877310962846544538,0.8890567102836107997534858677744337761
-3.6499999999999999111821580299874767661,9.780069555450735848246692409002139088e-11,39.0,0.99544013543798549699445317117138205017,0.88907174706471106884219774379918231235
-3.6000000000000000888178419700125232339,1.2899404888259609935124236892311226088e-10,38.0,0.99540852706614161816259770744771903315,0.88908733018180332404549531093896192499
-3.5499999999999998223643160599749535322,1.7015800469000269840437351342513253941e-10,38.0,0.99537569167385603914805050947570620449,0.88910328583759780393842588835014371798
-3.5,2.2448822576980655762037991256805755808e-10,38.0,0.99534093238547857977503988742965607595,0.8891193856079841820934772684263045739
-3.4500000000000001776356839400250464678,2.9620820210655872111432476719740012824e-10,38.0,0.9953041323743503552304970831326627544,0.88913533880475813035209730233697566649
-3.3999999999999999111821580299874767661,3.9090132780696872171408224378161083451e-10,37.0,0.99526516648803519315575568636622035515,0.88915078516160497004374796212518003161
-3.3500000000000000888178419700125232339,5.159508907796974515800492826237682891e-10,37.0,0.99522390056058441079896790184457083752,0.88916528828130083204788851204706551646
-3.2999999999999998223643160599749535322,6.8112330352423136741302663907564589748e-10,37.0,0.99518019065984714453852309739913401242,0.88917833034402730063562666673887454835
-3.25,8.9934157652118413416243630475583162319e-10,37.0,0.99513388226574661943391558807190992822,0.88918930860828155963498141894539123973
-3.2000000000000001776356839400250464678,1.1877116082905311337359142005719754476e-09,36.0,0.99508480937508854928097226243560636615,0.88919753422230640058976142899314120272
-3.1499999999999999111821580299874767661,1.5688846578740690080620354241469977042e-09,36.0,0.99503279352704832686886954087556192441,0.88920223379162745885635533123791762302
-3.1000000000000000888178419700125232339,2.072867150290335278575768120520104068e-09,36.0,0.99497764274122672509241384245756884896,0.88920255400759760630389308845654230694
-3.0499999999999998223643160599749535322,2.7394261312859795759474524611769208088e-09,36.0,0.9949191503576288424509793828982032457,0.88919756943056958593069333164120116795
-3.0,3.6212884526209233971425200881436664336e-09,35.0,0.99485709376577924217336162118705485986,0.88918629324753313601968559894633157546
-2.9500000000000001776356839400250464678,4.7883984751884461553185091621176604063e-09,35.0,0.9947912330089388809449379887550186215,0.88916769050807815315594462111998862218
-2.8999999999999999111821580299874767661,6.3335885892993619503496990715209740385e-09,35.0,0.99472130924914069223728655645838889992,0.88914069301689533770970209921426255534
-2.8500000000000000888178419700125232339,8.3801371003997607161398318046366756292e-09,35.0,0.99464704307914654286512955410213554438,0.88910421476782258598750614681019106396
-2.7999999999999998223643160599749535322,1.1091849753319308683543702128721405408e-08,34.0,0.99456813266774375118153941282518879422,0.88905716659013388836643938036627966233
-2.75,1.4686518931405403753258709685693060153e-08,34.0,0.9944842517242801049429564014194845398,0.88899846858566539956261594544360214135
-2.7000000000000001776356839400250464678,1.9453908147554156305626436420517058186e-08,34.0,0.99439709248313591262974916340905952949,0.88892705899727647548802190399261042264
-2.6499999999999999111821580299874767661,2.577980575046639966386943184386010574e-08,34.0,0.99430429723488083715183199206009099369,0.88884189837770149254143221020700377886
-2.6000000000000000888178419700125232339,3.4178227468292060667305350477860528011e-08,33.0,0.99420542150001121117346170252959656061,0.8887419683115457337173778705477644061
-2.5499999999999998223643160599749535322,4.5334572545012850091867341803460980853e-08,33.0,0.99410002083718782587686404572842415985,0.88862626444540403922759708512470046189
-2.5,6.0163521187494561249280032448573487155e-08,33.0,0.99398761314443221871604193466184003185,0.88849378414397752677939194730839808536
-2.4500000000000001776356839400250464678,7.9886795442252585578781623189222346552e-08,33.0,0.99386767510665031191604667699183139451,0.88849888617270605065770377890683502453
-2.3999999999999999111821580299874767661,1.061377197531618180947433234496963703e-07,32.0,0.99373963828029378206535187836078546085,0.88850556239076593031522345165960611353
-2.3500000000000000888178419700125232339,1.4110198738021559007183009396331931114e-07,32.0,0.99360288477925155250800734242098634533,0.88850078621054861470163325104970182207
-2.2999999999999998223643160599749535322,1.8770740654084424704681399622196005744e-07,32.0,0.9934567425238872285815873684450792909,0.88848289037245451899702217007245468148
-2.25,2.4987999851029884776525803581420223145e-07,31.0,0.99330048001152331638505675967676893917,0.88845017022278397556745455068588325759
-2.2000000000000001776356839400250464678,3.3289010767588838253842894101047748863e-07,31.0,0.99313330056145218839846499546937145861,0.88840088882325288467703299979414513818
-2.1499999999999999111821580299874767661,4.4382079324784336658030982346922219701e-07,31.0,0.99295433598114534864474247678556205876,0.88833327689486535764896331722516253212
-2.1000000000000000888178419700125232339,5.9220257698044317208382958210133679405e-07,31.0,0.99276263959354620519406918578101720755,0.88824552748089213926079460814853230531
-2.0499999999999998223643160599749535322,7.8946006580351108017004348469339085462e-07,30.0,0.99255717855899098541223061982424193158,0.88813578584257235466638064140838182448
-2.0,1.0516344159911832262643429531117447491e-06,30.0,0.99233682541986155295692518156274951486,0.88800213568939436772511335332277384068
-1.9499999999999999555910790149937383831,1.4019202949536648123906110646612631078e-06,30.0,0.99210058276671931962747286067673892248,0.88784258330962822786798156152008358496
-1.8999999999999999111821580299874767661,1.870339361485678807875726614124397489e-06,29.0,0.991849878650203933960684316105831716,0.88765504144022931040976857348801186423
-1.8500000000000000888178419700125232339,2.497297162487693468487201985304679452e-06,29.0,0.99158034310321289266597035730332939485,0.88743731476155118149465736979178490604
-1.8000000000000000444089209850062616169,3.3372298016336744524425021103460078714e-06,29.0,0.99129037823952993948433582539445677271,0.88718708871959035946127587713071324401
-1.75,4.463548465399273399238609881938485205e-06,28.0,0.99097823546712485472302504109695896793,0.88690192299866696149874018577509694508
-1.6999999999999999555910790149937383831,5.975347283219883263852656541727809311e-06,28.0,0.99064200057203029183899111761037197265,0.88657925044913213362766203516924459527
-1.6499999999999999111821580299874767661,8.0065061164651660276413521377014354157e-06,28.0,0.99027957735114207271575979686310083643,0.8862163816917390974496288837873256355
-1.6000000000000000888178419700125232339,1.0738043398884756740489886417408482416e-05,27.0,0.9898886696676905244241809165078935723,0.88581051504874240309561832968595834387
-1.5500000000000000444089209850062616169,1.4414873092245070357012247814438558801e-05,27.0,0.98946676179734617719943554014144652595,0.88535875095779662417050158651555106085
-1.5,1.9368516276105683851122200986040366081e-05,26.0,0.98901109692869339126628051387688245238,0.88485810965593536723321574914542518909
-1.4499999999999999555910790149937383831,2.6047837677159095375406621507508478655e-05,26.0,0.98851865367895568015580137075256017327,0.88430555070207289892568617453793030876
-1.3999999999999999111821580299874767661,3.4924529391286952166890962323750013162e-05,26.0,0.98798612048432400100098986655533268734,0.88369799283968919953545532249975757301
-1.3500000000000000888178419700125232339,4.6764876157501045639993460802572305274e-05,25.0,0.98740986772437510193758055092280793964,0.88332560351890473612210210463933824784
-1.3000000000000000444089209850062616169,6.2642878764191925351939667168154495199e-05,25.0,0.98678591744274903842602573425533333199,0.88295888412994898869871602844262030445
-1.25,8.3931619537204486027442073244356781923e-05,24.0,0.98610991053277281909490190640502880723,0.88253488864387359144064141789740485821
-1.1999999999999999555910790149937383831,0.00011246118408082689983229129289579629853,24.0,0.98537707126852783346595561254306279347,0.88204959361862985866504516562315151042
-1.1499999999999999111821580299874767661,0.00015066150529150996756735446634806212549,23.0,0.98458216908037511947764350141973821686,0.88149892492883446323004403889491529617
-1.1000000000000000888178419700125232339,0.00020174288941543433484055266689308953205,23.0,0.98372298898618411760936849091186270748,0.88087878055211444906505177763865132106
-1.0500000000000000444089209850062616169,0.00026991934859574141215622111004135047889,22.0,0.98279116123095760671046753911685759305,0.88018505278305481752704212831354015637
-1.0,0.00036024649094432088639495729454393586331,21.0,0.98177853848052254213955736143367404008,0.87941364813470177677190110626756201965
-0.94999999999999995559107901499373838305,0.00047691717100680484729579637785954230959,21.0,0.98067761016666831182540368357827457526,0.87856050337001366782035127498617064303
-0.90000000000000002220446049250313080847,0.00062964403893647613224025377107884550222,20.0,0.97948016761887288806797910444224829179,0.87762159640519109843715625099986017545
-0.84999999999999997779553950749686919153,0.00082841076814312436065806026641234972592,20.0,0.97817724702536268421572523988443525341,0.87659295119768603598569581025018000118
-0.80000000000000004440892098500626161695,0.0010852862816847560782590072332478609758,18.0,0.97675906984197818989512879973732099053,0.87547063612939713663168071688170927318
-0.75,0.0014145067648701997972952020813209260186,17.0,0.97521498105248214249228039828560543944,0.87425075578219492045653637283359449405
-0.69999999999999995559107901499373838305,0.0018323838996002851400105955613365439605,17.0,0.9735333858372501074450573634301317135,0.87292943635010498876279786787038303319
-0.65000000000000002220446049250313080847,0.0023546483026017744312429276359842272976,15.0,0.97170168538899949043353980047504664968,0.87150280522219819020095221674020089242
-0.59999999999999997779553950749686919153,0.0029810243691739263650161968168905088315,15.0,0.96970621282667307056672273792402339029,0.87009870268018450222230192588075759713
-0.55000000000000004440892098500626161695,0.0037401684179396131751694853740723783582,13.0,0.96753217040353741924588528344423677878,0.86890265958263310882714303453725765529
-0.50,0.0046472913392247366275246796426320653426,11.0,0.96516356948371253191429079498239010485,0.86758611259416769131012812453920784266
-0.45000000000000001110223024625156540424,0.0057157782231132841467097296032696826658,10.0,0.96258317507189399748931784147120588383,0.86614399702602509520571333276347271534
-0.40000000000000002220446049250313080847,0.00695677850290210515979052489739215359,8.0,0.959772457020973832200416967998977835,0.86457129400782177811973136026994780667
-0.34999999999999997779553950749686919153,0.0083792988754598373577197248471743595136,6.0,0.95671155040577880459728503157766769971,0.86286300438120965250380615797031088998
-0.29999999999999998889776975374843459576,0.009990860718445984897505680554521162576,2.0,0.95337922792881122971394273991321419129,0.86101411771461230274611691690933930518
-0.25,0.011717172905746743825091939082072034863,0.0,0.94975288760193231823297136223645039211,0.85901957814603314422927398350136822175
-0.20000000000000001110223024625156540424,0.013615712528132559983298511934379349075,0.0,0.94580855930752961338420751769263612895,0.85687424895479791689688051732315016243
-0.14999999999999999444888487687421729788,0.015694420177325997336771145385333502358,0.0,0.94152093415938806307194205973980745619,0.85457287787831848507717533613120401432
-0.10000000000000000555111512312578270212,0.01796244378565462299799050891653204342,0.0,0.93687559501906763726950477233891602996,0.8521100652414105985963065261504997995
-0.050000000000000002775557561562891351059,0.020433504406450279394192808890145792264,0.0,0.93185160751659843201931558005562752671,0.84948023696973503768183503236439286758
0.0,0.023126565615711481169161708332175533577,0.0,0.92640996562602007196090061360632623842,0.84667762453070446509288128408097541907
