value,sup,dur,Y,S
-6.0,2.9725494158992998466932141629975834657e-06,19.0,0.98919623473082997819766631399364056189,0.26727088578751862432772983338789120172
-5.9500000000000001776356839400250464678,3.5734800034418548439024475808454684107e-06,18.0,0.98860523441229132392745239601308623298,0.26716241165117830353214913617190111933
-5.9000000000000003552713678800500929356,4.1834241651002979495919821122248818894e-06,18.0,0.98855897448706139603136861180750093348,0.26704133730939761285418679019200817043
-5.8499999999999996447286321199499070644,4.8225836454304807101309553699003689422e-06,18.0,0.98851140694224152910573308864506022689,0.26690628265865482414674103939247847755
-5.7999999999999998223643160599749535322,5.5962603216043519694261282849552266037e-06,18.0,0.98846249620307424744541396306213536591,0.26675573709851361880856734072943186957
-5.75,6.5365401644307543387860278227589077129e-06,17.0,0.98778811870519750856284858283714213644,0.26658805232766696363176670964083002905
-5.7000000000000001776356839400250464678,7.6838782075625071508268361341234588558e-06,17.0,0.98773724747205286320706223472424155885,0.26640143610932219045468031501316898412
-5.6500000000000003552713678800500929356,9.0894208421729763563861184931374135782e-06,17.0,0.98768488341193078362022792628167322723,0.26619394745638525788468535018411677067
-5.5999999999999996447286321199499070644,1.0818002060464778625439152317720032233e-05,16.0,0.98691290748108589575462665724963667474,0.26596349377896959777195369520245549658
-5.5499999999999998223643160599749535322,1.2952015925551214385339043025144209332e-05,16.0,0.98685851308830332781033931574719533788,0.26570783063510797937135260337464403446
-5.5,1.5296899125810901358456991916309027372e-05,16.0,0.98680245382361126404246544780100082782,0.2654245648262348780343666081617014711
-5.4500000000000001776356839400250464678,1.7568124455803858490565654911635441459e-05,16.0,0.98674468240166590799264753297403498265,0.26511116167602059422606838308867119292
-5.4000000000000003552713678800500929356,2.0312068153545729899953638883608325506e-05,15.0,0.98585672336017014801463732870523422936,0.26476495741595670837226114648306398722
-5.3499999999999996447286321199499070644,2.36405833841381349270547579159191235e-05,15.0,0.98579673949610442294865481927176933284,0.26451758634737337666081623247641999241
-5.2999999999999998223643160599749535322,2.7694547059792603604486098038414865407e-05,15.0,0.98573483825617830462255682253110703868,0.26432503025479264813417134870678748839
-5.25,3.2651885300703996296636019201845537653e-05,15.0,0.98567096375453330482438539579498642735,0.26411105255703758319003566903681125615
-5.2000000000000001776356839400250464678,3.8737921126755513048394974674358865639e-05,14.0,0.98464525210762897123620921536386494702,0.26387353370803973814681153264955740855
-5.1500000000000003552713678800500929356,4.6238739021666014163826903072514975851e-05,14.0,0.98457898815979685233205666440363036097,0.2636102073874636837194830618240442359
-5.0999999999999996447286321199499070644,5.4292579668765859566257443714963673505e-05,14.0,0.98451050478691854325332355430032423325,0.26331866567636500112599728888274438637
-5.0499999999999998223643160599749535322,6.220936173931990037644784071973167131e-05,14.0,0.98443973551378806355115353634445372104,0.26299636881800697226116777161690055372
-5.0,7.1763384350144392057055996336604448197e-05,13.0,0.98324966683617060497184990590487070547,0.26264066050883215877923887396539111688
-4.9500000000000001776356839400250464678,8.3340175825325257319190437134204965051e-05,13.0,0.98317634801236525697443325608815900324,0.26224878970716563842295634265500106484
-4.9000000000000003552713678800500929356,9.7424934869454339969649128353082205849e-05,13.0,0.98310044641381216368943129324820284078,0.26181793994314519774962958538257722981
-4.8499999999999996447286321199499070644,0.00011462998835234622520444583762419482707,12.0,0.98171315759046782899118049593228620893,0.26134526704369177182358658131682275052
-4.7999999999999998223643160599749535322,0.00013573015157400090757487183852976666895,12.0,0.98163484729675233578062182614388748668,0.260827946030137561891849595763906214
-4.75,0.00016170833297827632111033379004108136643,12.0,0.98155360713921329196600330162615004224,0.26051793084788660227920396828065981276
-4.7000000000000001776356839400250464678,0.00018583813407120170123064561182877379205,12.0,0.9814693445717726363273545244843623334,0.2602105323501152692612704822940796703
-4.6500000000000003552713678800500929356,0.00021276667998044454621331639689685588101,11.0,0.97984459070556397672170365943016159621,0.2598711878752633219848107826101831075
-4.5999999999999996447286321199499070644,0.00024525253770515836211222967102685059255,11.0,0.97975790700304222334107849642932501628,0.25949725032966101058282340371756349704
-4.5499999999999998223643160599749535322,0.00028460068379624084436083813048194561136,11.0,0.97966777848795156920933445294010840643,0.25908600597446032605278563529071255882
-4.5,0.00033245195017572355882669657838008174013,11.0,0.97957409260969539208774531431397102694,0.25863471007333840174714343459714011938
-4.4500000000000001776356839400250464678,0.00039087478577513504187188652447052293826,10.0,0.9776624275289637182770022101642274175,0.258140631394703980528348460833095711
-4.4000000000000003552713678800500929356,0.00046248302039708816154700018278823210988,10.0,0.97756640446486771125076775761889486633,0.25760110608860836450241443057350827489
-4.3499999999999996447286321199499070644,0.00053559183314749579506164627498786473136,10.0,0.97746630774620985217834081770047163754,0.25701360109119507716948841271119312277
-4.2999999999999998223643160599749535322,0.00060946595549089394874131314202102000788,9.0,0.97520439105208096513162324560160649784,0.2563757867051768613301228480972250233
-4.25,0.00069824024458385249048774483469190084612,9.0,0.9751026379715687289279420043278312269,0.25571020188856094556742861306114148529
-4.2000000000000001776356839400250464678,0.00080533694927408448179855786225576599956,9.0,0.97499620485549116586013801571339783905,0.25530828988382868719126804987943377934
-4.1500000000000003552713678800500929356,0.00093503894504178682276353113616208714954,9.0,0.97488492671393863912872890927905813257,0.25486746197716245173768477887886967865
-4.0999999999999996447286321199499070644,0.0010927180704593117298529387479500987225,8.0,0.97219948822703935884498612867351359783,0.25438511729588491227888635165502535522
-4.0499999999999998223643160599749535322,0.0012851253519833187086682962379894288288,8.0,0.97208702631854081756780031235662556269,0.25385873388802481780449237506221576383
-4.0,0.001472561147396986679293420588316963135,8.0,0.9719689771375305199577632906962942906,0.25328593187483904595085635870727700953
-3.9500000000000001776356839400250464678,0.0016677078200690101404681799380959096349,7.0,0.96876269812750978899596129399016187293,0.25266454527238585653935263909797585437
-3.8999999999999999111821580299874767661,0.0019013208825947455651300149371391964717,7.0,0.96864477931467298218382259046996767945,0.25199270134234213267755332250132008247
-3.8500000000000000888178419700125232339,0.0021819922905167574393057152152583986456,7.0,0.96852041286881342926602982648609426186,0.25126890554913838807816187180972187234
-3.7999999999999998223643160599749535322,0.0025203956745489333572312255874476822806,6.0,0.96467783896576157099466885821602688703,0.25049212933046200031559091075265806665
-3.75,0.0029298077453539248594200480722454684243,6.0,0.96455527431060454786963413403978837485,0.24966189699208318987714216529378548274
-3.7000000000000001776356839400250464678,0.0034068239362771535180347734953754451807,6.0,0.96442528470336646252284382020932222754,0.24902797999936859382422512745718414188
-3.6499999999999999111821580299874767661,0.00381914558874107871609491883954970435,5.0,0.95980767112457072788803261351194532723,0.24845853398126140816203389804665419502
-3.6000000000000000888178419700125232339,0.0043089079279757889483582123617298111396,5.0,0.95968138973723544887350819921580858913,0.24784201996295536956937224645047708046
-3.5499999999999998223643160599749535322,0.0048924706677468850869405454012437995137,5.0,0.95954660543403548310041584769847141624,0.24717687928305819119473793772028759749
-3.5,0.0055898901404728599884533756022181620197,4.0,0.95399006816383722280408724059321953534,0.2464619633849031880860436266018245364
-3.4500000000000001776356839400250464678,0.0064257527864556280946744933989395755251,4.0,0.95386088242669246031755898460751871687,0.24569661693570229288000084735511065562
-3.3999999999999999111821580299874767661,0.0074301754544996929191915312238126473215,4.0,0.9537220448990991611832851658677349294,0.24488075739726226855382190241344624813
-3.3500000000000000888178419700125232339,0.0082699507621112815302255292043704986712,2.0,0.94703664799891057759801487099424986846,0.24401494626592984697823233246911222493
-3.2999999999999998223643160599749535322,0.0092428234423636315302856921083687174459,1.0,0.93896829864686547672764543630708673688,0.24310044671920844407870262196880621151
-3.25,0.010391412259527775347950747774271142431,0.0,0.98772224578325994298719657940597034337,0.2421392622853385152348471154217292651
-3.2000000000000001776356839400250464678,0.011750397608379616684221831500767653624,0.0,0.98752135504401700992331035518348878932,0.24122486337130912205464949905474493866
-3.1499999999999999111821580299874767661,0.013361395969146650877210898817190379571,0.0,0.98731381884666136585142023954924528235,0.2405100342884034687081776503151405206
-3.1000000000000000888178419700125232339,0.015202259653435949901788264817825881066,0.0,0.98709935154068184775505915418618236233,0.23974799491607024446349671224397550366
-3.0499999999999998223643160599749535322,0.01675272314426766020800003928944998765,0.0,0.98687765257797272451236827406892640972,0.23893926475870757438207000801047742861
-3.0,0.018561261714883431356103903505580079083,0.0,0.98664840563871000540624681277265274088,0.23808501637057441738869573081757453588
-2.9500000000000001776356839400250464678,0.020673615138743604668185147740149913666,0.0,0.9864112777048403114609736461598885167,0.23718710990368313347800211579933837002
-2.8999999999999999111821580299874767661,0.023143312935518293432678666148531973726,0.0,0.98616591807860903335808588397533536271,0.23624810466562546548395835460607363305
-2.8500000000000000888178419700125232339,0.026032615638805112473082835320577546227,0.0,0.98591234591911572557729273111574617809,0.23527124375583281448997974082186064587
-2.7999999999999998223643160599749535322,0.028858528486339700513502364165497594568,0.0,0.98564987936045639005901347721479344588,0.23426040922294527122692084878530571565
-2.75,0.031565180353280526759847201050458623308,0.0,0.98537802555847308156759693332184362204,0.23322004701927307141198305921927604272
-2.7000000000000001776356839400250464678,0.034686326852754469781855086295543523664,0.0,0.98509635245098485613639199378832650082,0.23215506317657408648008927100932966619
-2.6499999999999999111821580299874767661,0.038285469910976708660689448511457580007,0.0,0.98480440446532170589860117274247915365,0.23107069487646252325827929788960824576
-2.6000000000000000888178419700125232339,0.042434038224816635769014524898501382501,0.0,0.98450170114972650062323405487060757477,0.23011607853695663171257935212936508558
-2.5499999999999998223643160599749535322,0.047076335412519995132428627426443454368,0.0,0.98418773573229307261516248390313297985,0.22920226477545254018071430932799012243
-2.5,0.050927752816709093346157663672600055919,0.0,0.9838619736057102182270495020244465057,0.22825829666403634461362605208923532433
-2.4500000000000001776356839400250464678,0.055313792620929772443517014846275126898,0.0,0.98352385073645342634834602624939200294,0.22728833313981689046528604127070607409
-2.3999999999999999111821580299874767661,0.060303614138946966651649567076952568393,0.0,0.98317277199754423111305244577599841726,0.2262968834850111766046982490127533047
-2.3500000000000000888178419700125232339,0.065971914071807175329104512609092341854,0.0,0.98280810942459321917648500461161713711,0.22528867601508823939653570374065292683
-2.2999999999999998223643160599749535322,0.072397936249955834997467036647025103969,0.0,0.98242920039556370249330394787673783982,0.22426851167704799914523206249286424439
-2.25,0.078074210045023422401868354274944095788,0.0,0.9820353457355481302823511506266229148,0.22324111015437929819229881535528807845
-2.2000000000000001776356839400250464678,0.083968208496900669023894101738432843744,0.0,0.98162592282888197855763489580759250504,0.22221095676694814826875936589258712343
-2.1499999999999999111821580299874767661,0.090586165149743672076188911352515907559,0.0,0.98120046476318105302562984844285316163,0.22118215838558153686185752895636078763
-2.1000000000000000888178419700125232339,0.09799859712855579979319058864158452908,0.0,0.98075773432477691588463703683062594852,0.22015831576965179725532908002325322393
-2.0499999999999998223643160599749535322,0.10627585877138107419423325522217759771,0.0,0.98029686524630978745292520539012729759,0.21914241830178327748204591247500883014
-2.0,0.11427698793039254679051600790491159982,0.0,0.97981694408784906931857042388893706916,0.21813676523539689506689852875356814359
-1.9499999999999999555910790149937383831,0.12190995976820270568151025519896064793,0.0,0.97931700796662361702153551841826357636,0.21714291552660279639979589578563391982
-1.8999999999999999111821580299874767661,0.13037153624762948191104226531787719388,0.0,0.97879604225714959270177906982338632782,0.21616166632814246294793292886080078885
-1.8500000000000000888178419700125232339,0.139719968391880087739578119346107645,0.0,0.97825297827663612580008639973317742899,0.21519305847728880848870667464436017074
-1.8000000000000000444089209850062616169,0.1500080344954748371156285289137802394,0.0,0.97768669097338601733588649159484829474,0.21423640594720196545374563087973909356
-1.75,0.16069224911455440642040966525491389875,0.0,0.97709599663902601137475772249945841154,0.21329034531689825762229875221391015621
-1.6999999999999999555910790149937383831,0.17028810197219771553693950621953425323,0.0,0.97647965066879272347677258230457332492,0.21235290084809242859807423027571454762
-1.6499999999999999111821580299874767661,0.18079122169647400974094437944719329324,0.0,0.97583634539775102748471833868245028593,0.211421560686644744444400385583346651
-1.6000000000000000888178419700125232339,0.19223934925687735953934468191875314341,0.0,0.97516470804470431217797726082443033902,0.21049335994981225253412298326141608805
-1.5500000000000000444089209850062616169,0.20465964405261976708028620256572044225,0.0,0.97446329879962946120064038171538313115,0.20956496692306698728543947237614127205
-1.5,0.21806603480396948682800628172317142502,0.0,0.97373060909467477962138293961376433178,0.2086327691797054102304972440166146198
-1.4499999999999999555910790149937383831,0.23016859718438561167081901608769971035,0.0,0.97296506010301667965530991002419749438,0.20769295707358528090646448016079282695
-1.3999999999999999111821580299874767661,0.2428825532789728215617286788182824837,0.0,0.97216500151407792198193733681833761603,0.20674160267903633307036015251458161154
-1.3500000000000000888178419700125232339,0.25655229922660039174094044561449095129,0.0,0.97132871063763626145733797345111852569,0.20577473282057047174292484431338265708
-1.3000000000000000444089209850062616169,0.2711725895477845966264349084249942104,0.0,0.97045439189303839263067184797512906307,0.20478839532435158280319757655708937539
-1.25,0.28672190277937443915974486615994304523,0.0,0.96954017674288837104056146847031721996,0.2037787180236920042898748613510543734
-1.1999999999999999555910790149937383831,0.30246664959913113518483614181144270595,0.0,0.96858412413297670186920465360540002455,0.20274196036285361284002629044859124829
-1.1499999999999999111821580299874767661,0.31749317612981114909181610192572885695,0.0,0.967584221501596427202343963208832603,0.20167455767474795222162583274390404799
-1.1000000000000000888178419700125232339,0.33342282149837634013786585547469169656,0.0,0.96653838642146164973454812347986083189,0.2005731583701566392243674566369873379
-1.0500000000000000444089209850062616169,0.35021376161228584791942101018694527567,0.0,0.96544446893587758359904824607404621351,0.19943465438170888627132377151737702728
-1.0,0.36780760946595021728066747993627362056,0.0,0.964300254647258279521942494261607034,0.19825620526780036331606771992269306716
-0.94999999999999995559107901499373838305,0.38612996420994610307076681597426181967,0.0,0.96310346861017918586643263217478693592,0.19708706928817642426223791176109491918
-0.90000000000000002220446049250313080847,0.40504218887082949024600977667251733069,0.0,0.96185178007251041612994842353173797197,0.19592202798448526748342513680768810103
-0.84999999999999997779553950749686919153,0.42311845121263135680178563762208897717,0.0,0.96054280809643314901831639908184741661,0.19471270638725606184710729401392967826
-0.80000000000000004440892098500626161695,0.44188839717731982424216925553290870371,0.0,0.95917412807595277146627568209934479756,0.19345629123563467248994784677716375801
-0.75,0.46126083847377186132287292117626227301,0.0,0.95774327914859218102212044084017686681,0.19215029008716539258356784895143945765
-0.69999999999999995559107901499373838305,0.48113332616788413124132890614959965562,0.0,0.95624777247605571233356742990448223354,0.1907925452851050008580426785028800832
-0.65000000000000002220446049250313080847,0.50139490964705199369989060973048383269,0.0,0.95468510034167848044632865312021268292,0.18938124178397315105857800510947185406
-0.59999999999999997779553950749686919153,0.5219293183773425729457261274573169173,0.0,0.95305274598143214990721096182024151007,0.18791490937575161546772691627149209752
-0.55000000000000004440892098500626161695,0.54261837138723615282016469709648168336,0.0,0.95134819403032355619845628746674381155,0.1863924198704607713786904564823038856
-0.50,0.56334540397937306071853157336465208473,0.0,0.94956894142756848464865181110077444294,0.18481297979085656143536519965466266251
-0.45000000000000001110223024625156540424,0.58399850814498478436034194042987305858,0.0,0.94771333478316936308890508590087429992,0.18317611914441770097196100174624644611
-0.40000000000000002220446049250313080847,0.60447341018012683738734931519488780349,0.0,0.94578049445075113542454579835880097325,0.18148167683814181736177664392530183808
-0.34999999999999997779553950749686919153,0.62420768189178839816072474734120776067,0.0,0.94376617728600408656590859950101719134,0.17972978330348648313031573397585918213
-0.29999999999999998889776975374843459576,0.64249646884973507599846661240551719745,0.0,0.94166810341757338802550268334961464885,0.17795835623898820961186753282734993886
-0.25,0.65848385926152447393290100829222261254,0.0,0.93948406397613319281285872528840842243,0.17618441457550863217100841324773009001
-0.20000000000000001110223024625156540424,0.66997333389425173492180433872485336648,0.0,0.9372119294002211747434532439641062649,0.17434796124209731286155117364657183429
-0.14999999999999999444888487687421729788,0.67741887821807040825287610229438742066,0.0,0.9348547628459787223654777866138738655,0.17244966379812130419500199501237156023
-0.10000000000000000555111512312578270212,0.68334275930227661111107123770847692106,0.0,0.93240695565314042302715832293853740503,0.17049048145826858419929177163609991698
-0.050000000000000002775557561562891351059,0.68874874460583965124619662232452560909,0.0,0.92986615845633101135303058246078195475,0.16847164191400658685959559913770568297
0.0,0.69365096949992505862418505322216156399,0.0,0.92723193507366122871677337274547737903,0.16639461779863327462876891291301359038
