value,sup,dur,Y,S
-6.0,2.0324410498769885310871189120194322794e-11,57.0,0.99325587113627055113201100307053717461,0.26727088578751862432772983338789120323
-5.9500000000000001776356839400250464678,2.613811009316252642294119191359656515e-11,56.0,0.99320750677015472700447498674969853155,0.26716241165117830353214913617190112045
-5.9000000000000003552713678800500929356,3.3576030384599489455155162675887605889e-11,56.0,0.99315809108705211736270759537107129262,0.26704133730939761285418679019200817005
-5.8499999999999996447286321199499070644,4.237609360041340092660315951788735507e-11,55.0,0.99310759489611571140261826230631401831,0.26690628265865482414674103939247847868
-5.7999999999999998223643160599749535322,5.365738804378275566940438318073010099e-11,55.0,0.99305598799748808377183904834439067396,0.26675573709851361880856734072943186544
-5.75,6.8151841358185987593006540338835392039e-11,54.0,0.99300273653249000361881978587974552655,0.26658805232766696363176670964083002905
-5.7000000000000001776356839400250464678,8.6814214597305363445478429426892821327e-11,54.0,0.99294901490015783822965311824213074188,0.26640143610932219045468031501316898337
-5.6500000000000003552713678800500929356,1.1089152598344006982470320857142546933e-10,53.0,0.99289071904257950744434993243361722323,0.26619394745638525788468535018411676992
-5.5999999999999996447286321199499070644,1.4201448271706172455947556987461580708e-10,53.0,0.99283474878978078633441090694017451547,0.26596349377896959777195369520245549395
-5.5499999999999998223643160599749535322,1.8231799174438844062503496731508091254e-10,52.0,0.99277103393712049111301281460427764205,0.26570783063510797937135260337464403559
-5.5,2.3460011645788253093403295461526965332e-10,52.0,0.99271267005495822450261289887713314774,0.26542456482623487803436660816170146846
-5.4500000000000001776356839400250464678,2.9944753572499428402040895022922617285e-10,51.0,0.99264312433523420344322949562887359388,0.26511116167602059422606838308867118953
-5.4000000000000003552713678800500929356,3.7828430075514500120792179662555378734e-10,51.0,0.99258220958336533271164160909706875673,0.2647649574159567083722611464830639876
-5.3499999999999996447286321199499070644,4.794483939216566406546445654710030709e-10,50.0,0.99250637948215923953149910563674859569,0.26451758634737337666081623247641998752
-5.2999999999999998223643160599749535322,6.095556130110669514814806625452661712e-10,50.0,0.99244274312416234588952390076691256336,0.26432503025479264813417134870678749064
-5.25,7.7724510518567500283982682145599096547e-10,49.0,0.99236012847934239531931585238643038644,0.26411105255703758319003566903681125653
-5.2000000000000001776356839400250464678,9.9381267921242163590018815166956869523e-10,49.0,0.99229358483422295233258285777907094255,0.2638735337080397381468115326495574078
-5.1500000000000003552713678800500929356,1.2740458453581427913372291231017619342e-09,48.0,0.99220363312439477084304513893289188037,0.26361020738746368371948306182404423666
-5.0999999999999996447286321199499070644,1.6373257166575238848237910996279419132e-09,48.0,0.9921339799490289208154936876038475998,0.26331866567636500112599728888274438674
-5.0499999999999998223643160599749535322,2.1090821644954822936604377660502223376e-09,47.0,0.9920360798006651581729234820372695675,0.26299636881800697226116777161690054958
-5.0,2.6609855993902820952810388087952072519e-09,47.0,0.99196309649212613983235920718958995277,0.262640660508832158779238873965391118
-4.9500000000000001776356839400250464678,3.3672378108338733908257808403955351729e-09,46.0,0.99185657026394646261585094344044743031,0.26224878970716563842295634265500106596
-4.9000000000000003552713678800500929356,4.274911670759810732962817120914569066e-09,46.0,0.99178001582015530689079388339236449241,0.26181793994314519774962958538257722944
-4.8499999999999996447286321199499070644,5.4440809006804319560187750160544015601e-09,45.0,0.99166411107842831052786787356819786752,0.26134526704369177182358658131682274864
-4.7999999999999998223643160599749535322,6.9533074170650641856445640809574111045e-09,45.0,0.99158372176334168178355827310790066272,0.26082794603013756189184959576390620986
-4.75,8.9054638164902276982322237713223690726e-09,44.0,0.99145760147296163250976541816451619935,0.26051793084788660227920396828065981577
-4.7000000000000001776356839400250464678,1.1435421849979081816763525103388796881e-08,44.0,0.99137308816967765629607725608998010128,0.26021053235011526926127048229407966767
-4.6500000000000003552713678800500929356,1.4720213096051613072670114102929586308e-08,43.0,0.99123581941672345728359183810863707157,0.25987118787526332198481078261018311051
-4.5999999999999996447286321199499070644,1.8634630529829765106421407878991665387e-08,42.0,0.99108873298396596517811478560022295347,0.25949725032966101058282340371756349892
-4.5499999999999998223643160599749535322,2.3559587316392467371648956195644424923e-08,42.0,0.99099740562747089411821969695965572853,0.25908600597446032605278563529071255957
-4.5,2.9888135369282672555579382554843166245e-08,41.0,0.99083717479558106204851960589732687423,0.2586347100733384017471434345971401175
-4.4500000000000001776356839400250464678,3.8039380669042722451945988417430793685e-08,41.0,0.9907408451052144295028943958258290779,0.25814063139470398052834846083309571025
-4.4000000000000003552713678800500929356,4.8561725626242728701938647514434876959e-08,40.0,0.9905661860152466818458850086757605874,0.25760110608860836450241443057350827564
-4.3499999999999996447286321199499070644,6.2173723931663846512137880292546650984e-08,40.0,0.99046444574362256004380283283790767771,0.25701360109119507716948841271119312202
-4.2999999999999998223643160599749535322,7.9818080877688217064629667814276881168e-08,39.0,0.9902739158921243818919966154929176758,0.25637578670517686133012284809722502254
-4.25,1.0273308891731010492248976536083721576e-07,39.0,0.99016631354356248043331920544539270202,0.25571020188856094556742861306114148229
-4.2000000000000001776356839400250464678,1.2965109344838277746973028661336667831e-07,38.0,0.98995828859846223602868023443750938155,0.25530828988382868719126804987943377784
-4.1500000000000003552713678800500929356,1.6391635630342015624702473182595331546e-07,38.0,0.98984432382879840780063352009631530283,0.25486746197716245173768477887886968053
-4.0999999999999996447286321199499070644,2.0796907847284245656061792904616436329e-07,37.0,0.98961697054096447331892706148119607444,0.25438511729588491227888635165502535484
-4.0499999999999998223643160599749535322,2.6474183547915096507691888222935915246e-07,37.0,0.98949608769275087321160202778634699885,0.25385873388802481780449237506221576458
-4.0,3.3807574141957530445510759989606889306e-07,36.0,0.98924733214916566307998094859820530691,0.25328593187483904595085635870727701103
-3.9500000000000001776356839400250464678,4.3300888190306188626730735383766899798e-07,35.0,0.98897912746945857446004861719619892548,0.25266454527238585653935263909797585475
-3.8999999999999999111821580299874767661,5.561580155572506086833444362636085524e-07,35.0,0.98884640310524130991551916778726303878,0.2519927013423421326775533225013200836
-3.8500000000000000888178419700125232339,7.0968656321795085441267106382345789492e-07,34.0,0.98855220999685907189258035243148611926,0.25126890554913838807816187180972187272
-3.7999999999999998223643160599749535322,8.9478043355431565006595531029446091196e-07,34.0,0.98841081977098408290983447208612547353,0.2504921293304620003155909107526580674
-3.75,1.1324252494451113399075026362363986784e-06,33.0,0.9880876461229623841851291535991997015,0.24966189699208318987714216529378548199
-3.7000000000000001776356839400250464678,1.4383270779436279660702148441633222961e-06,33.0,0.98793676326121116200896141717440022773,0.24902797999936859382422512745718414094
-3.6499999999999999111821580299874767661,1.8330562176642897809141064497979293275e-06,32.0,0.98758119003284296460301253483277536758,0.2484585339812614081620338980466541937
-3.6000000000000000888178419700125232339,2.3435928803064077649545322489322210543e-06,31.0,0.98719548071808648049006627719847361435,0.24784201996295536956937224645047708366
-3.5499999999999998223643160599749535322,3.0053734255703528092114584917833594323e-06,31.0,0.98702799586927887228344411547937443422,0.24717687928305819119473793772028759749
-3.5,3.8479722288221304382503371847862799511e-06,30.0,0.98660215234086765242089790344525108443,0.24646196338490318808604362660182453527
-3.4500000000000001776356839400250464678,4.8425608801677402505975578423077826031e-06,30.0,0.98642251730003896887423404199864822654,0.24569661693570229288000084735511065543
-3.3999999999999999111821580299874767661,6.1185847294522914246254434994436047229e-06,29.0,0.98595144525313456287176771597648832479,0.24488075739726226855382190241344624775
-3.3500000000000000888178419700125232339,7.7600838835662516314054078299981067136e-06,29.0,0.98575838781851137789525970427482952482,0.24401494626592984697823233246911222606
-3.2999999999999998223643160599749535322,9.8771337118769192836152048253382112621e-06,28.0,0.98523619950434029605673940363956460809,0.24310044671920844407870262196880621189
-3.25,1.2614121162904799449578666896093202907e-05,27.0,0.98466521670172065534396539664876646284,0.24213926228533851523484711542172926397
-3.2000000000000001776356839400250464678,1.616069950343571732974685211310745758e-05,27.0,0.98444814732153148946116608447146937123,0.24122486337130912205464949905474493997
-3.1499999999999999111821580299874767661,2.0575889026871493875532519002556460263e-05,26.0,0.98381238595723375571415640822575569694,0.24051003428840346870817765031514052267
-3.1000000000000000888178419700125232339,2.5872925539320697882744609111386137563e-05,25.0,0.98311376831341890113575280096601417782,0.23974799491607024446349671224397550479
-3.0499999999999998223643160599749535322,3.2667581022476995408292047971621581603e-05,25.0,0.98286807110709374287186404576600961726,0.23893926475870757438207000801047742861
-3.0,4.1406951696194278266409642123690456119e-05,24.0,0.98208629891193734420231349036025332529,0.23808501637057441738869573081757453363
-2.9500000000000001776356839400250464678,5.2676479876448822958095148548158015625e-05,23.0,0.98122243590636941600831719584516692944,0.23718710990368313347800211579933836758
-2.8999999999999999111821580299874767661,6.724376147656764836402065158493421649e-05,23.0,0.98094235629510792852411316917015170868,0.23624810466562546548395835460607363512
-2.8500000000000000888178419700125232339,8.6116399456696838629735433995059493456e-05,22.0,0.9799702560911447232089630494109399333,0.23527124375583281448997974082186064549
-2.7999999999999998223643160599749535322,0.00010795197390324654704682415795512869657,21.0,0.97888933628576738805631821393035814088,0.2342604092229452712269208487853057149
-2.75,0.00013575689884885380767429143268916024321,21.0,0.9785676700857077495682627595311645207,0.23322004701927307141198305921927604028
-2.7000000000000001776356839400250464678,0.00017142040235908730748931194235515653744,20.0,0.97734373248191499175593211182689656421,0.23215506317657408648008927100932966487
-2.6499999999999999111821580299874767661,0.00021728052628123366277615847821510886961,19.0,0.97597320016005031654783385943000969482,0.2310706948764625232582792978896082467
-2.6000000000000000888178419700125232339,0.0002763920515623083568319120463971812479,19.0,0.97560091688694415596868819612938973833,0.23011607853695663171257935212936508389
-2.5499999999999998223643160599749535322,0.00035274896077646842130449814893251676838,18.0,0.97403833289088769315060749846460432834,0.22920226477545254018071430932799011942
-2.5,0.00044017910515507448648157299347374908383,17.0,0.9722748199874140937514990747879893533,0.22825829666403634461362605208923532376
-2.4500000000000001776356839400250464678,0.00055146941892024649451817151560863842978,16.0,0.97027539964531855325757394262823935507,0.22728833313981689046528604127070607315
-2.3999999999999999111821580299874767661,0.00069369207038814569613371598095862089598,15.0,0.96981477889417711360343902052834493367,0.22629688348501117660469824901275330244
-2.3500000000000000888178419700125232339,0.00087584768624872900152387886551456793742,14.0,0.96750846521470223921330086180593387668,0.22528867601508823939653570374065292307
-2.2999999999999998223643160599749535322,0.0011096000907715807570173319961662097278,13.0,0.96486955955291439503006689956840924264,0.22426851167704799914523206249286424288
-2.25,0.0013926973348685658986601021996051603128,12.0,0.96183401697534240509185825284465024983,0.22324111015437929819229881535528807751
-2.2000000000000001776356839400250464678,0.0017300280602582484133360090857762353063,12.0,0.96125779154935336171723880494467541908,0.22221095676694814826875936589258712419
-2.1499999999999999111821580299874767661,0.002157569266503861490075826895299056926,11.0,0.95771087978302503434622105121013946517,0.22118215838558153686185752895636078763
-2.1000000000000000888178419700125232339,0.0027003086299191986972230987981958678872,10.0,0.95358972684324181711692012302226458407,0.22015831576965179725532908002325322675
-2.0499999999999998223643160599749535322,0.0033900797029459961194145547929349899609,9.0,0.9487747924437442451826769891647066982,0.21914241830178327748204591247500883296
-2.0,0.0042236640868438309558718563132845826039,8.0,0.94311923940321843039431955596579887522,0.21813676523539689506689852875356814453
-1.9499999999999999555910790149937383831,0.0051942200218846093547179894315710440799,6.0,0.9364441121268968669171932323240454588,0.21714291552660279639979589578563392058
-1.8999999999999999111821580299874767661,0.0064091582102939624492532060755619764474,5.0,0.92853425061300428239828179132877454437,0.21616166632814246294793292886080078772
-1.8500000000000000888178419700125232339,0.007930207166457195215591628557162247017,4.0,0.9191362619867619600282693260093705976,0.21519305847728880848870667464436017093
-1.8000000000000000444089209850062616169,0.0098333743106519785186672137605219675602,2.0,0.90796024939559994197257134724145357341,0.21423640594720196545374563087973909375
-1.75,0.011994081906877352637372884179234979898,0.0,0.97709599663902601137475772249945841531,0.21329034531689825762229875221391015734
-1.6999999999999999555910790149937383831,0.014555919686669087498907878830321479919,0.0,0.97647965066879272347677258230457332793,0.2123529008480924285980742302757145448
-1.6499999999999999111821580299874767661,0.017699691499910607967817250475390283109,0.0,0.97583634539775102748471833868245028894,0.21142156068664474444440038558334665232
-1.6000000000000000888178419700125232339,0.021547766194270951714259034620446862333,0.0,0.97516470804470431217797726082443033978,0.2104933599498122525341229832614160888
-1.5500000000000000444089209850062616169,0.026032934082371599812797639699408608974,0.0,0.97446329879962946120064038171538313492,0.20956496692306698728543947237614127092
-1.5,0.030991901667016882698603618019995036296,0.0,0.97373060909467477962138293961376433479,0.20863276917970541023049724401661461943
-1.4499999999999999555910790149937383831,0.036922502878908924231914591728862206138,0.0,0.97296506010301667965530991002419749663,0.20769295707358528090646448016079282583
-1.3999999999999999111821580299874767661,0.043979473397676159335850959954419096002,0.0,0.97216500151407792198193733681833761528,0.20674160267903633307036015251458161078
-1.3500000000000000888178419700125232339,0.052173340503152590896211372654629290717,0.0,0.97132871063763626145733797345111852268,0.20577473282057047174292484431338265614
-1.3000000000000000444089209850062616169,0.060791904752207581556733556497505820124,0.0,0.97045439189303839263067184797512906081,0.20478839532435158280319757655708937577
-1.25,0.070786073557564282855939104600828002653,0.0,0.96954017674288837104056146847031722071,0.20377871802369200428987486135105437678
-1.1999999999999999555910790149937383831,0.082289010325374219159728790005105353188,0.0,0.96858412413297670186920465360540002304,0.20274196036285361284002629044859124979
-1.1499999999999999111821580299874767661,0.095413879039161420413463250462517631247,0.0,0.96758422150159642720234396320883259623,0.20167455767474795222162583274390404799
-1.1000000000000000888178419700125232339,0.10881471027595821627355504910239303211,0.0,0.96653838642146164973454812347986083189,0.20057315837015663922436745663698733959
-1.0500000000000000444089209850062616169,0.12373405172006240945129543183463761283,0.0,0.96544446893587758359904824607404622028,0.19943465438170888627132377151737702785
-1.0,0.14031449199460115937086578931389004702,0.0,0.96430025464725827952194249426160703024,0.19825620526780036331606771992269306754
-0.94999999999999995559107901499373838305,0.15855647391636231126831309345763059153,0.0,0.96310346861017918586643263217478693818,0.19708706928817642426223791176109491861
-0.90000000000000002220446049250313080847,0.17787496438341602458799437389729087475,0.0,0.96185178007251041612994842353173797423,0.19592202798448526748342513680768810216
-0.84999999999999997779553950749686919153,0.19775889620691727595859471305237226038,0.0,0.96054280809643314901831639908184741661,0.19471270638725606184710729401392968146
-0.80000000000000004440892098500626161695,0.21914156464518310195117173403696766212,0.0,0.9591741280759527714662756820993447968,0.19345629123563467248994784677716375838
-0.75,0.24190313539046918883734821595347953543,0.0,0.9577432791485921810221204408401768638,0.19215029008716539258356784895143945954
-0.69999999999999995559107901499373838305,0.26588103028817882875829128883749507218,0.0,0.95624777247605571233356742990448224106,0.19079254528510500085804267850288008037
-0.65000000000000002220446049250313080847,0.29087640184826081527728058773683777445,0.0,0.95468510034167848044632865312021267916,0.18938124178397315105857800510947185368
-0.59999999999999997779553950749686919153,0.31666364979907948615064243483537138614,0.0,0.95305274598143214990721096182024151383,0.18791490937575161546772691627149209696
-0.55000000000000004440892098500626161695,0.34300198661172962774926609239936736538,0.0,0.95134819403032355619845628746674381832,0.18639241987046077137869045648230388711
-0.50,0.36964777481686929661219524024107127393,0.0,0.94956894142756848464865181110077443166,0.18481297979085656143536519965466266308
-0.45000000000000001110223024625156540424,0.39636631645559195953044834783243125577,0.0,0.94771333478316936308890508590087430368,0.18317611914441770097196100174624644535
-0.40000000000000002220446049250313080847,0.4229419675524863827014997031908314457,0.0,0.94578049445075113542454579835880097701,0.18148167683814181736177664392530183677
-0.34999999999999997779553950749686919153,0.44918581049451447035898421622478592901,0.0,0.94376617728600408656590859950101719134,0.17972978330348648313031573397585918119
-0.29999999999999998889776975374843459576,0.47302406611711681027597470325007380763,0.0,0.94166810341757338802550268334961465712,0.17795835623898820961186753282734993905
-0.25,0.49333829783753763276840186846485183486,0.0,0.9394840639761331928128587252884084292,0.17618441457550863217100841324773009133
-0.20000000000000001110223024625156540424,0.50832758730759298538828368745815821773,0.0,0.93721192940022117474345324396410627317,0.17434796124209731286155117364657183241
-0.14999999999999999444888487687421729788,0.51948067518961156633951751096231162351,0.0,0.93485476284597872236547778661387386174,0.17244966379812130419500199501237155797
-0.10000000000000000555111512312578270212,0.52868799777430077865153166413150472868,0.0,0.9324069556531404230271583229385374103,0.17049048145826858419929177163609991698
-0.050000000000000002775557561562891351059,0.53699620259803197047377740327735495416,0.0,0.92986615845633101135303058246078194873,0.16847164191400658685959559913770568259
0.0,0.54482900037424545874067700049408280962,0.0,0.92723193507366122871677337274547737527,0.16639461779863327462876891291301359188
