value,sup,dur,Y,S
-6.0,1.8982164636665967122536107162137894509e-23,105.0,0.99599468632084077027638224229005509995,0.88888512280066549524486892389442631616
-5.9500000000000001776356839400250464678,2.502636880467737483446850617555221846e-23,104.0,0.99599143306184191109741650863639773275,0.88888526003274915648891719084765970764
-5.9000000000000003552713678800500929356,3.2992714641711646278245509665778675266e-23,104.0,0.99598799097746039934525948802184743563,0.88888541395557544012090394552703434789
-5.8499999999999996447286321199499070644,4.3491755524832346545981075520079033344e-23,103.0,0.99598435183303645354576418381021903318,0.88888558659173687256143566109405595504
-5.7999999999999998223643160599749535322,5.7327787101870203537034834765727926602e-23,103.0,0.9959809587115210251445522735249903473,0.88888578020700764754349032316753629883
-5.75,7.5560281075899664724618103488662847776e-23,103.0,0.99597761424683137907617749997145162081,0.88888599733908492524656208373438439628
-5.7000000000000001776356839400250464678,9.9584793060136704934601504014738061169e-23,102.0,0.9959740533046825312599775363106501168,0.88888624082959754235740071908656432931
-5.6500000000000003552713678800500929356,1.3123951860947656565902142119060898467e-22,102.0,0.99597026561098781154509315811054849022,0.88888651385971944416151993653808034044
-5.5999999999999996447286321199499070644,1.7294563001838898824863341056008661074e-22,101.0,0.9959662404797852705785392695163069655,0.88888681998975068500595560679047919638
-5.5499999999999998223643160599749535322,2.2789210714884695650761137149084002117e-22,101.0,0.99596196678525796682585325708575100688,0.88888716320305355909564859896436787685
-5.5,3.0027917693875652263920961151336523763e-22,101.0,0.99595743293169474136879863320011975972,0.8888875479547542453647475175570547955
-5.4500000000000001776356839400250464678,3.9563896056041082307139205033749628514e-22,100.0,0.9959526268207801669330426497527570652,0.88888797922563983810652909494553266929
-5.4000000000000003552713678800500929356,5.2125784074664580543963024313830314184e-22,100.0,0.99594753581577864467430331526729801173,0.88888846258169488723601983995943359777
-5.3499999999999996447286321199499070644,6.8673286182136216246553130009285931521e-22,99.0,0.99594214670249723407048773028048294988,0.88888900423972810116311646651909441023
-5.2999999999999998223643160599749535322,9.0470476517639265483171855426254450764e-22,99.0,0.9959364456472634835225607542464241932,0.88888961113953545310556722712292378411
-5.25,1.191823840673370378623679342880796637e-21,99.0,0.99593041815240455305907682991385290655,0.8888902910230264474006461629600443919
-5.2000000000000001776356839400250464678,1.5700226934814805234166666697332197601e-21,98.0,0.99592404900975362341864667223101262493,0.888891052520700483296534953817168874
-5.1500000000000003552713678800500929356,2.068193680129324570134654941244344448e-21,98.0,0.9959173222524985632081236222861700908,0.88889190524579344642614789441758056968
-5.0999999999999996447286321199499070644,2.7244000028812656363895192488977888614e-21,97.0,0.9959102211052758950388069023388186626,0.88889285989631250291551401744174061024
-5.0499999999999998223643160599749535322,3.5887907144538536907393354376629479651e-21,97.0,0.99590272793193012591389825000639033708,0.88889392836502914021968339772012537008
-5.0,4.7274444204986351105898743234864162069e-21,97.0,0.99589482417997265389799482428187150168,0.88889512385729387186124367664447743899
-4.9500000000000001776356839400250464678,6.2274385809351240545640725263932881753e-21,96.0,0.99588649032063155896308346959251852737,0.88889646101625480420188042883132561235
-4.9000000000000003552713678800500929356,8.2035367177398376074855413177920595719e-21,96.0,0.99587770578354900496293961198184572622,0.88889795605468705141422425637204523732
-4.8499999999999996447286321199499070644,1.0807012122072893371434098928559112936e-20,95.0,0.99586844888560896428851485543808261824,0.8888996268921472920154965150667569007
-4.7999999999999998223643160599749535322,1.4237293890937127183697654598421794045e-20,95.0,0.99585869675391146078387300059718112184,0.88890149329552942766576760532941613309
-4.75,1.875734269755924437692775700774381012e-20,95.0,0.99584842524334162967764831235855133006,0.88890357702027993562712416844051614567
-4.7000000000000001776356839400250464678,2.4713957411957336063007057567043154954e-20,94.0,0.99583760884932379417042232107506824864,0.88890590194849599260203901286991908454
-4.6500000000000003552713678800500929356,3.2564603244016754161352161348744490158e-20,94.0,0.99582622061610878878708866291894616181,0.88890849421883070709184530783479256934
-4.5999999999999996447286321199499070644,4.2912869090384863478584995559000913589e-20,93.0,0.99581502975355628503912827921970943877,0.88891138234151682950577866084368660335
-4.5499999999999998223643160599749535322,5.6555348432853197682237498408093140829e-20,93.0,0.99580344182943476886492742704664292133,0.88891459728983683471115192147287196437
-4.5,7.4543650872748508160127670760826773275e-20,92.0,0.99579119605278189366528402347437254871,0.88891817255695318941026702578329261854
-4.4500000000000001776356839400250464678,9.8266465666860317214253930233146199531e-20,92.0,0.99577825874074343205099189006838317746,0.88892214416410669068803491887021166632
-4.4000000000000003552713678800500929356,1.2955821550511749472601742243617486634e-19,92.0,0.99576459424848873122957627307230627493,0.88892655060273503518641837046066985984
-4.3499999999999996447286321199499070644,1.7084299362899705867885723434692351779e-19,91.0,0.99575016482745716083595822507810759751,0.888931432689010277608304161418510178
-4.2999999999999998223643160599749535322,2.2532535179112514263231181522049026511e-19,91.0,0.99573493047149833591551176455527150128,0.88893683330461437386936332075329254234
-4.25,2.9724334424378743960117034515077775578e-19,90.0,0.99571884875111494980709239193595793581,0.88894279699227180615610885867723054141
-4.2000000000000001776356839400250464678,3.9220436160577026846725547967447454376e-19,90.0,0.99570187463619262668364725873016425853,0.88894936936869433908186136592012850956
-4.1500000000000003552713678800500929356,5.1763114936695468894001484660577761399e-19,90.0,0.99568396030724003203834197109722909543,0.88895659631129779043339084258545865643
-4.0999999999999996447286321199499070644,6.8335459423050109134664368040774042543e-19,89.0,0.99566505495432471533166744050852729731,0.88896452286856192924949104316559926226
-4.0499999999999998223643160599749535322,9.0240218190980986177963395341621591216e-19,89.0,0.99564510456182575448754317162224370713,0.88897319183760006515287048665617229329
-4.0,1.1920475712689940428404200257946670917e-18,88.0,0.99562405167618922224842073155009399669,0.8889826419469417473212468168698172552
-3.9500000000000001776356839400250464678,1.5752089678856719593384443893458181025e-18,88.0,0.9956018351533950849966122178022119944,0.88899290557848676494836748601277297299
-3.8999999999999999111821580299874767661,2.0823139189451425233584058893311246748e-18,88.0,0.99557838988299059144819597385025880704,0.88900400596109216984438931777402393997
-3.8500000000000000888178419700125232339,2.7537885146927912892615511329184431205e-18,87.0,0.99555364648623918097871655881050186373,0.88901595377061206790111459225814736014
-3.7999999999999998223643160599749535322,3.6433834780014095429058598391296416293e-18,87.0,0.99552753098686686394968207842842621577,0.88902874307899607918261806741609516001
-3.75,4.8226233110479854869628460074568590443e-18,86.0,0.99549996445362446208590029218137782329,0.8890423466100554959605971817128986292
-3.7000000000000001776356839400250464678,6.3867644592738850068125309991574210639e-18,86.0,0.99547086261402699758877310962846544538,0.88905671028361079975348586777443378513
-3.6499999999999999111821580299874767661,8.4627838155783204644718954786775868413e-18,85.0,0.99544013543798549699445317117138205167,0.88907174706471106884219774379918230558
-3.6000000000000000888178419700125232339,1.1220102819381665844044849098024619205e-17,85.0,0.99540852706614161816259770744771903465,0.88908733018180332404549531093896193477
-3.5499999999999998223643160599749535322,1.488500278920046753657315777589692365e-17,85.0,0.99537569167385603914805050947570620374,0.88910328583759780393842588835014371422
-3.5,1.9760028625048555113940063772225324924e-17,84.0,0.99534093238547857977503988742965607746,0.88911938560798418209347726842630457541
-3.4500000000000001776356839400250464678,2.6250144710418035170845651456065535472e-17,84.0,0.9953041323743503552304970831326627544,0.88913533880475813035209730233697566649
-3.3999999999999999111821580299874767661,3.4898045936090431572977401198750023142e-17,83.0,0.99526516648803519315575568636622035365,0.88915078516160497004374796212518003237
-3.3500000000000000888178419700125232339,4.6431903780790318063679000344972892941e-17,83.0,0.99522390056058441079896790184457083225,0.88916528828130083204788851204706551722
-3.2999999999999998223643160599749535322,6.1830033478691348544772002358313792933e-17,82.0,0.99518019065984714453852309739913401543,0.88917833034402730063562666673887454383
-3.25,8.2408630639342653075058119157511800952e-17,82.0,0.99513388226574661943391558807190993048,0.88918930860828155963498141894539123521
-3.2000000000000001776356839400250464678,1.0994102211058723889288536643626207177e-16,81.0,0.99508480937508854928097226243560636766,0.8891975342223064005897614289931412125
-3.1499999999999999111821580299874767661,1.4682005584375170904816307689574606291e-16,81.0,0.99503279352704832686886954087556192742,0.88920223379162745885635533123791762603
-3.1000000000000000888178419700125232339,1.9627966894418467224766202425814781406e-16,81.0,0.99497764274122672509241384245756884821,0.88920255400759760630389308845654230694
-3.0499999999999998223643160599749535322,2.6269781705665052280518483724479052757e-16,80.0,0.9949191503576288424509793828982032442,0.88919756943056958593069333164120117547
-3.0,3.5201152230569698312941319689545669041e-16,80.0,0.9948570937657792421733616211870548576,0.88918629324753313601968559894633157471
-2.9500000000000001776356839400250464678,4.7228679543870046625383667633734379354e-16,79.0,0.99479123300893888094493798875501861623,0.88916769050807815315594462111998861917
-2.8999999999999999111821580299874767661,6.3450302592602104825989656965613496539e-16,79.0,0.99472130924914069223728655645838889766,0.88914069301689533770970209921426255384
-2.8500000000000000888178419700125232339,8.5363513254149630070441542070028769464e-16,78.0,0.99464704307914654286512955410213554513,0.88910421476782258598750614681019105945
-2.7999999999999998223643160599749535322,1.1501502215421207047852829157840041255e-15,78.0,0.9945681326677437511815394128251887867,0.88905716659013388836643938036627966158
-2.75,1.5520828714545575361161220936948067435e-15,77.0,0.9944842517242801049429564014194845398,0.88899846858566539956261594544360214887
-2.7000000000000001776356839400250464678,2.0979204552048985388172297253319584403e-15,77.0,0.99439709248313591262974916340905952949,0.8889270589972764754880219039926104264
-2.6499999999999999111821580299874767661,2.8406258111563559367929539321516307609e-15,76.0,0.99430429723488083715183199206009099293,0.88884189837770149254143221020700378338
-2.6000000000000000888178419700125232339,3.8532617091732873840620535172220764678e-15,76.0,0.99420542150001121117346170252959655609,0.88874196831154573371737787054776440836
-2.5499999999999998223643160599749535322,5.2368783366262774626385934500409240994e-15,75.0,0.9941000208371878258768640457284241591,0.88862626444540403922759708512470045888
-2.5,7.1316084016465461068237438403700842654e-15,75.0,0.99398761314443221871604193466184003862,0.88849378414397752677939194730839808612
-2.4500000000000001776356839400250464678,9.732324016848563256153318476654718983e-15,74.0,0.99386767510665031191604667699183139074,0.88849888617270605065770377890683502754
-2.3999999999999999111821580299874767661,1.3310803703296735347096070476780911564e-14,74.0,0.99373963828029378206535187836078546161,0.88850556239076593031522345165960611353
-2.3500000000000000888178419700125232339,1.8247223164174195778587221360470877099e-14,73.0,0.99360288477925155250800734242098634834,0.88850078621054861470163325104970181906
-2.2999999999999998223643160599749535322,2.5075048598794110309508231969619864327e-14,73.0,0.99345674252388722858158736844507929165,0.88848289037245451899702217007245467847
-2.25,3.4545268442482684955507358073682186201e-14,72.0,0.99330048001152331638505675967676894068,0.88845017022278397556745455068588325909
-2.2000000000000001776356839400250464678,4.771863679023980881422291856418066521e-14,72.0,0.99313330056145218839846499546937145334,0.88840088882325288467703299979414513743
-2.1499999999999999111821580299874767661,6.598867281998673237643432791345691411e-14,71.0,0.99295433598114534864474247678556205726,0.88833327689486535764896331722516252459
-2.1000000000000000888178419700125232339,9.1226747282870804621405157060054778737e-14,71.0,0.99276263959354620519406918578101721357,0.88824552748089213926079460814853230983
-2.0499999999999998223643160599749535322,1.2647377304434195479233940315679517164e-13,70.0,0.99255717855899098541223061982424193609,0.88813578584257235466638064140838182899
-2.0,1.7585724693467416171965230337138305043e-13,70.0,0.99233682541986155295692518156274951335,0.88800213568939436772511335332277384068
-1.9499999999999999555910790149937383831,2.4527837262522415145712855576781746249e-13,69.0,0.99210058276671931962747286067673891947,0.88784258330962822786798156152008358496
-1.8999999999999999111821580299874767661,3.4320746796166506767392677456242731496e-13,68.0,0.99184987865020393396068431610583171675,0.88765504144022931040976857348801186649
-1.8500000000000000888178419700125232339,4.8185186227176841642098231768393499068e-13,68.0,0.9915803431032128926659703573033293956,0.88743731476155118149465736979178490228
-1.8000000000000000444089209850062616169,6.7887845305337690455416963948613702788e-13,67.0,0.99129037823952993948433582539445677497,0.88718708871959035946127587713071323499
-1.75,9.5996608261587376541978502672597120523e-13,67.0,0.99097823546712485472302504109695896492,0.88690192299866696149874018577509694884
-1.6999999999999999555910790149937383831,1.3626053834173143793644241497147628632e-12,66.0,0.9906420005720302918389911176103719734,0.88657925044913213362766203516924459001
-1.6499999999999999111821580299874767661,1.9417831598816436892023000848136283419e-12,65.0,0.99027957735114207271575979686310084169,0.88621638169173909744962888378732563851
-1.6000000000000000888178419700125232339,2.7785279640261119995826015487726765803e-12,64.0,0.98988866966769052442418091650789356177,0.88581051504874240309561832968595834011
-1.5500000000000000444089209850062616169,3.9928217741722305089372604441326406674e-12,63.0,0.98946676179734617719943554014144652369,0.88535875095779662417050158651555105407
-1.5,5.7632086341529710148696645658538344166e-12,63.0,0.98901109692869339126628051387688245238,0.88485810965593536723321574914542519435
-1.4499999999999999555910790149937383831,8.3356852863624782166155681909681242259e-12,62.0,0.98851865367895568015580137075256017477,0.88430555070207289892568617453793031403
-1.3999999999999999111821580299874767661,1.2040498220038597627932497838453061914e-11,61.0,0.9879861204843240010009898665553326881,0.88369799283968919953545532249975757753
-1.3500000000000000888178419700125232339,1.7473249309535528450976570573413964781e-11,61.0,0.98740986772437510193758055092280794265,0.88332560351890473612210210463933824934
-1.3000000000000000444089209850062616169,2.5479957538155160175592888856997396343e-11,60.0,0.986785917442749038426025734255333335,0.88295888412994898869871602844262029542
-1.25,3.7341195733603898934192792016295361339e-11,59.0,0.98610991053277281909490190640502880723,0.8825348886438735914406414178974048567
-1.1999999999999999555910790149937383831,5.5005899631289764454667242017454788382e-11,59.0,0.98537707126852783346595561254306279272,0.88204959361862985866504516562315151419
-1.1499999999999999111821580299874767661,8.1456654409424966076493311232921605237e-11,58.0,0.98458216908037511947764350141973821836,0.88149892492883446323004403889491529617
-1.1000000000000000888178419700125232339,1.2128350410761132767021390416711025254e-10,57.0,0.98372298898618411760936849091186270748,0.88087878055211444906505177763865132332
-1.0500000000000000444089209850062616169,1.8159021183724397808256595973544925992e-10,56.0,0.98279116123095760671046753911685758778,0.88018505278305481752704212831354015637
-1.0,2.7316087282983761944189921841499879112e-10,56.0,0.98177853848052254213955736143367404084,0.87941364813470177677190110626756200837
-0.94999999999999995559107901499373838305,4.0904065806444868319405723257878168623e-10,55.0,0.9806776101666683118254036835782745715,0.87856050337001366782035127498617063927
-0.90000000000000002220446049250313080847,6.160222655431627994830809062497513701e-10,54.0,0.97948016761887288806797910444224828803,0.87762159640519109843715625099986016943
-0.84999999999999997779553950749686919153,9.3314079634963233094152859179376967783e-10,53.0,0.9781772470253626842157252398844352489,0.87659295119768603598569581025018000268
-0.80000000000000004440892098500626161695,1.4218309964334475643552237111699001467e-09,53.0,0.97675906984197818989512879973732099279,0.87547063612939713663168071688170928296
-0.75,2.1792976170855708600864802579872040979e-09,52.0,0.97521498105248214249228039828560544471,0.87425075578219492045653637283359449329
-0.69999999999999995559107901499373838305,3.3601385797243165315706732868069048552e-09,51.0,0.97353338583725010744505736343013171049,0.87292943635010498876279786787038303845
-0.65000000000000002220446049250313080847,5.21145122363200559896421447907499075e-09,50.0,0.97170168538899949043353980047504664893,0.8715028052221981902009522167402008849
-0.59999999999999997779553950749686919153,8.0420792114008407402142579143187445634e-09,49.0,0.96970621282667307056672273792402339029,0.87009870268018450222230192588075759637
-0.55000000000000004440892098500626161695,1.2448984337034432326744757441615808424e-08,49.0,0.96753217040353741924588528344423677427,0.86890265958263310882714303453725766131
-0.50,1.9377374739506611562118883067644083698e-08,47.0,0.96516356948371253191429079498239010561,0.86758611259416769131012812453920785094
-0.45000000000000001110223024625156540424,3.0322684411897524644746523054928373175e-08,46.0,0.96258317507189399748931784147120588157,0.8661439970260250952057133327634727176
-0.40000000000000002220446049250313080847,4.7691510616582667305261000337944328611e-08,45.0,0.95977245702097383220041696799897783951,0.86457129400782177811973136026994780367
-0.34999999999999997779553950749686919153,7.5365908736007692109770695127359736577e-08,44.0,0.95671155040577880459728503157766770272,0.86286300438120965250380615797031088772
-0.29999999999999998889776975374843459576,1.1866685773522078972488462620197555822e-07,43.0,0.95337922792881122971394273991321419656,0.86101411771461230274611691690933930443
-0.25,1.8630238895841479099120171628323471439e-07,41.0,0.94975288760193231823297136223645038985,0.85901957814603314422927398350136821949
-0.20000000000000001110223024625156540424,2.9349879561916931872464399506967029213e-07,40.0,0.94580855930752961338420751769263612895,0.85687424895479791689688051732315015867
-0.14999999999999999444888487687421729788,4.6371081650935980402434932560396329887e-07,40.0,0.94152093415938806307194205973980746296,0.85457287787831848507717533613120401583
-0.10000000000000000555111512312578270212,7.3429433716021308334872451650630297347e-07,39.0,0.93687559501906763726950477233891603824,0.85211006524141059859630652615049979799
-0.050000000000000002775557561562891351059,1.1646228773297568231360451833467230454e-06,37.0,0.93185160751659843201931558005562752445,0.84948023696973503768183503236439286382
0.0,1.8249270104690157763281242022616084368e-06,36.0,0.92640996562602007196090061360632624369,0.84667762453070446509288128408097541982
