value,sup,dur,Y,S
-6.0,0.002755110539086120762670473253983258767,6.0,0.97919326840753260326100364542111957204,0.26727088578751862432772983338789120323
-5.9500000000000001776356839400250464678,0.0029608797303594880935248695140478753074,6.0,0.97917455807915696734030204326262638843,0.2671624116511783035321491361719011197
-5.9000000000000003552713678800500929356,0.003199539283491320154590216428487146757,6.0,0.97915449301786675746649386868541132822,0.26704133730939761285418679019200817155
-5.8499999999999996447286321199499070644,0.003477089547370621876611272691949567787,6.0,0.97913300933145914102417226718111654556,0.26690628265865482414674103939247847943
-5.7999999999999998223643160599749535322,0.0038007634640129699997344899943517346737,5.0,0.97671546064544178916451133834321388849,0.26675573709851361880856734072943186656
-5.75,0.0041792993552559325798027999321791651232,5.0,0.97669795726961223763000621313581053287,0.26658805232766696363176670964083002867
-5.7000000000000001776356839400250464678,0.0044626468655150470848286579239998102168,5.0,0.97667903257541527127067514863309580747,0.26640143610932219045468031501316898412
-5.6500000000000003552713678800500929356,0.0047320053439978659739909093433520335604,5.0,0.97665860592794759890185779837815707515,0.26619394745638525788468535018411677029
-5.5999999999999996447286321199499070644,0.0050420532652032552739381278287414890439,4.0,0.97377906485358941070840456724133987381,0.26596349377896959777195369520245549545
-5.5499999999999998223643160599749535322,0.0053997191084605392008152147244696377879,4.0,0.97376294829731335609068326640738981482,0.26570783063510797937135260337464403822
-5.5,0.005813257898083506015377046307987411899,4.0,0.97374538238787375046861955497181741643,0.2654245648262348780343666081617014711
-5.4500000000000001776356839400250464678,0.0062925254585492035343253842803386592719,4.0,0.97372626917448680679774724875870510361,0.26511116167602059422606838308867119141
-5.4000000000000003552713678800500929356,0.0068493097360802406156385583823384298076,4.0,0.9737055077544032684211437888489610008,0.26476495741595670837226114648306398609
-5.3499999999999996447286321199499070644,0.007468329284636082259605063151522970683,3.0,0.97027629719933344814047802833944931925,0.26451758634737337666081623247641999052
-5.2999999999999998223643160599749535322,0.0078661459795738084313328207412865191699,3.0,0.97026014217633484118354348235394045394,0.26432503025479264813417134870678749102
-5.25,0.0083219979386559700992698622546488857971,2.0,0.97024243299483926419926978711907900889,0.26411105255703758319003566903681125766
-5.2000000000000001776356839400250464678,0.00884529000464614305390673297955575126,1.0,0.96614073438059723997291199144224064948,0.2638735337080397381468115326495574063
-5.1500000000000003552713678800500929356,0.0094471194839944859701304212578238124619,1.0,0.9661272777782435513506629489600292909,0.2636102073874636837194830618240442423
-5.0999999999999996447286321199499070644,0.010140599889861188021551825723899471421,0.0,0.99219955528737633581810920816938993348,0.26331866567636500112599728888274438411
-5.0499999999999998223643160599749535322,0.010941244551814012523487905352883245427,0.0,0.99212708152528134059826109141457620641,0.2629963688180069722611677716169005477
-5.0,0.011867418550642309583690778645675448324,0.0,0.99205283964641323882961005691211488149,0.26264066050883215877923887396539111688
-4.9500000000000001776356839400250464678,0.012609898794068860744837840665694523781,0.0,0.99197677391857060973672171644208983594,0.2622487897071656384229563426550010686
-4.9000000000000003552713678800500929356,0.013263568503150162143919138363585725449,0.0,0.99189882641985517207790651765346787865,0.26181793994314519774962958538257723019
-4.8499999999999996447286321199499070644,0.014010571176213981202574402408925671066,0.0,0.99181913085821826713111148231404770102,0.26134526704369177182358658131682275127
-4.7999999999999998223643160599749535322,0.0148654609894913462408362706703472021,0.0,0.99173749698385425779999960752963469156,0.26082794603013756189184959576390620836
-4.75,0.015845246624416913440489045567449403258,0.0,0.99165379869369284799537899040550887401,0.26051793084788660227920396828065981501
-4.7000000000000001776356839400250464678,0.016969810247273114370991725907451227962,0.0,0.99156796839229282844592818037309400924,0.26021053235011526926127048229407966767
-4.6500000000000003552713678800500929356,0.018262386764620445856302192640094109765,0.0,0.99147993572576244809898403985618006591,0.25987118787526332198481078261018310449
-4.5999999999999996447286321199499070644,0.019478380165626045290869509770102428402,0.0,0.99138962744786054999349763870256732055,0.2594972503296610105828234037175634993
-4.5499999999999998223643160599749535322,0.020394750915821452155040528451850960365,0.0,0.99129696727773129089184302502032903231,0.25908600597446032605278563529071255957
-4.5,0.021437548572350915471876226855861169442,0.0,0.9912018757488088058306112366875293068,0.25863471007333840174714343459714012089
-4.4500000000000001776356839400250464678,0.022625409719367979795456242515150817578,0.0,0.99110427004879778577919477166091339333,0.25814063139470398052834846083309571138
-4.4000000000000003552713678800500929356,0.023979852795267898079131935349880326952,0.0,0.99100406385074013499767225733311939675,0.25760110608860836450241443057350827827
-4.3499999999999996447286321199499070644,0.025525702908440849610173522513597163161,0.0,0.99090116713495666027719835258921531249,0.25701360109119507716948841271119312277
-4.2999999999999998223643160599749535322,0.02729155741123108732454688968223002281,0.0,0.99079548600123342728250309982127468384,0.25637578670517686133012284809722502405
-4.25,0.029041612627395993184856865681783883913,0.0,0.99068692247023616037590592039250786534,0.25571020188856094556742861306114148379
-4.2000000000000001776356839400250464678,0.030303480794330721147615732572506306527,0.0,0.99057537427297790654769285318026649303,0.2553082898838286871912680498794337816
-4.1500000000000003552713678800500929356,0.031733594832726686489928286079104213233,0.0,0.99046102098098023388873125309904503435,0.25486746197716245173768477887886967865
-4.0999999999999996447286321199499070644,0.033355301613810267476200139902417382313,0.0,0.990343500175515673770258961566941149,0.25438511729588491227888635165502535597
-4.0499999999999998223643160599749535322,0.03519519919512222893542307296420578894,0.0,0.99022266750201451919736169595284605316,0.25385873388802481780449237506221576383
-4.0,0.037283522446836403677097766138037236033,0.0,0.99009840143299039930898881421915626378,0.25328593187483904595085635870727700878
-3.9500000000000001776356839400250464678,0.03965453605058165347563566105641257483,0.0,0.98997057490067392796467434696215357083,0.2526645452723858565393526390979758555
-3.8999999999999999111821580299874767661,0.041940708640235031057094751187643349392,0.0,0.98983905499847816095780304312951465176,0.2519927013423421326775533225013200821
-3.8500000000000000888178419700125232339,0.043657825586033904093035488507561478065,0.0,0.98970370266438259320623331564657939893,0.25126890554913838807816187180972187197
-3.7999999999999998223643160599749535322,0.045595891171640206942067590342247237795,0.0,0.98956437234477257685729181883979161153,0.25049212933046200031559091075265806778
-3.75,0.047783554227074611049723324109842621156,0.0,0.98942091163734758762042922193647869411,0.2496618969920831898771421652937854818
-3.7000000000000001776356839400250464678,0.050252950401191553205024149903326221615,0.0,0.98927316091185179292670449877672883371,0.24902797999936859382422512745718414169
-3.6499999999999999111821580299874767661,0.053039982297477360940220292440541137183,0.0,0.9891209529074420722521763561439614879,0.24845853398126140816203389804665419239
-3.6000000000000000888178419700125232339,0.056184557865775511554643696644113942284,0.0,0.98896411230541264884686041385259537196,0.24784201996295536956937224645047708234
-3.5499999999999998223643160599749535322,0.058936059766808135815191838199390018609,0.0,0.9888024552757697017080799301891276513,0.24717687928305819119473793772028759712
-3.5,0.061259053680280775741214697928800803532,0.0,0.98863607252313251871361453883622354243,0.24646196338490318808604362660182453866
-3.4500000000000001776356839400250464678,0.06386941840526786272067483756537223005,0.0,0.98846459060986195269823097970768976746,0.24569661693570229288000084735511065656
-3.3999999999999999111821580299874767661,0.066801507265307026526600052843361304961,0.0,0.98828769527506914308364109168669335856,0.24488075739726226855382190241344624945
-3.3500000000000000888178419700125232339,0.070093125949615748542172909126875981602,0.0,0.98810516389991346760249194482116405104,0.24401494626592984697823233246911222305
-3.2999999999999998223643160599749535322,0.073785610821587752036550612204872311893,0.0,0.98791676264159335275231103540167859828,0.24310044671920844407870262196880621433
-3.25,0.077923801016599023193390134881343112688,0.0,0.98772224578325994298719657940597033435,0.24213926228533851523484711542172926435
-3.2000000000000001776356839400250464678,0.080988624753929007510070178117995592127,0.0,0.98752135504401700992331035518348879233,0.24122486337130912205464949905474493809
-3.1499999999999999111821580299874767661,0.084127869228824766104809521514906229528,0.0,0.98731381884666136585142023954924527634,0.2405100342884034687081776503151405221
-3.1000000000000000888178419700125232339,0.087637634513365384014618818843823279458,0.0,0.98709935154068184775505915418618236384,0.23974799491607024446349671224397550328
-3.0499999999999998223643160599749535322,0.091557776311125114296685393387339633966,0.0,0.98687765257797272451236827406892640822,0.23893926475870757438207000801047742861
-3.0,0.095931054198980420737697764976380511194,0.0,0.98664840563871000540624681277265273712,0.2380850163705744173886957308175745325
-2.9500000000000001776356839400250464678,0.10080287655701301133937242870070583421,0.0,0.98641127770484031146097364615988851444,0.23718710990368313347800211579933836833
-2.8999999999999999111821580299874767661,0.10555467865987211440117003974968505721,0.0,0.98616591807860903335808588397533536196,0.236248104665625465483958354606073637
-2.8500000000000000888178419700125232339,0.10937190049634556460152604681512420514,0.0,0.98591234591911572557729273111574617283,0.23527124375583281448997974082186064512
-2.7999999999999998223643160599749535322,0.11361932628914219603335320129426608437,0.0,0.98564987936045639005901347721479344588,0.23426040922294527122692084878530571339
-2.75,0.11833862516855825987848004948104860723,0.0,0.98537802555847308156759693332184362279,0.2332200470192730714119830592192760399
-2.7000000000000001776356839400250464678,0.12357345210678003223007929766935445763,0.0,0.98509635245098485613639199378832650082,0.23215506317657408648008927100932966732
-2.6499999999999999111821580299874767661,0.12936891660613203613362371180712034063,0.0,0.98480440446532170589860117274247914839,0.23107069487646252325827929788960824539
-2.6000000000000000888178419700125232339,0.13577084838934788733708767942900179466,0.0,0.98450170114972650062323405487060757628,0.23011607853695663171257935212936508163
-2.5499999999999998223643160599749535322,0.14060271487181788341598924123275697893,0.0,0.9841877357322930726151624839031329791,0.22920226477545254018071430932799012205
-2.5,0.14580459107287558771089059646216768828,0.0,0.98386197360571021822704950202444650118,0.22825829666403634461362605208923532395
-2.4500000000000001776356839400250464678,0.15155084357659629481632945602134609396,0.0,0.98352385073645342634834602624939200519,0.22728833313981689046528604127070607296
-2.3999999999999999111821580299874767661,0.15788444505481930875469387889170946262,0.0,0.98317277199754423111305244577599841952,0.22629688348501117660469824901275330338
-2.3500000000000000888178419700125232339,0.16484808420476986663518763963793496468,0.0,0.9828081094245932191764850046116171356,0.22528867601508823939653570374065292495
-2.2999999999999998223643160599749535322,0.17248309783031835702862904028125170774,0.0,0.98242920039556370249330394787673784809,0.22426851167704799914523206249286424213
-2.25,0.17906321041143906780974891221231241592,0.0,0.98203534573554813028235115062662291254,0.223241110154379298192298815355288076
-2.2000000000000001776356839400250464678,0.18550153854478430436706941859189920995,0.0,0.98162592282888197855763489580759250729,0.22221095676694814826875936589258712343
-2.1499999999999999111821580299874767661,0.19256477640155198652745637847948242,0.0,0.98120046476318105302562984844285316915,0.22118215838558153686185752895636078951
-2.1000000000000000888178419700125232339,0.20029181678027588417935031210870959918,0.0,0.98075773432477691588463703683062594927,0.22015831576965179725532908002325322487
-2.0499999999999998223643160599749535322,0.20871878953807195968764469937174599129,0.0,0.98029686524630978745292520539012729985,0.21914241830178327748204591247500883259
-2.0,0.2178776905312181789084424163314600616,0.0,0.97981694408784906931857042388893706916,0.21813676523539689506689852875356814359
-1.9499999999999999555910790149937383831,0.22627743224845755484825516092277600669,0.0,0.97931700796662361702153551841826357109,0.21714291552660279639979589578563392152
-1.8999999999999999111821580299874767661,0.2342959228301806473929307820827038184,0.0,0.9787960422571495927017790698233863218,0.21616166632814246294793292886080078847
-1.8500000000000000888178419700125232339,0.24301828392657629327623912725189053838,0.0,0.97825297827663612580008639973317743651,0.21519305847728880848870667464436017149
-1.8000000000000000444089209850062616169,0.25247325616273800752522171271508645986,0.0,0.97768669097338601733588649159484829022,0.21423640594720196545374563087973909469
-1.75,0.26268358392263076952306348236670024724,0.0,0.9770959966390260113747577224994584138,0.21329034531689825762229875221391015828
-1.6999999999999999555910790149937383831,0.27366452683204121214877786773439142675,0.0,0.97647965066879272347677258230457332793,0.21235290084809242859807423027571454536
-1.6499999999999999111821580299874767661,0.28403302650355620438706123940078046825,0.0,0.97583634539775102748471833868245028819,0.21142156068664474444440038558334664931
-1.6000000000000000888178419700125232339,0.29400584915207555228806655891419047135,0.0,0.97516470804470431217797726082443033376,0.21049335994981225253412298326141608786
-1.5500000000000000444089209850062616169,0.30473958513595002861076907159801394352,0.0,0.97446329879962946120064038171538313943,0.20956496692306698728543947237614127167
-1.5,0.3162437984438464352211305721787311189,0.0,0.97373060909467477962138293961376434081,0.20863276917970541023049724401661462225
-1.4499999999999999555910790149937383831,0.32851858085689107058263479070064481015,0.0,0.97296506010301667965530991002419749287,0.20769295707358528090646448016079282583
-1.3999999999999999111821580299874767661,0.34155338347604661959872950576980673299,0.0,0.97216500151407792198193733681833761603,0.20674160267903633307036015251458161172
-1.3500000000000000888178419700125232339,0.35422324992823568516386605512526758628,0.0,0.97132871063763626145733797345111852268,0.20577473282057047174292484431338265745
-1.3000000000000000444089209850062616169,0.36647439427561356052107756186858282889,0.0,0.9704543918930383926306718479751290578,0.20478839532435158280319757655708937539
-1.25,0.37948836291960237255466363771550639041,0.0,0.96954017674288837104056146847031721996,0.20377871802369200428987486135105437321
-1.1999999999999999555910790149937383831,0.39324527324546473866804399047476251732,0.0,0.96858412413297670186920465360540002756,0.20274196036285361284002629044859124923
-1.1499999999999999111821580299874767661,0.40771345179506381501589110902312599079,0.0,0.96758422150159642720234396320883259548,0.20167455767474795222162583274390405006
-1.1000000000000000888178419700125232339,0.42284923154816315698925153844069274453,0.0,0.96653838642146164973454812347986083114,0.20057315837015663922436745663698733847
-1.0500000000000000444089209850062616169,0.43843124310814889516142385829615382805,0.0,0.96544446893587758359904824607404622404,0.19943465438170888627132377151737702578
-1.0,0.45309037189479563726400419922247571143,0.0,0.964300254647258279521942494261607034,0.19825620526780036331606771992269306886
-0.94999999999999995559107901499373838305,0.46841913751332171894031690986972827796,0.0,0.96310346861017918586643263217478693216,0.19708706928817642426223791176109491842
-0.90000000000000002220446049250313080847,0.48436183145910788257016769482932384733,0.0,0.96185178007251041612994842353173797724,0.19592202798448526748342513680768810122
-0.84999999999999997779553950749686919153,0.50085186555207558859413298953808179079,0.0,0.96054280809643314901831639908184741511,0.19471270638725606184710729401392968108
-0.80000000000000004440892098500626161695,0.51781300687923776920083885923164857101,0.0,0.95917412807595277146627568209934480132,0.19345629123563467248994784677716376102
-0.75,0.53516105788040016068743893850227792669,0.0,0.9577432791485921810221204408401768653,0.19215029008716539258356784895143945859
-0.69999999999999995559107901499373838305,0.55280590842601073606294574384021599898,0.0,0.95624777247605571233356742990448223956,0.19079254528510500085804267850288008338
-0.65000000000000002220446049250313080847,0.5706538568552958368556009096419855005,0.0,0.95468510034167848044632865312021268217,0.18938124178397315105857800510947185444
-0.59999999999999997779553950749686919153,0.58861007611324000503560809650874968416,0.0,0.95305274598143214990721096182024151608,0.18791490937575161546772691627149209545
-0.55000000000000004440892098500626161695,0.6065810917756422197964029343749794978,0.0,0.95134819403032355619845628746674381682,0.18639241987046077137869045648230388692
-0.50,0.62447714165428545947178155215258599829,0.0,0.94956894142756848464865181110077442865,0.18481297979085656143536519965466266327
-0.45000000000000001110223024625156540424,0.64221430088633955280570319222827849863,0.0,0.94771333478316936308890508590087430443,0.18317611914441770097196100174624644516
-0.40000000000000002220446049250313080847,0.65971627955322223058962505210709782534,0.0,0.94578049445075113542454579835880097475,0.18148167683814181736177664392530183752
-0.34999999999999997779553950749686919153,0.67691582864633908521898323273024300213,0.0,0.94376617728600408656590859950101719736,0.17972978330348648313031573397585918194
-0.29999999999999998889776975374843459576,0.69285529441178999496992456025080426145,0.0,0.94166810341757338802550268334961466164,0.17795835623898820961186753282734993999
-0.25,0.7068457330346983407630043824766957862,0.0,0.93948406397613319281285872528840843071,0.17618441457550863217100841324773009133
-0.20000000000000001110223024625156540424,0.71698171551237150639082472083748730073,0.0,0.93721192940022117474345324396410626415,0.17434796124209731286155117364657183392
-0.14999999999999999444888487687421729788,0.72338131996391802748546771602788254728,0.0,0.934854762845978722365477786613873864,0.17244966379812130419500199501237155816
-0.10000000000000000555111512312578270212,0.72844503432372238183624029778969304358,0.0,0.9324069556531404230271583229385374103,0.17049048145826858419929177163609991755
-0.050000000000000002775557561562891351059,0.73286609592612034407452734728180601772,0.0,0.92986615845633101135303058246078194948,0.16847164191400658685959559913770568353
0.0,0.73721317779115378982890100188595948414,0.0,0.92723193507366122871677337274547737527,0.1663946177986332746287689129130135917
