value,sup,dur,Y,S
0.0,7.9116448586434504474822005224197578248e-38,129.0,0.99604126356473749881158068547698459163,0.88888399640339364567959965223036112503
0.010000000000000000208166817117216851329,3.9822846824291766883906640539801552999e-19,128.0,0.99457719893945308004026302692842769738,0.89623006338649124647383786612697492638
0.020000000000000000416333634234433702659,1.6228901243492284370001667463496465615e-16,128.0,0.9935190094668704061737923421888221001,0.91000450322375471295261596116103772647
0.029999999999999998889776975374843459576,1.1410452872966936038493853066202021557e-14,128.0,0.99250448447054528979086014311564456878,0.91772286720646046404193708878568173347
0.040000000000000000832667268468867405318,3.4111357813385734758126363195837585532e-13,127.0,0.99149468876652044642312710083353771935,0.9226543335302201228908971593667928766
0.050000000000000002775557561562891351059,5.9465031519547216380701303875800270264e-12,127.0,0.99047022856930752782020936420030726817,0.92617197616136845948824373760888300208
0.059999999999999997779553950749686919153,7.0806371657783138641559654527591293048e-11,126.0,0.98941793583855815648701462465904652907,0.92884339774930115896818255834949542415
0.070000000000000006661338147750939242542,6.2923581110589097057054749977843819795e-10,125.0,0.98832660453293880275558598575201358872,0.93095836927611716440838828255864828982
0.080000000000000001665334536937734810635,4.4176983750075757139825516815632210477e-09,117.0,0.98719969913949115850123764073756973438,0.93268200983813194279287077516539328035
0.089999999999999996669330926124530378729,2.5472803127569253750277039824447570052e-08,109.0,0.98604862060031348856587288471445038412,0.93411890807453816004276586798392065083
0.10000000000000000555111512312578270212,1.239016971324035354198799555151741779e-07,102.0,0.98484199601008980471308833568335004308,0.93533237221888502033185801589773139412
0.11000000000000000055511151231257827021,5.1892644722820494481563620171555780856e-07,95.0,0.983568001499032025452250357631472585,0.93637740056957185803722648865645951685
0.11999999999999999555910790149937383831,1.9012225110057665307113457435945951122e-06,88.0,0.98226089691136645342001353733963470922,0.93728060527696720978370832211779884269
0.13000000000000000444089209850062616169,6.1444411921190041301124452047750626118e-06,81.0,0.98090276936434236206217643658216035316,0.93806793984958895203064055727479385466
0.14000000000000001332267629550187848508,1.7706617717295714030870998439247405903e-05,75.0,0.97945699029735832909449587189037295929,0.93876249133081273163590438605054538091
0.14999999999999999444888487687421729788,4.5741321888703667406263733075900414692e-05,68.0,0.97796875941284141026019198748073254868,0.93937557980129648301067678369692772675
0.16000000000000000333066907387546962127,0.00010637294410732873782205597339690481405,62.0,0.97641738883925836206770270210624014044,0.93991851866545490588429285014271673295
0.17000000000000001221245327087672194466,0.00022367323009796251594690138165784785517,56.0,0.97475015431600960772455614128007455662,0.94040089755451827517410855674524081662
0.17999999999999999333866185224906075746,0.00042785480580430379937330913982643531317,51.0,0.97307194536760978779497473346822205124,0.9408303788618524326580006041918621523
0.19000000000000000222044604925031308085,0.00074946749660052911541647131667477115854,45.0,0.97127032663836760556628372428375309765,0.94121313249854064747180204906004335984
0.20000000000000001110223024625156540424,0.0012139657904104305872385926945930926256,41.0,0.96939458598618233732860321903413443281,0.94155414641966056288308152322220392647
0.20999999999999999222843882762390421703,0.0018373760336547314949982057199075488914,35.0,0.96743614576757927532929680064184364198,0.9418574498208549882702027668399288277
0.22000000000000000111022302462515654042,0.0026323900317447073414295066396068940961,31.0,0.96535403682073164790163321701992512004,0.94212627292298576215935214622124349973
0.23000000000000000999200722162640886381,0.0036058641636856689030634549705559150213,26.0,0.96321191951881280761114189888801629024,0.94236315893541625575975634840141481376
0.23999999999999999111821580299874767661,0.0047709221487730820562391317221992603288,21.0,0.96091254444227950631817092794489376783,0.94257003825015266839825158600323987654
0.25,0.0061350651908271230551329321820360921211,17.0,0.95855338070445360675499304953113344928,0.94273544076958413438851935700386509597
0.26000000000000000888178419700125232339,0.0077153650179642350703988735735063875157,11.0,0.95602369913497650527548192358752811683,0.94240960299198502011582866321141023264
0.27000000000000001776356839400250464678,0.0095138899787328703005235547463694249234,5.0,0.95340456928127118746321748276561509815,0.93996617740249741870246797696225842595
0.28000000000000002664535259100375697017,0.011536268171658476829918377188275020252,0.0,0.95062890617258980619847734455821890741,0.94313604163611361142640516615948340714
0.28999999999999998001598555674718227237,0.013796419617687026913160566226837605235,0.0,0.94769290346247713186968834382419836423,0.94321597530398874859536740742679030276
0.29999999999999998889776975374843459576,0.016321231781646265831853615176319785047,0.0,0.94465178916626037782345679717989960136,0.94327339911291024481997809829484295312
0.30999999999999999777955395074968691915,0.019058340284754885512911533639845429295,0.0,0.94137662940359164366289811232684170573,0.94330747525784931551657576558049136976
0.32000000000000000666133814775093924254,0.022047773446450758402456509730313705617,0.0,0.93798944685536982143020669874468475938,0.94331746467978365884984905520511948212
0.33000000000000001554312234475219156593,0.025341197813496930642734019020500418435,0.0,0.93440706097340908960222022610119200756,0.94330277454213940576954944484899908058
0.34000000000000002442490654175344388932,0.02882970726101126570841294840280400718,0.0,0.93057594635868402332124279095831362242,0.94326207028632404980741955535073671302
0.34999999999999997779553950749686919153,0.032653287132960906912805648923842287013,0.0,0.92656944312534990948443528076566625076,0.94319541160711301831314180458110101155
0.35999999999999998667732370449812151492,0.036733210002828303089927968583212719426,0.0,0.92236845154141059020639511020774040788,0.94309845055597164383282960254844661031
0.36999999999999999555910790149937383831,0.041078499943758655930574198212844338028,0.0,0.91789276815481261578433801760204920221,0.94297043680017587242286348218077298178
0.38000000000000000444089209850062616169,0.045797505734308890699581300444884658784,0.0,0.91313663490428180981545653217679066208,0.9428066160635588846748554431565227639
0.39000000000000001332267629550187848508,0.050825484378373012299062683011985603669,0.0,0.90809190731114335987287773157951796758,0.94260267248904158940237022627652199823
0.40000000000000002220446049250313080847,0.05611092645334957703838949524761823411,0.0,0.90278441172945165011636817783222469505,0.94235305783760663078875241075450163828
0.40999999999999997557509345824655611068,0.061781512875105298693684905756126442502,0.0,0.89718184184274285465076539758302104346,0.94205019217426375951589783747926586453
0.41999999999999998445687765524780843407,0.067841232801395682044387514379017299542,0.0,0.89122785081147083417850587646673781607,0.9416843869801364004037745745878042247
0.42999999999999999333866185224906075746,0.074300540545442138846113047251852925641,0.0,0.88490040434915655582531407671197579234,0.94124248263019080461765841881450637408
0.44000000000000000222044604925031308085,0.081177638661550269409923559296597397798,0.0,0.87817211382436770757662936649010682846,0.94070855162665244219923780865082053227
0.45000000000000001110223024625156540424,0.088499853103724872257258530172118549213,0.0,0.87100897055744856694068989777562948008,0.94005931077830974662991630303581963525
0.46000000000000001998401444325281772763,0.096305293108429076223501237012601809702,0.0,0.86341671590386471753883562818003672193,0.93926528488304716409802957922755445507
0.46999999999999997335464740899624302983,0.10464498110426866680951558555501603646,0.0,0.8553863062046483831357463946096931659,0.93828607705180739585983963849978446082
0.47999999999999998223643160599749535322,0.11358561454038221563461296417866555592,0.0,0.84681296763811361299552307009621191921,0.93706827004768182553245221674962276625
0.48999999999999999111821580299874767661,0.12294497557184877453057714803542086564,0.0,0.83762306816017786286697601743595952707,0.93553789852899897568737340994919254171
0.50,0.1330139856198359203427078782769359698,0.0,0.82785985273639323423650661988468363456,0.9335983373225426580995560209095321021
0.51000000000000000888178419700125232339,0.14382583260945271653403829168001673961,0.0,0.81748613203547304377958432431805413548,0.93111864583073598752837952121285685897
0.52000000000000001776356839400250464678,0.15524597032527570027388542629833745825,0.0,0.80634112269281591237667727015178850337,0.92792986202500297826198466298948651002
0.53000000000000002664535259100375697017,0.16753012328402877312933906091713149458,0.0,0.79451100122850531520364123807328405324,0.92381516012105960270697575056058452206
0.54000000000000003552713678800500929356,0.18069277900246950036370814887588081309,0.0,0.78187575915997643729801058377541072637,0.9184786089018345796505440529325288422
0.55000000000000004440892098500626161695,0.19463635775244530273637591450031624457,0.0,0.76833038007661562692167690237415685284,0.9115885859060822760572611841882519688
0.56000000000000005329070518200751394033,0.20959315795135365491813261228078643679,0.0,0.75385982626450040808402467502540916269,0.90280644583653105369019710785885219091
0.56999999999999995115018691649311222136,0.22561035799147489688702675734067711349,0.0,0.73842166255790820407324823034909320717,0.89177590310474284576038779173259550441
0.57999999999999996003197111349436454475,0.24277736042084273450765394541430963523,0.0,0.72193910316632314596796042401873111797,0.87814418480532493672403483767678105551
0.58999999999999996891375531049561686814,0.26105154954946935959761404955599150637,0.0,0.70429080779225846289003372639509075833,0.86158820050650282071131538921949155455
0.59999999999999997779553950749686919153,0.28061542082638513235892616028054389258,0.0,0.68539883424666457354450460454621706408,0.84184261021790250755357665923320194175
0.60999999999999998667732370449812151492,0.30152507708947482622615764759038066288,0.0,0.66527122711884787205362341264496015929,0.81872524843126723567209841825740634735
0.61999999999999999555910790149937383831,0.32388812942931272259529125630039120529,0.0,0.64379164978483163719785030888109794707,0.79215470188194060547572576501981606215
0.63000000000000000444089209850062616169,0.34772398175730660667978805701846503166,0.0,0.62084697571031043853359083415635014429,0.76215528395436083628016020682406180169
0.64000000000000001332267629550187848508,0.37316325372999823198512763257736512632,0.0,0.5963936582660817189451264112210707422,0.72884612654387599832575703348998743262
0.65000000000000002220446049250313080847,0.40020676901401252757822166886302487351,0.0,0.57043250274212109540188387793526257622,0.69241304160638979808061201066892458293
0.66000000000000003108624468950438313186,0.42895607200562935926997218102719065237,0.0,0.5428481231211894625714794723055002087,0.6530632054589256328288971131159729511
0.67000000000000003996802888650563545525,0.45945874325199007807766159518861614866,0.0,0.5136260696236411914917992547251699101,0.61096236301026895515833357213100223591
0.68000000000000004884981308350688777864,0.49164117898901100706850376067935798364,0.0,0.48275479949940478032845169186296377284,0.56615081587283599605782283459708007013
0.68999999999999994670929481799248605967,0.52556671436988513679490136113125736435,0.0,0.45034372029259690626032444854895289618,0.5184284450688598326968958800131780403
0.69999999999999995559107901499373838305,0.56111533742313248693670583511369627771,0.0,0.41633827408678572170988158463021402778,0.46720615466713896632674593246907188815
0.70999999999999996447286321199499070644,0.59822951920131659854456222197129489641,0.0,0.38088978943611795558400427155014652785,0.41141235824555408968079026176952965999
0.71999999999999997335464740899624302983,0.63669471314380516177010908375575136162,0.0,0.34415797964684388860318786556787822122,0.34982936596582178268876315289558659391
0.72999999999999998223643160599749535322,0.67630262612674484632129970851673011538,0.0,0.30639460097159560896140679179961804809,0.28246000198822470089040446462169855157
0.73999999999999999111821580299874767661,0.71741654732673648388329368619187044989,0.0,0.2675627721779918016125400602684270234,0.21261403750026451361311184745869113628
0.75,0.77199984657708268999922235160428043459,0.0,0.2168644849398687495017798040719541913,0.14731972075260583909441522613428138547
0.76000000000000000888178419700125232339,0.83464454929881683107369938432520142087,0.0,0.15785847701168307682766940753263945448,0.094005743081880826671031878344558721967
0.77000000000000001776356839400250464678,0.89110844455990399073219440020989660249,0.0,0.10412858109760160184532024503847510093,0.056065707282550876971822038890676067201
0.78000000000000002664535259100375697017,0.93326955660671687403157027312325879446,0.0,0.063774609761442707801125935588527702715,0.031978138522426770175537246820429010612
0.79000000000000003552713678800500929356,0.96083083699146581750662513861449557367,0.0,0.037345058252920960790538327029852086151,0.017853692804630528812857770014165473501
0.80000000000000004440892098500626161695,0.97740394910824434736838472885484853204,0.0,0.021468124209624839297954279360369918626,0.0099492749572211872018235273375080404116
0.81000000000000005329070518200751394033,0.98692558470695846246364100086469017561,0.0,0.012371553878276008958612979038510630506,0.0056199496445830165331199960039311889825
0.81999999999999995115018691649311222136,0.99229256646906023953555831365841854494,0.0,0.0072631379459809166999868175465976409266,0.0032579410542088960286700791753684053612
0.82999999999999996003197111349436454475,0.99531429028142314962188232670401543422,0.0,0.0043988279941646535889519241392884624902,0.0019584142151161373526075427415703467258
0.83999999999999996891375531049561686814,0.99691334921272191558071321054784067247,0.0,0.0028967580240832830936996884664530178776,0.0012754270833006095510394386748861730296
0.84999999999999997779553950749686919153,0.99762865295568076144690814541605176869,0.0,0.0022295283346989095863234921064171964097,0.0009818866862503411255494460801998947129
0.85999999999999998667732370449812151492,0.99804023251767066987089324168510182768,0.0,0.0018460786775997052900760816305892367094,0.0008185762196642184387836128279691113939
0.86999999999999999555910790149937383831,0.9983126210140099428134921147571872632,0.0,0.0015926902676703746135452475175820598321,0.00071290403003387638268247778986754028394
0.88000000000000000444089209850062616169,0.99850694333674186788303325077428974155,0.0,0.0014122624199529740136540013388357868697,0.00063916580121936391861642501755669194413
0.89000000000000001332267629550187848508,0.99865173294736822104091885194315285047,0.0,0.0012780659641894078273638042170280772939,0.0005856785029867608644541607538397609389
0.90000000000000002220446049250313080847,0.99876218459528684966987009501705393259,0.0,0.0011761806158433429532419612118663985135,0.0005466236072840314721863837829598287495
0.91000000000000003108624468950438313186,0.99884666221203445871388263406959084248,0.0,0.0010988062346199316246226324898512748827,0.00051921535608227747375893015948822551952
0.92000000000000003996802888650563545525,0.99890927922144067357386456209020725097,0.0,0.0010423828337175926329655174447793334179,0.0005031099924539602916203198327294498493
0.93000000000000004884981308350688777864,0.99895026201031330664593781806239141561,0.0,0.0010072122356044999908227078719480404201,0.00049890910166111399278566916775141060684
0.93999999999999994670929481799248605967,0.99896655111686655988659185960977130962,0.0,0.00099722479602430736315836008485899152176,0.00049682041783344106389009839519269465862
0.94999999999999995559107901499373838305,0.9989756742147550299976178744917144519,0.0,0.00099263855285168259669891824754639118067,0.00049475095579209485926768418251980988551
0.95999999999999996447286321199499070644,0.99898058816090030376517693437533669489,0.0,0.00098809430092531789545976451038940506762,0.00049270045141040202155024680952449387306
0.96999999999999997335464740899624302983,0.99898510441512065996238193756353424344,0.0,0.00098359146617096597987237431279929585104,0.00049066864537878007319383253904953844176
0.97999999999999998223643160599749535322,0.99898957775100892686880802294083240268,0.0,0.00097912948493135110090114566433221711406,0.00048865528309541941115196044102189722789
0.98999999999999999111821580299874767661,0.99899400877624521088004279145376955384,0.0,0.0009747078037309571808378217044419545222,0.00048666011455992883528336965195838190603
1.0,0.9989983980871119595023325664678742891,0.0,0.0009703258790471605120325260031408593543,0.00048468289426985132474577741901915229734
