value,sup,dur,Y,S
0.0,3.5402202832773760802876312902124055102e-58,108.0,0.99608547830263100926629743163630466075,0.26949632711198441033307571867437365597
0.010000000000000000208166817117216851329,2.2993965923965566072487955073895172893e-53,106.0,0.99279313165948753114941194609798276168,0.26756610413916582767227855724133466655
0.020000000000000000416333634234433702659,3.7543937255956581451067650117890220758e-49,105.0,0.990086248749786534738077271253854229,0.26600507869603178206083342466246547555
0.029999999999999998889776975374843459576,2.0966536086931740033790218008407288801e-45,103.0,0.98741045061869619654830104266652771816,0.26480245563929269318859011304848015054
0.040000000000000000832667268468867405318,6.2468032436604988540457739131406681586e-42,101.0,0.9846414123464587239151192710426701203,0.26402337635873108880641985559636531063
0.050000000000000002775557561562891351059,1.221416193236570365402620828712255635e-38,98.0,0.9817175972672931931952278917195417649,0.26365568150194680305918073317227220047
0.059999999999999997779553950749686919153,1.736588949743205278487622478812563347e-35,96.0,0.97859138275875959401860051108607335149,0.26381830136701563179814887905517677321
0.070000000000000006661338147750939242542,1.8986721285696819622732893442264572826e-32,93.0,0.97522521379468346159820532759869120687,0.26454536552186034846655245558806724341
0.080000000000000001665334536937734810635,1.6486533334860976197894200432645619448e-29,91.0,0.9715846037299571677746250149889339446,0.26603429930544268786643065415750261226
0.089999999999999996669330926124530378729,1.1583911276958756019754669309448957652e-26,87.0,0.96760920970353661998055316600356228799,0.26852443250125582320319732040590264126
0.10000000000000000555111512312578270212,6.6526809360642936420266527075789554705e-24,84.0,0.96325866527150772877114147191085517345,0.27191346627766472114206035874090277676
0.11000000000000000055511151231257827021,3.1353394980069807437880441614515870979e-21,80.0,0.9584782328833941411665170969959890126,0.27528843477221317701107376649166294431
0.11999999999999999555910790149937383831,1.2117568383102008142847996790561248253e-18,75.0,0.95317922403247258821165441428595163462,0.27811390328774328478843715896333737825
0.13000000000000000444089209850062616169,3.8227983647851702062462110074156834597e-16,70.0,0.94727861459257431351055063178708972118,0.28019203501887610461409583719888895252
0.14000000000000001332267629550187848508,9.7642930328193682249649107592260960503e-14,64.0,0.94066676492114326454599073373205967573,0.28144822178733779648306373414350801114
0.14999999999999999444888487687421729788,1.9960872258346814305455049666599560735e-11,58.0,0.93320791242306947208848022869301637667,0.2817929337306982360797703520479204089
0.16000000000000000333066907387546962127,3.2155751396725699891323428253845736758e-09,50.0,0.92470641675310645995709822485232218682,0.28113188473283553697603812971941092968
0.17000000000000001221245327087672194466,3.9777280505491424963189678781842816492e-07,40.0,0.91491514404460329080866495811971804504,0.279307490156900829718087892163583206
0.17999999999999999333866185224906075746,3.4779261593739929213181921407009509434e-05,28.0,0.90351348597781297433188279617121758479,0.27033642268769856539264938357929096193
0.19000000000000000222044604925031308085,0.001530626626178086337680106884119881353,13.0,0.89000125141612405419452578802431301936,0.24533021801936014629115193353183008898
0.20000000000000001110223024625156540424,0.01926643151022872993200407131832158488,0.0,0.86665088315596736623628982269793671074,0.20179674394537638368205755533236904697
0.20999999999999999222843882762390421703,0.087575498148475571572163440690268999848,0.0,0.80379247904334325152581161035036083625,0.1440254039387515221326900504414932596
0.22000000000000000111022302462515654042,0.23815161346373999519195823127274397272,0.0,0.6722370342016249339514656020627384809,0.085535638945745624896853715701136197579
0.23000000000000000999200722162640886381,0.46065965664982174546529547220874453466,0.0,0.47700423345255617914053916239737993215,0.042130944344434848805632736642360756435
0.23999999999999999111821580299874767661,0.67788893808884574898248913338314059059,0.0,0.28466245036868269279857983996105943432,0.018253780760926356730094048571862882996
0.25,0.82690944996736967179459957847426009774,0.0,0.1523172802473463797334483797849870955,0.0075804037011213975668017578784493260481
0.26000000000000000888178419700125232339,0.90929199084565407504140587450046259065,0.0,0.079355266403296057189448309868575750817,0.0032232447967700453805943804885900919027
0.27000000000000001776356839400250464678,0.95091612713574790051176959889950259863,0.0,0.042691431804965870608865376579697562013,0.0014632560623055160457151196180346201868
0.28000000000000002664535259100375697017,0.97093630151583428632139889065457249487,0.0,0.025194826612791925452661524156447302844,0.00084088536136320557956054477009352308175
0.28999999999999998001598555674718227237,0.97865482903663699449958492166363886595,0.0,0.018501340484145948606985399839446488895,0.00072835317290050416061202270040504145951
0.29999999999999998889776975374843459576,0.98283790745083742318485624153160244083,0.0,0.014874669158081505802600720915781447439,0.00072109588323143948551253138734870262704
0.30999999999999999777955395074968691915,0.98556908687766451324890571067557102865,0.0,0.012507115003971564386234168974608938496,0.00071671565466816090839991573099608449644
0.32000000000000000666133814775093924254,0.98752306469134019569912517402868233286,0.0,0.010813707432733617784524115241029589742,0.00071239219256477489996182087947340811197
0.33000000000000001554312234475219156593,0.98900089979841931572972837411731880097,0.0,0.0095326990297343307918344663476119155229,0.00070812440051119143361841430794005420912
0.34000000000000002442490654175344388932,0.99016298044656481612185021641265781244,0.0,0.008525181874465793507992492028332426688,0.00070391121015203727930258766866073062312
0.34999999999999997779553950749686919153,0.99110394542864572593076334504575298515,0.0,0.0077100579161411342353912794879684354646,0.00069975158029503673596919881422680954195
0.35999999999999998667732370449812151492,0.99188207727517530382184678843674964856,0.0,0.0070357072915820621537971217344605211005,0.00069564449605318180660665668017432217244
0.36999999999999999555910790149937383831,0.99253798151162565757967196120470143281,0.0,0.0064672413064456336563319447273581512146,0.00069158896801920760084745756655594650817
0.38000000000000000444089209850062616169,0.9930984302366015217456047110251302298,0.0,0.0059817708682567545973446642987228157269,0.00068758403147096202065339032111576665996
0.39000000000000001332267629550187848508,0.99358354296129483901204923408138018836,0.0,0.0055618201396072972870020332322679568779,0.00068362874560632953852799749880461749101
0.40000000000000002220446049250313080847,0.9940073247048972245923135133331824049,0.0,0.0051943351596494245003112544389450707128,0.00067972219280643445853956069416916453245
0.40999999999999997557509345824655611068,0.99438164384168770494755869213773889296,0.0,0.0048706060264256210050529035552462424264,0.00067586347792591166050937162976164812882
0.41999999999999998445687765524780843407,0.99471367463905719655864391716672085007,0.0,0.0045830439593554644005345927539738237848,0.000672051727609091662540841197827858957
0.42999999999999999333866185224906075746,0.99501087316108091236077838518853100368,0.0,0.004325629241149781909201643637513165558,0.00066828608963100308076533683475614161489
0.44000000000000000222044604925031308085,0.9952785687299268505180249790999665055,0.0,0.004093874227298259978943964583966555012,0.00066456573226214759211109438834941579418
0.45000000000000001110223024625156540424,0.99552105412301705827676994868756177588,0.0,0.0038840488033626256468153094787239448376,0.0006608898436560531934790862858930392848
0.46000000000000001998401444325281772763,0.99574090408246640868866655210379880074,0.0,0.0036930239454232130733093443251587402603,0.00065725763125865836691438017534898803847
0.46999999999999997335464740899624302983,0.99594181911521929035350452443481899497,0.0,0.0035192759546255582675503511089895285983,0.00065366832123862468559818927063705262767
0.47999999999999998223643160599749535322,0.99612643942071667648846586903441123935,0.0,0.0033597692844749764449046656361290501964,0.00065012115793771762502654254805557577666
0.48999999999999999111821580299874767661,0.99629637499868275154046838325067445958,0.0,0.0032124872941949253408157000492052681622,0.00064661540334043592423260321541904554791
0.5,0.99645271910749651153832515168824076343,0.0,0.0030771644926751194596510527312821514021,0.00064315033656210721071208695596382588301
0.51000000000000000888178419700125232339,0.99659840452244949468978363794081117768,0.0,0.0029515329290609728675341883569372919467,0.00063972525335470438960066146857689235871
0.52000000000000001776356839400250464678,0.99673263714393063133688372531499267263,0.0,0.0028348768801248248317585718052489215942,0.00063633946562967110395565502114707820292
0.53000000000000002664535259100375697017,0.99685859601840578189217626627674353859,0.0,0.0027263994160404768566202143797393788172,0.00063299230099707718190107536600558366182
0.54000000000000003552713678800500929356,0.99697522107007725981509553561765393385,0.0,0.0026250508891229210458933780078985982507,0.00062968310232045577791473121180885442419
0.55000000000000004440892098500626161695,0.9970853494167246863436067923059327688,0.0,0.0025302658417104902507481380190101162808,0.00062641122728670316327670203521833247561
0.56000000000000005329070518200751394033,0.99718744366030249508139805094897844443,0.0,0.0024416242819958855276784299720105283006,0.0006231760479904498923117793016598314431
0.56999999999999995115018691649311222136,0.99728409747951186299610340609999144339,0.0,0.0023578173749731052824726446232245822764,0.00061997695053233848417981966491696101717
0.57999999999999996003197111349436454475,0.99737477140795877762951461542315736503,0.0,0.0022798493119063370256553234752903249504,0.00061681333463066757362965680978562149031
0.58999999999999996891375531049561686814,0.99746005250321117208737034925057226216,0.0,0.0022057543648073905672770176107572438518,0.00061368461324588704555744647699322848194
0.59999999999999997779553950749686919153,0.9975411874303789841267909242272796561,0.0,0.002135951906009402206503926848833689767,0.00061059021221745006784024787810642373989
0.60999999999999998667732370449812151492,0.99761712645208766232940822630839926338,0.0,0.0020702747247746516264798382903333467397,0.00060752956991255071109485729995066396359
0.61999999999999999555910790149937383831,0.99768923923212636003982334440003975476,0.0,0.0020076276733534376860721052978122133551,0.00060450213688629557527093244242034705468
0.63000000000000000444089209850062616169,0.99775809437537076597389108398871416431,0.0,0.0019484719017644961113515275425285644556,0.0006015073755528775769561844741490859311
0.64000000000000001332267629550187848508,0.99782278874638908270002895942642110829,0.0,0.001892594793072303217254562279177788918,0.00059854475986733855876436530821495638826
0.65000000000000002220446049250313080847,0.9978843467060240949033582688893897725,0.0,0.0018391143737665688029936948932307209807,0.00059561377501752503447821559838621330812
0.66000000000000003108624468950438313186,0.99794331853341380468671842694241900842,0.0,0.001788134236101300942864425574148212831,0.00059271391712585819232022739895197860941
0.67000000000000003996802888650563545525,0.9979993525122988345587989979532623306,0.0,0.0017402043196671499398734547253327839324,0.00058984469296055528838246422778191944434
0.68000000000000004884981308350688777864,0.99805230801085786299513520391591125292,0.0,0.0016941861347534420288702807765536770438,0.0005870056196559548148459193230868912745
0.68999999999999994670929481799248605967,0.99810319432051736179095995973137012754,0.0,0.0016499830505606608350154396830909342999,0.00058419622444161239375688084468539410694
0.69999999999999995559107901499373838305,0.99815211416901852689286094667321613427,0.0,0.0016081500811970338235693426038601893144,0.00058141604437984798453914016494910325151
0.70999999999999996447286321199499070644,0.99819834370418638923608607167440397733,0.0,0.0015683063935836296602748812473720999445,0.00057866462611143885686068747715088507413
0.71999999999999997335464740899624302983,0.99824250675338255369098777945643515982,0.0,0.001529924433934487467512327456122685279,0.00057594152560916428777541369655850330337
0.72999999999999998223643160599749535322,0.99828508245437870726463403569548742344,0.0,0.0014929362572262609608709487435079101759,0.00057324630793892105214257441754322822124
0.73999999999999999111821580299874767661,0.9983261432740464191918504804622466645,0.0,0.001458028025374296475970464469146482115,0.00057057854702813958558524067679517459912
0.75,0.99836489774321606385259851926464643653,0.0,0.0014245598632510050928904578041883365296,0.00056793782544124186211369561773717538597
0.76000000000000000888178419700125232339,0.99840209080509157036418919753920099717,0.0,0.0013922208798591029611903571083248298634,0.0005653237341618924442734625680919377461
0.77000000000000001776356839400250464678,0.99843805467704488761136825085163287342,0.0,0.0013609628916553080730342125665191994203,0.00056273587238180413905370096096868836282
0.78000000000000002664535259100375697017,0.99847284086356281324582778846604659156,0.0,0.0013314882648359538094547498890308885578,0.00056017384729586922000304504344098207819
0.79000000000000003552713678800500929356,0.99850566556043258933923599171042214651,0.0,0.0013031575156832052207301489656567308776,0.00055763727390339627730739671803761181927
0.80000000000000004440892098500626161695,0.99853721016164376918658434207269518262,0.0,0.0012757041082034875616333887893484472857,0.00055512577481524145403825050295670985504
0.81000000000000005329070518200751394033,0.99856779839134695781353932271685274179,0.0,0.0012490937857614101740223451104229082587,0.00055263898006663113829250921810590255209
0.81999999999999995115018691649311222136,0.99859746690447824167920177517759863497,0.0,0.0012241393082662408283275756678258805999,0.00055017652693548115356008457626466362138
0.82999999999999996003197111349436454475,0.99862526316437798351122147625387625784,0.0,0.0012000461108963265097287304198737772957,0.00054773805976602489609563386590599862271
0.83999999999999996891375531049561686814,0.99865211803525864073583517745627866573,0.0,0.001176634686156724804310648596161564629,0.00054532322979757070671114472083729447708
0.84999999999999997779553950749686919153,0.99867822968107150581608849857836431163,0.0,0.0011541263638558933981231881766132030731,0.00054293169499821475858888507625364124624
0.85999999999999998667732370449812151492,0.99870321020094269519125228176514232602,0.0,0.0011330832908175596963836372227533725163,0.00054056311990334335028426522417694629812
0.86999999999999999555910790149937383831,0.99872664537849070565407752817656029413,0.0,0.0011125835039634596643627950651203230317,0.00053821717545876428193018212261965647999
0.88000000000000000444089209850062616169,0.99874948976514958862805291003648066716,0.0,0.0010927214724966919317600107785884282576,0.00053589353886831327651541450913308646321
0.89000000000000001332267629550187848508,0.99877127040781510620175184237070295396,0.0,0.001074551302156082908289445115123502384,0.00053359189344578721301576887364085259601
0.90000000000000002220446049250313080847,0.9987914445832766285370473192289258159,0.0,0.0010568026319268165338750698384463922488,0.00053131192847106152331342589830936619745
0.91000000000000003108624468950438313186,0.9988111627927242954278235853451385198,0.0,0.0010403971795085957998461138238453510746,0.00052905333905025445436316032902287301162
0.92000000000000003996802888650563545525,0.99882861171089199865516796849653264847,0.0,0.00102507419782796207161744644912241775,0.00052681582597980602194804423464665691972
0.93000000000000004884981308350688777864,0.99884550053611623127711797450157249378,0.0,0.0010114938139325775857869825268814522041,0.00052459909561434439304448584616229182598
0.93999999999999994670929481799248605967,0.99885946586610095041473988653645766632,0.0,0.00099971871969971668770458246821901001894,0.00052240285973821716445950382758391635158
0.94999999999999995559107901499373838305,0.99887303069913460677271320188669208142,0.0,0.00099164895454253841598376177116580362034,0.0005202268354405693467564382723368798794
0.95999999999999996447286321199499070644,0.99888315981374890217067334174312302035,0.0,0.00098710922399345282039822063999773411998,0.00051807074499385469899632946803303052084
0.96999999999999997335464740899624302983,0.99889261574344525601148001342966135566,0.0,0.00098261086944826436958254153128276252582,0.00051593431573567035499575710775701923032
0.97999999999999998223643160599749535322,0.99890194505425772673114418811034805681,0.0,0.00097815332780941545833153626930758455739,0.00051381727995380951430836785731186939649
0.98999999999999999111821580299874767661,0.99891115002971667755251377434069803144,0.0,0.00097373604615100743260584913062639270078,0.00051171937477443027485513656301335846413
1.0,0.99892023290181550142844057748423442539,0.0,0.00096935848149016011276791601596038450863,0.00050964034205324251763548634285696157112
