value,sup,dur,Y,S
0.0,8.2066703180748318136483688871510043429e-77,108.0,0.99608517062250971376375689442954661903,0.26945857525651123824616849868608101657
0.010000000000000000208166817117216851329,7.9864050899560113755480975009456565689e-72,107.0,0.99279234240637454309162127253731925999,0.26755604255739707934056438826177749655
0.020000000000000000416333634234433702659,2.2174132177494600651762870045325834881e-67,105.0,0.99008516352418744203101529291327071852,0.26599599688380810825326314064354229631
0.029999999999999998889776975374843459576,2.2835100889978228771684941138195474006e-63,104.0,0.987408662177072201904433010861766326,0.26480055857240769206354568099986737361
0.040000000000000000832667268468867405318,1.3473885352793902477143904881577686043e-59,102.0,0.98463640511137841619474686646399632299,0.2639849699297719662499317224938011397
0.050000000000000002775557561562891351059,5.6233964877214110322500641167734489145e-56,100.0,0.98170970848096901861487694044921338455,0.26366308422206095789092031947627448819
0.059999999999999997779553950749686919153,1.8541767244566469308116353478240444174e-52,97.0,0.97858838795562641653211880459681251582,0.26379356016525210907644830887376268797
0.070000000000000006661338147750939242542,5.1640105148049886854747488234498457555e-49,95.0,0.97522256243098428912028457175144256155,0.2645333230294901336232814185840135763
0.080000000000000001665334536937734810635,1.2721053059739324270717613894824561844e-45,92.0,0.97157118692130535102557457436890571323,0.26601649790263072956595504919743233875
0.089999999999999996669330926124530378729,2.8732527147158344077322350770026788503e-42,89.0,0.96759643136514068401837583696763527351,0.26851939898874983626834842742156363697
0.10000000000000000555111512312578270212,6.1413421804208264043323421531539674669e-39,86.0,0.96324359918077717730810898400738136396,0.27190936837029704754859200896825902839
0.11000000000000000055511151231257827021,1.2814041642783604158988636731648274566e-35,82.0,0.95845199073858592556092545579976916739,0.2752916779227493873539529699297589928
0.11999999999999999555910790149937383831,2.6996270140381796565510271294958325668e-32,78.0,0.95314117695990713041553797904456923983,0.27811459433035217572149162386495055777
0.13000000000000000444089209850062616169,5.9763745608040419754255183512515145198e-29,73.0,0.94723951055710065459747373789652444787,0.28018913135237818558421827033015774676
0.14000000000000001332267629550187848508,1.46221145880017891234267523829160767e-25,68.0,0.94061029137205296720035933571797738997,0.28143839569598898825944419175115546601
0.14999999999999999444888487687421729788,4.2303856819709142131702063858636444801e-22,61.0,0.93313302006189262932241396211280007805,0.28178042305147978654120029594587720035
0.16000000000000000333066907387546962127,1.5896358030976696429744051306254400057e-18,54.0,0.92460741491937412876018005382398287144,0.2811088127538666773066808416350777758
0.17000000000000001221245327087672194466,8.7738551568659400823572919226961555936e-15,45.0,0.91478192992016320637121623334124786091,0.27794891699571980156042850076945554055
0.17999999999999999333866185224906075746,7.7377459323604547131189573461482707268e-11,35.0,0.90332034525841337594207753252416074889,0.26251054747995364735242787336542409407
0.19000000000000000222044604925031308085,7.8436010848500993847598251409360136854e-07,22.0,0.88843167488682832365185642090116354256,0.22909585823887179096215201372612023365
0.20000000000000001110223024625156540424,0.0017014878370090116469265540233840587048,6.0,0.84929923742874491026891823385604904937,0.17763247726649040710611022557355080975
0.20999999999999999222843882762390421703,0.068994915426292038256918804902955455626,0.0,0.75471525377983034068729618235859893424,0.11667763167391330937149160020087922542
0.22000000000000000111022302462515654042,0.27252474228750210286784184520497857755,0.0,0.58409754881579783055371249658530770295,0.063046096972996642648727105113183296044
0.23000000000000000999200722162640886381,0.53127890849234947762917455481470581385,0.0,0.37566694272290259014040629486735449037,0.028724655465656643415231771269084379283
0.23999999999999999111821580299874767661,0.74128710562351704153031727520998137645,0.0,0.20653435094077274933271566099686760891,0.011925776023289873852866865277432496471
0.25,0.86718081780965567757533013152312163865,0.0,0.10535564509747122031218857037852885432,0.0048788739959582042427376592773052703718
0.26000000000000000888178419700125232339,0.93176438564945134676935468622176291481,0.0,0.053742290523888607304916536769895707305,0.00207113517044187043279861982324875411
0.27000000000000001776356839400250464678,0.96327227179705212274710474545435291777,0.0,0.028737028713183057515829584023133463679,0.000943782719215207370395994404656114404
0.28000000000000002664535259100375697017,0.97775081509026876299147376627019361807,0.0,0.017360050986965367363520922807356176133,0.00057741372098689399269756724596922436266
0.28999999999999998001598555674718227237,0.98338835445633527519301105289162425773,0.0,0.01296120343352580168176274469105667686,0.0005026069829530095106073590004933962639
0.29999999999999998889776975374843459576,0.98652657584408282759170168073560634185,0.0,0.010512790081016130994259994150485586508,0.0004974870050995319267457407688812782056
0.30999999999999999777955395074968691915,0.98859012648981902784054081290159979256,0.0,0.0089030661985592298846310871399895985096,0.00049446508218240742135073326956435593466
0.32000000000000000666133814775093924254,0.99006965491159857438133226244063662357,0.0,0.0077495095279172391117978859662621087779,0.00049148232231994063329343509207875886544
0.33000000000000001554312234475219156593,0.99119006487816307680438585106558056894,0.0,0.0068757530005519082159064710902383671515,0.00048853796910446647414978465830165701475
0.34000000000000002442490654175344388932,0.99207130729797819496985029973169066074,0.0,0.0061881437482495903870867449760233278035,0.00048563128548304233271323467717535820347
0.34999999999999997779553950749686919153,0.99278510015059381506023829882522111938,0.0,0.0056317148928413412561466884485001249846,0.00048276155314232973215717448911547858135
0.35999999999999998667732370449812151492,0.99337567623665039336356127463877559023,0.0,0.0051711333978359559056953378741897859533,0.00047992807191678685516357710718833624851
0.36999999999999999555910790149937383831,0.99387348364395180657954098687359022669,0.0,0.0047828167557430689819224800784271255966,0.00047713015921914800198943765540890078218
0.38000000000000000444089209850062616169,0.99429911002337794224998144272590627256,0.0,0.0044511332212197549731820925195711787095,0.00047436714949221659422635809684003421467
0.39000000000000001332267629550187848508,0.99466785630066384820959036147960844484,0.0,0.0041641058562805477228578614519773200656,0.00047163839368104714882054292956051943564
0.40000000000000002220446049250313080847,0.99498970722127202243748930582495332591,0.0,0.0039127069154031256274473802092118710252,0.00046894325872463688986384561795053695732
0.40999999999999997557509345824655611068,0.99527425693912244978933006765267368429,0.0,0.0036912116354857691825593472323088847736,0.00046628112706629085916394061288681812853
0.41999999999999998445687765524780843407,0.99552738756203701710270168989727853882,0.0,0.0034942845501617841180923125424618126064,0.00046365139618186497562804841750570698289
0.42999999999999999333866185224906075746,0.99575377044983269358035999018555687159,0.0,0.003317869115466230142166279588016501631,0.00046105347812513029497731900256923851483
0.44000000000000000222044604925031308085,0.99595778103363852967825014701961581916,0.0,0.0031589095937858102380240057892657913947,0.00045848679908953761370570898720964622683
0.45000000000000001110223024625156540424,0.99614230626478084077900755722195712346,0.0,0.0030148581109888641075543950639979312512,0.00045595079898569652963654528252237659034
0.46000000000000001998401444325281772763,0.99631025255168596917426014339395814067,0.0,0.0028835692304571142750811373800595106304,0.00045344493103391536906434662221993286292
0.46999999999999997335464740899624302983,0.99646396963203848191457856749732204818,0.0,0.0027640817122577990563510523668450614488,0.00045096866137117938357845975544503140798
0.47999999999999998223643160599749535322,0.99660547441568110992607428525336342531,0.0,0.002654278476928703914320037381371861955,0.00044852146867197375306226927098007988562
0.48999999999999999111821580299874767661,0.99673519818810547470306952453811213364,0.0,0.0025527260729841518894834628920023764629,0.00044610284378238592712635875542006610734
0.50,0.99685532700918920671714440802607222678,0.0,0.0024593673038472279387145313767931634425,0.00044371228936694761729613307432581592555
0.51000000000000000888178419700125232339,0.99696700334025414325058388948934467722,0.0,0.002372571203447682869612310212491100418,0.00044134931956770213091677858028356797688
0.52000000000000001776356839400250464678,0.99707028039028466008515070034323458151,0.0,0.0022918665719370681907792425969036403409,0.00043901345967500606011066988368081607168
0.53000000000000002664535259100375697017,0.99716720945890773705957509183287141696,0.0,0.0022167504739229198633197448278851752028,0.00043670424580959683544642259439811758374
0.54000000000000003552713678800500929356,0.99725710485872149713292268081532653559,0.0,0.0021464577035087517036105517711752584174,0.00043442122461547889652037972112489252452
0.55000000000000004440892098500626161695,0.99734182976151563352741230529091887522,0.0,0.0020806375869730824245835298687062527798,0.00043216395296320140917038676084952485537
0.56000000000000005329070518200751394033,0.99742105646502928956159952557748195823,0.0,0.0020190190710517496945612575175571664441,0.00042993199766311961820957328209346122359
0.56999999999999995115018691649311222136,0.99749555692631279824942657142248164687,0.0,0.0019606099701707712986422239076512569535,0.00042772493518825014653915294124324681995
0.57999999999999996003197111349436454475,0.99756628100759754205950654728493803451,0.0,0.0019063068982356061811717714306597972421,0.00042554235140634767002825523844495321759
0.58999999999999996891375531049561686814,0.99763211086729266048682182837669335975,0.0,0.0018545421207076636709376198884490136983,0.00042338384132084734208522727049360006444
0.59999999999999997779553950749686919153,0.99769494629223635799097106120024640328,0.0,0.0018057268900643646723609010696680254367,0.00042124900882033210507778946626106012121
0.60999999999999998667732370449812151492,0.9977544896375786385013835571256882721,0.0,0.0017597717328847557330393566516973847534,0.00041913746643619973731883923389332268441
0.61999999999999999555910790149937383831,0.99781039026189390415523644204403779684,0.0,0.0017158006843457293220072912723464887156,0.0004170488351082180965999102806926199099
0.63000000000000000444089209850062616169,0.9978639421782530476121724826202511664,0.0,0.0016742538892635379791106748943318684038,0.0004149827439576706354089728937045872178
0.64000000000000001332267629550187848508,0.99791500205609050049929068509655978999,0.0,0.001634991877969842596038710187699689622,0.00041293883006780703099515243264423361984
0.65000000000000002220446049250313080847,0.9979628924262905953529056329474428514,0.0,0.0015972957809810590515909762518521416871,0.00041091673827132595148853662623964256542
0.66000000000000003108624468950438313186,0.99800892444518253869267419966003182722,0.0,0.0015612902160345746013055761848566247275,0.00040891612094462857534396894995374442757
0.67000000000000003996802888650563545525,0.99805319160385093370107333298990229333,0.0,0.0015274904970270853714334429761000442719,0.00040693663780859252619354493311897607469
0.68000000000000004884981308350688777864,0.99809483318762593152981965542365949251,0.0,0.0014949350637099223853869326474060536519,0.00040497795573562640772675912867999606423
0.68999999999999994670929481799248605967,0.99813466623225404951071059072381273529,0.0,0.0014635646279273776020146706323962784005,0.00040303974856277517217395360715575218244
0.69999999999999995559107901499373838305,0.9981730891151605396460110047486269349,0.0,0.0014338996051608276015090282336222729444,0.00040112169691065596420910353114836201683
0.70999999999999996447286321199499070644,0.99821015329133634313954448883921957415,0.0,0.0014056307320695985492635115045159633147,0.00039922348800801364627833196378297402094
0.71999999999999997335464740899624302983,0.99824478241497561903150759548103948393,0.0,0.0013783105345329384279106070156474600764,0.00039734481552169315005858358855701935355
0.72999999999999998223643160599749535322,0.99827828235107757078670350450798767361,0.0,0.0013518977120677016978749928700756323977,0.00039548537939183484322129675325511948483
0.73999999999999999111821580299874767661,0.99831070100418448541471564066207606892,0.0,0.0013270360424316190312674436080734524944,0.00039364488567210655850395480094271901289
0.75,0.99834202197750477310017621451085841016,0.0,0.001303169173204999673869815156424782665,0.00039182304637479363319405675151494936737
0.76000000000000000888178419700125232339,0.99837129174094769172026605076485541771,0.0,0.0012800310385051341678244122591862321615,0.00039001957932057549279390852116781808184
0.77000000000000001776356839400250464678,0.99839969428169237986690850270594541383,0.0,0.0012575927514570868516408029407530610016,0.00038823420799282419450368483068760534451
0.78000000000000002664535259100375697017,0.99842726306558235160651270684753369921,0.0,0.0012365212049213481145229734044349906062,0.00038646666139626691884786653930337192193
0.79000000000000003552713678800500929356,0.99845399726120198107280731323710591662,0.0,0.0012162450975431180246575134868512337555,0.00038471667391986067663373131297461646287
0.80000000000000004440892098500626161695,0.99847885539830700603961141545922124656,0.0,0.0011965298160948539700358021041547427159,0.00038298398520373349799243507450259322279
0.81000000000000005329070518200751394033,0.99850304770975395757987585630650239602,0.0,0.0011773552287191900670131259990224458255,0.00038126834001005210425006761112153101796
0.81999999999999995115018691649311222136,0.99852659743444400982288269084060306549,0.0,0.001159502333760205373733667563907178169,0.00037956948809768156357380862520429974732
0.82999999999999996003197111349436454475,0.99854934965889653716644532110726990857,0.0,0.0011422389672549524354632509658177589697,0.00037788718410050754093682047045890296975
0.83999999999999996891375531049561686814,0.99857046162503651860974851466006190531,0.0,0.0011254047436435186989183033069584895104,0.00037622118740929716072599447705532549645
0.84999999999999997779553950749686919153,0.99859106684409978052904836335546897681,0.0,0.0011092211412815555977397059200399167267,0.00037457126205697863560744561556389898502
0.85999999999999998667732370449812151492,0.9986111811794162231271959922842724814,0.0,0.0010942450427159689226310430162639313769,0.00037293717660722506364025708073303747414
0.86999999999999999555910790149937383831,0.99862999284214110646540314072686906922,0.0,0.0010796013577462407485668651826662327678,0.00037131870404623178926516770611250592659
0.88000000000000000444089209850062616169,0.9986477918545290161104874012600678265,0.0,0.0010653890130020040235668182176199217978,0.00036971562167758105895059907959384575217
0.89000000000000001332267629550187848508,0.99866521337900696762550099873227932293,0.0,0.0010526509940968295080652211719494552765,0.00036812771102009170700665786869121276124
0.90000000000000002220446049250313080847,0.99868164812650417488646942607004965529,0.0,0.0010401596268074743357478889272610203394,0.00036655475770855546020472153877393391123
0.91000000000000003108624468950438313186,0.99869662520073038917644988954643179648,0.0,0.0010288315501360240555879627520531596155,0.00036499655139726514040718861560011418782
0.92000000000000003996802888650563545525,0.99871132603580639587514490718085411783,0.0,0.0010184278016847822073123236132824592239,0.00036345288566624358000368398010290575991
0.93000000000000004884981308350688777864,0.99872565214438808816110712199308375453,0.0,0.0010096209965754884445299326245049737856,0.0003619235579300854527637212513027265964
0.93999999999999994670929481799248605967,0.99873759787926259898239847927789318643,0.0,0.0010024986659110644769778863309617080479,0.00036040836934932748632703758702105149249
0.94999999999999995559107901499373838305,0.99874935843833703362840390989461644165,0.0,0.00099788819239284525671549468411465142693,0.00035890712474426551759542261343092750545
0.95999999999999996447286321199499070644,0.99876093767832554238063931459838773158,0.0,0.00099331993175102885141098032624824990584,0.00035741963251114018894620248816553829583
0.96999999999999997335464740899624302983,0.99877233935654100273174580459965051989,0.0,0.00098879330688440434627795324962372080723,0.00035594570454061535647435316784229116355
0.97999999999999998223643160599749535322,0.99878326356792579814787715499475210457,0.0,0.00098430775116360441195599473229245643241,0.00035448515613847661536966191078461646202
0.98999999999999999111821580299874767661,0.99879152314116292122921485342165106564,0.0,0.00097986270819465567206398534341392666421,0.00035303780594847962672246523661771711589
1.0,0.99879968120005018709909406049444927731,0.0,0.00097545763158890698337760534447799897971,0.00035160347587728057474410905024149061215
