value,sup,dur,Y,S
0.0,1.3068913787626856777742217139193297586e-100,130.0,0.99604126356473749881158068547698459313,0.88888399640339364567959965223036112804
0.010000000000000000208166817117216851329,7.2510825672800136409851289710375430455e-81,130.0,0.99457719893945308004026302692842769813,0.89623006338649124647383786612697492638
0.020000000000000000416333634234433702659,4.1139951309945768525594088585183806331e-77,130.0,0.99351900946687040617379234218882210235,0.9100045032237547129526159611610377355
0.029999999999999998889776975374843459576,4.6784007523162154327699967004539239618e-74,129.0,0.99250448447054528979086014311564456653,0.91772286720646046404193708878568173572
0.040000000000000000832667268468867405318,2.5447547815346557792072494855535188092e-71,129.0,0.99149468876652044642312710083353771709,0.92265433353022012289089715936679287961
0.050000000000000002775557561562891351059,8.9164095138519155526728428013075988584e-69,129.0,0.99047022856930752782020936420030726516,0.92617197616136845948824373760888300509
0.059999999999999997779553950749686919153,2.3182589596248705891485958722282765058e-66,129.0,0.98941793583855815648701462465904653208,0.92884339774930115896818255834949543468
0.070000000000000006661338147750939242542,4.8426447171071595218753326517829562182e-64,128.0,0.98832660453293880275558598575201358496,0.93095836927611716440838828255864829208
0.080000000000000001665334536937734810635,8.5403878818623967151051170189966025893e-62,128.0,0.98719969913949115850123764073756973814,0.93268200983813194279287077516539326982
0.089999999999999996669330926124530378729,1.3145017272281961373822951346961985246e-59,128.0,0.98604862060031348856587288471445038563,0.93411890807453816004276586798392065158
0.10000000000000000555111512312578270212,1.8075901792021716803626609632305727658e-57,127.0,0.98484199601008980471308833568335004685,0.93533237221888502033185801589773138886
0.11000000000000000055511151231257827021,2.2591905058674014428126775113534725816e-55,127.0,0.98356800149903202545225035763147257748,0.93637740056957185803722648865645952287
0.11999999999999999555910790149937383831,2.5999362031779573222990899590337624623e-53,126.0,0.98226089691136645342001353733963470621,0.93728060527696720978370832211779884495
0.13000000000000000444089209850062616169,2.7829406504686640508262046693531230439e-51,126.0,0.9809027693643423620621764365821603509,0.9380679398495889520306405572747938524
0.14000000000000001332267629550187848508,2.7927670919394795607055753996297440072e-49,126.0,0.97945699029735832909449587189037296079,0.9387624913308127316359043860505453764
0.14999999999999999444888487687421729788,2.6444290261872427990960562818904607717e-47,125.0,0.97796875941284141026019198748073255996,0.93937557980129648301067678369692772901
0.16000000000000000333066907387546962127,2.3749436817834636017904407401267956725e-45,125.0,0.97641738883925836206770270210624013593,0.93991851866545490588429285014271673896
0.17000000000000001221245327087672194466,2.03166576807724601452892235443392173e-43,124.0,0.97475015431600960772455614128007455436,0.94040089755451827517410855674524082188
0.17999999999999999333866185224906075746,1.6591636751795786055845689979407199979e-41,124.0,0.97307194536760978779497473346822204597,0.94083037886185243265800060419186214854
0.19000000000000000222044604925031308085,1.209088043064263327186432024981701307e-39,124.0,0.9712703266383676055662837242837530969,0.94121313249854064747180204906004336285
0.20000000000000001110223024625156540424,7.6702544344306289314335224548851444316e-38,123.0,0.96939458598618233732860321903413443281,0.94155414641966056288308152322220393324
0.20999999999999999222843882762390421703,4.2811162142794257965691537741018318589e-36,123.0,0.96743614576757927532929680064184364048,0.94185744982085498827020276683992882018
0.22000000000000000111022302462515654042,2.119656194038312557594083956565757235e-34,122.0,0.96535403682073164790163321701992511026,0.94212627292298576215935214622124349446
0.23000000000000000999200722162640886381,9.3518788456035573141453784734373926727e-33,122.0,0.96321191951881280761114189888801628949,0.94236315893541625575975634840141482053
0.23999999999999999111821580299874767661,3.700857952879406008328742582162126838e-31,121.0,0.96091254444227950631817092794489377084,0.94257003825015266839825158600323987804
0.25,1.3221214081606273314315102408060756284e-29,120.0,0.95855338070445360675499304953113344326,0.9427490184054640128884153591651784278
0.26000000000000000888178419700125232339,4.2692246922714720811385249004099022708e-28,120.0,0.95602369913497650527548192358752812586,0.94290338506268258335833249139633156461
0.27000000000000001776356839400250464678,1.2550468440249851623946947909721474554e-26,119.0,0.95340456928127118746321748276561509965,0.94303102350056810626336772243726195866
0.28000000000000002664535259100375697017,3.3601419424400805504638169509757178265e-25,119.0,0.95062890617258980619847734455821890741,0.94313604163611361142640516615948341015
0.28999999999999998001598555674718227237,8.2279395969534157324466497215499496473e-24,118.0,0.94769290346247713186968834382419836498,0.94321597530398874859536740742679030427
0.29999999999999998889776975374843459576,1.8485472802361644849529031663020944231e-22,117.0,0.94465178916626037782345679717989960361,0.94327339911291024481997809829484295839
0.30999999999999999777955395074968691915,3.8033381935983801893657627850669578539e-21,117.0,0.94137662940359164366289811232684170723,0.94330747525784931551657576558049137126
0.32000000000000000666133814775093924254,7.2036083844120574496033623823269331462e-20,116.0,0.93798944685536982143020669874468476841,0.94331746467978365884984905520511947986
0.33000000000000001554312234475219156593,1.2568838233043252886755345433138214164e-18,115.0,0.93440706097340908960222022610119200756,0.94330277454213940576954944484899908058
0.34000000000000002442490654175344388932,2.0143461669865567739886081366946116854e-17,114.0,0.93057594635868402332124279095831362768,0.94326207028632404980741955535073672055
0.34999999999999997779553950749686919153,2.9752437823063591507242585896922505322e-16,113.0,0.92656944312534990948443528076566625001,0.94319541160711301831314180458110101005
0.35999999999999998667732370449812151492,4.0491501554495273718222265706926771155e-15,113.0,0.92236845154141059020639511020774041089,0.94309845055597164383282960254844661783
0.36999999999999999555910790149937383831,5.0736131338363455400064306983809680085e-14,112.0,0.91789276815481261578433801760204920522,0.94297043680017587242286348218077298931
0.38000000000000000444089209850062616169,5.8330598422211564568919736297982905631e-13,111.0,0.91313663490428180981545653217679066659,0.94280661606355888467485544315652275563
0.39000000000000001332267629550187848508,6.1551747445806521019123655368698474261e-12,110.0,0.90809190731114335987287773157951796834,0.94260267248904158940237022627652200576
0.40000000000000002220446049250313080847,5.9507887162911420804008100810200581551e-11,109.0,0.90278441172945165011636817783222468979,0.94235305783760663078875241075450164128
0.40999999999999997557509345824655611068,5.2566970621632268104327889921521677408e-10,104.0,0.89718184184274285465076539758302104497,0.94205019217426375951589783747926586152
0.41999999999999998445687765524780843407,4.2286623093908200326029864879504025962e-09,97.0,0.89122785081147083417850587646673781607,0.94168438698013640040377457458780422245
0.42999999999999999333866185224906075746,3.0840446494573059570966684620462802806e-08,91.0,0.88490040434915655582531407671197579836,0.94124248263019080461765841881450637408
0.44000000000000000222044604925031308085,2.0274334555139610751076507364719361135e-07,83.0,0.87817211382436770757662936649010682771,0.94070855162665244219923780865082052701
0.45000000000000001110223024625156540424,1.1962912408722270513655747016911333134e-06,76.0,0.87100897055744856694068989777562948008,0.94005931077830974662991630303581963224
0.46000000000000001998401444325281772763,6.2919251857137018704921266653048417859e-06,68.0,0.86341671590386471753883562818003671817,0.93926528488304716409802957922755445959
0.46999999999999997335464740899624302983,2.9247787770070171784166119186052577178e-05,60.0,0.85538630620464838313574639460969316515,0.93819237815138014023379591211936403041
0.47999999999999998223643160599749535322,0.00011889603814247034162519041675173296997,52.0,0.84681296763811361299552307009621191771,0.93628118342018751137791791440177510253
0.48999999999999999111821580299874767661,0.00041738682042263667581185237118745793412,44.0,0.8376230681601778628669760174359595376,0.93286256275825726772425425181445621817
0.50,0.0012504514530656802717687083454089543854,36.0,0.82785985273639323423650661988468363456,0.92681646992739185399168679054061613691
0.51000000000000000888178419700125232339,0.0031709081810915141604753186443578517878,26.0,0.81748613203547304377958432431805413924,0.91620420556375368905397041348532044048
0.52000000000000001776356839400250464678,0.0068573518421938861292582888321526844907,15.0,0.80634112269281591237667727015178849886,0.89537850828547443743071645593097509667
0.53000000000000002664535259100375697017,0.012898103388899040390504210655806298786,0.0,0.79451100122850531520364123807328405098,0.92381516012105960270697575056058452658
0.54000000000000003552713678800500929356,0.021557131160489280994438163331434131521,0.0,0.78187575915997643729801058377541072261,0.9184786089018345796505440529325288407
0.55000000000000004440892098500626161695,0.032848726686355826047284225721529635847,0.0,0.76833038007661562692167690237415684833,0.91158858590608227605726118418825196203
0.56000000000000005329070518200751394033,0.046719221951676142623896647142088081719,0.0,0.7538598262645004080840246750254091657,0.90280644583653105369019710785885219242
0.56999999999999995115018691649311222136,0.062971680125431824328625162858379425452,0.0,0.73842166255790820407324823034909321619,0.8917759031047428457603877917325955029
0.57999999999999996003197111349436454475,0.081477867716062304720119358731149253133,0.0,0.72193910316632314596796042401873111797,0.87814418480532493672403483767678105626
0.58999999999999996891375531049561686814,0.10207739777373559328136859305601582225,0.0,0.70429080779225846289003372639509075532,0.86158820050650282071131538921949155079
0.59999999999999997779553950749686919153,0.12470139963507397877640191724232103215,0.0,0.68539883424666457354450460454621706332,0.84184261021790250755357665923320193799
0.60999999999999998667732370449812151492,0.14921719085825233747714175779357647116,0.0,0.66527122711884787205362341264496015628,0.8187252484312672356720984182574063496
0.61999999999999999555910790149937383831,0.17586552766081564439297913558745923555,0.0,0.64379164978483163719785030888109794631,0.79215470188194060547572576501981606441
0.63000000000000000444089209850062616169,0.20444941701391771665270036006811956103,0.0,0.62084697571031043853359083415635014805,0.76215528395436083628016020682406180244
0.64000000000000001332267629550187848508,0.23517739664646921862758246388142701185,0.0,0.59639365826608171894512641122107073468,0.72884612654387599832575703348998742961
0.65000000000000002220446049250313080847,0.26787518160690304355000865518780037814,0.0,0.57043250274212109540188387793526257171,0.69241304160638979808061201066892458142
0.66000000000000003108624468950438313186,0.30279556293388341619264527932483261392,0.0,0.54284812312118946257147947230550020569,0.65306320545892563282889711311597294658
0.67000000000000003996802888650563545525,0.33986575146953950935343130782161387169,0.0,0.5136260696236411914917992547251699086,0.61096236301026895515833357213100224193
0.68000000000000004884981308350688777864,0.37908478068717788308197239160565298954,0.0,0.48275479949940478032845169186296377247,0.56615081587283599605782283459708007841
0.68999999999999994670929481799248605967,0.42044897566723571237499147476667602743,0.0,0.45034372029259690626032444854895289768,0.5184284450688598326968958800131780418
0.69999999999999995559107901499373838305,0.46382964546079421874272280199113737205,0.0,0.41633827408678572170988158463021403418,0.46720615466713896632674593246907189755
0.70999999999999996447286321199499070644,0.50909396852670084145887585454831956855,0.0,0.38088978943611795558400427155014652183,0.41141235824555408968079026176952965923
0.71999999999999997335464740899624302983,0.55607021127115566523355643528695357619,0.0,0.34415797964684388860318786556787822197,0.34982936596582178268876315289558659429
0.72999999999999998223643160599749535322,0.60444940724336063676080483732131064338,0.0,0.30639460097159560896140679179961804922,0.28246000198822470089040446462169854931
0.73999999999999999111821580299874767661,0.65492646298185987866804314437283125304,0.0,0.26756277217799180161254006026842701926,0.21261403750026451361311184745869113177
0.75,0.72215185140739101125792111741523006403,0.0,0.2168644849398687495017798040719541928,0.14731972075260583909441522613428138698
0.76000000000000000888178419700125232339,0.79872673981890146771012392542072037286,0.0,0.15785847701168307682766940753263945692,0.094005743081880826671031878344558723565
0.77000000000000001776356839400250464678,0.86750195956475841503301863771131435165,0.0,0.10412858109760160184532024503847510168,0.056065707282550876971822038890676067107
0.78000000000000002664535259100375697017,0.91878512294246357807217766299764645141,0.0,0.063774609761442707801125935588527701774,0.031978138522426770175537246820429010189
0.79000000000000003552713678800500929356,0.95230137129998753586484270286449766787,0.0,0.037345058252920960790538327029852084647,0.017853692804630528812857770014165472867
0.80000000000000004440892098500626161695,0.97246215447761438775051828311232496603,0.0,0.02146812420962483929795427936036991872,0.0099492749572211872018235273375080405291
0.81000000000000005329070518200751394033,0.98405240873053193537932206501693640565,0.0,0.012371553878276008958612979038510630718,0.0056199496445830165331199960039311891177
0.81999999999999995115018691649311222136,0.99059054329317353990915450757498491512,0.0,0.0072631379459809166999868175465976411793,0.0032579410542088960286700791753684054023
0.82999999999999996003197111349436454475,0.99427477070369960157954145312389249138,0.0,0.0043988279941646535889519241392884622727,0.0019584142151161373526075427415703466523
0.83999999999999996891375531049561686814,0.99622745309666315676035520664441349619,0.0,0.0028967580240832830936996884664530178188,0.0012754270833006095510394386748861730178
0.84999999999999997779553950749686919153,0.99710172040693849468160938781433324046,0.0,0.0022295283346989095863234921064171963715,0.00098188668625034112554944608019989469821
0.85999999999999998667732370449812151492,0.99760481173270119101975967741197545745,0.0,0.0018460786775997052900760816305892367609,0.00081857621966421843878361282796911138949
0.86999999999999999555910790149937383831,0.99793774058690933858429126417598162332,0.0,0.0015926902676703746135452475175820598336,0.00071290403003387638268247778986754027879
0.88000000000000000444089209850062616169,0.99817519317362297493760166094848244065,0.0,0.0014122624199529740136540013388357868814,0.00063916580121936391861642501755669194413
0.89000000000000001332267629550187848508,0.99835223761361805156899553295795054571,0.0,0.0012780659641894078273638042170280773071,0.00058567850298676086445416075383976094551
0.90000000000000002220446049250313080847,0.99848722567009523911887751314594086336,0.0,0.0011761806158433429532419612118663984973,0.00054662360728403147218638378295982875024
0.91000000000000003108624468950438313186,0.99859050069413261964094230451632745925,0.0,0.0010988062346199316246226324898512748695,0.00051921535608227747375893015948822551731
0.92000000000000003996802888650563545525,0.99866705693392044537356991055236955136,0.0,0.0010423828337175926329655174447793334106,0.0005031099924539602916203198327294498493
0.93000000000000004884981308350688777864,0.99871710004146042287686106762881036493,0.0,0.0010072122356044999908227078719480404127,0.00049890910166111399278566916775141060684
0.93999999999999994670929481799248605967,0.99874198149732363761168196159476243774,0.0,0.00099722479602430736315836008485899152176,0.00049682041783344106389009839519269465936
0.94999999999999995559107901499373838305,0.99875810048868088521991000356286839899,0.0,0.00099263855285168259669891824754639118214,0.00049475095579209485926768418251980988551
0.95999999999999996447286321199499070644,0.99877299800874830726365945761791893828,0.0,0.00098809430092531789545976451038940506909,0.0004927004514104020215502468095244938738
0.96999999999999997335464740899624302983,0.99878483314682330130503317834147933739,0.0,0.00098359146617096597987237431279929585104,0.00049066864537878007319383253904953844176
0.97999999999999998223643160599749535322,0.99879434318486848244648480542769679355,0.0,0.00097912948493135110090114566433221711259,0.00048865528309541941115196044102189722789
0.98999999999999999111821580299874767661,0.99880372828501281886073277934802749121,0.0,0.00097470780373095718083782170444195452147,0.0004866601145599288352833696519583819053
1.0,0.9988129906791637823759523369335892063,0.0,0.0009703258790471605120325260031408593543,0.00048468289426985132474577741901915229771
