value,sup,dur,Y,S
0.0,7.5683825683497171666437808426727363966e-61,129.0,0.99604126356473749881158068547698459464,0.88888399640339364567959965223036112879
0.010000000000000000208166817117216851329,3.4687831918486475265252957424654894747e-41,129.0,0.99457719893945308004026302692842769813,0.89623006338649124647383786612697492864
0.020000000000000000416333634234433702659,1.6179352809104195165775729661940091931e-37,129.0,0.99351900946687040617379234218882210235,0.91000450322375471295261596116103773023
0.029999999999999998889776975374843459576,1.5050184554930990044282222031206439029e-34,128.0,0.99250448447054528979086014311564456954,0.91772286720646046404193708878568174174
0.040000000000000000832667268468867405318,6.3297377040864029584209587796436315578e-32,128.0,0.99149468876652044642312710083353771709,0.9226543335302201228908971593667928781
0.050000000000000002775557561562891351059,1.2400656981280101606771523661112453085e-29,128.0,0.99047022856930752782020936420030726742,0.92617197616136845948824373760888300283
0.059999999999999997779553950749686919153,1.3490603896809914856590542088820186763e-27,127.0,0.98941793583855815648701462465904652832,0.92884339774930115896818255834949543393
0.070000000000000006661338147750939242542,9.3878642881593483598799371411943672974e-26,127.0,0.98832660453293880275558598575201359022,0.93095836927611716440838828255864828832
0.080000000000000001665334536937734810635,4.5605601091878757645782780394609219578e-24,126.0,0.98719969913949115850123764073756973362,0.93268200983813194279287077516539326832
0.089999999999999996669330926124530378729,1.6492985785629835374827696468217393212e-22,126.0,0.98604862060031348856587288471445038262,0.93411890807453816004276586798392065007
0.10000000000000000555111512312578270212,4.6420901477474397500972470648876095226e-21,126.0,0.98484199601008980471308833568335004384,0.93533237221888502033185801589773138209
0.11000000000000000055511151231257827021,1.0521859743356783368864731825428517885e-19,125.0,0.98356800149903202545225035763147257823,0.9363774005695718580372264886564595176
0.11999999999999999555910790149937383831,1.9659044896248187370002027537270962949e-18,125.0,0.98226089691136645342001353733963470697,0.93728060527696720978370832211779884946
0.13000000000000000444089209850062616169,3.1016236502202501556024194398524174466e-17,124.0,0.98090276936434236206217643658216035165,0.93806793984958895203064055727479385391
0.14000000000000001332267629550187848508,4.1838694629658608131034336999239225997e-16,124.0,0.97945699029735832909449587189037296455,0.93876249133081273163590438605054538016
0.14999999999999999444888487687421729788,4.9034125468658058474279471168667256667e-15,123.0,0.9779687594128414102601919874807325577,0.93937557980129648301067678369692773954
0.16000000000000000333066907387546962127,5.0436706779236732518271168533766387979e-14,123.0,0.97641738883925836206770270210624013818,0.93991851866545490588429285014271673295
0.17000000000000001221245327087672194466,4.5925968091657459890561219742058982726e-13,122.0,0.9747501543160096077245561412800745506,0.94040089755451827517410855674524081586
0.17999999999999999333866185224906075746,3.7292070372113236073329087674549713887e-12,122.0,0.97307194536760978779497473346822205275,0.94083037886185243265800060419186215305
0.19000000000000000222044604925031308085,2.717279599218035699645216847341744238e-11,119.0,0.97127032663836760556628372428375309991,0.94121313249854064747180204906004336511
0.20000000000000001110223024625156540424,1.7861436624134036376376050094596148208e-10,113.0,0.96939458598618233732860321903413443657,0.94155414641966056288308152322220392722
0.20999999999999999222843882762390421703,1.0632112208354863424327299418567609987e-09,107.0,0.96743614576757927532929680064184364198,0.94185744982085498827020276683992882394
0.22000000000000000111022302462515654042,5.7391005006202356181299008279483399555e-09,101.0,0.96535403682073164790163321701992510349,0.94212627292298576215935214622124349747
0.23000000000000000999200722162640886381,2.8245845616738654554389563359439737286e-08,95.0,0.96321191951881280761114189888801628573,0.94236315893541625575975634840141481828
0.23999999999999999111821580299874767661,1.267858119534125984612362675457441712e-07,89.0,0.96091254444227950631817092794489376933,0.94257003825015266839825158600323987654
0.25,5.19395280390801470096811647382941147e-07,83.0,0.95855338070445360675499304953113344777,0.94274901840546401288841535916517844134
0.26000000000000000888178419700125232339,1.9454678310408185309552813114009254226e-06,77.0,0.95602369913497650527548192358752811759,0.94290338506268258335833249139633156084
0.27000000000000001776356839400250464678,6.6479886910111164579248648567609312505e-06,71.0,0.95340456928127118746321748276561509965,0.94303102350056810626336772243726195941
0.28000000000000002664535259100375697017,2.0723606814218541803573013069396198447e-05,65.0,0.95062890617258980619847734455821890816,0.94313604163611361142640516615948341015
0.28999999999999998001598555674718227237,5.882327962972612819250759118802468676e-05,59.0,0.94769290346247713186968834382419836423,0.94321597530398874859536740742679030126
0.29999999999999998889776975374843459576,0.00015121004776087883974040460929421401634,53.0,0.9446517891662603778234567971798996006,0.94327339911291024481997809829484295763
0.30999999999999999777955395074968691915,0.00035195262052904448395043295661420932714,47.0,0.94137662940359164366289811232684170799,0.94330747525784931551657576558049137578
0.32000000000000000666133814775093924254,0.00074040749597047504518212556008216591343,41.0,0.93798944685536982143020669874468476916,0.94331746467978365884984905520511947761
0.33000000000000001554312234475219156593,0.0014109044150436493449973118419335266605,36.0,0.93440706097340908960222022610119200681,0.94330277454213940576954944484899908284
0.34000000000000002442490654175344388932,0.0024565176686321222858847042637584607283,30.0,0.93057594635868402332124279095831363144,0.94326207028632404980741955535073671152
0.34999999999999997779553950749686919153,0.003938733414241642865186044315952075669,24.0,0.92656944312534990948443528076566624851,0.94305149862831818821564491606664140917
0.35999999999999998667732370449812151492,0.0059132384651006805045468362406511625078,18.0,0.92236845154141059020639511020774040938,0.9421583155345540486394822802285316672
0.36999999999999999555910790149937383831,0.0083960006761182922134821576558716367901,10.0,0.91789276815481261578433801760204920296,0.93881982336664745259356663417379651806
0.38000000000000000444089209850062616169,0.011429724341738830812684998590154614072,0.0,0.9131366349042818098154565321767906523,0.94280661606355888467485544315652275187
0.39000000000000001332267629550187848508,0.015005459733114912035879037135169406273,0.0,0.90809190731114335987287773157951796984,0.9426026724890415894023702262765220035
0.40000000000000002220446049250313080847,0.019122643120735370413433458775457004715,0.0,0.90278441172945165011636817783222469957,0.94235305783760663078875241075450163828
0.40999999999999997557509345824655611068,0.023813093825114840067297803502678884144,0.0,0.89718184184274285465076539758302104497,0.9420501921742637595158978374792658698
0.41999999999999998445687765524780843407,0.029102896856164713906106193160617944918,0.0,0.89122785081147083417850587646673781833,0.94168438698013640040377457458780421868
0.42999999999999999333866185224906075746,0.034920025192948764478151126731174627996,0.0,0.88490040434915655582531407671197580212,0.94124248263019080461765841881450637784
0.44000000000000000222044604925031308085,0.041328631220829881133489820770612385483,0.0,0.87817211382436770757662936649010682997,0.94070855162665244219923780865082053077
0.45000000000000001110223024625156540424,0.048365075436683600918309613415945026342,0.0,0.87100897055744856694068989777562948234,0.94005931077830974662991630303581963751
0.46000000000000001998401444325281772763,0.056013441825562784461348897741605727477,0.0,0.86341671590386471753883562818003672343,0.93926528488304716409802957922755445884
0.46999999999999997335464740899624302983,0.064271075320729302281187892643741394654,0.0,0.85538630620464838313574639460969316289,0.93828607705180739585983963849978446233
0.47999999999999998223643160599749535322,0.073154307073178359996221608672764047503,0.0,0.84681296763811361299552307009621192072,0.93706827004768182553245221674962275948
0.48999999999999999111821580299874767661,0.082703044125446933133489013279604503969,0.0,0.83762306816017786286697601743595952707,0.93553789852899897568737340994919254021
0.50,0.092985063840955660835665309391332227882,0.0,0.82785985273639323423650661988468363306,0.93359833732254265809955602090953209909
0.51000000000000000888178419700125232339,0.10410078770874450268225710542020951659,0.0,0.817486132035473043779584324318054143,0.93111864583073598752837952121285685445
0.52000000000000001776356839400250464678,0.11589767361995900659196649577298126922,0.0,0.80634112269281591237667727015178850412,0.9279298620250029782619846629894865025
0.53000000000000002664535259100375697017,0.12863971781213938465577787870289552474,0.0,0.79451100122850531520364123807328405098,0.92381516012105960270697575056058453034
0.54000000000000003552713678800500929356,0.14218901542585925900051722516993555602,0.0,0.78187575915997643729801058377541073089,0.91847860890183457965054405293252883769
0.55000000000000004440892098500626161695,0.15678962263965031427313140548097635496,0.0,0.76833038007661562692167690237415685435,0.9115885859060822760572611841882519688
0.56000000000000005329070518200751394033,0.172429050010129895936480891781284287,0.0,0.75385982626450040808402467502540916269,0.90280644583653105369019710785885219468
0.56999999999999995115018691649311222136,0.18913367919735952565884173765378361989,0.0,0.73842166255790820407324823034909321544,0.89177590310474284576038779173259550742
0.57999999999999996003197111349436454475,0.20697518184445126426975252552380956127,0.0,0.72193910316632314596796042401873112097,0.87814418480532493672403483767678104874
0.58999999999999996891375531049561686814,0.22608037513458656502661627509190965856,0.0,0.70429080779225846289003372639509076209,0.86158820050650282071131538921949155455
0.59999999999999997779553950749686919153,0.24664479063417219055382973923630317815,0.0,0.68539883424666457354450460454621706332,0.841842610217902507553576659233201941
0.60999999999999998667732370449812151492,0.26844054156749212900870486089201349241,0.0,0.66527122711884787205362341264496015402,0.8187252484312672356720984182574063481
0.61999999999999999555910790149937383831,0.29181780705359106868427374995546322567,0.0,0.64379164978483163719785030888109794707,0.79215470188194060547572576501981606366
0.63000000000000000444089209850062616169,0.3167816736265955357977658199349625365,0.0,0.62084697571031043853359083415635014504,0.76215528395436083628016020682406180244
0.64000000000000001332267629550187848508,0.34345745652654940573925667181777494608,0.0,0.59639365826608171894512641122107073694,0.7288461265438759983257570334899874266
0.65000000000000002220446049250313080847,0.37172960734259761873368573512231403066,0.0,0.57043250274212109540188387793526257096,0.69241304160638979808061201066892458819
0.66000000000000003108624468950438313186,0.40183380266585722667330352179444979348,0.0,0.5428481231211894625714794723055002087,0.65306320545892563282889711311597294508
0.67000000000000003996802888650563545525,0.43380675429306838208880707491167530666,0.0,0.51362606962364119149179925472516990634,0.61096236301026895515833357213100223441
0.68000000000000004884981308350688777864,0.46749749238205082981479036107164295821,0.0,0.48275479949940478032845169186296377284,0.56615081587283599605782283459708007314
0.68999999999999994670929481799248605967,0.50299663231876497098365284911638687712,0.0,0.45034372029259690626032444854895289618,0.51842844506885983269689588001317803804
0.69999999999999995559107901499373838305,0.54023593453943066904585201037814031085,0.0,0.41633827408678572170988158463021403117,0.46720615466713896632674593246907189454
0.70999999999999996447286321199499070644,0.57910808478815701520147036315484913031,0.0,0.3808897894361179555840042715501465271,0.41141235824555408968079026176952965923
0.71999999999999997335464740899624302983,0.61942226741376046452659536793159439715,0.0,0.3441579796468438886031878655678782152,0.34982936596582178268876315289558658789
0.72999999999999998223643160599749535322,0.66090884509884537019846043711706486332,0.0,0.30639460097159560896140679179961805072,0.28246000198822470089040446462169855232
0.73999999999999999111821580299874767661,0.70400840007630898250257992864114042039,0.0,0.26756277217799180161254006026842702303,0.21261403750026451361311184745869113515
0.75,0.76128354281971576440578793543392688981,0.0,0.21686448493986874950177980407195419111,0.14731972075260583909441522613428138284
0.76000000000000000888178419700125232339,0.8269170079424059896933662863481684426,0.0,0.15785847701168307682766940753263945373,0.094005743081880826671031878344558720932
0.77000000000000001776356839400250464678,0.88602962880621936591861874610636084476,0.0,0.10412858109760160184532024503847510347,0.056065707282550876971822038890676068094
0.78000000000000002664535259100375697017,0.93015454777120356620658935768991668357,0.0,0.063774609761442707801125935588527703561,0.0319781385224267701755372468204290108
0.79000000000000003552713678800500929356,0.95899758093594000420364331952675769406,0.0,0.037345058252920960790538327029852084411,0.017853692804630528812857770014165472608
0.80000000000000004440892098500626161695,0.9763425214979761513715043628897314328,0.0,0.02146812420962483929795427936036991872,0.0099492749572211872018235273375080405409
0.81000000000000005329070518200751394033,0.98630890769308406716790193584365673174,0.0,0.012371553878276008958612979038510630635,0.0056199496445830165331199960039311890177
0.81999999999999995115018691649311222136,0.99192751483956929696663567839922770665,0.0,0.0072631379459809166999868175465976411676,0.003257941054208896028670079175368405417
0.82999999999999996003197111349436454475,0.99509148067333080452540858360600334811,0.0,0.0043988279941646535889519241392884624431,0.001958414215116137352607542741570346717
0.83999999999999996891375531049561686814,0.99676636871028641623276200472847247208,0.0,0.0028967580240832830936996884664530178541,0.0012754270833006095510394386748861730384
0.84999999999999997779553950749686919153,0.99751573508957214381037461052526382291,0.0,0.0022295283346989095863234921064171963568,0.0009818866862503411255494460801998946938
0.85999999999999998667732370449812151492,0.99794692217954063153418581797217565657,0.0,0.00184607867759970529007608163058923678,0.00081857621966421843878361282796911141815
0.86999999999999999555910790149937383831,0.99823228824452771988252064571327571883,0.0,0.0015926902676703746135452475175820598351,0.00071290403003387638268247778986754027659
0.88000000000000000444089209850062616169,0.99843584981449252494198501807454181913,0.0,0.0014122624199529740136540013388357868829,0.0006391658012193639186164250175566919478
0.89000000000000001332267629550187848508,0.99858755115992971841082845411053473446,0.0,0.0012780659641894078273638042170280773144,0.00058567850298676086445416075383976093963
0.90000000000000002220446049250313080847,0.99870325656567550636592288146699836101,0.0,0.00117618061584334295324196121186639849,0.0005466236072840314721863837829598287473
0.91000000000000003108624468950438313186,0.99879176108950916354230595006076134937,0.0,0.0010988062346199316246226324898512748797,0.00051921535608227747375893015948822552539
0.92000000000000003996802888650563545525,0.99885736394998645943600596045039313307,0.0,0.0010423828337175926329655174447793334253,0.00050310999245396029162031983272944985224
0.93000000000000004884981308350688777864,0.99890028595648387847979667592557489918,0.0,0.0010072122356044999908227078719480404274,0.00049890910166111399278566916775141060684
0.93999999999999994670929481799248605967,0.99891874351513343408532932310624515305,0.0,0.00099722479602430736315836008485899152176,0.00049682041783344106389009839519269465862
0.94999999999999995559107901499373838305,0.99892805939642455596945491229616782442,0.0,0.00099263855285168259669891824754639118067,0.00049475095579209485926768418251980988551
0.95999999999999996447286321199499070644,0.99893724890492548985920880294480549757,0.0,0.00098809430092531789545976451038940506909,0.0004927004514104020215502468095244938738
0.96999999999999997335464740899624302983,0.99894551997388460659798262087231089756,0.0,0.00098359146617096597987237431279929585104,0.00049066864537878007319383253904953844176
0.97999999999999998223643160599749535322,0.99895000262799755274971679712757149285,0.0,0.00097912948493135110090114566433221711406,0.00048865528309541941115196044102189722862
0.98999999999999999111821580299874767661,0.99895444288736956146473949860471266706,0.0,0.00097470780373095718083782170444195452147,0.00048666011455992883528336965195838190567
1.0,0.99895884134941615838394534816655905114,0.0,0.0009703258790471605120325260031408593543,0.00048468289426985132474577741901915229771
