value,sup,dur,Y,S
0.0,6.500770118667155972454301278809594323e-141,132.0,0.99604126356473749881158068547698459539,0.88888399640339364567959965223036112428
0.010000000000000000208166817117216851329,4.2441214554812060865803548378442902119e-121,131.0,0.99457719893945308004026302692842769588,0.89623006338649124647383786612697493015
0.020000000000000000416333634234433702659,2.8444840116317759688708786870801526787e-117,131.0,0.99351900946687040617379234218882210085,0.91000450322375471295261596116103773324
0.029999999999999998889776975374843459576,3.8366611132176281202969341296482058074e-114,131.0,0.99250448447054528979086014311564456954,0.91772286720646046404193708878568174024
0.040000000000000000832667268468867405318,2.4857053109779159234294695392188601168e-111,131.0,0.99149468876652044642312710083353771333,0.92265433353022012289089715936679288187
0.050000000000000002775557561562891351059,1.0419487012029223320853222967354479073e-108,130.0,0.99047022856930752782020936420030726817,0.92617197616136845948824373760888299606
0.059999999999999997779553950749686919153,3.2557674352905405861639246834985804039e-106,130.0,0.98941793583855815648701462465904653057,0.92884339774930115896818255834949543017
0.070000000000000006661338147750939242542,8.2124615901071672669340736247488395691e-104,130.0,0.98832660453293880275558598575201358947,0.93095836927611716440838828255864828606
0.080000000000000001665334536937734810635,1.757592358826410559610487744996840542e-101,129.0,0.98719969913949115850123764073756973739,0.93268200983813194279287077516539327509
0.089999999999999996669330926124530378729,3.2998422623457953583858573557485902179e-99,129.0,0.98604862060031348856587288471445038638,0.93411890807453816004276586798392065534
0.10000000000000000555111512312578270212,5.5649523149701179111781163826618915987e-97,129.0,0.98484199601008980471308833568335004308,0.93533237221888502033185801589773138886
0.11000000000000000055511151231257827021,8.5779543718048522744445042728452526495e-95,128.0,0.98356800149903202545225035763147258049,0.93637740056957185803722648865645951535
0.11999999999999999555910790149937383831,1.2246469219980549199647749075061153486e-92,128.0,0.98226089691136645342001353733963470697,0.93728060527696720978370832211779884871
0.13000000000000000444089209850062616169,1.6361829252380397478562245489061205399e-90,128.0,0.98090276936434236206217643658216035316,0.93806793984958895203064055727479385165
0.14000000000000001332267629550187848508,2.0626529757525359617263948091318849842e-88,127.0,0.97945699029735832909449587189037296079,0.93876249133081273163590438605054537866
0.14999999999999999444888487687421729788,2.4700157717380087866802372269301558588e-86,127.0,0.97796875941284141026019198748073255695,0.93937557980129648301067678369692773202
0.16000000000000000333066907387546962127,2.8251887084048354215000583844654287212e-84,127.0,0.97641738883925836206770270210624013818,0.93991851866545490588429285014271673671
0.17000000000000001221245327087672194466,3.1007638850821281168521588828959113865e-82,126.0,0.97475015431600960772455614128007455587,0.94040089755451827517410855674524082188
0.17999999999999999333866185224906075746,3.2783162834236466753167696570879110236e-80,126.0,0.97307194536760978779497473346822205124,0.94083037886185243265800060419186215531
0.19000000000000000222044604925031308085,3.3498964005392650775212348727876275788e-78,126.0,0.97127032663836760556628372428375309615,0.9412131324985406474718020490600433636
0.20000000000000001110223024625156540424,3.3177554855536879301285118177307180378e-76,125.0,0.96939458598618233732860321903413443431,0.94155414641966056288308152322220392947
0.20999999999999999222843882762390421703,3.1926858936377202157991521673061673398e-74,125.0,0.96743614576757927532929680064184363897,0.94185744982085498827020276683992883071
0.22000000000000000111022302462515654042,2.9915269370872535221798812837994156484e-72,124.0,0.96535403682073164790163321701992511101,0.94212627292298576215935214622124350124
0.23000000000000000999200722162640886381,2.7343987831276305045023878506708398253e-70,124.0,0.96321191951881280761114189888801628573,0.94236315893541625575975634840141482505
0.23999999999999999111821580299874767661,2.4421278618746714099088096367273673668e-68,123.0,0.96091254444227950631817092794489376858,0.94257003825015266839825158600323987729
0.25,2.1341719512660212153505510509365472658e-66,123.0,0.95855338070445360675499304953113344627,0.94274901840546401288841535916517844059
0.26000000000000000888178419700125232339,1.8271902108479216556684828073602154736e-64,122.0,0.95602369913497650527548192358752811834,0.94290338506268258335833249139633156762
0.27000000000000001776356839400250464678,1.5342662685061321092502978650192802324e-62,122.0,0.95340456928127118746321748276561509815,0.94303102350056810626336772243726196392
0.28000000000000002664535259100375697017,1.264697362033109022109359926999358197e-60,121.0,0.9506289061725898061984773445582189059,0.94313604163611361142640516615948341165
0.28999999999999998001598555674718227237,1.0242117789060515592789701511018983953e-58,121.0,0.94769290346247713186968834382419836498,0.94321597530398874859536740742679030953
0.29999999999999998889776975374843459576,8.154635544593038231637543936098371072e-57,120.0,0.94465178916626037782345679717989960587,0.94327339911291024481997809829484295914
0.30999999999999999777955395074968691915,6.386664781065482101701368118828992703e-55,120.0,0.94137662940359164366289811232684170573,0.94330747525784931551657576558049137427
0.32000000000000000666133814775093924254,4.9225737801273234789768811203043996196e-53,119.0,0.93798944685536982143020669874468476766,0.94331746467978365884984905520511948513
0.33000000000000001554312234475219156593,3.7351174802464321235710017618332071936e-51,119.0,0.93440706097340908960222022610119201132,0.94330277454213940576954944484899908209
0.34000000000000002442490654175344388932,2.7906625801138114565613570238011124932e-49,118.0,0.93057594635868402332124279095831362242,0.94326207028632404980741955535073671904
0.34999999999999997779553950749686919153,2.0532865791319841817136922154706544116e-47,117.0,0.92656944312534990948443528076566625302,0.94319541160711301831314180458110101757
0.35999999999999998667732370449812151492,1.4877453089704125721651002497527904945e-45,116.0,0.92236845154141059020639511020774041164,0.94309845055597164383282960254844661181
0.36999999999999999555910790149937383831,1.0614240631290579079611348581106566745e-43,116.0,0.91789276815481261578433801760204920146,0.94297043680017587242286348218077298479
0.38000000000000000444089209850062616169,7.4544989172044084428718483027930014458e-42,115.0,0.91313663490428180981545653217679066358,0.94280661606355888467485544315652275939
0.39000000000000001332267629550187848508,5.1516164643969917822988923644135094766e-40,114.0,0.90809190731114335987287773157951796834,0.94260267248904158940237022627652200425
0.40000000000000002220446049250313080847,3.5012460666872431536386900061648024598e-38,113.0,0.90278441172945165011636817783222469505,0.94235305783760663078875241075450163752
0.40999999999999997557509345824655611068,2.3385051697695313317843185525178547603e-36,112.0,0.89718184184274285465076539758302104421,0.94205019217426375951589783747926585927
0.41999999999999998445687765524780843407,1.5335111363658222232618149790978606349e-34,111.0,0.89122785081147083417850587646673781908,0.94168438698013640040377457458780421267
0.42999999999999999333866185224906075746,9.8620142687255804837328622176748608256e-33,110.0,0.8849004043491565558253140767119757946,0.94124248263019080461765841881450637859
0.44000000000000000222044604925031308085,6.11578341457913064865361496724042872e-31,109.0,0.87817211382436770757662936649010682921,0.94070855162665244219923780865082052249
0.45000000000000001110223024625156540424,3.5524219634041966499811665749568992386e-29,108.0,0.87100897055744856694068989777562948234,0.94005931077830974662991630303581963676
0.46000000000000001998401444325281772763,1.9304251968388411112952000621753949474e-27,107.0,0.86341671590386471753883562818003671967,0.93926528488304716409802957922755446109
0.46999999999999997335464740899624302983,9.7964384005887309340150978292634913747e-26,106.0,0.85538630620464838313574639460969316365,0.93828607705180739585983963849978446082
0.47999999999999998223643160599749535322,4.6316262571263528789161039337144069444e-24,105.0,0.84681296763811361299552307009621191545,0.93706827004768182553245221674962276174
0.48999999999999999111821580299874767661,2.0322113125301423079895094629170803753e-22,103.0,0.83762306816017786286697601743595952857,0.93553789852899897568737340994919254773
0.50,8.244782285818818571697334822066577875e-21,102.0,0.82785985273639323423650661988468363306,0.93359833732254265809955602090953209909
0.51000000000000000888178419700125232339,3.0807103634089175680760245622068448526e-19,100.0,0.81748613203547304377958432431805413548,0.93111864583073598752837952121285685219
0.52000000000000001776356839400250464678,1.0544813947637740195587124228413221673e-17,98.0,0.80634112269281591237667727015178850487,0.92792986202500297826198466298948650777
0.53000000000000002664535259100375697017,3.2858814666054018698294363712113055332e-16,97.0,0.79451100122850531520364123807328405775,0.92381516012105960270697575056058452583
0.54000000000000003552713678800500929356,9.2570371641935908076011919070581787115e-15,95.0,0.78187575915997643729801058377541072562,0.91847860890183457965054405293252883844
0.55000000000000004440892098500626161695,2.339878275722065363479793545997295525e-13,93.0,0.76833038007661562692167690237415684833,0.91158858590608227605726118418825196428
0.56000000000000005329070518200751394033,5.2635081978554024749984071254762460108e-12,90.0,0.75385982626450040808402467502540916344,0.90280644583653105369019710785885219167
0.56999999999999995115018691649311222136,1.0447342562891571716695657817467604705e-10,88.0,0.73842166255790820407324823034909320867,0.89177590310474284576038779173259550215
0.57999999999999996003197111349436454475,1.8136667843455422011283730320753120377e-09,85.0,0.72193910316632314596796042401873111345,0.87814418480532493672403483767678105325
0.58999999999999996891375531049561686814,2.7290699640497572767153761529608924009e-08,82.0,0.70429080779225846289003372639509076059,0.86158820050650282071131538921949155305
0.59999999999999997779553950749686919153,3.5263650184814431824906793702763675839e-07,79.0,0.68539883424666457354450460454621706558,0.84184261021790250755357665923320193949
0.60999999999999998667732370449812151492,3.8660317084737937588802422583914897967e-06,75.0,0.66527122711884787205362341264496015628,0.81872524843126723567209841825740634885
0.61999999999999999555910790149937383831,3.5405498871979780626625667984670246458e-05,68.0,0.64379164978483163719785030888109794707,0.79186702153612969495015025380512576342
0.63000000000000000444089209850062616169,0.00026459598029180515366040724211508639247,55.0,0.62084697571031043853359083415635014354,0.75927588080882889127134343068457053777
0.64000000000000001332267629550187848508,0.0015567684779948874595052595664333877751,40.0,0.59639365826608171894512641122107073995,0.7184907031642557268721429523794108812
0.65000000000000002220446049250313080847,0.0068225139454794897969562362526321628025,17.0,0.57043250274212109540188387793526257096,0.65835497874033465829149047734117179386
0.66000000000000003108624468950438313186,0.021521673280207289851109283549335406943,0.0,0.5428481231211894625714794723055002087,0.65306320545892563282889711311597294809
0.67000000000000003996802888650563545525,0.049882850992633525420365317001004234732,0.0,0.51362606962364119149179925472516989731,0.61096236301026895515833357213100223366
0.68000000000000004884981308350688777864,0.091630965564350848416274546443142772288,0.0,0.48275479949940478032845169186296377773,0.56615081587283599605782283459708007464
0.68999999999999994670929481799248605967,0.14366947811465117289358366392272306532,0.0,0.45034372029259690626032444854895290031,0.51842844506885983269689588001317803804
0.69999999999999995559107901499373838305,0.20313270063002987266285162681120373697,0.0,0.41633827408678572170988158463021404584,0.46720615466713896632674593246907190206
0.70999999999999996447286321199499070644,0.26790916602076990302480663774565279432,0.0,0.3808897894361179555840042715501465286,0.41141235824555408968079026176952966187
0.71999999999999997335464740899624302983,0.33659074281841494361506759167591623724,0.0,0.34415797964684388860318786556787822122,0.34982936596582178268876315289558659165
0.72999999999999998223643160599749535322,0.40813972385313193435746118423968254043,0.0,0.30639460097159560896140679179961805185,0.28246000198822470089040446462169855683
0.73999999999999999111821580299874767661,0.48511659156396620733853209688344073885,0.0,0.26756277217799180161254006026842701851,0.21261403750026451361311184745869113384
0.75,0.58791522333847348111649918049642323722,0.0,0.21686448493986874950177980407195418791,0.1473197207526058390944152261342813851
0.76000000000000000888178419700125232339,0.7021699673838807841766011708451355723,0.0,0.15785847701168307682766940753263945222,0.094005743081880826671031878344558720932
0.77000000000000001776356839400250464678,0.803935888876196562277653572047392794,0.0,0.10412858109760160184532024503847510375,0.056065707282550876971822038890676068659
0.78000000000000002664535259100375697017,0.87966900998254666240220900434160855584,0.0,0.063774609761442707801125935588527704125,0.0319781385224267701755372468204290108
0.79000000000000003552713678800500929356,0.92919012152718267410895482352999549507,0.0,0.0373450582529209607905383270298520838,0.017853692804630528812857770014165472584
0.80000000000000004440892098500626161695,0.95902516475723405841797965635073081748,0.0,0.021468124209624839297954279360369919213,0.009949274957221187201823527337508040823
0.81000000000000005329070518200751394033,0.97621261071784615636833967941891419446,0.0,0.012371553878276008958612979038510631258,0.0056199496445830165331199960039311891941
0.81999999999999995115018691649311222136,0.98593050314185170540262133114975962878,0.0,0.0072631379459809166999868175465976408796,0.0032579410542088960286700791753684053553
0.82999999999999996003197111349436454475,0.99141957391402228015464758648891352902,0.0,0.0043988279941646535889519241392884623726,0.001958414215116137352607542741570346667
0.83999999999999996891375531049561686814,0.99434147825701833879603793877722746568,0.0,0.0028967580240832830936996884664530178365,0.001275427083300609551039438674886173012
0.84999999999999997779553950749686919153,0.99565300110375208673921749191904565462,0.0,0.0022295283346989095863234921064171963685,0.00098188668625034112554944608019989468058
0.85999999999999998667732370449812151492,0.99640764561577883392331745258874372725,0.0,0.0018460786775997052900760816305892367418,0.00081857621966421843878361282796911139611
0.86999999999999999555910790149937383831,0.99690709036794275591407747696148085646,0.0,0.0015926902676703746135452475175820598321,0.00071290403003387638268247778986754027512
0.88000000000000000444089209850062616169,0.99726340430726308826226279211327276412,0.0,0.0014122624199529740136540013388357868814,0.00063916580121936391861642501755669195295
0.89000000000000001332267629550187848508,0.99752891535698113369561831053961489011,0.0,0.0012780659641894078273638042170280772953,0.00058567850298676086445416075383976094036
0.90000000000000002220446049250313080847,0.99773147278966851684214378387298158902,0.0,0.0011761806158433429532419612118663985047,0.0005466236072840314721863837829598287451
0.91000000000000003108624468950438313186,0.99788639674943290090004024014207371359,0.0,0.0010988062346199316246226324898512748724,0.00051921535608227747375893015948822552392
0.92000000000000003996802888650563545525,0.99800130295189765352727894760766753131,0.0,0.0010423828337175926329655174447793334282,0.00050310999245396029162031983272944984783
0.93000000000000004884981308350688777864,0.99807903454024053069857514071441476883,0.0,0.0010072122356044999908227078719480404171,0.00049890910166111399278566916775141060684
0.93999999999999994670929481799248605967,0.99813151050763497235474128894554241602,0.0,0.00099722479602430736315836008485899152176,0.00049682041783344106389009839519269465936
0.94999999999999995559107901499373838305,0.99817268299246107871269706946797070727,0.0,0.00099263855285168259669891824754639118067,0.00049475095579209485926768418251980988551
0.95999999999999996447286321199499070644,0.99820750234392149489027198695137218794,0.0,0.00098809430092531789545976451038940506909,0.0004927004514104020215502468095244938738
0.96999999999999997335464740899624302983,0.99823859069620437295225955541038776328,0.0,0.00098359146617096597987237431279929585104,0.00049066864537878007319383253904953844249
0.97999999999999998223643160599749535322,0.99826737631676629960659336761872141325,0.0,0.00097912948493135110090114566433221711406,0.00048865528309541941115196044102189722862
0.98999999999999999111821580299874767661,0.99829089531490981163800348782094510824,0.0,0.00097470780373095718083782170444195452147,0.0004866601145599288352833696519583819053
1.0,0.99831394955791974047631482372706302468,0.0,0.0009703258790471605120325260031408593543,0.00048468289426985132474577741901915229771
