value,sup,dur,Y,S
0.0,3.2542499015216151059637742148873948742e-25,101.0,0.99608517062250971376375689442954661903,0.26945857525651123824616849868608101695
0.010000000000000000208166817117216851329,4.8291236263455611575678565110173788281e-21,99.0,0.99279234240637454309162127253731925924,0.26755604255739707934056438826177749806
0.020000000000000000416333634234433702659,1.7546717289462858358999157054133823108e-17,97.0,0.99008516352418744203101529291327072153,0.26599599688380810825326314064354229255
0.029999999999999998889776975374843459576,1.9893213610762626094116212676834213321e-14,94.0,0.98740866217707220190443301086176632299,0.26480055857240769206354568099986737473
0.040000000000000000832667268468867405318,1.0615087810087383936099886782548775071e-11,92.0,0.9846364051113784161947468664639963275,0.26398496992977196624993172249380114158
0.050000000000000002775557561562891351059,2.2027362733002419486411680454925338239e-09,89.0,0.9817097084809690186148769404492133853,0.26366308422206095789092031947627449083
0.059999999999999997779553950749686919153,1.3581708929800281129056672256475651816e-07,85.0,0.97858838795562641653211880459681251357,0.26379356016525210907644830887376268684
0.070000000000000006661338147750939242542,3.4413013024967710141351265652869573617e-06,82.0,0.97522256243098428912028457175144256607,0.26453332302949013362328141858401357818
0.080000000000000001665334536937734810635,4.3229241804964032133110370985623232709e-05,78.0,0.97157118692130535102557457436890571473,0.26601649790263072956595504919743234025
0.089999999999999996669330926124530378729,0.0003009780959954666488704763018963612665,65.0,0.9675964313651406840183758369676352705,0.26851939898874983626834842742156363923
0.10000000000000000555111512312578270212,0.0012522284552383963997787445601812562267,50.0,0.96324359918077717730810898400738136095,0.27190936837029704754859200896825902764
0.11000000000000000055511151231257827021,0.0034441523474725837625643709471816629782,35.0,0.95845199073858592556092545579976916514,0.27529167792274938735395296992975899017
0.11999999999999999555910790149937383831,0.0070853807526466881455344299026961641071,21.0,0.95314117695990713041553797904456924058,0.27811459433035217572149162386495055589
0.13000000000000000444089209850062616169,0.012075982716780212826188833700251581422,0.0,0.94723951055710065459747373789652444862,0.28018913135237818558421827033015774977
0.14000000000000001332267629550187848508,0.018279829756464590762330106093644975038,0.0,0.94061029137205296720035933571797738621,0.28143839569598898825944419175115546638
0.14999999999999999444888487687421729788,0.02567051228272673581563936388519851003,0.0,0.93313302006189262932241396211280006752,0.28178042305147978654120029594587720448
0.16000000000000000333066907387546962127,0.034328997561097889534032196934088373729,0.0,0.92460741491937412876018005382398286843,0.28110881275386667730668084163507778144
0.17000000000000001221245327087672194466,0.044431751021161425887370768695984255815,0.0,0.9147819299201632063712162333412478579,0.27794891699571980156042850076945554318
0.17999999999999999333866185224906075746,0.056300680563674907232110675710597815991,0.0,0.90332034525841337594207753252416074438,0.26251054747995364735242787336542409369
0.19000000000000000222044604925031308085,0.072026935796121897681619085132974830081,0.0,0.88843167488682832365185642090116353353,0.22909585823887179096215201372612023252
0.20000000000000001110223024625156540424,0.11486269284199156311216209980084354359,0.0,0.84929923742874491026891823385604904411,0.17763247726649040710611022557355081032
0.20999999999999999222843882762390421703,0.21687827534156236885165145623474952301,0.0,0.75471525377983034068729618235859893048,0.11667763167391330937149160020087922392
0.22000000000000000111022302462515654042,0.39713868296590617724619370154657193786,0.0,0.5840975488157978305537124965853077037,0.063046096972996642648727105113183296044
0.23000000000000000999200722162640886381,0.61344693132456513783344939125887654317,0.0,0.37566694272290259014040629486735448172,0.02872465546565664341523177126908437846
0.23999999999999999111821580299874767661,0.78720129913254309924572848278132733232,0.0,0.20653435094077274933271566099686760195,0.011925776023289873852866865277432495883
0.25,0.89096173821464373731420116281482203014,0.0,0.10535564509747122031218857037852885432,0.0048788739959582042427376592773052703306
0.26000000000000000888178419700125232339,0.94406954338880307649674060296601489056,0.0,0.053742290523888607304916536769895709233,0.0020711351704418704327986198232487542011
0.27000000000000001776356839400250464678,0.96993451537522389723362600162903662088,0.0,0.028737028713183057515829584023133462809,0.00094378271921520737039599440465611437976
0.28000000000000002664535259100375697017,0.98179599389767445136350048206678295005,0.0,0.017360050986965367363520922807356176745,0.00057741372098689399269756724596922437001
0.28999999999999998001598555674718227237,0.9864082911479185242457756960157176035,0.0,0.012961203433525801681762744691056676613,0.00050260698295300951060735900049339626537
0.29999999999999998889776975374843459576,0.9889759673668455550524726466620161246,0.0,0.010512790081016130994259994150485586367,0.0004974870050995319267457407688812782056
0.30999999999999999777955395074968691915,0.99066439153928892154132108225184471323,0.0,0.008903066198559229884631087139989598298,0.00049446508218240742135073326956435593466
0.32000000000000000666133814775093924254,0.99187448512740399472714762293793571778,0.0,0.007749509527917239111797885966262108678,0.00049148232231994063329343509207875886617
0.33000000000000001554312234475219156593,0.99279114699026640987908896108025546728,0.0,0.0068757530005519082159064710902383669634,0.00048853796910446647414978465830165701328
0.34000000000000002442490654175344388932,0.99351260065470428211493922032249091059,0.0,0.0061881437482495903870867449760233279681,0.00048563128548304233271323467717535820347
0.34999999999999997779553950749686919153,0.99409639767530037623750708081321123077,0.0,0.0056317148928413412561466884485001249376,0.00048276155314232973215717448911547858172
0.35999999999999998667732370449812151492,0.99457952529316152325496576318308750856,0.0,0.0051711333978359559056953378741897858769,0.00047992807191678685516357710718833624851
0.36999999999999999555910790149937383831,0.99498696221023939267635963068320133617,0.0,0.0047828167557430689819224800784271255673,0.00047713015921914800198943765540890078218
0.38000000000000000444089209850062616169,0.9953350845287416460162257232449842598,0.0,0.0044511332212197549731820925195711788036,0.00047436714949221659422635809684003421467
0.39000000000000001332267629550187848508,0.99563644411632222596066067524378561223,0.0,0.0041641058562805477228578614519773200538,0.00047163839368104714882054292956051943601
0.40000000000000002220446049250313080847,0.99590017722570410345304193218474108548,0.0,0.0039127069154031256274473802092118711075,0.00046894325872463688986384561795053695659
0.40999999999999997557509345824655611068,0.99613291889820672105473691186754888538,0.0,0.0036912116354857691825593472323088848059,0.00046628112706629085916394061288681812816
0.41999999999999998445687765524780843407,0.99633960180913383173902322416890507993,0.0,0.0034942845501617841180923125424618125799,0.00046365139618186497562804841750570698252
0.42999999999999999333866185224906075746,0.99652480423905876901966334762937717802,0.0,0.0033178691154662301421662795880165016017,0.00046105347812513029497731900256923851446
0.44000000000000000222044604925031308085,0.99669172720691793622603342069733003045,0.0,0.0031589095937858102380240057892657913859,0.00045848679908953761370570898720964622683
0.45000000000000001110223024625156540424,0.99684304057553312349780241554757122768,0.0,0.0030148581109888641075543950639979312483,0.00045595079898569652963654528252237658997
0.46000000000000001998401444325281772763,0.99698070102002998583362877356097724887,0.0,0.0028835692304571142750811373800595105863,0.00045344493103391536906434662221993286292
0.46999999999999997335464740899624302983,0.99710621034019748278475467001893749114,0.0,0.0027640817122577990563510523668450613959,0.00045096866137117938357845975544503140835
0.47999999999999998223643160599749535322,0.99722165790984036294369960112289739678,0.0,0.0026542784769287039143200373813718619521,0.00044852146867197375306226927098007988526
0.48999999999999999111821580299874767661,0.99732843966836418942235562180172348553,0.0,0.0025527260729841518894834628920023764336,0.00044610284378238592712635875542006610734
0.50,0.99742631963618626223061699651386291419,0.0,0.0024593673038472279387145313767931633867,0.00044371228936694761729613307432581592555
0.51000000000000000888178419700125232339,0.9975176828205104638656036658041164375,0.0,0.0023725712034476828696123102124911003916,0.00044134931956770213091677858028356797614
0.52000000000000001776356839400250464678,0.99760227390911093583539511909860049254,0.0,0.0022918665719370681907792425969036403438,0.00043901345967500606011066988368081607205
0.53000000000000002664535259100375697017,0.99768140767302955620499475682207719075,0.0,0.002216750473922919863319744827885175191,0.00043670424580959683544642259439811758374
0.54000000000000003552713678800500929356,0.99775509033136323734140437064871240289,0.0,0.0021464577035087517036105517711752584057,0.00043442122461547889652037972112489252452
0.55000000000000004440892098500626161695,0.99782449540944430806990554677116086349,0.0,0.0020806375869730824245835298687062527651,0.00043216395296320140917038676084952485573
0.56000000000000005329070518200751394033,0.9978890869410170745527248696573611959,0.0,0.0020190190710517496945612575175571664882,0.00042993199766311961820957328209346122396
0.56999999999999995115018691649311222136,0.99795046739639904953854073302048420123,0.0,0.0019606099701707712986422239076512569535,0.00042772493518825014653915294124324681995
0.57999999999999996003197111349436454475,0.99800766393456920453380854204607127706,0.0,0.0019063068982356061811717714306597972597,0.00042554235140634767002825523844495321685
0.58999999999999996891375531049561686814,0.99806193521097674058667699280395167341,0.0,0.0018545421207076636709376198884490137174,0.00042338384132084734208522727049360006407
0.59999999999999997779553950749686919153,0.99811354264856708631781978278128745675,0.0,0.0018057268900643646723609010696680254587,0.00042124900882033210507778946626106012121
0.60999999999999998667732370449812151492,0.9981617185909275367738531083219424093,0.0,0.0017597717328847557330393566516973847387,0.00041913746643619973731883923389332268515
0.61999999999999999555910790149937383831,0.9982078233005297976517771994061029796,0.0,0.0017158006843457293220072912723464887142,0.00041704883510821809659991028069261990953
0.63000000000000000444089209850062616169,0.99825182364518388482846996816771120681,0.0,0.0016742538892635379791106748943318683714,0.00041498274395767063540897289370458721707
0.64000000000000001332267629550187848508,0.99829298386958440077693554261393869086,0.0,0.0016349918779698425960387101876996896264,0.00041293883006780703099515243264423361947
0.65000000000000002220446049250313080847,0.99833250991580122377884331502865065855,0.0,0.0015972957809810590515909762518521416753,0.00041091673827132595148853662623964256616
0.66000000000000003108624468950438313186,0.99837048571257187776316945367794688856,0.0,0.0015612902160345746013055761848566247319,0.00040891612094462857534396894995374442757
0.67000000000000003996802888650563545525,0.99840614936455640157063547129116038918,0.0,0.0015274904970270853714334429761000442807,0.00040693663780859252619354493311897607505
0.68000000000000004884981308350688777864,0.99844028244830681170437012029276423621,0.0,0.0014949350637099223853869326474060536651,0.00040497795573562640772675912867999606423
0.68999999999999994670929481799248605967,0.99847317920304086786739647002890613092,0.0,0.0014635646279273776020146706323962784182,0.00040303974856277517217395360715575218244
0.69999999999999995559107901499373838305,0.99850474462563751512708264600032282247,0.0,0.0014338996051608276015090282336222729606,0.00040112169691065596420910353114836201647
0.70999999999999996447286321199499070644,0.99853437706433392957239652676413342751,0.0,0.0014056307320695985492635115045159633323,0.00039922348800801364627833196378297402131
0.71999999999999997335464740899624302983,0.99856302042191088449887560817160845783,0.0,0.0013783105345329384279106070156474600588,0.00039734481552169315005858358855701935319
0.72999999999999998223643160599749535322,0.99859071756298616602310946528479157637,0.0,0.0013518977120677016978749928700756324007,0.00039548537939183484322129675325511948483
0.73999999999999999111821580299874767661,0.99861725376923556503972606948260293784,0.0,0.0013270360424316190312674436080734524988,0.00039364488567210655850395480094271901289
0.75,0.99864226651595203225012395911195359632,0.0,0.0013031691732049996738698151564247826503,0.000391823046374793633194056751514949367
0.76000000000000000888178419700125232339,0.99866652009269449505371847926881720755,0.0,0.0012800310385051341678244122591862321542,0.0003900195793205754927939085211678180811
0.77000000000000001776356839400250464678,0.99869004444461173823194342701062758665,0.0,0.0012575927514570868516408029407530609958,0.00038823420799282419450368483068760534488
0.78000000000000002664535259100375697017,0.99871261369898840864596119332410478448,0.0,0.0012365212049213481145229734044349905827,0.00038646666139626691884786653930337192157
0.79000000000000003552713678800500929356,0.99873385283921158495543173718766021629,0.0,0.0012162450975431180246575134868512337687,0.00038471667391986067663373131297461646324
0.80000000000000004440892098500626161695,0.99875450844565832107435684165075674972,0.0,0.0011965298160948539700358021041547427086,0.00038298398520373349799243507450259322316
0.81000000000000005329070518200751394033,0.99877460135325550635000551170957614296,0.0,0.0011773552287191900670131259990224458314,0.0003812683400100521042500676111215310187
0.81999999999999995115018691649311222136,0.99879379770226872763477703618556648541,0.0,0.0011595023337602053737336675639071781558,0.00037956948809768156357380862520429974806
0.82999999999999996003197111349436454475,0.99881186407121020334806433698007965696,0.0,0.0011422389672549524354632509658177589623,0.00037788718410050754093682047045890297012
0.83999999999999996891375531049561686814,0.99882948475047012670788596694786840443,0.0,0.0011254047436435186989183033069584895133,0.00037622118740929716072599447705532549682
0.84999999999999997779553950749686919153,0.99884667402666509341547623997916006787,0.0,0.001109221141281555597739705920039916734,0.00037457126205697863560744561556389898576
0.85999999999999998667732370449812151492,0.99886259362047100411300512571553413218,0.0,0.0010942450427159689226310430162639313724,0.00037293717660722506364025708073303747414
0.86999999999999999555910790149937383831,0.99887789220338958850770783384558871835,0.0,0.0010796013577462407485668651826662327737,0.00037131870404623178926516770611250592732
0.88000000000000000444089209850062616169,0.99889285643636282213171697271612071098,0.0,0.0010653890130020040235668182176199217757,0.00036971562167758105895059907959384575181
0.89000000000000001332267629550187848508,0.99890655877520537269991877753390389278,0.0,0.0010526509940968295080652211719494552809,0.0003681277110200917070066578686912127616
0.90000000000000002220446049250313080847,0.99891956440174513638705800767632819535,0.0,0.0010401596268074743357478889272610203276,0.0003665547577085554602047215387739339116
0.91000000000000003108624468950438313186,0.99893194917769542105244725709544985068,0.0,0.0010288315501360240555879627520531596214,0.00036499655139726514040718861560011418782
0.92000000000000003996802888650563545525,0.99894270842339641535682595373357138777,0.0,0.0010184278016847822073123236132824592195,0.00036345288566624358000368398010290576065
0.93000000000000004884981308350688777864,0.99895289896356723761584106593827382387,0.0,0.0010096209965754884445299326245049737812,0.00036192355793008545276372125130272659676
0.93999999999999994670929481799248605967,0.99896091684839179460134311918060535804,0.0,0.0010024986659110644769778863309617080494,0.00036040836934932748632703758702105149322
0.94999999999999995559107901499373838305,0.99896883129986337572939568911426776802,0.0,0.00099788819239284525671549468411465142693,0.00035890712474426551759542261343092750508
0.95999999999999996447286321199499070644,0.9989761417120042390107319207387171034,0.0,0.00099331993175102885141098032624824990584,0.00035741963251114018894620248816553829546
0.96999999999999997335464740899624302983,0.99898062030830048944509502307968549402,0.0,0.0009887933068844043462779532496237208087,0.00035594570454061535647435316784229116355
0.97999999999999998223643160599749535322,0.99898505685778732918887438794079096777,0.0,0.00098430775116360441195599473229245643387,0.00035448515613847661536966191078461646239
0.98999999999999999111821580299874767661,0.99898945194918460696197616311366957535,0.0,0.00097986270819465567206398534341392666568,0.00035303780594847962672246523661771711662
1.0,0.99899380616028364307309366211918882752,0.0,0.00097545763158890698337760534447799898118,0.00035160347587728057474410905024149061252
