value,sup,dur,Y,S
0.0,1.0406141808413487611985241247385430791e-43,104.0,0.99608517062250971376375689442954662054,0.2694585752565112382461684986860810162
0.010000000000000000208166817117216851329,3.3538040115196194563206029569768978064e-39,102.0,0.99279234240637454309162127253731925473,0.26755604255739707934056438826177749881
0.020000000000000000416333634234433702659,2.8269009287967621484798005297892360185e-35,100.0,0.99008516352418744203101529291327071702,0.26599599688380810825326314064354229669
0.029999999999999998889776975374843459576,8.0142876451190594350304461229036997335e-32,98.0,0.98740866217707220190443301086176632449,0.26480055857240769206354568099986737398
0.040000000000000000832667268468867405318,1.1656666956574090792248253421930965701e-28,96.0,0.9846364051113784161947468664639963275,0.2639849699297719662499317224938011427
0.050000000000000002775557561562891351059,1.0578816625157542814780896023362535845e-25,93.0,0.9817097084809690186148769404492133853,0.26366308422206095789092031947627448932
0.059999999999999997779553950749686919153,6.5732909683336220691417469103710841022e-23,91.0,0.97858838795562641653211880459681251733,0.26379356016525210907644830887376268835
0.070000000000000006661338147750939242542,2.9270502217709577287841392070799171981e-20,88.0,0.97522256243098428912028457175144256531,0.26453332302949013362328141858401357781
0.080000000000000001665334536937734810635,9.5336787983336110699228525068662590539e-18,84.0,0.97157118692130535102557457436890571548,0.26601649790263072956595504919743233912
0.089999999999999996669330926124530378729,2.281914161885501956043294562006857267e-15,81.0,0.96759643136514068401837583696763527126,0.2685193989887498362683484274215636381
0.10000000000000000555111512312578270212,3.9854890916751767224068022378734766896e-13,76.0,0.96324359918077717730810898400738136697,0.27190936837029704754859200896825902839
0.11000000000000000055511151231257827021,4.9917009107069620432547768853309811959e-11,72.0,0.95845199073858592556092545579976916514,0.2752916779227493873539529699297589928
0.11999999999999999555910790149937383831,4.2808122401993043630956868886278008112e-09,66.0,0.95314117695990713041553797904456924284,0.27811459433035217572149162386495055552
0.13000000000000000444089209850062616169,2.2254316490019834789809628054366001257e-07,60.0,0.94723951055710065459747373789652444636,0.28018913135237818558421827033015774939
0.14000000000000001332267629550187848508,6.9629161489732017407900460008543969051e-06,53.0,0.9406102913720529672003593357179773847,0.28143839569598898825944419175115546939
0.14999999999999999444888487687421729788,0.00012663804914878364068945609172898991278,45.0,0.9331330200618926293224139621128000788,0.2817804230514797865412002959458772011
0.16000000000000000333066907387546962127,0.0011984965181406282261839476008342881426,35.0,0.92460741491937412876018005382398287069,0.28110881275386667730668084163507777918
0.17000000000000001221245327087672194466,0.0054867321383089948098606317688622886262,20.0,0.91478192992016320637121623334124785866,0.27794891699571980156042850076945554544
0.17999999999999999333866185224906075746,0.014382838647560381463942320260489932947,0.0,0.90332034525841337594207753252416074513,0.2625105474799536473524278733654240952
0.19000000000000000222044604925031308085,0.031299332518733369728069996149698068952,0.0,0.88843167488682832365185642090116354181,0.22909585823887179096215201372612023515
0.20000000000000001110223024625156540424,0.076155282186410369420237499192367102448,0.0,0.84929923742874491026891823385604904862,0.17763247726649040710611022557355081295
0.20999999999999999222843882762390421703,0.18192486784884200194555995975046676834,0.0,0.754715253779830340687296182358598938,0.11667763167391330937149160020087922392
0.22000000000000000111022302462515654042,0.36975113760793807093155321101363521697,0.0,0.58409754881579783055371249658530769844,0.063046096972996642648727105113183295198
0.23000000000000000999200722162640886381,0.59565937004716408758685930936430269178,0.0,0.37566694272290259014040629486735448812,0.028724655465656643415231771269084378578
0.23999999999999999111821580299874767661,0.77731027643360206814969233239394505838,0.0,0.20653435094077274933271566099686760515,0.011925776023289873852866865277432496083
0.25,0.88585057563414913935183590536654105549,0.0,0.10535564509747122031218857037852885517,0.0048788739959582042427376592773052704364
0.26000000000000000888178419700125232339,0.94142872474199013185110551928234358386,0.0,0.053742290523888607304916536769895707729,0.0020711351704418704327986198232487541511
0.27000000000000001776356839400250464678,0.96850628379498016018619650602204228199,0.0,0.028737028713183057515829584023133463867,0.00094378271921520737039599440465611439812
0.28000000000000002664535259100375697017,0.98092915083632818000261821766964557721,0.0,0.017360050986965367363520922807356176133,0.00057741372098689399269756724596922436339
0.28999999999999998001598555674718227237,0.98576117616611970975676992964756853493,0.0,0.012961203433525801681762744691056676543,0.0005026069829530095106073590004933962617
0.29999999999999998889776975374843459576,0.9884510596390223927366609399067089192,0.0,0.010512790081016130994259994150485586673,0.0004974870050995319267457407688812782056
0.30999999999999999777955395074968691915,0.99021986746194096621382927935346408746,0.0,0.0089030661985592298846310871399895983098,0.00049446508218240742135073326956435593392
0.32000000000000000666133814775093924254,0.9914876776082103005916998206262703082,0.0,0.0077495095279172391117978859662621087191,0.00049148232231994063329343509207875886544
0.33000000000000001554312234475219156593,0.99244802623901042319592459251018889322,0.0,0.0068757530005519082159064710902383670927,0.00048853796910446647414978465830165701402
0.34000000000000002442490654175344388932,0.99320372583507177667835574641490508181,0.0,0.0061881437482495903870867449760233278917,0.00048563128548304233271323467717535820347
0.34999999999999997779553950749686919153,0.99381546699749637326221356309404139151,0.0,0.0056317148928413412561466884485001249552,0.00048276155314232973215717448911547858135
0.35999999999999998667732370449812151492,0.99432149775815481944937720088430658837,0.0,0.0051711333978359559056953378741897859298,0.00047992807191678685516357710718833624851
0.36999999999999999555910790149937383831,0.99474830445937777395092094515096999984,0.0,0.0047828167557430689819224800784271255085,0.00047713015921914800198943765540890078181
0.38000000000000000444089209850062616169,0.99511302899685154304710329449004518368,0.0,0.0044511332212197549731820925195711788095,0.00047436714949221659422635809684003421467
0.39000000000000001332267629550187848508,0.99542881346006003756215587049715026209,0.0,0.0041641058562805477228578614519773200068,0.00047163839368104714882054292956051943564
0.40000000000000002220446049250313080847,0.99570501630085462029214738822113110366,0.0,0.0039127069154031256274473802092118710311,0.00046894325872463688986384561795053695659
0.40999999999999997557509345824655611068,0.99594899166120539496246484523239038302,0.0,0.0036912116354857691825593472323088847618,0.00046628112706629085916394061288681812853
0.41999999999999998445687765524780843407,0.99616548490686047002958539704946282262,0.0,0.0034942845501617841180923125424618125917,0.00046365139618186497562804841750570698289
0.42999999999999999333866185224906075746,0.99635949838453944427681740944929701467,0.0,0.0033178691154662301421662795880165016193,0.00046105347812513029497731900256923851519
0.44000000000000000222044604925031308085,0.99653438254119678380632566879013150229,0.0,0.0031589095937858102380240057892657914388,0.00045848679908953761370570898720964622683
0.45000000000000001110223024625156540424,0.99669293246658805559688576020711897414,0.0,0.0030148581109888641075543950639979312747,0.00045595079898569652963654528252237659034
0.46000000000000001998401444325281772763,0.99683697295356654499688007412541813962,0.0,0.0028835692304571142750811373800595105892,0.00045344493103391536906434662221993286292
0.46999999999999997335464740899624302983,0.9969685148970234109545469923992585506,0.0,0.00276408171225779905635105236684506144,0.00045096866137117938357845975544503140798
0.47999999999999998223643160599749535322,0.99708953103656439813030256327032519951,0.0,0.0026542784769287039143200373813718619227,0.00044852146867197375306226927098007988562
0.48999999999999999111821580299874767661,0.99720125704816336257631730484459400917,0.0,0.0025527260729841518894834628920023764277,0.00044610284378238592712635875542006610697
0.50,0.99730388592664704197541438132978945693,0.0,0.0024593673038472279387145313767931634543,0.00044371228936694761729613307432581592555
0.51000000000000000888178419700125232339,0.99739970351638667238474349172298021343,0.0,0.0023725712034476828696123102124911004122,0.00044134931956770213091677858028356797688
0.52000000000000001776356839400250464678,0.99748819991571380577741872684328928314,0.0,0.0022918665719370681907792425969036403585,0.00043901345967500606011066988368081607168
0.53000000000000002664535259100375697017,0.99757122080432553152868996563837641769,0.0,0.0022167504739229198633197448278851752234,0.00043670424580959683544642259439811758337
0.54000000000000003552713678800500929356,0.9976483010060222750523949787655163198,0.0,0.0021464577035087517036105517711752584292,0.00043442122461547889652037972112489252452
0.55000000000000004440892098500626161695,0.99772114487748644842108467096864692715,0.0,0.0020806375869730824245835298687062527651,0.00043216395296320140917038676084952485573
0.56000000000000005329070518200751394033,0.99778870883130723355362746075110172326,0.0,0.0020190190710517496945612575175571664617,0.00042993199766311961820957328209346122359
0.56999999999999995115018691649311222136,0.99785292022757671458714903149290491191,0.0,0.0019606099701707712986422239076512569388,0.00042772493518825014653915294124324681995
0.57999999999999996003197111349436454475,0.99791298355028802129433602049989648305,0.0,0.0019063068982356061811717714306597972436,0.00042554235140634767002825523844495321722
0.58999999999999996891375531049561686814,0.99796975065039746622351705918641925323,0.0,0.0018545421207076636709376198884490137174,0.00042338384132084734208522727049360006444
0.59999999999999997779553950749686919153,0.99802391663609573050364288007673845434,0.0,0.0018057268900643646723609010696680254661,0.00042124900882033210507778946626106012084
0.60999999999999998667732370449812151492,0.998074358450794259830071200654463583,0.0,0.0017597717328847557330393566516973847593,0.00041913746643619973731883923389332268368
0.61999999999999999555910790149937383831,0.99812257961273233274254221586448473765,0.0,0.0017158006843457293220072912723464887186,0.0004170488351082180965999102806926199099
0.63000000000000000444089209850062616169,0.99816875890068304401042283282738008809,0.0,0.00167425388926353797911067489433186837,0.0004149827439576706354089728937045872178
0.64000000000000001332267629550187848508,0.9982118863380900337376733405756609115,0.0,0.0016349918779698425960387101876996896411,0.00041293883006780703099515243264423361984
0.65000000000000002220446049250313080847,0.99825322116847511392428888564685014997,0.0,0.0015972957809810590515909762518521416753,0.00041091673827132595148853662623964256579
0.66000000000000003108624468950438313186,0.99829293847029133207604060916779933167,0.0,0.001561290216034574601305576184856624729,0.00040891612094462857534396894995374442757
0.67000000000000003996802888650563545525,0.99833047475693531683315683678082571754,0.0,0.0015274904970270853714334429761000442542,0.00040693663780859252619354493311897607469
0.68000000000000004884981308350688777864,0.99836616232712380546127228615230600973,0.0,0.001494935063709922385386932647406053671,0.00040497795573562640772675912867999606423
0.68999999999999994670929481799248605967,0.99840056047574309612004128174882995512,0.0,0.0014635646279273776020146706323962784108,0.00040303974856277517217395360715575218244
0.69999999999999995559107901499373838305,0.99843372968861890004267158440688906044,0.0,0.0014338996051608276015090282336222729415,0.00040112169691065596420910353114836201683
0.70999999999999996447286321199499070644,0.99846479051730415042996716583797982785,0.0,0.0014056307320695985492635115045159633058,0.00039922348800801364627833196378297402094
0.71999999999999997335464740899624302983,0.99849473201040839224024789823955868367,0.0,0.001378310534532938427910607015647460075,0.00039734481552169315005858358855701935355
0.72999999999999998223643160599749535322,0.9985236871227919985991373025721891471,0.0,0.0013518977120677016978749928700756324109,0.00039548537939183484322129675325511948483
0.73999999999999999111821580299874767661,0.99855168075160301624875077701355369362,0.0,0.0013270360424316190312674436080734525032,0.00039364488567210655850395480094271901252
0.75,0.99857781555687665060663264667156979979,0.0,0.0013031691732049996738698151564247826533,0.00039182304637479363319405675151494936737
0.76000000000000000888178419700125232339,0.99860315962846948241389476453967607445,0.0,0.0012800310385051341678244122591862321586,0.00039001957932057549279390852116781808147
0.77000000000000001776356839400250464678,0.99862774405873820684038397833048656736,0.0,0.0012575927514570868516408029407530610075,0.00038823420799282419450368483068760534451
0.78000000000000002664535259100375697017,0.99865158525560227135818837982516249807,0.0,0.0012365212049213481145229734044349905959,0.00038646666139626691884786653930337192157
0.79000000000000003552713678800500929356,0.99867376514230462078276391628838225973,0.0,0.0012162450975431180246575134868512337658,0.00038471667391986067663373131297461646287
0.80000000000000004440892098500626161695,0.99869533786093029958981239618719319536,0.0,0.0011965298160948539700358021041547427203,0.00038298398520373349799243507450259322243
0.81000000000000005329070518200751394033,0.99871632501497000816751135700600271919,0.0,0.0011773552287191900670131259990224458226,0.00038126834001005210425006761112153101796
0.81999999999999995115018691649311222136,0.99873663124662080135852710235570326518,0.0,0.0011595023337602053737336675639071781572,0.00037956948809768156357380862520429974769
0.82999999999999996003197111349436454475,0.99875548163639520970201614342208923393,0.0,0.0011422389672549524354632509658177589491,0.00037788718410050754093682047045890296975
0.83999999999999996891375531049561686814,0.99877386898666521767561556314817904787,0.0,0.0011254047436435186989183033069584894986,0.00037622118740929716072599447705532549682
0.84999999999999997779553950749686919153,0.99879180808288426619947711932416280778,0.0,0.0011092211412815555977397059200399167252,0.00037457126205697863560744561556389898576
0.85999999999999998667732370449812151492,0.99880866925667928540705985791661292348,0.0,0.0010942450427159689226310430162639313651,0.00037293717660722506364025708073303747414
0.86999999999999999555910790149937383831,0.99882460922880794075887968737641848464,0.0,0.0010796013577462407485668651826662327678,0.00037131870404623178926516770611250592659
0.88000000000000000444089209850062616169,0.99884020261888968126832146429280742127,0.0,0.0010653890130020040235668182176199217992,0.00036971562167758105895059907959384575217
0.89000000000000001332267629550187848508,0.99885474662350072918425160807534565957,0.0,0.0010526509940968295080652211719494552721,0.00036812771102009170700665786869121276124
0.90000000000000002220446049250313080847,0.99886826249934529429783501034108531189,0.0,0.0010401596268074743357478889272610203364,0.00036655475770855546020472153877393391123
0.91000000000000003108624468950438313186,0.99888152234145622239884920819642498924,0.0,0.0010288315501360240555879627520531596199,0.00036499655139726514040718861560011418782
0.92000000000000003996802888650563545525,0.99889269397994109641165713964240096989,0.0,0.0010184278016847822073123236132824592165,0.00036345288566624358000368398010290575991
0.93000000000000004884981308350688777864,0.99890364244768802588773507903554332209,0.0,0.0010096209965754884445299326245049737797,0.0003619235579300854527637212513027265964
0.93999999999999994670929481799248605967,0.99891292800177449732080304111179575012,0.0,0.0010024986659110644769778863309617080479,0.00036040836934932748632703758702105149249
0.94999999999999995559107901499373838305,0.9989210336508319918953141055183430284,0.0,0.00099788819239284525671549468411465142546,0.00035890712474426551759542261343092750508
0.95999999999999996447286321199499070644,0.99892903589740462605720467504205666378,0.0,0.00099331993175102885141098032624824990584,0.00035741963251114018894620248816553829583
0.96999999999999997335464740899624302983,0.99893693656534889675010430875536246302,0.0,0.00098879330688440434627795324962372080723,0.00035594570454061535647435316784229116355
0.97999999999999998223643160599749535322,0.99894473743778718645806255966302819539,0.0,0.00098430775116360441195599473229245643241,0.00035448515613847661536966191078461646202
0.98999999999999999111821580299874767661,0.99894989165167645414033931402849497993,0.0,0.00097986270819465567206398534341392666568,0.00035303780594847962672246523661771711552
1.0,0.9989542550398943277784337882946916598,0.0,0.00097545763158890698337760534447799897971,0.00035160347587728057474410905024149061215
