value,sup,dur,Y,S
0.0,2.5019756555378883310389460052981141591e-77,130.0,0.99604088457808246582391958910242413298,0.88881968448054698040653630109176882525
0.010000000000000000208166817117216851329,1.3001318459305667380007021998007989936e-57,129.0,0.99457919956353219411124973591240200892,0.89618832699758740967655949794249618579
0.020000000000000000416333634234433702659,6.662794974019781978543235766276856484e-54,129.0,0.99351805256331532327824594210379268708,0.91000732051755480905691800977191839233
0.029999999999999998889776975374843459576,6.8151268352760076067715875542552815075e-51,129.0,0.99250240998259718875418297293390578605,0.91772320461385381270836697066209304831
0.040000000000000000832667268468867405318,3.3224034530600361859067756076415787917e-48,129.0,0.99149262701316420664919383095061756809,0.92265614759062581833905938875949314947
0.050000000000000002775557561562891351059,1.0397742676502548694006263901394859954e-45,128.0,0.99046926410809274371448004812501143283,0.92617194293246715714744317369676610389
0.059999999999999997779553950749686919153,2.4064183083111553716800712394580299589e-43,128.0,0.98941932934963020876725917170058791137,0.92884478424297014748385263988080529133
0.070000000000000006661338147750939242542,4.459090966677949087221592351194292433e-41,128.0,0.98833192757869546945335486176411029568,0.93095838523426744803716166615024060426
0.080000000000000001665334536937734810635,6.9510651142105711652457067089687742798e-39,127.0,0.98719632543125443698212555259115433421,0.93268347387577124416073382523521780623
0.089999999999999996669330926124530378729,9.0238475452348133735854625656711911414e-37,127.0,0.98604382651109980395512922166526401249,0.93411924534272109615101873674600288755
0.10000000000000000555111512312578270212,8.7009393393950159639965105951508856999e-35,126.0,0.98484265087497208814468470915616568126,0.93533408089402049582654807659622585399
0.11000000000000000055511151231257827021,6.4157115733764333131415355577576668839e-33,126.0,0.9835767112761529314373540807041894925,0.93637832833276182787663335258018306323
0.11999999999999999555910790149937383831,3.7437811321682258322838503638496226271e-31,126.0,0.98225170766753336477829731347137002944,0.93728080852202356314725803580045551456
0.13000000000000000444089209850062616169,1.7767836035361255488185504695987961407e-29,125.0,0.98090135812877305869746117132147725161,0.93806897699918584402753187335714427375
0.14000000000000001332267629550187848508,6.9982164325576026233159160486596766084e-28,125.0,0.97946693897117269606292100942315519327,0.93876369203447217513369369672047425618
0.14999999999999999444888487687421729788,2.3254143929299490082762224897748500108e-26,124.0,0.97795782689027096968148764764790667139,0.9393762978331328498348705699428681451
0.16000000000000000333066907387546962127,6.6238918318569955250887888024902855078e-25,124.0,0.97641809167170659602195606048515339236,0.93991889103057028188725721687389208602
0.17000000000000001221245327087672194466,1.6363519451576724137830700001257928909e-23,123.0,0.97476757219426005140802728502999957589,0.94040103632010346712338725424478730936
0.17999999999999999333866185224906075746,3.5411730683632302217556916215875709115e-22,123.0,0.97306427098208090474969216615834839003,0.94083037989939032703885416033938584226
0.19000000000000000222044604925031308085,6.7717141122652832681697550567358561263e-21,122.0,0.97128072513026004929864630582875502948,0.94121308208936313949194349493082862425
0.20000000000000001110223024625156540424,1.152829564464682909900112525199706639e-19,122.0,0.96937952244513168305937094067126205038,0.94155412653996041555113360552910171091
0.20999999999999999222843882762390421703,1.7532632575136775909983308182255084974e-18,121.0,0.9674413307711368769316450518537124261,0.94185754267385444444639899009609089724
0.22000000000000000111022302462515654042,2.4017054592135699094308660706381107003e-17,121.0,0.96533296741167356722335238031599747621,0.94212656513573410406509739471237189124
0.23000000000000000999200722162640886381,2.9781715970094891387498397551137861228e-16,120.0,0.96321434577530768760523406727388346062,0.942363745750105274709861701419106458
0.23999999999999999111821580299874767661,3.3411084419326193471298903352423470272e-15,120.0,0.96089962622461763134447110258808289757,0.94257102799370064818440479897840915009
0.25,3.4172274653229990371181381657927713566e-14,119.0,0.95855661397331501592206715188766972586,0.94274979017402624398822717713510325171
0.26000000000000000888178419700125232339,3.1832349822270444546312340714371128692e-13,118.0,0.95599788036073005103281322836312199168,0.94290388303485932612814193911711860294
0.27000000000000001776356839400250464678,2.7136184189542530011623481936818676512e-12,118.0,0.95341395094232277630006182943854198741,0.94303223575342695008035084279159446247
0.28000000000000002664535259100375697017,2.112811228337660791289324143593329812e-11,115.0,0.95060752406650414959436846197855096874,0.94313656826679029851008136229693449697
0.28999999999999998001598555674718227237,1.5096953582567498574064885705189104646e-10,109.0,0.9477165120818455670003226654507427439,0.94321658352518554944331988637667331497
0.29999999999999998889776975374843459576,9.8635329884278894151372431152269489637e-10,102.0,0.94464300098281007377406392575947726021,0.94327446359130603654900866917420234194
0.30999999999999999777955395074968691915,5.9080020980580708154147459198432022129e-09,97.0,0.94137157686101263774254404408327228981,0.94330832617691090757120970098126544233
0.32000000000000000666133814775093924254,3.2441731755440401107305966757192839415e-08,91.0,0.93800595676350155576219090737903031124,0.94331827387507343007924136965148714355
0.33000000000000001554312234475219156593,1.625742700357548479039630681407317233e-07,85.0,0.93439278363212479434164765572684413084,0.94330370672919949394360793731527469189
0.34000000000000002442490654175344388932,7.4413429773267875312635022690888873835e-07,78.0,0.93056031504811519765739617209405395576,0.94326329508237242412721043653801043386
0.34999999999999997779553950749686919153,3.1041624967372364936888256927566558592e-06,72.0,0.9266004010730159092853399052908253791,0.94319593234147028670331396840840458341
0.35999999999999998667732370449812151492,1.1755635653724980439681750654109696986e-05,66.0,0.92237182459318128356906883069996730508,0.94309960713723305850153383854538796947
0.36999999999999999555910790149937383831,4.0133011083745425395089122839700434345e-05,60.0,0.91787108023764307576375400884754679027,0.9429713222992811620399307385876886341
0.38000000000000000444089209850062616169,0.00012309232579845079900515571241475773209,52.0,0.9130923094945856892280121137923779839,0.9428074681350438873460641481690682874
0.39000000000000001332267629550187848508,0.00033685659107272161131219009860806297634,46.0,0.90811873442133702238864837848518098437,0.94260371652995480000761671375722484878
0.40000000000000002220446049250313080847,0.00081780499459559603079462037146390181926,39.0,0.9028346469379558082677913119402951441,0.94234014398785779582245447735762936852
0.40999999999999997557509345824655611068,0.0017601699444096872114462402823447678623,33.0,0.89722128805040984859557966063291018235,0.94166351506270592230851481916814531546
0.41999999999999998445687765524780843407,0.003372161225635901101790778874470792937,26.0,0.89126175339977279984660307568500888469,0.93992424045837553916434335225708041702
0.42999999999999999333866185224906075746,0.0058363331350794324107199570829742678123,18.0,0.88493499238525562823772023980736745749,0.93582069281560749779401818813386239239
0.44000000000000000222044604925031308085,0.0092773216579790213396905330865629745172,6.0,0.87821494740668269412098220769266733113,0.92248429649996267622916787206827563572
0.45000000000000001110223024625156540424,0.013744164324093704903964656395766937178,0.0,0.87106935618871457716979555789877430027,0.94006049584517145251212939974211553437
0.46000000000000001998401444325281772763,0.019279853801339352657044228955953075024,0.0,0.86345814242354470642865032922286525144,0.93926673626267838830588433509141695936
0.46999999999999997335464740899624302983,0.025910532740045157423979264681178799462,0.0,0.85533130816791007455586296452084938125,0.93828803900664010024486241057683042369
0.47999999999999998223643160599749535322,0.033513793220002573021262080602807007281,0.0,0.84679396409040333866219630303656483237,0.93707016380162927704953227157050402855
0.48999999999999999111821580299874767661,0.042208907391976273067176804400749793576,0.0,0.83766716100213891021991723200438091348,0.93554062007782935583205439386745227868
0.5,0.051927984444081992418926790348693402614,0.0,0.8278549388136592772882361377444739851,0.93360127377499656552519565800864476036
0.51000000000000000888178419700125232339,0.06263184502687189236022432476506693332,0.0,0.81749223802620853112682001549367183892,0.93112258540838218961829900283910442878
0.52000000000000001776356839400250464678,0.074331986203982919491447158541332713844,0.0,0.80636145581683923783208168462947317963,0.92793465704950574798155615252173730745
0.53000000000000002664535259100375697017,0.087103613846714844229128906457528523727,0.0,0.79454945877469469585442418152595462444,0.923821584524996766206541551151046645
0.54000000000000003552713678800500929356,0.10099698985163949172166596322443168342,0.0,0.78183982740572757294162738207125125703,0.91849235797201384697972624400127572012
0.55000000000000004440892098500626161695,0.11590415527069575190269632549594241295,0.0,0.76831432704266548600905455841326125896,0.91161142635242191330913467156996777182
0.56000000000000005329070518200751394033,0.1319940800195621753460299847275877181,0.0,0.75389393911504735804544764905733955352,0.90284004850194122231634065632015640693
0.56999999999999995115018691649311222136,0.14932732517326820655607755851773412656,0.0,0.73844833549765534324104047125815847877,0.89182165002331161904753414885005642383
0.57999999999999996003197111349436454475,0.16792400175795750987436709398086391252,0.0,0.7219007378631179191649609323386943936,0.8782029929369904764504405810308215372
0.58999999999999996891375531049561686814,0.18787109568915456087814658627627865547,0.0,0.70431306294195277037444835053655028787,0.86166043467736019443004651332520788271
0.59999999999999997779553950749686919153,0.20933445044107374675034464657157504262,0.0,0.68546871590748186496422682533714705255,0.84192817832528461320971418248748742121
0.60999999999999998667732370449812151492,0.23214103806069508288026468575155884133,0.0,0.6653381967287751865558391190890818183,0.8188239791489594878374023668420368584
0.61999999999999999555910790149937383831,0.25663462127544979801268170656669843425,0.0,0.64381820072872207562964615527090554901,0.79226709681991088815531398046135010418
0.63000000000000000444089209850062616169,0.28277908468144464297775374152016399072,0.0,0.62090648648539807235728480154427920023,0.7622837204058015443454141733171356091
0.64000000000000001332267629550187848508,0.31066809773357785913100808340229569886,0.0,0.59650272550803702993457297192557177802,0.72899658375934761818390117727176767187
0.65000000000000002220446049250313080847,0.3403912987233711714300085836168657075,0.0,0.5705040640395928837219979202290203571,0.692597465020262186802715720399649918
0.66000000000000003108624468950438313186,0.37196952378304356169937783277945771316,0.0,0.54292466656288413458094307721357029854,0.65330275599968768682401509922506577404
0.67000000000000003996802888650563545525,0.40540400906947180667454330399928502632,0.0,0.5137507469643828115496129613163848571,0.61129210082334344237866103711140687495
0.68000000000000004884981308350688777864,0.44078988030063567329292995142803655413,0.0,0.48290972222118759742639174707159384051,0.56662696334555506216978247633025002678
0.68999999999999994670929481799248605967,0.47804645565176339325189977452459120727,0.0,0.45046412029527024920672800188411728906,0.51914013462688247415306563728837459745
0.69999999999999995559107901499373838305,0.51712031609518629427169619139825821113,0.0,0.41647680071830090544345385095059104193,0.46829210688667085017998701837222520474
0.70999999999999996447286321199499070644,0.55788696277425963267708588271867026441,0.0,0.3810586872323640298099898709571503137,0.41306968709830612379023393316561671593
0.71999999999999997335464740899624302983,0.60018713340447238165016083647820606468,0.0,0.34434920616169876086449230643675828321,0.35226689393658818335198855196854278099
0.72999999999999998223643160599749535322,0.64372762103379073149119377200837309363,0.0,0.3066024675986348334963256785120065528,0.28573849921177665389391417167837864384
0.73999999999999999111821580299874767661,0.68845147602294121011459496606395522423,0.0,0.26808261090461992145148048509599322676,0.21644663073002262548635934184232680737
0.75,0.74655699111196692191757483467084075886,0.0,0.21926480642589144726032144831018396688,0.15109272708474519572407537597444989858
0.76000000000000000888178419700125232339,0.81450739295956446647336059997606505711,0.0,0.1611675923444703690944107658067656819,0.09712525305377014148788576799586692206
0.77000000000000001776356839400250464678,0.87680237058456533692445537007349883623,0.0,0.10725687176147657615514836753766948706,0.058287892240997632545555276474725505014
0.78000000000000002664535259100375697017,0.92398007560081565994193193599989705329,0.0,0.066150498973148661891661429494234689611,0.03340025840398542086449422475940243062
0.79000000000000003552713678800500929356,0.95515265490065018609052278777148521332,0.0,0.038927402263795496941096094769925416951,0.018707061414164306169455164779886463782
0.80000000000000004440892098500626161695,0.97403946501517083529279697729632803015,0.0,0.022448831828940120278557422035226369835,0.010446483289196843598361753642670412009
0.81000000000000005329070518200751394033,0.98494643791416882647462003143633006408,0.0,0.012960264790839017384045125837738632648,0.0059085647969031640464288010210801834762
0.81999999999999995115018691649311222136,0.99111583383404979524145115609392233703,0.0,0.0076145083341317556023761132788049977415,0.0034280034246333320109087308804290580004
0.82999999999999996003197111349436454475,0.99459771276315747215589634574245348672,0.0,0.0046108963841936355403970555663811765889,0.0020615658816940249067079265843645478577
0.83999999999999996891375531049561686814,0.99645062271298080338897252910166974332,0.0,0.0030276180302960513697512199569338437845,0.0013422834178352898405487905040635383116
0.84999999999999997779553950749686919153,0.99728556971907900062237422926929731304,0.0,0.0023193068264868093399293379419355296016,0.0010330106737747962295368852417132412815
0.85999999999999998667732370449812151492,0.99776706657430817031782165917190375386,0.0,0.0019113106271733711862207483884365320392,0.0008610923449430709829768757109096645085
0.86999999999999999555910790149937383831,0.99808633141701213785217757111329152677,0.0,0.0016411604265048358738828010701973261731,0.00074989029275560377927942770204606826818
0.88000000000000000444089209850062616169,0.99831453350132157058342093129806436219,0.0,0.0014483704271423206722330484426469201757,0.00067230625361786022241848899569281436143
0.89000000000000001332267629550187848508,0.99848506002591724260411481331510645838,0.0,0.0013045747587367285848441660856207699045,0.00061603267154984580575628488642217658117
0.90000000000000002220446049250313080847,0.99861559884175400074999380560248843373,0.0,0.0011949494719260973595608936850722496547,0.00057494318830563811046829077687652162904
0.91000000000000003108624468950438313186,0.99871605996624183971766942130601552564,0.0,0.001111128500175232393797208853417486863,0.00054610358909670789228100687649627135998
0.92000000000000003996802888650563545525,0.99879139446115169119727585010411675528,0.0,0.001049171399876519776456195945798058572,0.00052913945841754598349701128639649762731
0.93000000000000004884981308350688777864,0.9988421654733359847577096734583240295,0.0,0.0010090778010222337643911156345551215485,0.00052459909561434439304448584616229182598
0.93999999999999994670929481799248605967,0.99886544537618745035181392457189522655,0.0,0.00099623063459971646578373618411644818456,0.00052240285973821716445950382758391635158
0.94999999999999995559107901499373838305,0.9988779392925946347101532825349660297,0.0,0.00099164895454253841598376177116580362034,0.0005202268354405693467564382723368798794
0.95999999999999996447286321199499070644,0.99888754225756063268660357785031842131,0.0,0.00098710922399345282039822063999773411998,0.00051807074499385469899632946803303052084
0.96999999999999997335464740899624302983,0.99889701522579156089325952888693643331,0.0,0.00098261086944826436958254153128276252582,0.00051593431573567035499575710775701923032
0.97999999999999998223643160599749535322,0.99890636056700983318647832604569898083,0.0,0.00097815332780941545833153626930758455739,0.00051381727995380951430836785731186939649
0.98999999999999999111821580299874767661,0.9989155805968915844554883125469280964,0.0,0.00097373604615100743260584913062639270078,0.00051171937477443027485513656301335846413
1.0,0.99892016758237400012494150333480925088,0.0,0.00096935848149016011276791601596038450863,0.00050964034205324251763548634285696157112
