value,sup,dur,Y,S
0.0,1.3117066601152218389419870538718383481e-111,113.0,0.99608517062250971376375689442954661979,0.26945857525651123824616849868608101695
0.010000000000000000208166817117216851329,3.1421359838787216535671283612990993263e-106,112.0,0.99279234240637454309162127253731925397,0.26755604255739707934056438826177749542
0.020000000000000000416333634234433702659,2.2993181465728016705665199195565733431e-101,110.0,0.99008516352418744203101529291327071777,0.26599599688380810825326314064354229857
0.029999999999999998889776975374843459576,6.7374913615732205293981431284866193598e-97,109.0,0.98740866217707220190443301086176632073,0.26480055857240769206354568099986737172
0.040000000000000000832667268468867405318,1.2330734856965518344110280659780177754e-92,107.0,0.98463640511137841619474686646399632675,0.26398496992977196624993172249380113932
0.050000000000000002775557561562891351059,1.7598874809946134787747032312941300643e-88,105.0,0.98170970848096901861487694044921338681,0.26366308422206095789092031947627449045
0.059999999999999997779553950749686919153,2.2174521631936887524351617303654104921e-84,104.0,0.97858838795562641653211880459681251281,0.26379356016525210907644830887376268797
0.070000000000000006661338147750939242542,2.6797561485657069310525467428321892301e-80,102.0,0.97522256243098428912028457175144255929,0.26453332302949013362328141858401357705
0.080000000000000001665334536937734810635,3.315826829041974669377770653725781287e-76,99.0,0.97157118692130535102557457436890571022,0.26601649790263072956595504919743233837
0.089999999999999996669330926124530378729,4.4576354717280839922900249358008966006e-72,97.0,0.96759643136514068401837583696763526975,0.26851939898874983626834842742156363585
0.10000000000000000555111512312578270212,6.9147609585780533567101684477706235095e-68,94.0,0.96324359918077717730810898400738136546,0.27190936837029704754859200896825902839
0.11000000000000000055511151231257827021,1.3227240716222071264002859504723051381e-63,91.0,0.95845199073858592556092545579976916589,0.27529167792274938735395296992975899318
0.11999999999999999555910790149937383831,3.3734530803497215132618885207593927309e-59,88.0,0.95314117695990713041553797904456923907,0.27811459433035217572149162386495055552
0.13000000000000000444089209850062616169,1.2627204590703873948764882426457624616e-54,84.0,0.94723951055710065459747373789652444636,0.28018913135237818558421827033015774826
0.14000000000000001332267629550187848508,7.8431365995452866862072432365158195986e-50,79.0,0.9406102913720529672003593357179773832,0.28143839569598898825944419175115546676
0.14999999999999999444888487687421729788,9.5083121038790012017594707731491549548e-45,74.0,0.93313302006189262932241396211280007654,0.28178042305147978654120029594587720147
0.16000000000000000333066907387546962127,2.8043919228603893836185441542467683651e-39,69.0,0.92460741491937412876018005382398287069,0.28110881275386667730668084163507777881
0.17000000000000001221245327087672194466,2.7057819597243453290952122392127225658e-33,62.0,0.91478192992016320637121623334124784662,0.27794891699571980156042850076945554206
0.17999999999999999333866185224906075746,1.1855005871469150591356801251343079035e-26,53.0,0.90332034525841337594207753252416074363,0.26251054747995364735242787336542409482
0.19000000000000000222044604925031308085,2.4226692281276848819238407602978645885e-19,43.0,0.88843167488682832365185642090116354181,0.22909585823887179096215201372612023177
0.20000000000000001110223024625156540424,7.29038361433324753031559757507610821e-12,31.0,0.84929923742874491026891823385604904712,0.17763247726649040710611022557355080919
0.20999999999999999222843882762390421703,1.4718586899964855480833288239106598589e-05,15.0,0.75471525377983034068729618235859893273,0.11667763167391330937149160020087922345
0.22000000000000000111022302462515654042,0.038341282170533052812153359816411700909,0.0,0.58409754881579783055371249658530768866,0.063046096972996642648727105113183293129
0.23000000000000000999200722162640886381,0.32231919704659840631576828825576979285,0.0,0.37566694272290259014040629486735448661,0.028724655465656643415231771269084379166
0.23999999999999999111821580299874767661,0.618842829896636116744654700367847832,0.0,0.20653435094077274933271566099686760007,0.011925776023289873852866865277432495742
0.25,0.80279348415687062053380317268855671818,0.0,0.10535564509747122031218857037852885442,0.0048788739959582042427376592773052702778
0.26000000000000000888178419700125232339,0.89818032354331976339707888470806447617,0.0,0.053742290523888607304916536769895708434,0.0020711351704418704327986198232487541864
0.27000000000000001776356839400250464678,0.94498967924000344516940039430368821992,0.0,0.02873702871318305751582958402313346349,0.00094378271921520737039599440465611439445
0.28000000000000002664535259100375697017,0.96662842828486738672531841887827114912,0.0,0.017360050986965367363520922807356176298,0.00057741372098689399269756724596922437148
0.28999999999999998001598555674718227237,0.97508541719877383447534151230826540076,0.0,0.012961203433525801681762744691056676531,0.00050260698295300951060735900049339626464
0.29999999999999998889776975374843459576,0.97979367761527172452023412134319328825,0.0,0.010512790081016130994259994150485586532,0.0004974870050995319267457407688812782056
0.30999999999999999777955395074968691915,0.98288968371447212723726874936779366604,0.0,0.0089030661985592298846310871399895984391,0.00049446508218240742135073326956435593392
0.32000000000000000666133814775093924254,0.98510850715531973776901965845312728152,0.0,0.0077495095279172391117978859662621088014,0.00049148232231994063329343509207875886544
0.33000000000000001554312234475219156593,0.9867893599318123312576549034766123463,0.0,0.0068757530005519082159064710902383669987,0.00048853796910446647414978465830165701402
0.34000000000000002442490654175344388932,0.98811228067761905161596595809664938532,0.0,0.0061881437482495903870867449760233278211,0.0004856312854830423327132346771753582042
0.34999999999999997779553950749686919153,0.98918282688162598743240799331903215968,0.0,0.0056317148928413412561466884485001248671,0.00048276155314232973215717448911547858172
0.35999999999999998667732370449812151492,0.99006879781026273469633376001234411795,0.0,0.0051711333978359559056953378741897859063,0.00047992807191678685516357710718833624888
0.36999999999999999555910790149937383831,0.99081593658218706182721268675149112948,0.0,0.0047828167557430689819224800784271255673,0.00047713015921914800198943765540890078218
0.38000000000000000444089209850062616169,0.99145431122090764206099898376006032996,0.0,0.0044511332212197549731820925195711787154,0.00047436714949221659422635809684003421467
0.39000000000000001332267629550187848508,0.99200696874996697592650044971596213707,0.0,0.0041641058562805477228578614519773201184,0.00047163839368104714882054292956051943601
0.40000000000000002220446049250313080847,0.99249056319174652194262873898618914732,0.0,0.0039127069154031256274473802092118710605,0.00046894325872463688986384561795053695732
0.40999999999999997557509345824655611068,0.99291748877162671882571709477573435698,0.0,0.0036912116354857691825593472323088847795,0.00046628112706629085916394061288681812816
0.41999999999999998445687765524780843407,0.99329650786347045503688693787686539907,0.0,0.0034942845501617841180923125424618126505,0.00046365139618186497562804841750570698289
0.42999999999999999333866185224906075746,0.99363615473323897147226461889145558454,0.0,0.0033178691154662301421662795880165016252,0.00046105347812513029497731900256923851519
0.44000000000000000222044604925031308085,0.99394230984792884955693871146001131477,0.0,0.0031589095937858102380240057892657913829,0.00045848679908953761370570898720964622683
0.45000000000000001110223024625156540424,0.99421987892703456040571776227118152584,0.0,0.0030148581109888641075543950639979312747,0.00045595079898569652963654528252237659034
0.46000000000000001998401444325281772763,0.99447203595790997130459014154077412903,0.0,0.0028835692304571142750811373800595105892,0.00045344493103391536906434662221993286219
0.46999999999999997335464740899624302983,0.9947023255785319062988055418230305355,0.0,0.002764081712257799056351052366845061437,0.00045096866137117938357845975544503140798
0.47999999999999998223643160599749535322,0.99491422487222994410243875829929003771,0.0,0.0026542784769287039143200373813718619492,0.00044852146867197375306226927098007988526
0.48999999999999999111821580299874767661,0.99510972287681642227530129536183848248,0.0,0.0025527260729841518894834628920023764424,0.00044610284378238592712635875542006610697
0.50,0.99528947459403629361559617608713524487,0.0,0.0024593673038472279387145313767931634396,0.00044371228936694761729613307432581592555
0.51000000000000000888178419700125232339,0.99545736251708680211513164458306451121,0.0,0.002372571203447682869612310212491100374,0.00044134931956770213091677858028356797651
0.52000000000000001776356839400250464678,0.99561214812923566409863356228123237226,0.0,0.0022918665719370681907792425969036403174,0.00043901345967500606011066988368081607168
0.53000000000000002664535259100375697017,0.99575770873022839868236854448441475993,0.0,0.002216750473922919863319744827885175191,0.00043670424580959683544642259439811758337
0.54000000000000003552713678800500929356,0.9958924797159756454319818921861681286,0.0,0.0021464577035087517036105517711752584204,0.00043442122461547889652037972112489252452
0.55000000000000004440892098500626161695,0.99602007998007690175845740770853687015,0.0,0.0020806375869730824245835298687062527798,0.00043216395296320140917038676084952485573
0.56000000000000005329070518200751394033,0.99613840886641043534529862368135570866,0.0,0.0020190190710517496945612575175571664705,0.00042993199766311961820957328209346122359
0.56999999999999995115018691649311222136,0.99625061075552695342816245750628006877,0.0,0.0019606099701707712986422239076512569359,0.00042772493518825014653915294124324681995
0.57999999999999996003197111349436454475,0.99635619620334785395409780909624768157,0.0,0.0019063068982356061811717714306597972171,0.00042554235140634767002825523844495321759
0.58999999999999996891375531049561686814,0.99645535123218003619934018462595607634,0.0,0.0018545421207076636709376198884490137203,0.00042338384132084734208522727049360006444
0.59999999999999997779553950749686919153,0.99654994087606063867091214937868423045,0.0,0.0018057268900643646723609010696680254602,0.00042124900882033210507778946626106012084
0.60999999999999998667732370449812151492,0.99663883018193769153961925081289332974,0.0,0.0017597717328847557330393566516973847549,0.00041913746643619973731883923389332268441
0.61999999999999999555910790149937383831,0.99672299983564704938533342499819372223,0.0,0.001715800684345729322007291272346488723,0.00041704883510821809659991028069261990953
0.63000000000000000444089209850062616169,0.99680358739452880007309943491037037432,0.0,0.001674253889263537979110674894331868417,0.0004149827439576706354089728937045872178
0.64000000000000001332267629550187848508,0.99687985898507082160546781937119022462,0.0,0.0016349918779698425960387101876996896338,0.00041293883006780703099515243264423361984
0.65000000000000002220446049250313080847,0.99695195140655939709308635301367036551,0.0,0.0015972957809810590515909762518521416753,0.00041091673827132595148853662623964256542
0.66000000000000003108624468950438313186,0.99702120712956185506230528198607605716,0.0,0.0015612902160345746013055761848566247525,0.00040891612094462857534396894995374442757
0.67000000000000003996802888650563545525,0.99708777180430518722905007590131835789,0.0,0.0015274904970270853714334429761000442674,0.00040693663780859252619354493311897607505
0.68000000000000004884981308350688777864,0.99715012444140631329820915681843268694,0.0,0.0014949350637099223853869326474060536651,0.00040497795573562640772675912867999606386
0.68999999999999994670929481799248605967,0.9972100465571984251183033218284211753,0.0,0.0014635646279273776020146706323962784005,0.00040303974856277517217395360715575218207
0.69999999999999995559107901499373838305,0.99726781519004673952579511384902973097,0.0,0.0014338996051608276015090282336222729415,0.0004011216969106559642091035311483620172
0.70999999999999996447286321199499070644,0.99732353178265800301997067371589544417,0.0,0.0014056307320695985492635115045159633264,0.00039922348800801364627833196378297402094
0.71999999999999997335464740899624302983,0.9973756458638987162806999328398798161,0.0,0.0013783105345329384279106070156474600706,0.00039734481552169315005858358855701935355
0.72999999999999998223643160599749535322,0.99742601062414939430606963447487963256,0.0,0.001351897712067701697874992870075632408,0.0003954853793918348432212967532551194852
0.73999999999999999111821580299874767661,0.99747472198262467471724255776851282386,0.0,0.0013270360424316190312674436080734524767,0.00039364488567210655850395480094271901289
0.75,0.99752185130487116041815359092063293771,0.0,0.0013031691732049996738698151564247826415,0.00039182304637479363319405675151494936737
0.76000000000000000888178419700125232339,0.99756633854436725110596221880599116454,0.0,0.001280031038505134167824412259186232138,0.00039001957932057549279390852116781808147
0.77000000000000001776356839400250464678,0.99760901666062440948605233168274353502,0.0,0.0012575927514570868516408029407530610119,0.00038823420799282419450368483068760534451
0.78000000000000002664535259100375697017,0.99765041658953771740364671360919755354,0.0,0.0012365212049213481145229734044349905945,0.00038646666139626691884786653930337192157
0.79000000000000003552713678800500929356,0.99769058876245603833475546922749057395,0.0,0.0012162450975431180246575134868512337569,0.00038471667391986067663373131297461646324
0.80000000000000004440892098500626161695,0.99772936763888050405045608481429196396,0.0,0.0011965298160948539700358021041547427071,0.00038298398520373349799243507450259322243
0.81000000000000005329070518200751394033,0.99776570393760238694097201684818717037,0.0,0.0011773552287191900670131259990224458153,0.00038126834001005210425006761112153101796
0.81999999999999995115018691649311222136,0.99780105057904873511767541562601537909,0.0,0.0011595023337602053737336675639071781469,0.00037956948809768156357380862520429974769
0.82999999999999996003197111349436454475,0.99783544312035863227151417361001160216,0.0,0.0011422389672549524354632509658177589521,0.00037788718410050754093682047045890297012
0.83999999999999996891375531049561686814,0.99786891558752733929046970614226024488,0.0,0.0011254047436435186989183033069584894942,0.00037622118740929716072599447705532549682
0.84999999999999997779553950749686919153,0.99790098711122662473098404515195334113,0.0,0.001109221141281555597739705920039916734,0.00037457126205697863560744561556389898502
0.85999999999999998667732370449812151492,0.99793117322854102917763656321826186167,0.0,0.0010942450427159689226310430162639313695,0.00037293717660722506364025708073303747414
0.86999999999999999555910790149937383831,0.99796062194499885601325545851997755286,0.0,0.0010796013577462407485668651826662327781,0.00037131870404623178926516770611250592695
0.88000000000000000444089209850062616169,0.99798935708647634752483098062468427744,0.0,0.0010653890130020040235668182176199217831,0.00036971562167758105895059907959384575217
0.89000000000000001332267629550187848508,0.99801740155198778016695298296423915204,0.0,0.0010526509940968295080652211719494552824,0.00036812771102009170700665786869121276124
0.90000000000000002220446049250313080847,0.99804435979659646602283117420796336158,0.0,0.0010401596268074743357478889272610203408,0.00036655475770855546020472153877393391087
0.91000000000000003108624468950438313186,0.99806942437480020921261156672822222491,0.0,0.0010288315501360240555879627520531596199,0.00036499655139726514040718861560011418782
0.92000000000000003996802888650563545525,0.99809394382417775971878626480054830155,0.0,0.0010184278016847822073123236132824592283,0.00036345288566624358000368398010290575991
0.93000000000000004884981308350688777864,0.99811793387573505449611847537608004139,0.0,0.0010096209965754884445299326245049737768,0.00036192355793008545276372125130272659676
0.93999999999999994670929481799248605967,0.99814140971095798220776811796893387017,0.0,0.0010024986659110644769778863309617080494,0.00036040836934932748632703758702105149286
0.94999999999999995559107901499373838305,0.99816438598401841445025026573512015246,0.0,0.00099788819239284525671549468411465142546,0.00035890712474426551759542261343092750508
0.95999999999999996447286321199499070644,0.99818562112876326026418964501134406291,0.0,0.00099331993175102885141098032624824990584,0.00035741963251114018894620248816553829583
0.96999999999999997335464740899624302983,0.99820582064234266902002524448666303031,0.0,0.00098879330688440434627795324962372080723,0.00035594570454061535647435316784229116355
0.97999999999999998223643160599749535322,0.99822563621263390217818664175435090952,0.0,0.00098430775116360441195599473229245643241,0.00035448515613847661536966191078461646202
0.98999999999999999111821580299874767661,0.99824507758070257086320974912251739757,0.0,0.00097986270819465567206398534341392666568,0.00035303780594847962672246523661771711552
1.0,0.99826415418613399516546344115630102029,0.0,0.00097545763158890698337760534447799897971,0.00035160347587728057474410905024149061215
