value,sup,dur,Y,S
0.0,4.1167625787926953528799175816425768961e-85,130.0,0.99542144868023303646770999748756819006,0.99996488372188023310085783834742379344
0.010000000000000000208166817117216851329,2.3932730839445779795846871372292262367e-67,130.0,0.99553789013557265652786646163351630218,0.96833754469087918528384995928940213829
0.020000000000000000416333634234433702659,1.7162943891194119115388969944205038783e-63,130.0,0.99565550172605712106309500020761097154,0.94461265233409676042782331798652364224
0.029999999999999998889776975374843459576,5.7989910549783901608430071806410617259e-62,130.0,0.9957775367713368367571865142765869055,0.92398362723000970395699655888243906492
0.040000000000000000832667268468867405318,3.0772553281727096714330247436674713738e-61,129.0,0.99590529271897485050117950652755196578,0.90582127063453532678717240176018242953
0.050000000000000002775557561562891351059,7.5683825683497186063329056315401076292e-61,129.0,0.99604126356473749885238038047274098388,0.88888399640339364109637893232128490525
0.059999999999999997779553950749686919153,1.3243356019056580840529184718142076685e-60,129.0,0.99618931261604337861397128589623825176,0.87276218338986897548897230514928044451
0.070000000000000006661338147750939242542,1.9891792395544650975646639717285378955e-60,129.0,0.99635357978334327695721772590709381951,0.85735866818549581629433149729289106905
0.080000000000000001665334536937734810635,2.7975582521940770446504132219663056746e-60,129.0,0.99653006948273466947337513378683093257,0.84284824689301643685339320763252466974
0.089999999999999996669330926124530378729,3.8403398876134912787197802600841107687e-60,129.0,0.99670183910863565705922394913355858565,0.82880711708876125547563826813140093008
0.10000000000000000555111512312578270212,5.2504758467472333700119919546195394491e-60,128.0,0.99685963505134382873869440665638373049,0.8150816973077095747566753352863756691
0.11000000000000000055511151231257827021,7.2189340904385871109415751164083130932e-60,128.0,0.99700132563659461159457299027976268484,0.80161458031082897767472306983312539936
0.11999999999999999555910790149937383831,1.0026092917500634460034757043388948185e-59,128.0,0.99712774227058164746322228000564089139,0.78835235317940809041135274707024242964
0.13000000000000000444089209850062616169,1.4092077495533728869880211268104739992e-59,128.0,0.99723985776302509700689532816684041458,0.77541261069184838569397316576724493561
0.14000000000000001332267629550187848508,2.0055790240505768356661075113670320698e-59,128.0,0.9973389218381260797853097170436795656,0.76285703716718550342664221735696710779
0.14999999999999999444888487687421729788,2.8899922000427444664640808470451556816e-59,127.0,0.99742641828814660726143068251384565489,0.75046221694930721164173012717890782434
0.16000000000000000333066907387546962127,4.2150749774042642653262306368211777973e-59,127.0,0.9975036408922630711519130238813547461,0.73817930950183476847648621260514010668
0.17000000000000001221245327087672194466,6.2200609296997305465484431288925971919e-59,127.0,0.99757170798399516073468498250342951476,0.72596255692840196330504690489481386109
0.17999999999999999333866185224906075746,9.2833294543384209963044354933096944741e-59,127.0,0.99763158172366431419818979723856037914,0.71376889171371549913045791210351529115
0.19000000000000000222044604925031308085,1.4008817785896515821516066215394619284e-58,127.0,0.9976840879305084967057454773144050874,0.70155757610183405597265017388519004196
0.20000000000000001110223024625156540424,2.1369514655699020342336820771049462631e-58,126.0,0.99772993460181503177965075124965897195,0.68928987243104041197360898750849307238
0.20999999999999999222843882762390421703,3.294811794249511831978122607455043505e-58,126.0,0.99776972839538888135516076729548614101,0.67784498925522156595908661395227367657
0.22000000000000000111022302462515654042,5.1344823881880466007595351749312445926e-58,126.0,0.99780398891613011614268743126399557994,0.66633326186810450726695866117990725467
0.23000000000000000999200722162640886381,8.0875751593639470439776378026486369843e-58,126.0,0.99783316090957572351652890738475135886,0.65471026246548970504564973908244686761
0.23999999999999999111821580299874767661,1.2878255021189743046029019754767938245e-57,125.0,0.99785762457270069555907331248173924056,0.64294024028164962031571396120878656448
0.25,2.0735182226359687473410341994193280588e-57,125.0,0.99787770422246778223722272248471095497,0.6313148032789322262075738813976774178
0.26000000000000000888178419700125232339,3.3767402768679146616540703245272607353e-57,125.0,0.99789367555599325451971591836979528905,0.62027859392773858710120774649756911728
0.27000000000000001776356839400250464678,5.5639515487075133150487030811745603852e-57,124.0,0.9979057717136762531102913516799065558,0.60902987597347113929947340755122401663
0.28000000000000002664535259100375697017,9.2800581393613780111215173667089743107e-57,124.0,0.99791418832882142400809733429254760865,0.59753568639007469266507259768819139582
0.28999999999999998001598555674718227237,1.5675218903089047662951856561764766911e-56,124.0,0.99791917922085785116783549106901947085,0.58637883449768938335086278724652511348
0.29999999999999998889776975374843459576,2.6829567536425789611032385543788410744e-56,124.0,0.99792084593247287731872907494921343422,0.57553906044708042750781810263848767307
0.30999999999999999777955395074968691915,4.6560769532880127335772020537612961358e-56,123.0,0.99791922372697212169004209767881761211,0.56438065250199156415012682738240823758
0.32000000000000000666133814775093924254,8.1984244541478913473742205687527329839e-56,123.0,0.99791439287424439444041523477499725075,0.55321708928886321137925945910618189755
0.33000000000000001554312234475219156593,1.4657860759908184857220317160259205881e-55,122.0,0.99790641077765175175176394146817249156,0.54263136667781657125729068153111801519
0.34000000000000002442490654175344388932,2.6631572950725108525613852988764061867e-55,122.0,0.99789531337160192636875096651226733115,0.53164676279569628538045247792853557218
0.34999999999999997779553950749686919153,4.9214893692752298543933970643851507483e-55,122.0,0.99788111615793343944854917704688363833,0.52081274812770111728301228137232393376
0.35999999999999998667732370449812151492,9.2595627569603376506017884791564135557e-55,121.0,0.99786381491091677337803088403654080282,0.51028584603649908844163929484963323076
0.36999999999999999555910790149937383831,1.7755574086337345539435295214417929447e-54,121.0,0.99784338607111396023183306547322516928,0.49927450585881777594893443314290344797
0.38000000000000000444089209850062616169,3.4739489573181134989635303083125902935e-54,121.0,0.99781978683935824531137523452154520431,0.48899665695010371464962522691468912792
0.39000000000000001332267629550187848508,6.9437150192354291666163506665325547672e-54,120.0,0.9977929549733544779877908550390256223,0.47829642627644867369947725820982304701
0.40000000000000002220446049250313080847,1.4197765001079292425841843403433990311e-53,120.0,0.99776281716202924704715673256307884172,0.46791259809367341763664276901350690721
0.40999999999999997557509345824655611068,2.9739680964587247925699275038804243081e-53,119.0,0.99772926037634316063318886053568470123,0.45741525484412710314017720440955665912
0.41999999999999998445687765524780843407,6.3917940142112684292519646829433160515e-53,119.0,0.99769213665656126586703624111863305911,0.44709482222319946644990699221931672034
0.42999999999999999333866185224906075746,1.4119519900823111733864618224550426903e-52,118.0,0.99765133823125803264186056277368377776,0.43667364458109449255410648119389124625
0.44000000000000000222044604925031308085,3.2116855592043142649698639731634662024e-52,118.0,0.99760667479802621010866036321588335057,0.42653289519806830789470913935596242201
0.45000000000000001110223024625156540424,7.5377003968053379818180300154350189285e-52,117.0,0.99755794433815687297131174765417052211,0.41604318675840037983170197491707748506
0.46000000000000001998401444325281772763,1.829337407716151015536995022421051956e-51,117.0,0.99750491378264028607717062625782686475,0.40614605223384308005824447005472140579
0.46999999999999997335464740899624302983,4.6019586485350687373929007925074256403e-51,116.0,0.99744731510125965233935352216268577154,0.39598736855815440206126818595889958727
0.47999999999999998223643160599749535322,1.2031764455366820162008227458435544344e-50,115.0,0.99738484057515615627834978095810899173,0.38578541837863976809091125694176313586
0.48999999999999999111821580299874767661,3.278749330620781572783564515225217935e-50,115.0,0.99731713696886502773005882794007322145,0.37595596846032225458879514958405316545
0.50,9.3424010988540787121158942586811794379e-50,114.0,0.9972439896266647173118998579693749798,0.36602976024774990068050154634505620314
0.51000000000000000888178419700125232339,2.793185234509688474373816868805382562e-49,113.0,0.99716495538202016384109065714409990414,0.35607996643300477251915123939284446165
0.52000000000000001776356839400250464678,8.7965072643586015768037435704292883243e-49,112.0,0.99707936486372598571675893603427209125,0.34616217789261880305977167634376690732
0.53000000000000002664535259100375697017,2.9305472021942640179604831376863971982e-48,111.0,0.99698695851779886565509943200141536177,0.33631505588088939725048507468215998725
0.54000000000000003552713678800500929356,1.0377172491401113850077150147969205242e-47,111.0,0.99688698218520738017872662957879021393,0.326618693280329372533906629367163322
0.55000000000000004440892098500626161695,3.926447784058629414032349664882555791e-47,110.0,0.99677885290667698121349826362399178148,0.31693522756207841745215073245492893949
0.56000000000000005329070518200751394033,1.5969047376050809867412302044121444163e-46,109.0,0.99666165449351125816167642987772813106,0.30734069072009884312289409352999686256
0.56999999999999995115018691649311222136,7.0274016170245798127527487284231549032e-46,108.0,0.99653489959864920855657050123802247006,0.29784118147000420321768826010098809698
0.57999999999999996003197111349436454475,3.3711984119245435882326062275418351181e-45,107.0,0.99639728602018961754817587854434328155,0.28836839400431237714878762877662383875
0.58999999999999996891375531049561686814,1.7778784749465576457653884774105716545e-44,105.0,0.99624778290761882374702207250701876887,0.27886949769442838491088926795656187741
0.59999999999999997779553950749686919153,1.0406141808413445498686660305106756847e-43,104.0,0.99608517062250971413958284064821271278,0.26945857525651125815388342599599383128
0.60999999999999998667732370449812151492,6.8337774322493102905911931481104607736e-43,103.0,0.9959079935137521869419031399497665912,0.26012912948063416433300135848776182021
0.61999999999999999555910790149937383831,5.0980425121065941942646867651439670079e-42,101.0,0.99571449512450872518940658517953580508,0.25084944134388967326767743945493609609
0.63000000000000000444089209850062616169,4.3823386936690064548388236665213167334e-41,100.0,0.99550287827913230497050240689162771718,0.24157543321499727762259858231476581643
0.64000000000000001332267629550187848508,4.4127701758565160062265619437264604408e-40,98.0,0.99527081841907751862186495650751697024,0.23238218624336327415794136571551822015
0.65000000000000002220446049250313080847,5.3052798298666519227812269438127273474e-39,96.0,0.99501578687948576104961450482577487754,0.22328640100589988487456853496648725318
0.66000000000000003108624468950438313186,7.7869768815946829081394358506946066814e-38,94.0,0.99473452672409859133571853392866545147,0.21424897617986566046069576218922302861
0.67000000000000003996802888650563545525,1.4323364930776920675975293082068095923e-36,92.0,0.99442332514345137951462110465104014294,0.20518521413360102470575528312093058935
0.68000000000000004884981308350688777864,3.4051841763242055555349010849457462911e-35,89.0,0.99407824579487326914713095838031672867,0.19627359182682136519571844165590317961
0.68999999999999994670929481799248605967,1.0853679979736949290893753324108723191e-33,86.0,0.99369360798956166328590857521934085174,0.18737473021917612550043363561809245213
0.69999999999999995559107901499373838305,4.8458905390001234566299717991983867146e-32,83.0,0.9932632593231036873414231702423823496,0.17856325409412603874990361057692856934
0.70999999999999996447286321199499070644,3.1941620765040944503461686055660128668e-30,80.0,0.99277950902922329003602408087552287881,0.16977694600319726224790874126369823601
0.71999999999999997335464740899624302983,3.3112305328772934682795485158477367723e-28,76.0,0.99223272346358967158660467224554595082,0.16107946655440809567773201602691553014
0.72999999999999998223643160599749535322,5.8240578336398285335314802069318280346e-26,71.0,0.99161116276230329387466257326315457248,0.15241904261892538363197651619693943099
0.73999999999999999111821580299874767661,1.9013722534791363041347269574975999476e-23,66.0,0.9908339960098285710278054669729042415,0.14379624027120577033768060102157016761
0.75,1.2758144167766830927206049492147976815e-20,60.0,0.98973801339804142646695071117864061404,0.13526477956068326232870496536446981264
0.76000000000000000888178419700125232339,1.9486439232678559963621711100144304389e-17,53.0,0.98806692893200537162872584050750016935,0.12676064071788989938065103758530707967
0.77000000000000001776356839400250464678,7.1829391886623756218078357856910511524e-14,44.0,0.98525518761150053932605958549518248799,0.11830817832983613578393051191765445515
0.78000000000000002664535259100375697017,5.633768118944981699225227056571759676e-10,34.0,0.97991231746633488749739159004605345343,0.10989100431701330196649016005068154903
0.79000000000000003552713678800500929356,4.5437451125383219987749060975058547395e-06,21.0,0.96824892134705822761021409840547395271,0.10149381632761059544663432987415544022
0.80000000000000004440892098500626161695,0.0039876911516106309107465844440734637184,4.0,0.93950053064141740501027134631204146455,0.092123414757404536100238525113170915423
0.81000000000000005329070518200751394033,0.066977582211193954585999393497818029604,0.0,0.86679026232558233092519052691111669366,0.069030158248849299530375798337662941167
0.81999999999999995115018691649311222136,0.23705790581393352424537498688448324324,0.0,0.709261721786468491783301073999966763,0.039544604236941371234774080940259200821
0.82999999999999996003197111349436454475,0.4936773213360689667892004844887474623,0.0,0.47182352650226027632560069551707018401,0.017348240255119082364169983772003356644
0.83999999999999996891375531049561686814,0.72927240773757844673940227636806472398,0.0,0.25190802920550798040294408870392308509,0.0062284626376124164158861839743678682765
0.84999999999999997779553950749686919153,0.87149986109892176738199429985079456684,0.0,0.11893030327279221261822520887526360373,0.0020367343497689048773069951297512141705
0.85999999999999998667732370449812151492,0.93921261118368274701838568682212592565,0.0,0.055895433809768981726454774394213325546,0.0006610776162351519636781969583279183826
0.86999999999999999555910790149937383831,0.96711780394208487065308270642652889739,0.0,0.030141719466575454671678525544180954233,0.00049756986978813022377000733076607045984
0.88000000000000000444089209850062616169,0.97646709510974292022132345427205439655,0.0,0.021571581867597091174233179603364804622,0.00049336434078536140163839330101327579952
0.89000000000000001332267629550187848508,0.98126970303776090257035758282768688779,0.0,0.017170179377631685335488826574055352318,0.00048915881249860208744026411110329302239
0.90000000000000002220446049250313080847,0.98427895462000641073287523601444258296,0.0,0.014412505303171448333176378416438511935,0.00048495328492785209832006051812693824431
0.91000000000000003108624468950438313186,0.98636638281793128317444044291146553375,0.0,0.012499568821921954291968786654357822966,0.00048074775807311125142228554306459745467
0.92000000000000003996802888650563545525,0.98790827142500444085882915016930730536,0.0,0.011086924897677691850780941676737805681,0.00047654223193437936389150447075972478542
0.93000000000000004884981308350688777864,0.989098933259145504438964944067640808,0.0,0.0099961962476885991468785861087681735999,0.00047233670651165625287234484989234078813
0.93999999999999994670929481799248605967,0.99004810028225953901471162666645229114,0.0,0.0091265907300332014705336312493142452962,0.00046813118180494178220019611855119188854
0.94999999999999995559107901499373838305,0.99082369300281771178573854134877673844,0.0,0.0084156854206090023626148471112594116961,0.00046392565781423567563840315252338410246
0.95999999999999996447286321199499070644,0.99147052561721693403662447275407200883,0.0,0.007823022362462516713580251574766590331,0.00045972013453953779702248786672953822792
0.96999999999999997335464740899624302983,0.99201820370224494997216704372420830469,0.0,0.0073214375049352776947223464040199104584,0.00045551461198084796349732686493092354103
0.97999999999999998223643160599749535322,0.99248944064313433967193803708278530543,0.0,0.0068901096234231633321264040076595893333,0.00045130909013816599220785901459286733456
0.98999999999999999111821580299874767661,0.99289734424054251916976904395708530558,0.0,0.0065161312077637586562717288278947026174,0.0004471035690114917002990854468582532773
1.0,0.99325576116402988608120874082465236001,0.0,0.0061876160624149775415941294519334017238,0.00044289804860082490491606955652101978412
