value,sup,dur,Y,S
0.0,1.5104676381328290830964770038636173346e-165,132.0,0.99542144868023303646770999748756818931,0.99996488372188023310085783834742378968
0.010000000000000000208166817117216851329,1.0332932804524127636249189217578718789e-147,132.0,0.99553789013557265652786646163351630444,0.96833754469087918528384995928940213679
0.020000000000000000416333634234433702659,8.7507813865427940027872967644487489076e-144,132.0,0.99565550172605712106309500020761097229,0.94461265233409676042782331798652363698
0.029999999999999998889776975374843459576,3.5045531850855822123392777511977176e-142,132.0,0.99577753677133683675718651427658690625,0.92398362723000970395699655888243906417
0.040000000000000000832667268468867405318,2.2127197163634726129653485986998787394e-141,132.0,0.9959052927189748505011795065275519703,0.90582127063453532678717240176018242727
0.050000000000000002775557561562891351059,6.5007701186671575334385573777705185603e-141,132.0,0.99604126356473749885238038047274098464,0.888883996403393641096378932321284906
0.059999999999999997779553950749686919153,1.3643833098911753401687159363985837292e-140,131.0,0.996189312616043378613971285896238248,0.87276218338986897548897230514928044902
0.070000000000000006661338147750939242542,2.468488998925090802337590002225204611e-140,131.0,0.99635357978334327695721772590709381726,0.85735866818549581629433149729289107356
0.080000000000000001665334536937734810635,4.2001562582140997949207379791017701944e-140,131.0,0.99653006948273466947337513378683093332,0.84284824689301643685339320763252466898
0.089999999999999996669330926124530378729,7.0075512735097876356121980332350048186e-140,131.0,0.99670183910863565705922394913355858565,0.82880711708876125547563826813140092105
0.10000000000000000555111512312578270212,1.1699348787420466721796057912621624949e-139,131.0,0.99685963505134382873869440665638373049,0.81508169730770957475667533528637567135
0.11000000000000000055511151231257827021,1.973955086557622652836649642864164807e-139,131.0,0.99700132563659461159457299027976268559,0.80161458031082897767472306983312539786
0.11999999999999999555910790149937383831,3.3815408335364104616780433171006022217e-139,131.0,0.99712774227058164746322228000564088988,0.78835235317940809041135274707024242512
0.13000000000000000444089209850062616169,5.8936099491990237872177533882104168463e-139,130.0,0.99723985776302509700689532816684041608,0.77541261069184838569397316576724493336
0.14000000000000001332267629550187848508,1.0458423112539516182531438060192714436e-138,130.0,0.99733892183812607978530971704367956711,0.76285703716718550342664221735696710704
0.14999999999999999444888487687421729788,1.8898905253499730991910609527334568948e-138,130.0,0.99742641828814660726143068251384565489,0.75046221694930721164173012717890782283
0.16000000000000000333066907387546962127,3.4773992361191542954257189401945318574e-138,130.0,0.99750364089226307115191302388135474911,0.73817930950183476847648621260514010744
0.17000000000000001221245327087672194466,6.5141366247413744595703233463403092571e-138,130.0,0.99757170798399516073468498250342951551,0.72596255692840196330504690489481385733
0.17999999999999999333866185224906075746,1.2422150479774071380264656231224007489e-137,130.0,0.99763158172366431419818979723856037689,0.7137688917137154991304579121035152904
0.19000000000000000222044604925031308085,2.4113699804668388360610410800389013817e-137,129.0,0.99768408793050849670574547731440508664,0.70155757610183405597265017388519003895
0.20000000000000001110223024625156540424,4.7653269674669017485366000117028972219e-137,129.0,0.99772993460181503177965075124965897119,0.68928987243104041197360898750849307614
0.20999999999999999222843882762390421703,9.5888404401558283037905138688660343654e-137,129.0,0.99776972839538888135516076729548613951,0.67784498925522156595908661395227367808
0.22000000000000000111022302462515654042,1.9652370102467400893512530723432550374e-136,129.0,0.99780398891613011614268743126399557768,0.66633326186810450726695866117990725467
0.23000000000000000999200722162640886381,4.1040926504804709941455621233614885511e-136,129.0,0.99783316090957572351652890738475136037,0.65471026246548970504564973908244686761
0.23999999999999999111821580299874767661,8.7376797435809066921840814831782017593e-136,129.0,0.99785762457270069555907331248173923905,0.64294024028164962031571396120878656825
0.25,1.8976633113014747057541897421168175594e-135,128.0,0.99787770422246778223722272248471095271,0.63131480327893222620757388139767742156
0.26000000000000000888178419700125232339,4.2072315633683156546207585363818270193e-135,128.0,0.9978936755559932545197159183697952898,0.62027859392773858710120774649756911803
0.27000000000000001776356839400250464678,9.5297201589877986829440330441761544022e-135,128.0,0.99790577171367625311029135167990655279,0.60902987597347113929947340755122401362
0.28000000000000002664535259100375697017,2.207316111195902273735187350528596927e-134,128.0,0.99791418832882142400809733429254760564,0.59753568639007469266507259768819140033
0.28999999999999998001598555674718227237,5.2334247341033040387867949945764695388e-134,127.0,0.99791917922085785116783549106901947235,0.58637883449768938335086278724652511348
0.29999999999999998889776975374843459576,1.2715222923927012846378429829049319294e-133,127.0,0.99792084593247287731872907494921343497,0.57553906044708042750781810263848767081
0.30999999999999999777955395074968691915,3.169585249214782011447128067360707586e-133,127.0,0.99791922372697212169004209767881761362,0.56438065250199156415012682738240823457
0.32000000000000000666133814775093924254,8.1169260873014456466683038366033983893e-133,127.0,0.997914392874244394440415234774997253,0.55321708928886321137925945910618189906
0.33000000000000001554312234475219156593,2.138505686577056186309318093709433235e-132,126.0,0.99790641077765175175176394146817249081,0.5426313666778165712572906815311180167
0.34000000000000002442490654175344388932,5.8053653939087360415073020730498588369e-132,126.0,0.99789531337160192636875096651226733265,0.53164676279569628538045247792853556842
0.34999999999999997779553950749686919153,1.6265782132805770374538758012091611313e-131,126.0,0.99788111615793343944854917704688363983,0.52081274812770111728301228137232393451
0.35999999999999998667732370449812151492,4.7122886384082954587750223547756898158e-131,126.0,0.99786381491091677337803088403654079981,0.51028584603649908844163929484963323151
0.36999999999999999555910790149937383831,1.4143271039656246236862337546598244659e-130,125.0,0.9978433860711139602318330654732251738,0.49927450585881777594893443314290344722
0.38000000000000000444089209850062616169,4.4070515871387107630598654311688343798e-130,125.0,0.99781978683935824531137523452154520506,0.48899665695010371464962522691468912717
0.39000000000000001332267629550187848508,1.4289663693595427983044401764738688495e-129,125.0,0.99779295497335447798779085503902561778,0.47829642627644867369947725820982304776
0.40000000000000002220446049250313080847,4.8333705879719906613196078324772532233e-129,124.0,0.99776281716202924704715673256307884022,0.46791259809367341763664276901350691098
0.40999999999999997557509345824655611068,1.7100252906952386949895417354272316529e-128,124.0,0.99772926037634316063318886053568470499,0.45741525484412710314017720440955665949
0.41999999999999998445687765524780843407,6.3467349619578893826212109494252015363e-128,124.0,0.99769213665656126586703624111863305761,0.44709482222319946644990699221931672448
0.42999999999999999333866185224906075746,2.4789981442537396617575230762927384454e-127,123.0,0.99765133823125803264186056277368377701,0.436673644581094492554106481193891247
0.44000000000000000222044604925031308085,1.022554413244039112360382831988275338e-126,123.0,0.99760667479802621010866036321588334831,0.42653289519806830789470913935596242051
0.45000000000000001110223024625156540424,4.4712101682137011699197523714426400133e-126,122.0,0.99755794433815687297131174765417052436,0.41604318675840037983170197491707748506
0.46000000000000001998401444325281772763,2.0810849262695570374157585837242725333e-125,122.0,0.99750491378264028607717062625782686249,0.40614605223384308005824447005472140353
0.46999999999999997335464740899624302983,1.0357383750651901918048741677447170212e-124,121.0,0.99744731510125965233935352216268577004,0.39598736855815440206126818595889958765
0.47999999999999998223643160599749535322,5.5394700542530008235350748187328770531e-124,121.0,0.99738484057515615627834978095810899098,0.38578541837863976809091125694176313323
0.48999999999999999111821580299874767661,3.2012802930313353243931555989478341326e-123,121.0,0.9973171369688650277300588279400732207,0.37595596846032225458879514958405317072
0.50,2.0111345041615658244614556826457270069e-122,120.0,0.99724398962666471731189985796937498055,0.36602976024774990068050154634505620013
0.51000000000000000888178419700125232339,1.3826836352303191611323112593817741436e-121,119.0,0.99716495538202016384109065714409990715,0.35607996643300477251915123939284445977
0.52000000000000001776356839400250464678,1.0480618919943551842261742036741259581e-120,119.0,0.99707936486372598571675893603427208899,0.34616217789261880305977167634376690544
0.53000000000000002664535259100375697017,8.8310388477373274122670245868912795316e-120,118.0,0.9969869585177988656550994320014153565,0.33631505588088939725048507468215998876
0.54000000000000003552713678800500929356,8.3481130483011363385107428152924162022e-119,118.0,0.99688698218520738017872662957879021393,0.32661869328032937253390662936716332275
0.55000000000000004440892098500626161695,8.9450285239098843497549460214181719251e-118,117.0,0.99677885290667698121349826362399178374,0.31693522756207841745215073245492894099
0.56000000000000005329070518200751394033,1.0990181369831746003262708107215177468e-116,116.0,0.9966616544935112581616764298777281273,0.30734069072009884312289409352999686256
0.56999999999999995115018691649311222136,1.568576127834060578830561088610415053e-115,115.0,0.99653489959864920855657050123802247231,0.29784118147000420321768826010098809811
0.57999999999999996003197111349436454475,2.6391966206415504767261233289141336443e-114,115.0,0.99639728602018961754817587854434328456,0.28836839400431237714878762877662383875
0.58999999999999996891375531049561686814,5.3230121186091892375783101072012032037e-113,114.0,0.99624778290761882374702207250701876887,0.27886949769442838491088926795656187741
0.59999999999999997779553950749686919153,1.3117066601152121935580239432149989292e-111,113.0,0.99608517062250971413958284064821271127,0.26945857525651125815388342599599383316
0.60999999999999998667732370449812151492,4.0363687633865123782080357039474809672e-110,112.0,0.99590799351375218694190313994976659421,0.26012912948063416433300135848776181983
0.61999999999999999555910790149937383831,1.5905191235943168020052586777511637263e-108,111.0,0.99571449512450872518940658517953580433,0.25084944134388967326767743945493609459
0.63000000000000000444089209850062616169,8.2627270277485022917250077562320766145e-107,110.0,0.99550287827913230497050240689162771718,0.24157543321499727762259858231476581549
0.64000000000000001332267629550187848508,5.8541899448911517963116850751857492094e-105,108.0,0.99527081841907751862186495650751696949,0.23238218624336327415794136571551821921
0.65000000000000002220446049250313080847,5.8859995812855605999684347661217120271e-103,107.0,0.99501578687948576104961450482577487678,0.22328640100589988487456853496648725543
0.66000000000000003108624468950438313186,8.8010218933623479485077590860008177319e-101,106.0,0.99473452672409859133571853392866544921,0.21424897617986566046069576218922302974
0.67000000000000003996802888650563545525,2.0691062218788502098789436359950019566e-98,104.0,0.99442332514345137951462110465104013918,0.20518521413360102470575528312093058804
0.68000000000000004884981308350688777864,8.1755599254994656229499569678395192657e-96,102.0,0.99407824579487326914713095838031672792,0.19627359182682136519571844165590317905
0.68999999999999994670929481799248605967,5.8841820059493287119017505522713915738e-93,100.0,0.99369360798956166328590857521934084873,0.18737473021917612550043363561809245457
0.69999999999999995559107901499373838305,8.508542705780324177042424164631697706e-90,98.0,0.99326325932310368734142317024238235111,0.17856325409412603874990361057692857084
0.70999999999999996447286321199499070644,2.7883660959701724966897685896700024511e-86,96.0,0.99277950902922329003602408087552288107,0.16977694600319726224790874126369823695
0.71999999999999997335464740899624302983,2.4048822904796277894183629611410335096e-82,93.0,0.99223272346358967158660467224554595308,0.1610794665544080956777320160269155292
0.72999999999999998223643160599749535322,6.5819368044907936684739909045993405318e-78,90.0,0.99161116276230329387466257326315457248,0.15241904261892538363197651619693943174
0.73999999999999999111821580299874767661,7.2365811283839621888788759547954728917e-73,87.0,0.99083399600982857102780546697290424376,0.14379624027120577033768060102157016798
0.75,4.3032425709252726701484277226982741779e-67,82.0,0.98973801339804142646695071117864061103,0.13526477956068326232870496536446981264
0.76000000000000000888178419700125232339,2.0035831595839826315268703416368048103e-60,78.0,0.98806692893200537162872584050750017085,0.12676064071788989938065103758530708042
0.77000000000000001776356839400250464678,1.1291289119030280964547306093042078714e-52,72.0,0.98525518761150053932605958549518248724,0.11830817832983613578393051191765445534
0.78000000000000002664535259100375697017,1.1750594965620559229701516679332421682e-43,65.0,0.97991231746633488749739159004605345569,0.10989100431701330196649016005068155025
0.79000000000000003552713678800500929356,2.5005259602425527194769591300736061903e-33,56.0,0.96824892134705822761021409840547395195,0.10149381632761059544663432987415544032
0.80000000000000004440892098500626161695,3.8358568028128712118265612661562646386e-22,45.0,0.9395005306414174050102713463120414623,0.092123414757404536100238525113170915611
0.81000000000000005329070518200751394033,1.4147882418324526811599119186631366044e-11,30.0,0.86679026232558233092519052691111669366,0.069030158248849299530375798337662941919
0.81999999999999995115018691649311222136,0.00042224949698628190341844175364687108133,9.0,0.70926172178646849178330107399996676677,0.039544604236941371234774080940259201009
0.82999999999999996003197111349436454475,0.16663726770471705870334603481520751761,0.0,0.47182352650226027632560069551707018439,0.017348240255119082364169983772003356785
0.83999999999999996891375531049561686814,0.53619201038431999712083941156745349273,0.0,0.25190802920550798040294408870392308886,0.0062284626376124164158861839743678683471
0.84999999999999997779553950749686919153,0.77727571091918537638520166620391951949,0.0,0.11893030327279221261822520887526360383,0.0020367343497689048773069951297512141705
0.85999999999999998667732370449812151492,0.89390863124310232733201043296660107925,0.0,0.055895433809768981726454774394213324841,0.00066107761623515196367819695832791838187
0.86999999999999999555910790149937383831,0.94246107423620660272088684671631555254,0.0,0.030141719466575454671678525544180955268,0.00049756986978813022377000733076607045911
0.88000000000000000444089209850062616169,0.95882422046703756917005955530395727936,0.0,0.021571581867597091174233179603364804481,0.00049336434078536140163839330101327579879
0.89000000000000001332267629550187848508,0.96723022196765756418972403124314344728,0.0,0.017170179377631685335488826574055352412,0.00048915881249860208744026411110329302239
0.90000000000000002220446049250313080847,0.9724976375532480929436007538879927196,0.0,0.014412505303171448333176378416438511947,0.00048495328492785209832006051812693824357
0.91000000000000003108624468950438313186,0.9761517884985109005910291001575807014,0.0,0.012499568821921954291968786654357822919,0.00048074775807311125142228554306459745467
0.92000000000000003996802888650563545525,0.97885069525605957578799075944093610699,0.0,0.011086924897677691850780941676737805752,0.00047654223193437936389150447075972478542
0.93000000000000004884981308350688777864,0.98093486647313071724622005268975571182,0.0,0.0099961962476885991468785861087681735177,0.00047233670651165625287234484989234078813
0.93999999999999994670929481799248605967,0.98259656939444770046676770497397041711,0.0,0.0091265907300332014705336312493142452021,0.00046813118180494178220019611855119188854
0.94999999999999995559107901499373838305,0.9839547170616569456236073647176341797,0.0,0.0084156854206090023626148471112594116961,0.00046392565781423567563840315252338410246
0.95999999999999996447286321199499070644,0.98508728763783180919582017059937171863,0.0,0.007823022362462516713580251574766590378,0.00045972013453953779702248786672953822792
0.96999999999999997335464740899624302983,0.98604623943160175615998292246665994247,0.0,0.0073214375049352776947223464040199104349,0.00045551461198084796349732686493092354066
0.97999999999999998223643160599749535322,0.98687144312885224552206318005937404463,0.0,0.0068901096234231633321264040076595892862,0.00045130909013816599220785901459286733456
0.98999999999999999111821580299874767661,0.98758591448088811910152971833075691129,0.0,0.0065161312077637586562717288278947025997,0.00044710356901149170029908544685825327693
1.0,0.98821370894143471883862949486966775862,0.0,0.0061876160624149775415941294519334017238,0.00044289804860082490491606955652101978412
