value,sup,dur,Y,S
0.0,4.4785449924321968359218620297230996842e-125,131.0,0.99542144868023303646770999748756819081,0.99996488372188023310085783834742379043
0.010000000000000000208166817117216851329,2.8441655057021641057629851896478043226e-107,131.0,0.99553789013557265652786646163351630294,0.96833754469087918528384995928940213453
0.020000000000000000416333634234433702659,2.2324443978210879790923795031436624082e-103,131.0,0.99565550172605712106309500020761097605,0.94461265233409676042782331798652364375
0.029999999999999998889776975374843459576,8.272592834610949701629322673518547771e-102,131.0,0.99577753677133683675718651427658690625,0.92398362723000970395699655888243906492
0.040000000000000000832667268468867405318,4.8245617338090556104949981466468616744e-101,131.0,0.99590529271897485050117950652755196879,0.90582127063453532678717240176018242953
0.050000000000000002775557561562891351059,1.3068913787626859618083170434629808938e-100,130.0,0.99604126356473749885238038047274098238,0.88888399640339364109637893232128490675
0.059999999999999997779553950749686919153,2.524336480353892715095927472330286318e-100,130.0,0.99618931261604337861397128589623824875,0.87276218338986897548897230514928043924
0.070000000000000006661338147750939242542,4.1950966308183173118568461265365321262e-100,130.0,0.996353579783343276957217725907093815,0.8573586681854958162943314972928910683
0.080000000000000001665334536937734810635,6.5434878469760541703653625306788775818e-100,130.0,0.99653006948273466947337513378683093106,0.84284824689301643685339320763252467274
0.089999999999999996669330926124530378729,9.9872109059042318084832596640141179369e-100,130.0,0.99670183910863565705922394913355858941,0.82880711708876125547563826813140093535
0.10000000000000000555111512312578270212,1.5220921216333561052379198545786717248e-99,130.0,0.99685963505134382873869440665638372974,0.8150816973077095747566753352863756691
0.11000000000000000055511151231257827021,2.3391040618600806774212593579718771409e-99,129.0,0.99700132563659461159457299027976268559,0.80161458031082897767472306983312540087
0.11999999999999999555910790149937383831,3.6412817990265813202544443545934819954e-99,129.0,0.9971277422705816474632222800056408944,0.78835235317940809041135274707024243039
0.13000000000000000444089209850062616169,5.753120071797010510624913588713749971e-99,129.0,0.99723985776302509700689532816684041683,0.77541261069184838569397316576724493862
0.14000000000000001332267629550187848508,9.2317540382628832376153370487733498825e-99,129.0,0.99733892183812607978530971704367956936,0.76285703716718550342664221735696710478
0.14999999999999999444888487687421729788,1.5045981338397731213764499622127574149e-98,129.0,0.99742641828814660726143068251384565489,0.75046221694930721164173012717890782434
0.16000000000000000333066907387546962127,2.4901646833606246589458255884558116362e-98,129.0,0.99750364089226307115191302388135474685,0.7381793095018347684764862126051401112
0.17000000000000001221245327087672194466,4.184033406305752195007581704361939544e-98,128.0,0.99757170798399516073468498250342951175,0.72596255692840196330504690489481386335
0.17999999999999999333866185224906075746,7.1354854768491232030986789154574062957e-98,128.0,0.99763158172366431419818979723856037989,0.7137688917137154991304579121035152919
0.19000000000000000222044604925031308085,1.2349471232764804430278398292001269423e-97,128.0,0.99768408793050849670574547731440508589,0.70155757610183405597265017388519004045
0.20000000000000001110223024625156540424,2.1689360353252436358023476894819217108e-97,128.0,0.99772993460181503177965075124965897044,0.68928987243104041197360898750849307388
0.20999999999999999222843882762390421703,3.8658094676317886689456941239013695996e-97,128.0,0.99776972839538888135516076729548614026,0.67784498925522156595908661395227367732
0.22000000000000000111022302462515654042,6.9935188750749908989275874710293421832e-97,127.0,0.99780398891613011614268743126399557994,0.66633326186810450726695866117990725542
0.23000000000000000999200722162640886381,1.2844641836061820132469770744144709831e-96,127.0,0.99783316090957572351652890738475135736,0.65471026246548970504564973908244686987
0.23999999999999999111821580299874767661,2.3959056069382882206134076964978089908e-96,127.0,0.99785762457270069555907331248173924056,0.64294024028164962031571396120878657201
0.25,4.5407620900078420526661069484463012728e-96,127.0,0.99787770422246778223722272248471095271,0.63131480327893222620757388139767741705
0.26000000000000000888178419700125232339,8.7483642810222475667663061403104806514e-96,126.0,0.99789367555599325451971591836979529056,0.62027859392773858710120774649756911577
0.27000000000000001776356839400250464678,1.7144645218456391245279741540619897401e-95,126.0,0.99790577171367625311029135167990655354,0.60902987597347113929947340755122401587
0.28000000000000002664535259100375697017,3.4200640118281278012426895344732817231e-95,126.0,0.99791418832882142400809733429254760639,0.59753568639007469266507259768819139807
0.28999999999999998001598555674718227237,6.9499314612766794189512897015267086662e-95,126.0,0.9979191792208578511678354910690194701,0.58637883449768938335086278724652511498
0.29999999999999998889776975374843459576,1.4399255360434671875511363318772082534e-94,125.0,0.99792084593247287731872907494921343196,0.57553906044708042750781810263848767608
0.30999999999999999777955395074968691915,3.0445450152508608843963185887171849976e-94,125.0,0.99791922372697212169004209767881761286,0.56438065250199156415012682738240823683
0.32000000000000000666133814775093924254,6.5762062027067117287340031608805961024e-94,125.0,0.99791439287424439444041523477499725676,0.5532170892888632113792594591061818953
0.33000000000000001554312234475219156593,1.4527361735431349258725376920161170189e-93,124.0,0.99790641077765175175176394146817249231,0.5426313666778165712572906815311180167
0.34000000000000002442490654175344388932,3.2861396667647171015968206614970377849e-93,124.0,0.9978953133716019263687509665122673319,0.53164676279569628538045247792853557519
0.34999999999999997779553950749686919153,7.6216229336106262966370956718888674424e-93,124.0,0.99788111615793343944854917704688364134,0.52081274812770111728301228137232393602
0.35999999999999998667732370449812151492,1.8150685584593970775351720509391096268e-92,123.0,0.99786381491091677337803088403654080056,0.51028584603649908844163929484963322926
0.36999999999999999555910790149937383831,4.4452489138759404697419928509153398674e-92,123.0,0.99784338607111396023183306547322517004,0.49927450585881777594893443314290344647
0.38000000000000000444089209850062616169,1.1214646221514353549123683628226997475e-91,123.0,0.99781978683935824531137523452154520281,0.48899665695010371464962522691468912905
0.39000000000000001332267629550187848508,2.9197857454927860053539339368052428377e-91,122.0,0.99779295497335447798779085503902562079,0.4782964262764486736994772582098230504
0.40000000000000002220446049250313080847,7.8604582413498859244819711000288483825e-91,122.0,0.99776281716202924704715673256307884172,0.46791259809367341763664276901350690797
0.40999999999999997557509345824655611068,2.1928264219633782180419780975360516687e-90,122.0,0.99772926037634316063318886053568470349,0.45741525484412710314017720440955665535
0.41999999999999998445687765524780843407,6.353718106669720345038999016377568845e-90,121.0,0.99769213665656126586703624111863306212,0.44709482222319946644990699221931672523
0.42999999999999999333866185224906075746,1.9169675626707862731744949485858568204e-89,121.0,0.99765133823125803264186056277368377926,0.436673644581094492554106481193891247
0.44000000000000000222044604925031308085,6.0389033149816377998346826450005933775e-89,120.0,0.99760667479802621010866036321588334831,0.42653289519806830789470913935596242088
0.45000000000000001110223024625156540424,1.9923221790942129479817457268867592987e-88,120.0,0.99755794433815687297131174765417052511,0.4160431867584003798317019749170774892
0.46000000000000001998401444325281772763,6.9062395948370001928561693054248870264e-88,119.0,0.99750491378264028607717062625782686174,0.40614605223384308005824447005472140429
0.46999999999999997335464740899624302983,2.5244198265722208512380666384085964961e-87,119.0,0.99744731510125965233935352216268576929,0.39598736855815440206126818595889958615
0.47999999999999998223643160599749535322,9.7685001711559544103108505580495228562e-87,118.0,0.99738484057515615627834978095810898948,0.38578541837863976809091125694176313323
0.48999999999999999111821580299874767661,4.0190097047827889691829851036665707751e-86,118.0,0.99731713696886502773005882794007322446,0.37595596846032225458879514958405316771
0.50,1.7664661312084764260519655911177321369e-85,117.0,0.99724398962666471731189985796937498206,0.36602976024774990068050154634505620051
0.51000000000000000888178419700125232339,8.3382297611124757888744346582654644421e-85,116.0,0.9971649553820201638410906571440999079,0.3560799664330047725191512393928444624
0.52000000000000001776356839400250464678,4.2516567310536768021630849572300571181e-84,116.0,0.99707936486372598571675893603427209125,0.34616217789261880305977167634376690619
0.53000000000000002664535259100375697017,2.3570699807988309452692364429134802079e-83,115.0,0.99698695851779886565509943200141535876,0.33631505588088939725048507468215999101
0.54000000000000003552713678800500929356,1.4310400954344745953420365322900051769e-82,114.0,0.99688698218520738017872662957879021468,0.32661869328032937253390662936716332162
0.55000000000000004440892098500626161695,9.5917909423967216737480200761710071081e-82,113.0,0.99677885290667698121349826362399178298,0.31693522756207841745215073245492893949
0.56000000000000005329070518200751394033,7.1621667636687205517883577444885237025e-81,112.0,0.9966616544935112581616764298777281303,0.30734069072009884312289409352999686218
0.56999999999999995115018691649311222136,6.0187445571396555583195320749317984025e-80,112.0,0.99653489959864920855657050123802247231,0.29784118147000420321768826010098809547
0.57999999999999996003197111349436454475,5.7580566837330515219181122987194804072e-79,111.0,0.99639728602018961754817587854434328306,0.28836839400431237714878762877662383838
0.58999999999999996891375531049561686814,6.3535226658467275528717342188322289618e-78,110.0,0.99624778290761882374702207250701876962,0.27886949769442838491088926795656187741
0.59999999999999997779553950749686919153,8.2066703180747836562350759097268842143e-77,108.0,0.99608517062250971413958284064821271203,0.26945857525651125815388342599599383128
0.60999999999999998667732370449812151492,1.2621341838950596040789624805044852379e-75,107.0,0.99590799351375218694190313994976659421,0.26012912948063416433300135848776182059
0.61999999999999999555910790149937383831,2.3566993611731205040837580866416030979e-74,106.0,0.99571449512450872518940658517953580508,0.25084944134388967326767743945493609384
0.63000000000000000444089209850062616169,5.4645416549002496635455888021796724648e-73,105.0,0.99550287827913230497050240689162771718,0.24157543321499727762259858231476581774
0.64000000000000001332267629550187848508,1.6152116500542709828146358171753231088e-71,103.0,0.99527081841907751862186495650751696874,0.23238218624336327415794136571551821921
0.65000000000000002220446049250313080847,6.2751814625008320015309954258464890998e-70,102.0,0.99501578687948576104961450482577487754,0.22328640100589988487456853496648725393
0.66000000000000003108624468950438313186,3.3218689623389808873271690094191967288e-68,100.0,0.99473452672409859133571853392866544846,0.2142489761798656604606957621892230273
0.67000000000000003996802888650563545525,2.5004508992643272091673914464784023025e-66,98.0,0.99442332514345137951462110465104014219,0.20518521413360102470575528312093058747
0.68000000000000004884981308350688777864,2.8159647127116737220025293177712985667e-64,96.0,0.99407824579487326914713095838031672717,0.19627359182682136519571844165590317942
0.68999999999999994670929481799248605967,5.0439196341040198427785651775818908505e-62,93.0,0.99369360798956166328590857521934084948,0.18737473021917612550043363561809245288
0.69999999999999995559107901499373838305,1.5474777359991186292780072351904589013e-59,91.0,0.99326325932310368734142317024238234434,0.17856325409412603874990361057692856858
0.70999999999999996447286321199499070644,8.9024567876169943940204817336118526154e-57,88.0,0.99277950902922329003602408087552288182,0.16977694600319726224790874126369823545
0.71999999999999997335464740899624302983,1.0735344883956103217559238426618787982e-53,84.0,0.99223272346358967158660467224554594781,0.16107946655440809567773201602691552957
0.72999999999999998223643160599749535322,3.1150805218278524661079770063719752148e-50,81.0,0.99161116276230329387466257326315457173,0.15241904261892538363197651619693943155
0.73999999999999999111821580299874767661,2.5812508436729113395299094425817778737e-46,76.0,0.99083399600982857102780546697290424451,0.14379624027120577033768060102157016667
0.75,7.5412306869313729641068099980925358169e-42,71.0,0.98973801339804142646695071117864061479,0.13526477956068326232870496536446981207
0.76000000000000000888178419700125232339,9.983579623221258082263641317442277873e-37,65.0,0.98806692893200537162872584050750016935,0.1267606407178898993806510375853070791
0.77000000000000001776356839400250464678,7.8253892193660908543089252689029648698e-31,58.0,0.98525518761150053932605958549518248949,0.11830817832983613578393051191765445647
0.78000000000000002664535259100375697017,4.3336660003133763033493432136922565783e-24,49.0,0.97991231746633488749739159004605345494,0.10989100431701330196649016005068154997
0.79000000000000003552713678800500929356,1.292039173998104446048509184887837985e-16,38.0,0.9682489213470582276102140984054739497,0.10149381632761059544663432987415544004
0.80000000000000004440892098500626161695,4.0207419002558763737927091850451258784e-09,24.0,0.93950053064141740501027134631204146004,0.092123414757404536100238525113170915329
0.81000000000000005329070518200751394033,0.0015934431815172672881237312211109647275,5.0,0.86679026232558233092519052691111669667,0.069030158248849299530375798337662941449
0.81999999999999995115018691649311222136,0.12532273751790563888740016397857942491,0.0,0.70926172178646849178330107399996676451,0.039544604236941371234774080940259200727
0.82999999999999996003197111349436454475,0.4133600640437739190354486076114777095,0.0,0.4718235265022602763256006955170701874,0.017348240255119082364169983772003356644
0.83999999999999996891375531049561686814,0.68534791390207399525727280197190796633,0.0,0.25190802920550798040294408870392309149,0.006228462637612416415886183974367868494
0.84999999999999997779553950749686919153,0.85037712643347550980932459121097518015,0.0,0.11893030327279221261822520887526360364,0.0020367343497689048773069951297512141822
0.85999999999999998667732370449812151492,0.92912199048125513245177176502504267093,0.0,0.055895433809768981726454774394213324041,0.00066107761623515196367819695832791837746
0.86999999999999999555910790149937383831,0.96163773818201274595607129561161794033,0.0,0.030141719466575454671678525544180954821,0.00049756986978813022377000733076607045911
0.88000000000000000444089209850062616169,0.97254547790120866428349505302549309029,0.0,0.021571581867597091174233179603364804223,0.00049336434078536140163839330101327579879
0.89000000000000001332267629550187848508,0.97814909277706682996114008712650442613,0.0,0.017170179377631685335488826574055352624,0.00048915881249860208744026411110329302239
0.90000000000000002220446049250313080847,0.98165995362878582227254557104856854491,0.0,0.0144125053031714483331763784164385119,0.00048495328492785209832006051812693824357
0.91000000000000003108624468950438313186,0.98409485151890804061626001411322739945,0.0,0.012499568821921954291968786654357822966,0.00048074775807311125142228554306459745467
0.92000000000000003996802888650563545525,0.9858941498100901346856090081210094745,0.0,0.011086924897677691850780941676737805728,0.00047654223193437936389150447075972478616
0.93000000000000004884981308350688777864,0.98728381432806391389957558499925402371,0.0,0.0099961962476885991468785861087681737175,0.00047233670651165625287234484989234078813
0.93999999999999994670929481799248605967,0.98839131027434100304999500234124096291,0.0,0.0091265907300332014705336312493142452021,0.00046813118180494178220019611855119188854
0.94999999999999995559107901499373838305,0.9892954491819959715109738084464868718,0.0,0.0084156854206090023626148471112594117784,0.00046392565781423567563840315252338410246
0.95999999999999996447286321199499070644,0.99005000629432283203526249506044464493,0.0,0.007823022362462516713580251574766590425,0.00045972013453953779702248786672953822792
0.96999999999999997335464740899624302983,0.99068942931146795118661655628371194269,0.0,0.0073214375049352776947223464040199104349,0.00045551461198084796349732686493092354066
0.97999999999999998223643160599749535322,0.99123884028108994534932481877797176907,0.0,0.0068901096234231633321264040076595893274,0.00045130909013816599220785901459286733456
0.98999999999999999111821580299874767661,0.99171542583643450662767177690774459276,0.0,0.0065161312077637586562717288278947026291,0.00044710356901149170029908544685825327693
1.0,0.9921332198481894261897617178480372679,0.0,0.0061876160624149775415941294519334017767,0.00044289804860082490491606955652101978412
