value,sup,dur,Y,S
0.50,2.0111345041615658244614556826457270069e-122,120.0,0.99724398962666471731189985796937498055,0.36602976024774990068050154634505620013
0.51000000000000000888178419700125232339,1.3826836352303191611323112593817741436e-121,119.0,0.99716495538202016384109065714409990715,0.35607996643300477251915123939284445977
0.52000000000000001776356839400250464678,1.0480618919943551842261742036741259581e-120,119.0,0.99707936486372598571675893603427208899,0.34616217789261880305977167634376690544
0.53000000000000002664535259100375697017,8.8310388477373274122670245868912795316e-120,118.0,0.9969869585177988656550994320014153565,0.33631505588088939725048507468215998876
0.54000000000000003552713678800500929356,8.3481130483011363385107428152924162022e-119,118.0,0.99688698218520738017872662957879021393,0.32661869328032937253390662936716332275
0.55000000000000004440892098500626161695,8.9450285239098843497549460214181719251e-118,117.0,0.99677885290667698121349826362399178374,0.31693522756207841745215073245492894099
0.56000000000000005329070518200751394033,1.0990181369831746003262708107215177468e-116,116.0,0.9966616544935112581616764298777281273,0.30734069072009884312289409352999686256
0.56999999999999995115018691649311222136,1.568576127834060578830561088610415053e-115,115.0,0.99653489959864920855657050123802247231,0.29784118147000420321768826010098809811
0.57999999999999996003197111349436454475,2.6391966206415504767261233289141336443e-114,115.0,0.99639728602018961754817587854434328456,0.28836839400431237714878762877662383875
0.58999999999999996891375531049561686814,5.3230121186091892375783101072012032037e-113,114.0,0.99624778290761882374702207250701876887,0.27886949769442838491088926795656187741
0.59999999999999997779553950749686919153,1.3117066601152121935580239432149989292e-111,113.0,0.99608517062250971413958284064821271127,0.26945857525651125815388342599599383316
0.60999999999999998667732370449812151492,4.0363687633865123782080357039474809672e-110,112.0,0.99590799351375218694190313994976659421,0.26012912948063416433300135848776181983
0.61999999999999999555910790149937383831,1.5905191235943168020052586777511637263e-108,111.0,0.99571449512450872518940658517953580433,0.25084944134388967326767743945493609459
0.63000000000000000444089209850062616169,8.2627270277485022917250077562320766145e-107,110.0,0.99550287827913230497050240689162771718,0.24157543321499727762259858231476581549
0.64000000000000001332267629550187848508,5.8541899448911517963116850751857492094e-105,108.0,0.99527081841907751862186495650751696949,0.23238218624336327415794136571551821921
0.65000000000000002220446049250313080847,5.8859995812855605999684347661217120271e-103,107.0,0.99501578687948576104961450482577487678,0.22328640100589988487456853496648725543
0.66000000000000003108624468950438313186,8.8010218933623479485077590860008177319e-101,106.0,0.99473452672409859133571853392866544921,0.21424897617986566046069576218922302974
0.67000000000000003996802888650563545525,2.0691062218788502098789436359950019566e-98,104.0,0.99442332514345137951462110465104013918,0.20518521413360102470575528312093058804
0.68000000000000004884981308350688777864,8.1755599254994656229499569678395192657e-96,102.0,0.99407824579487326914713095838031672792,0.19627359182682136519571844165590317905
0.68999999999999994670929481799248605967,5.8841820059493287119017505522713915738e-93,100.0,0.99369360798956166328590857521934084873,0.18737473021917612550043363561809245457
0.69999999999999995559107901499373838305,8.508542705780324177042424164631697706e-90,98.0,0.99326325932310368734142317024238235111,0.17856325409412603874990361057692857084
0.70999999999999996447286321199499070644,2.7883660959701724966897685896700024511e-86,96.0,0.99277950902922329003602408087552288107,0.16977694600319726224790874126369823695
0.71999999999999997335464740899624302983,2.4048822904796277894183629611410335096e-82,93.0,0.99223272346358967158660467224554595308,0.1610794665544080956777320160269155292
0.72999999999999998223643160599749535322,6.5819368044907936684739909045993405318e-78,90.0,0.99161116276230329387466257326315457248,0.15241904261892538363197651619693943174
0.73999999999999999111821580299874767661,7.2365811283839621888788759547954728917e-73,87.0,0.99083399600982857102780546697290424376,0.14379624027120577033768060102157016798
0.75,4.3032425709252726701484277226982741779e-67,82.0,0.98973801339804142646695071117864061103,0.13526477956068326232870496536446981264
0.76000000000000000888178419700125232339,2.0035831595839826315268703416368048103e-60,78.0,0.98806692893200537162872584050750017085,0.12676064071788989938065103758530708042
0.77000000000000001776356839400250464678,1.1291289119030280964547306093042078714e-52,72.0,0.98525518761150053932605958549518248724,0.11830817832983613578393051191765445534
0.78000000000000002664535259100375697017,1.1750594965620559229701516679332421682e-43,65.0,0.97991231746633488749739159004605345569,0.10989100431701330196649016005068155025
0.79000000000000003552713678800500929356,2.5005259602425527194769591300736061903e-33,56.0,0.96824892134705822761021409840547395195,0.10149381632761059544663432987415544032
0.80000000000000004440892098500626161695,3.8358568028128712118265612661562646386e-22,45.0,0.9395005306414174050102713463120414623,0.092123414757404536100238525113170915611
0.81000000000000005329070518200751394033,1.4147882418324526811599119186631366044e-11,30.0,0.86679026232558233092519052691111669366,0.069030158248849299530375798337662941919
0.81999999999999995115018691649311222136,0.00042224949698628190341844175364687108133,9.0,0.70926172178646849178330107399996676677,0.039544604236941371234774080940259201009
0.82999999999999996003197111349436454475,0.16663726770471705870334603481520751761,0.0,0.47182352650226027632560069551707018439,0.017348240255119082364169983772003356785
0.83999999999999996891375531049561686814,0.53619201038431999712083941156745349273,0.0,0.25190802920550798040294408870392308886,0.0062284626376124164158861839743678683471
0.84999999999999997779553950749686919153,0.77727571091918537638520166620391951949,0.0,0.11893030327279221261822520887526360383,0.0020367343497689048773069951297512141705
0.85999999999999998667732370449812151492,0.89390863124310232733201043296660107925,0.0,0.055895433809768981726454774394213324841,0.00066107761623515196367819695832791838187
0.86999999999999999555910790149937383831,0.94246107423620660272088684671631555254,0.0,0.030141719466575454671678525544180955268,0.00049756986978813022377000733076607045911
0.88000000000000000444089209850062616169,0.95882422046703756917005955530395727936,0.0,0.021571581867597091174233179603364804481,0.00049336434078536140163839330101327579879
0.89000000000000001332267629550187848508,0.96723022196765756418972403124314344728,0.0,0.017170179377631685335488826574055352412,0.00048915881249860208744026411110329302239
0.90000000000000002220446049250313080847,0.9724976375532480929436007538879927196,0.0,0.014412505303171448333176378416438511947,0.00048495328492785209832006051812693824357
0.91000000000000003108624468950438313186,0.9761517884985109005910291001575807014,0.0,0.012499568821921954291968786654357822919,0.00048074775807311125142228554306459745467
0.92000000000000003996802888650563545525,0.97885069525605957578799075944093610699,0.0,0.011086924897677691850780941676737805752,0.00047654223193437936389150447075972478542
0.93000000000000004884981308350688777864,0.98093486647313071724622005268975571182,0.0,0.0099961962476885991468785861087681735177,0.00047233670651165625287234484989234078813
0.93999999999999994670929481799248605967,0.98259656939444770046676770497397041711,0.0,0.0091265907300332014705336312493142452021,0.00046813118180494178220019611855119188854
0.94999999999999995559107901499373838305,0.9839547170616569456236073647176341797,0.0,0.0084156854206090023626148471112594116961,0.00046392565781423567563840315252338410246
0.95999999999999996447286321199499070644,0.98508728763783180919582017059937171863,0.0,0.007823022362462516713580251574766590378,0.00045972013453953779702248786672953822792
0.96999999999999997335464740899624302983,0.98604623943160175615998292246665994247,0.0,0.0073214375049352776947223464040199104349,0.00045551461198084796349732686493092354066
0.97999999999999998223643160599749535322,0.98687144312885224552206318005937404463,0.0,0.0068901096234231633321264040076595892862,0.00045130909013816599220785901459286733456
0.98999999999999999111821580299874767661,0.98758591448088811910152971833075691129,0.0,0.0065161312077637586562717288278947025997,0.00044710356901149170029908544685825327693
1.0,0.98821370894143471883862949486966775862,0.0,0.0061876160624149775415941294519334017238,0.00044289804860082490491606955652101978412
