value,sup,dur,Y,S
0.0,2.6654720732096930702505573231197741229e-62,129.0,0.99542144868023303646770999748756819006,0.99996488372188023310085783834742378968
0.010000000000000000208166817117216851329,3.2101637878397011635206540679653141853e-44,129.0,0.99553789013557265652786646163351630068,0.96833754469087918528384995928940213528
0.020000000000000000416333634234433702659,2.1675395787223794660860320162713260531e-40,129.0,0.9956555017260571210630950002076109738,0.94461265233409676042782331798652364149
0.029999999999999998889776975374843459576,6.8861537920731007482570276794985713575e-39,129.0,0.99577753677133683675718651427658690325,0.92398362723000970395699655888243906341
0.040000000000000000832667268468867405318,3.431030749893232034397102147153302039e-38,129.0,0.99590529271897485050117950652755196954,0.90582127063453532678717240176018242953
0.050000000000000002775557561562891351059,7.9116448586434518092634380655434147351e-38,129.0,0.99604126356473749885238038047274098464,0.88888399640339364109637893232128491352
0.059999999999999997779553950749686919153,1.2960065771022114441023111563120569476e-37,128.0,0.99618931261604337861397128589623824574,0.87276218338986897548897230514928044451
0.070000000000000006661338147750939242542,1.8194795215331230698423805150940116894e-37,128.0,0.99635357978334327695721772590709381726,0.85735866818549581629433149729289106679
0.080000000000000001665334536937734810635,2.387865093617898919585655297309582994e-37,128.0,0.99653006948273466947337513378683093257,0.84284824689301643685339320763252467199
0.089999999999999996669330926124530378729,3.0536857512543685433973634610427335551e-37,128.0,0.99670183910863565705922394913355858565,0.8288071170887612554756382681314009346
0.10000000000000000555111512312578270212,3.8825404029645525730563871462244396234e-37,128.0,0.99685963505134382873869440665638372974,0.81508169730770957475667533528637566759
0.11000000000000000055511151231257827021,4.9552110103732015787894548767104701973e-37,127.0,0.99700132563659461159457299027976268709,0.80161458031082897767472306983312539786
0.11999999999999999555910790149937383831,6.3763276783661869283264238588126376322e-37,127.0,0.99712774227058164746322228000564089139,0.78835235317940809041135274707024243039
0.13000000000000000444089209850062616169,8.2872245103951307959843315429302750215e-37,127.0,0.99723985776302509700689532816684041683,0.77541261069184838569397316576724494088
0.14000000000000001332267629550187848508,1.088378366673302126369463862098631322e-36,127.0,0.99733892183812607978530971704367957388,0.76285703716718550342664221735696710478
0.14999999999999999444888487687421729788,1.4441666077092015513688555944518115236e-36,127.0,0.99742641828814660726143068251384565413,0.75046221694930721164173012717890782734
0.16000000000000000333066907387546962127,1.9352740543470254553688241086542545676e-36,126.0,0.99750364089226307115191302388135474836,0.73817930950183476847648621260514011195
0.17000000000000001221245327087672194466,2.6178440712450982349410959341658065109e-36,126.0,0.99757170798399516073468498250342951551,0.72596255692840196330504690489481385959
0.17999999999999999333866185224906075746,3.5728710270162127616362770784916627194e-36,126.0,0.99763158172366431419818979723856037914,0.71376889171371549913045791210351529416
0.19000000000000000222044604925031308085,4.9179772654776911764393341414632453152e-36,126.0,0.99768408793050849670574547731440508664,0.70155757610183405597265017388519004346
0.20000000000000001110223024625156540424,6.8251154072896404079546124136632274718e-36,125.0,0.9977299346018150317796507512496589727,0.68928987243104041197360898750849307614
0.20999999999999999222843882762390421703,9.5473767197277330578400340662984133515e-36,125.0,0.99776972839538888135516076729548613951,0.67784498925522156595908661395227367732
0.22000000000000000111022302462515654042,1.3459900004992165904185909461473763623e-35,125.0,0.99780398891613011614268743126399557994,0.66633326186810450726695866117990725166
0.23000000000000000999200722162640886381,1.9122790578250397675596024695362647468e-35,125.0,0.99783316090957572351652890738475135661,0.65471026246548970504564973908244687137
0.23999999999999999111821580299874767661,2.7378685933063970240167551946972889711e-35,124.0,0.99785762457270069555907331248173924056,0.64294024028164962031571396120878656749
0.25,3.9505341384819092545264226179688872917e-35,124.0,0.99787770422246778223722272248471095497,0.63131480327893222620757388139767741705
0.26000000000000000888178419700125232339,5.7456395115833388873364063061312858512e-35,124.0,0.99789367555599325451971591836979528905,0.62027859392773858710120774649756911502
0.27000000000000001776356839400250464678,8.4244818307950491350829481056899482747e-35,123.0,0.99790577171367625311029135167990655354,0.60902987597347113929947340755122401512
0.28000000000000002664535259100375697017,1.2455957180699929797355915132570803976e-34,123.0,0.99791418832882142400809733429254760639,0.59753568639007469266507259768819139958
0.28999999999999998001598555674718227237,1.8576743065031295077518839705046618026e-34,123.0,0.99791917922085785116783549106901947085,0.58637883449768938335086278724652511272
0.29999999999999998889776975374843459576,2.7955796210568108495782142666010353455e-34,122.0,0.99792084593247287731872907494921343271,0.57553906044708042750781810263848767608
0.30999999999999999777955395074968691915,4.2467481693546242327996448872742482198e-34,122.0,0.99791922372697212169004209767881761437,0.56438065250199156415012682738240823607
0.32000000000000000666133814775093924254,6.5150399268625391597161029744944977461e-34,122.0,0.99791439287424439444041523477499725526,0.55321708928886321137925945910618189605
0.33000000000000001554312234475219156593,1.0098766024098816220210589563918413018e-33,121.0,0.99790641077765175175176394146817249081,0.5426313666778165712572906815311180167
0.34000000000000002442490654175344388932,1.5825099135358357948710671273892116196e-33,121.0,0.99789531337160192636875096651226733341,0.53164676279569628538045247792853557368
0.34999999999999997779553950749686919153,2.5084756403201224494545411094379712322e-33,120.0,0.99788111615793343944854917704688363757,0.52081274812770111728301228137232393
0.35999999999999998667732370449812151492,4.0247617338611638001288200524888720636e-33,120.0,0.99786381491091677337803088403654080583,0.51028584603649908844163929484963323151
0.36999999999999999555910790149937383831,6.540984482864141671819765417743775772e-33,120.0,0.99784338607111396023183306547322517079,0.49927450585881777594893443314290344459
0.38000000000000000444089209850062616169,1.0775819669635196491819985276588787624e-32,119.0,0.99781978683935824531137523452154520958,0.4889966569501037146496252269146891298
0.39000000000000001332267629550187848508,1.8010298449976418611720857602092565138e-32,119.0,0.99779295497335447798779085503902562079,0.47829642627644867369947725820982305077
0.40000000000000002220446049250313080847,3.0566357015948798609646407001321914721e-32,118.0,0.99776281716202924704715673256307884097,0.46791259809367341763664276901350690947
0.40999999999999997557509345824655611068,5.2727776709904673331855614116982738371e-32,118.0,0.99772926037634316063318886053568469972,0.45741525484412710314017720440955665498
0.41999999999999998445687765524780843407,9.2547333146196484360440727766028148678e-32,117.0,0.99769213665656126586703624111863305761,0.44709482222319946644990699221931672523
0.42999999999999999333866185224906075746,1.6546674344183147917204426687773109822e-31,117.0,0.99765133823125803264186056277368377926,0.43667364458109449255410648119389124549
0.44000000000000000222044604925031308085,3.0172775028254803821006503096673373274e-31,116.0,0.99760667479802621010866036321588334831,0.42653289519806830789470913935596242126
0.45000000000000001110223024625156540424,5.6189957449060367674001332615963118684e-31,115.0,0.99755794433815687297131174765417052511,0.41604318675840037983170197491707748393
0.46000000000000001998401444325281772763,1.0702194019029913623153892823132765292e-30,115.0,0.99750491378264028607717062625782686475,0.40614605223384308005824447005472140391
0.46999999999999997335464740899624302983,2.0880713088808209309639170381186072761e-30,114.0,0.9974473151012596523393535221626857723,0.39598736855815440206126818595889958803
0.47999999999999998223643160599749535322,4.1804792614561353900939125214235981436e-30,113.0,0.99738484057515615627834978095810899324,0.38578541837863976809091125694176313398
0.48999999999999999111821580299874767661,8.6046674638086931756136967034481702556e-30,113.0,0.99731713696886502773005882794007322221,0.37595596846032225458879514958405316621
0.50,1.8245915345194252805308817894121204219e-29,112.0,0.99724398962666471731189985796937498055,0.36602976024774990068050154634505619976
0.51000000000000000888178419700125232339,3.9948782777388702778546527180395169438e-29,111.0,0.99716495538202016384109065714409990564,0.35607996643300477251915123939284446014
0.52000000000000001776356839400250464678,9.0537340049541649501702056475502073667e-29,110.0,0.99707936486372598571675893603427209125,0.34616217789261880305977167634376690769
0.53000000000000002664535259100375697017,2.1297450560155056272409361781199410413e-28,109.0,0.99698695851779886565509943200141536177,0.33631505588088939725048507468215998989
0.54000000000000003552713678800500929356,5.2157449986733056062692571032639981171e-28,108.0,0.99688698218520738017872662957879021318,0.32661869328032937253390662936716332125
0.55000000000000004440892098500626161695,1.3342810409743828990859467296020131073e-27,107.0,0.99677885290667698121349826362399178825,0.31693522756207841745215073245492893648
0.56000000000000005329070518200751394033,3.5787670942120712719949705812347737843e-27,106.0,0.9966616544935112581616764298777281303,0.30734069072009884312289409352999686143
0.56999999999999995115018691649311222136,1.0105777152835258484261338111009003306e-26,105.0,0.99653489959864920855657050123802247081,0.29784118147000420321768826010098809623
0.57999999999999996003197111349436454475,3.0182813862982064654271677102625400076e-26,104.0,0.99639728602018961754817587854434328155,0.28836839400431237714878762877662384063
0.58999999999999996891375531049561686814,9.583999598651269917856682496159892208e-26,102.0,0.99624778290761882374702207250701876962,0.27886949769442838491088926795656187892
0.59999999999999997779553950749686919153,3.2542499015216060151689997620199553165e-25,101.0,0.99608517062250971413958284064821271203,0.26945857525651125815388342599599383203
0.60999999999999998667732370449812151492,1.1893579027014035871459608603121869077e-24,99.0,0.99590799351375218694190313994976659346,0.26012912948063416433300135848776182059
0.61999999999999999555910790149937383831,4.7135159507458620631549939393134076221e-24,98.0,0.99571449512450872518940658517953580132,0.25084944134388967326767743945493609421
0.63000000000000000444089209850062616169,2.0426617844333534936318956770607294491e-23,96.0,0.99550287827913230497050240689162771944,0.24157543321499727762259858231476581567
0.64000000000000001332267629550187848508,9.7729375039107713632210501107286222529e-23,94.0,0.99527081841907751862186495650751697099,0.23238218624336327415794136571551821864
0.65000000000000002220446049250313080847,5.2190127978057369458824526126205125149e-22,92.0,0.99501578687948576104961450482577487603,0.22328640100589988487456853496648725581
0.66000000000000003108624468950438313186,3.1502853189395202930587520759189992622e-21,89.0,0.99473452672409859133571853392866544921,0.21424897617986566046069576218922302767
0.67000000000000003996802888650563545525,2.1807546176976768230282277677023917299e-20,87.0,0.99442332514345137951462110465104014219,0.20518521413360102470575528312093058879
0.68000000000000004884981308350688777864,1.7605093193489577839108297180650180396e-19,84.0,0.99407824579487326914713095838031672792,0.19627359182682136519571844165590318074
0.68999999999999994670929481799248605967,1.6899527376254313854207970228700284475e-18,81.0,0.99369360798956166328590857521934084723,0.18737473021917612550043363561809245231
0.69999999999999995559107901499373838305,1.9727639858266931989057653573208157277e-17,77.0,0.9932632593231036873414231702423823481,0.17856325409412603874990361057692857009
0.70999999999999996447286321199499070644,2.8740056767363069561657720192494014905e-16,74.0,0.99277950902922329003602408087552288182,0.16977694600319726224790874126369823545
0.71999999999999997335464740899624302983,5.381537708384956464696678855331521564e-15,69.0,0.99223272346358967158660467224554595082,0.1610794665544080956777320160269155292
0.72999999999999998223643160599749535322,1.3379272815622038982697935758623593848e-13,64.0,0.99161116276230329387466257326315457248,0.15241904261892538363197651619693943193
0.73999999999999999111821580299874767661,4.5648909002757558218587597828207066615e-12,58.0,0.99083399600982857102780546697290424451,0.1437962402712057703376806010215701661
0.75,2.1946455735159965235895306020087669286e-10,51.0,0.9897380133980414264669507111786406163,0.1352647795606832623287049653644698117
0.76000000000000000888178419700125232339,1.485656833757910648960990195042847604e-08,43.0,0.98806692893200537162872584050750017085,0.12676064071788989938065103758530707967
0.77000000000000001776356839400250464678,1.3005454752804765438248093096779857996e-06,34.0,0.985255187611500539326059585495182491,0.11830817832983613578393051191765445665
0.78000000000000002664535259100375697017,0.00010601153803871117256081241109187155779,22.0,0.97991231746633488749739159004605345419,0.10989100431701330196649016005068155016
0.79000000000000003552713678800500929356,0.0035262811342763056294832559328819576094,7.0,0.96824892134705822761021409840547395045,0.10149381632761059544663432987415543966
0.80000000000000004440892098500626161695,0.02823757567231239047734972821919939223,0.0,0.9395005306414174050102713463120414623,0.092123414757404536100238525113170915235
0.81000000000000005329070518200751394033,0.10418379437698578790659815085165778376,0.0,0.86679026232558233092519052691111669442,0.069030158248849299530375798337662941637
0.81999999999999995115018691649311222136,0.26986243725968979515367181770104130698,0.0,0.70926172178646849178330107399996677128,0.039544604236941371234774080940259201291
0.82999999999999996003197111349436454475,0.51594669954849790468339414503445335754,0.0,0.47182352650226027632560069551707018326,0.017348240255119082364169983772003356456
0.83999999999999996891375531049561686814,0.74132942396915907364065208227580304772,0.0,0.25190802920550798040294408870392309074,0.0062284626376124164158861839743678685645
0.84999999999999997779553950749686919153,0.87727702532872601008220407674970664306,0.0,0.11893030327279221261822520887526360477,0.0020367343497689048773069951297512141764
0.85999999999999998667732370449812151492,0.94196675385805584715554342389576318775,0.0,0.055895433809768981726454774394213323289,0.00066107761623515196367819695832791835395
0.86999999999999999555910790149937383831,0.96861241798052706623509866416442785378,0.0,0.030141719466575454671678525544180954891,0.00049756986978813022377000733076607045984
0.88000000000000000444089209850062616169,0.97753656062047684525458646922085621707,0.0,0.021571581867597091174233179603364804176,0.00049336434078536140163839330101327579879
0.89000000000000001332267629550187848508,0.98212085051997961943378181170688866396,0.0,0.017170179377631685335488826574055352318,0.00048915881249860208744026411110329302239
0.90000000000000002220446049250313080847,0.9849933586631830489603125211243520092,0.0,0.014412505303171448333176378416438511853,0.00048495328492785209832006051812693824431
0.91000000000000003108624468950438313186,0.98698600588325793020856298460676102117,0.0,0.012499568821921954291968786654357822919,0.00048074775807311125142228554306459745541
0.92000000000000003996802888650563545525,0.98845772047367005975775740751713381876,0.0,0.011086924897677691850780941676737805599,0.00047654223193437936389150447075972478542
0.93000000000000004884981308350688777864,0.98959414438734495365439576482043012345,0.0,0.0099961962476885991468785861087681736822,0.00047233670651165625287234484989234078813
0.93999999999999994670929481799248605967,0.99050014331426905436630529663629904582,0.0,0.0091265907300332014705336312493142452139,0.00046813118180494178220019611855119188928
0.94999999999999995559107901499373838305,0.99124064335744896198341945396599788168,0.0,0.0084156854206090023626148471112594116843,0.00046392565781423567563840315252338410246
0.95999999999999996447286321199499070644,0.9918580965278242340971363382160251565,0.0,0.0078230223624625167135802515747665903427,0.00045972013453953779702248786672953822829
0.96999999999999997335464740899624302983,0.99238078368719423650719498562832336901,0.0,0.0073214375049352776947223464040199104702,0.00045551461198084796349732686493092354066
0.97999999999999998223643160599749535322,0.99283039137305941396569656610920132891,0.0,0.0068901096234231633321264040076595893097,0.00045130909013816599220785901459286733492
0.98999999999999999111821580299874767661,0.99321990050598077656138554553979218067,0.0,0.0065161312077637586562717288278947026291,0.00044710356901149170029908544685825327657
1.0,0.99356210749764686077096481452481866169,0.0,0.0061876160624149775415941294519334016945,0.00044289804860082490491606955652101978449
