value,sup,dur,Y,S
0.5,5.1726056510857385301385470499571427349e-65,116.0,0.99724401769959712741865016378953935468,0.3659990731533255710008093582647475107
0.51000000000000000888178419700125232339,1.7749077793269074297096707715133393426e-64,116.0,0.99716503237589149111632872888408474023,0.35595700004666997447742690483959948571
0.52000000000000001776356839400250464678,6.4637897293620394876991233684893868465e-64,115.0,0.99707956213555151076237752506168251416,0.34622287427518537257630357853223978117
0.53000000000000002664535259100375697017,2.5106513947161350939664591785982381043e-63,114.0,0.99698700930814912140181305696256326301,0.33649585133490753770536186076623256019
0.54000000000000003552713678800500929356,1.0458165990896870049615718628814949407e-62,114.0,0.99688716609139696766597695333214610215,0.32677819971854467874506329358897816232
0.55000000000000004440892098500626161695,4.7005726961338626949066475855908588312e-62,113.0,0.99677896646208713445613826284840659671,0.31709924877301896905035175173420989918
0.56000000000000005329070518200751394033,2.2953204161751749966356333494104820635e-61,112.0,0.99666197249437468488694458704208557349,0.30747232166333023365136966237824362518
0.56999999999999995115018691649311222136,1.2270657750143965100848500924658819334e-60,111.0,0.99653497786239072337965836316028499062,0.29789527513331145589409637584786816041
0.57999999999999996003197111349436454475,7.2440320363804518665232959159396776244e-60,110.0,0.99639747715247451679283218073216238837,0.28835105010617737474884966730451427605
0.58999999999999996891375531049561686814,4.7690025596826350515194237782508919958e-59,109.0,0.99624805748098783670241686898128730875,0.27880828067081057999324082063688195554
0.59999999999999997779553950749686919153,3.5402202832773598180470215202745427743e-58,108.0,0.99608547830263100964276359055335693458,0.26949632711198443059382969906133598428
0.60999999999999998667732370449812151492,3.0011302384361989552252462999132322265e-57,107.0,0.99590832776422289947449226960656092381,0.26014381763693293648993021277963718656
0.61999999999999999555910790149937383831,2.9477212674984250311306756405866763787e-56,105.0,0.99571491527196237434003648637080541933,0.25084666014723569682683401221476109969
0.63000000000000000444089209850062616169,3.4109916830143069091913192883138471932e-55,104.0,0.9955031928153704409815940353144120616,0.24157262367824707964226234515028899748
0.64000000000000001332267629550187848508,4.7407932914995466468518548280312806934e-54,103.0,0.9952713888920430455960540005793270412,0.23243811543927484383355916003811138809
0.65000000000000002220446049250313080847,8.0937878672148883717906069537441242078e-53,101.0,0.99501621237139065922651229123359142719,0.22332119780408481899180432004541335309
0.66000000000000003108624468950438313186,1.7426108451508174328639797207261632704e-51,99.0,0.99473501565143794513898195191416309875,0.21423965469215217404246997278240679819
0.67000000000000003996802888650563545525,4.8802932308536922554669612525482272518e-50,97.0,0.99442402948588864136838322861138653533,0.2052265626353472074661729190964841198
0.68000000000000004884981308350688777864,1.8443259040920526378730375368390127209e-48,95.0,0.99407911723763164571350024452455690093,0.19629707806077781736358602887307001408
0.68999999999999994670929481799248605967,9.8270642223722588473410336300927794713e-47,93.0,0.9936944811353495153391248414811916159,0.18741637635891901918814908784521551837
0.69999999999999995559107901499373838305,7.7824952141508782758678322214904816506e-45,90.0,0.99326436619289383501551206221484023939,0.17857450513067391467464473382665118985
0.70999999999999996447286321199499070644,9.7653500453541524630392246148415059335e-43,87.0,0.99278098019610241947175134219030151913,0.16980661491126417091939410383303639013
0.71999999999999997335464740899624302983,2.0989209595632740380266579296780004192e-40,84.0,0.99223456280420509846043527217504961469,0.16109162347376562856989115204046278884
0.72999999999999998223643160599749535322,8.5026615360616875908673257628398589435e-38,80.0,0.99161325292758720341408829806598052524,0.15242237961876449754671801574971192992
0.73999999999999999111821580299874767661,7.2995327931615672663586722854375665476e-35,75.0,0.99089749868901466265073858024707105884,0.14381530423128381508967416943671696888
0.75,1.5317118252766629208660877552746303074e-31,70.0,0.98995873646756762424607908058658592037,0.13526937713904711837857487613977584262
0.76000000000000000888178419700125232339,9.2942631012259413398642617138904732295e-28,64.0,0.988600662644653911360402760881480643,0.12677407523580071331742248150272111074
0.77000000000000001776356839400250464678,1.9510310498121086037208888896433702971e-23,57.0,0.98645921096369096356527341285903861847,0.11832886362336692214194181214466908963
0.78000000000000002664535259100375697017,1.6099911083000889472514875909703245334e-18,48.0,0.98269689475775621590478057803354238536,0.10991228391915456252997405069877882923
0.79000000000000003552713678800500929356,4.5519220563512264917560381482087316717e-13,38.0,0.97516671626175070668962487835589386529,0.10151545498502881570047001629840775809
0.80000000000000004440892098500626161695,1.5769593969324439320293748268761353009e-07,24.0,0.9578793262092830571738985660234255578,0.093147217166156107660115207384780277937
0.81000000000000005329070518200751394033,0.0025870076824111380680496573659720411781,5.0,0.91444311457035312054529549321459784946,0.079574959669493260976185693159060935271
0.81999999999999995115018691649311222136,0.088510988690309420969266025008399772063,0.0,0.81025958372276048694784169641448975885,0.052773295341900098439868254160465208993
0.82999999999999996003197111349436454475,0.30626842491627426595037648618330384731,0.0,0.61526005250638422421853359986768726567,0.02662009232363000845708416817674792293
0.83999999999999996891375531049561686814,0.57400560490277065264105791598992127195,0.0,0.37741113314606472648626343227627553497,0.010563618765016683294847596906596025957
0.84999999999999997779553950749686919153,0.77810752011535584847692579016012207632,0.0,0.19569401540442562917399292817078315665,0.0036385396558289541140645920029464992575
0.85999999999999998667732370449812151492,0.88993075391879324151120140814590481426,0.0,0.096450408211826504707697375900736956501,0.001209179139137349300622417002668550695
0.86999999999999999555910790149937383831,0.94006416653704375662175496257811364666,0.0,0.052323823234104473052119118577700052715,0.00088580442240051084206701394018049722485
0.88000000000000000444089209850062616169,0.95705197953226793148277002848292423785,0.0,0.037491133432530598299888445498945898749,0.00088580442240051084206701394018049722485
0.89000000000000001332267629550187848508,0.9657396633959869352024900005212216513,0.0,0.029907886724113982597241319384590987831,0.00088580442240051084206701394018049722485
0.90000000000000002220446049250313080847,0.97119263590313494836573214962856588396,0.0,0.025148679144061522356194034048346816942,0.00088580442240051084206701394018049722485
0.91000000000000003108624468950438313186,0.97498326739494430241864037932753670229,0.0,0.021839831667042495512971109986696377777,0.00088580442240051084206701394018049722485
0.92000000000000003996802888650563545525,0.9777892089264953989219804716603240111,0.0,0.019391426880812777277306927577917712738,0.00088580442240051084206701394018049722485
0.93000000000000004884981308350688777864,0.97995953766467861633770466900138828636,0.0,0.017497956237546420297879448755625577933,0.00088580442240051084206701394018049722485
0.93999999999999994670929481799248605967,0.98169183361096676223397749678252085045,0.0,0.0159863406990418591579088403795150396,0.00088580442240051084206701394018049722485
0.94999999999999995559107901499373838305,0.98310859691800065616670521317475693802,0.0,0.014749174991631651038685526417853634781,0.00088580442240051084206701394018049722485
0.95999999999999996447286321199499070644,0.98429150878366731606555346124560759357,0.0,0.01371679876439960121709480240441008661,0.00088580442240051084206701394018049722485
0.96999999999999997335464740899624302983,0.98529412102311447151585241840122470115,0.0,0.012842376925661203835745269151222157747,0.00088580442240051084206701394018049722485
0.97999999999999998223643160599749535322,0.98615764079032379414560551038030786234,0.0,0.012089924118566656791204171111718695426,0.00088580442240051084206701394018049722485
0.98999999999999999111821580299874767661,0.98690495464806600401066415940762450477,0.0,0.011437063385349520267859760432373884793,0.00088580442240051084206701394018049722485
1.0,0.98756204843174852082729626854579725953,0.0,0.010863264174113671300272642435333100756,0.00088580442240051084206701394018049722485
