value,sup,dur,Y,S
0.50,9.3424010988540787121158942586811794379e-50,114.0,0.9972439896266647173118998579693749798,0.36602976024774990068050154634505620314
0.51000000000000000888178419700125232339,2.793185234509688474373816868805382562e-49,113.0,0.99716495538202016384109065714409990414,0.35607996643300477251915123939284446165
0.52000000000000001776356839400250464678,8.7965072643586015768037435704292883243e-49,112.0,0.99707936486372598571675893603427209125,0.34616217789261880305977167634376690732
0.53000000000000002664535259100375697017,2.9305472021942640179604831376863971982e-48,111.0,0.99698695851779886565509943200141536177,0.33631505588088939725048507468215998725
0.54000000000000003552713678800500929356,1.0377172491401113850077150147969205242e-47,111.0,0.99688698218520738017872662957879021393,0.326618693280329372533906629367163322
0.55000000000000004440892098500626161695,3.926447784058629414032349664882555791e-47,110.0,0.99677885290667698121349826362399178148,0.31693522756207841745215073245492893949
0.56000000000000005329070518200751394033,1.5969047376050809867412302044121444163e-46,109.0,0.99666165449351125816167642987772813106,0.30734069072009884312289409352999686256
0.56999999999999995115018691649311222136,7.0274016170245798127527487284231549032e-46,108.0,0.99653489959864920855657050123802247006,0.29784118147000420321768826010098809698
0.57999999999999996003197111349436454475,3.3711984119245435882326062275418351181e-45,107.0,0.99639728602018961754817587854434328155,0.28836839400431237714878762877662383875
0.58999999999999996891375531049561686814,1.7778784749465576457653884774105716545e-44,105.0,0.99624778290761882374702207250701876887,0.27886949769442838491088926795656187741
0.59999999999999997779553950749686919153,1.0406141808413445498686660305106756847e-43,104.0,0.99608517062250971413958284064821271278,0.26945857525651125815388342599599383128
0.60999999999999998667732370449812151492,6.8337774322493102905911931481104607736e-43,103.0,0.9959079935137521869419031399497665912,0.26012912948063416433300135848776182021
0.61999999999999999555910790149937383831,5.0980425121065941942646867651439670079e-42,101.0,0.99571449512450872518940658517953580508,0.25084944134388967326767743945493609609
0.63000000000000000444089209850062616169,4.3823386936690064548388236665213167334e-41,100.0,0.99550287827913230497050240689162771718,0.24157543321499727762259858231476581643
0.64000000000000001332267629550187848508,4.4127701758565160062265619437264604408e-40,98.0,0.99527081841907751862186495650751697024,0.23238218624336327415794136571551822015
0.65000000000000002220446049250313080847,5.3052798298666519227812269438127273474e-39,96.0,0.99501578687948576104961450482577487754,0.22328640100589988487456853496648725318
0.66000000000000003108624468950438313186,7.7869768815946829081394358506946066814e-38,94.0,0.99473452672409859133571853392866545147,0.21424897617986566046069576218922302861
0.67000000000000003996802888650563545525,1.4323364930776920675975293082068095923e-36,92.0,0.99442332514345137951462110465104014294,0.20518521413360102470575528312093058935
0.68000000000000004884981308350688777864,3.4051841763242055555349010849457462911e-35,89.0,0.99407824579487326914713095838031672867,0.19627359182682136519571844165590317961
0.68999999999999994670929481799248605967,1.0853679979736949290893753324108723191e-33,86.0,0.99369360798956166328590857521934085174,0.18737473021917612550043363561809245213
0.69999999999999995559107901499373838305,4.8458905390001234566299717991983867146e-32,83.0,0.9932632593231036873414231702423823496,0.17856325409412603874990361057692856934
0.70999999999999996447286321199499070644,3.1941620765040944503461686055660128668e-30,80.0,0.99277950902922329003602408087552287881,0.16977694600319726224790874126369823601
0.71999999999999997335464740899624302983,3.3112305328772934682795485158477367723e-28,76.0,0.99223272346358967158660467224554595082,0.16107946655440809567773201602691553014
0.72999999999999998223643160599749535322,5.8240578336398285335314802069318280346e-26,71.0,0.99161116276230329387466257326315457248,0.15241904261892538363197651619693943099
0.73999999999999999111821580299874767661,1.9013722534791363041347269574975999476e-23,66.0,0.9908339960098285710278054669729042415,0.14379624027120577033768060102157016761
0.75,1.2758144167766830927206049492147976815e-20,60.0,0.98973801339804142646695071117864061404,0.13526477956068326232870496536446981264
0.76000000000000000888178419700125232339,1.9486439232678559963621711100144304389e-17,53.0,0.98806692893200537162872584050750016935,0.12676064071788989938065103758530707967
0.77000000000000001776356839400250464678,7.1829391886623756218078357856910511524e-14,44.0,0.98525518761150053932605958549518248799,0.11830817832983613578393051191765445515
0.78000000000000002664535259100375697017,5.633768118944981699225227056571759676e-10,34.0,0.97991231746633488749739159004605345343,0.10989100431701330196649016005068154903
0.79000000000000003552713678800500929356,4.5437451125383219987749060975058547395e-06,21.0,0.96824892134705822761021409840547395271,0.10149381632761059544663432987415544022
0.80000000000000004440892098500626161695,0.0039876911516106309107465844440734637184,4.0,0.93950053064141740501027134631204146455,0.092123414757404536100238525113170915423
0.81000000000000005329070518200751394033,0.066977582211193954585999393497818029604,0.0,0.86679026232558233092519052691111669366,0.069030158248849299530375798337662941167
0.81999999999999995115018691649311222136,0.23705790581393352424537498688448324324,0.0,0.709261721786468491783301073999966763,0.039544604236941371234774080940259200821
0.82999999999999996003197111349436454475,0.4936773213360689667892004844887474623,0.0,0.47182352650226027632560069551707018401,0.017348240255119082364169983772003356644
0.83999999999999996891375531049561686814,0.72927240773757844673940227636806472398,0.0,0.25190802920550798040294408870392308509,0.0062284626376124164158861839743678682765
0.84999999999999997779553950749686919153,0.87149986109892176738199429985079456684,0.0,0.11893030327279221261822520887526360373,0.0020367343497689048773069951297512141705
0.85999999999999998667732370449812151492,0.93921261118368274701838568682212592565,0.0,0.055895433809768981726454774394213325546,0.0006610776162351519636781969583279183826
0.86999999999999999555910790149937383831,0.96711780394208487065308270642652889739,0.0,0.030141719466575454671678525544180954233,0.00049756986978813022377000733076607045984
0.88000000000000000444089209850062616169,0.97646709510974292022132345427205439655,0.0,0.021571581867597091174233179603364804622,0.00049336434078536140163839330101327579952
0.89000000000000001332267629550187848508,0.98126970303776090257035758282768688779,0.0,0.017170179377631685335488826574055352318,0.00048915881249860208744026411110329302239
0.90000000000000002220446049250313080847,0.98427895462000641073287523601444258296,0.0,0.014412505303171448333176378416438511935,0.00048495328492785209832006051812693824431
0.91000000000000003108624468950438313186,0.98636638281793128317444044291146553375,0.0,0.012499568821921954291968786654357822966,0.00048074775807311125142228554306459745467
0.92000000000000003996802888650563545525,0.98790827142500444085882915016930730536,0.0,0.011086924897677691850780941676737805681,0.00047654223193437936389150447075972478542
0.93000000000000004884981308350688777864,0.989098933259145504438964944067640808,0.0,0.0099961962476885991468785861087681735999,0.00047233670651165625287234484989234078813
0.93999999999999994670929481799248605967,0.99004810028225953901471162666645229114,0.0,0.0091265907300332014705336312493142452962,0.00046813118180494178220019611855119188854
0.94999999999999995559107901499373838305,0.99082369300281771178573854134877673844,0.0,0.0084156854206090023626148471112594116961,0.00046392565781423567563840315252338410246
0.95999999999999996447286321199499070644,0.99147052561721693403662447275407200883,0.0,0.007823022362462516713580251574766590331,0.00045972013453953779702248786672953822792
0.96999999999999997335464740899624302983,0.99201820370224494997216704372420830469,0.0,0.0073214375049352776947223464040199104584,0.00045551461198084796349732686493092354103
0.97999999999999998223643160599749535322,0.99248944064313433967193803708278530543,0.0,0.0068901096234231633321264040076595893333,0.00045130909013816599220785901459286733456
0.98999999999999999111821580299874767661,0.99289734424054251916976904395708530558,0.0,0.0065161312077637586562717288278947026174,0.0004471035690114917002990854468582532773
1.0,0.99325576116402988608120874082465236001,0.0,0.0061876160624149775415941294519334017238,0.00044289804860082490491606955652101978412
