value,sup,dur,Y,S
0.50,1.8245915345194252805308817894121204219e-29,112.0,0.99724398962666471731189985796937498055,0.36602976024774990068050154634505619976
0.51000000000000000888178419700125232339,3.9948782777388702778546527180395169438e-29,111.0,0.99716495538202016384109065714409990564,0.35607996643300477251915123939284446014
0.52000000000000001776356839400250464678,9.0537340049541649501702056475502073667e-29,110.0,0.99707936486372598571675893603427209125,0.34616217789261880305977167634376690769
0.53000000000000002664535259100375697017,2.1297450560155056272409361781199410413e-28,109.0,0.99698695851779886565509943200141536177,0.33631505588088939725048507468215998989
0.54000000000000003552713678800500929356,5.2157449986733056062692571032639981171e-28,108.0,0.99688698218520738017872662957879021318,0.32661869328032937253390662936716332125
0.55000000000000004440892098500626161695,1.3342810409743828990859467296020131073e-27,107.0,0.99677885290667698121349826362399178825,0.31693522756207841745215073245492893648
0.56000000000000005329070518200751394033,3.5787670942120712719949705812347737843e-27,106.0,0.9966616544935112581616764298777281303,0.30734069072009884312289409352999686143
0.56999999999999995115018691649311222136,1.0105777152835258484261338111009003306e-26,105.0,0.99653489959864920855657050123802247081,0.29784118147000420321768826010098809623
0.57999999999999996003197111349436454475,3.0182813862982064654271677102625400076e-26,104.0,0.99639728602018961754817587854434328155,0.28836839400431237714878762877662384063
0.58999999999999996891375531049561686814,9.583999598651269917856682496159892208e-26,102.0,0.99624778290761882374702207250701876962,0.27886949769442838491088926795656187892
0.59999999999999997779553950749686919153,3.2542499015216060151689997620199553165e-25,101.0,0.99608517062250971413958284064821271203,0.26945857525651125815388342599599383203
0.60999999999999998667732370449812151492,1.1893579027014035871459608603121869077e-24,99.0,0.99590799351375218694190313994976659346,0.26012912948063416433300135848776182059
0.61999999999999999555910790149937383831,4.7135159507458620631549939393134076221e-24,98.0,0.99571449512450872518940658517953580132,0.25084944134388967326767743945493609421
0.63000000000000000444089209850062616169,2.0426617844333534936318956770607294491e-23,96.0,0.99550287827913230497050240689162771944,0.24157543321499727762259858231476581567
0.64000000000000001332267629550187848508,9.7729375039107713632210501107286222529e-23,94.0,0.99527081841907751862186495650751697099,0.23238218624336327415794136571551821864
0.65000000000000002220446049250313080847,5.2190127978057369458824526126205125149e-22,92.0,0.99501578687948576104961450482577487603,0.22328640100589988487456853496648725581
0.66000000000000003108624468950438313186,3.1502853189395202930587520759189992622e-21,89.0,0.99473452672409859133571853392866544921,0.21424897617986566046069576218922302767
0.67000000000000003996802888650563545525,2.1807546176976768230282277677023917299e-20,87.0,0.99442332514345137951462110465104014219,0.20518521413360102470575528312093058879
0.68000000000000004884981308350688777864,1.7605093193489577839108297180650180396e-19,84.0,0.99407824579487326914713095838031672792,0.19627359182682136519571844165590318074
0.68999999999999994670929481799248605967,1.6899527376254313854207970228700284475e-18,81.0,0.99369360798956166328590857521934084723,0.18737473021917612550043363561809245231
0.69999999999999995559107901499373838305,1.9727639858266931989057653573208157277e-17,77.0,0.9932632593231036873414231702423823481,0.17856325409412603874990361057692857009
0.70999999999999996447286321199499070644,2.8740056767363069561657720192494014905e-16,74.0,0.99277950902922329003602408087552288182,0.16977694600319726224790874126369823545
0.71999999999999997335464740899624302983,5.381537708384956464696678855331521564e-15,69.0,0.99223272346358967158660467224554595082,0.1610794665544080956777320160269155292
0.72999999999999998223643160599749535322,1.3379272815622038982697935758623593848e-13,64.0,0.99161116276230329387466257326315457248,0.15241904261892538363197651619693943193
0.73999999999999999111821580299874767661,4.5648909002757558218587597828207066615e-12,58.0,0.99083399600982857102780546697290424451,0.1437962402712057703376806010215701661
0.75,2.1946455735159965235895306020087669286e-10,51.0,0.9897380133980414264669507111786406163,0.1352647795606832623287049653644698117
0.76000000000000000888178419700125232339,1.485656833757910648960990195042847604e-08,43.0,0.98806692893200537162872584050750017085,0.12676064071788989938065103758530707967
0.77000000000000001776356839400250464678,1.3005454752804765438248093096779857996e-06,34.0,0.985255187611500539326059585495182491,0.11830817832983613578393051191765445665
0.78000000000000002664535259100375697017,0.00010601153803871117256081241109187155779,22.0,0.97991231746633488749739159004605345419,0.10989100431701330196649016005068155016
0.79000000000000003552713678800500929356,0.0035262811342763056294832559328819576094,7.0,0.96824892134705822761021409840547395045,0.10149381632761059544663432987415543966
0.80000000000000004440892098500626161695,0.02823757567231239047734972821919939223,0.0,0.9395005306414174050102713463120414623,0.092123414757404536100238525113170915235
0.81000000000000005329070518200751394033,0.10418379437698578790659815085165778376,0.0,0.86679026232558233092519052691111669442,0.069030158248849299530375798337662941637
0.81999999999999995115018691649311222136,0.26986243725968979515367181770104130698,0.0,0.70926172178646849178330107399996677128,0.039544604236941371234774080940259201291
0.82999999999999996003197111349436454475,0.51594669954849790468339414503445335754,0.0,0.47182352650226027632560069551707018326,0.017348240255119082364169983772003356456
0.83999999999999996891375531049561686814,0.74132942396915907364065208227580304772,0.0,0.25190802920550798040294408870392309074,0.0062284626376124164158861839743678685645
0.84999999999999997779553950749686919153,0.87727702532872601008220407674970664306,0.0,0.11893030327279221261822520887526360477,0.0020367343497689048773069951297512141764
0.85999999999999998667732370449812151492,0.94196675385805584715554342389576318775,0.0,0.055895433809768981726454774394213323289,0.00066107761623515196367819695832791835395
0.86999999999999999555910790149937383831,0.96861241798052706623509866416442785378,0.0,0.030141719466575454671678525544180954891,0.00049756986978813022377000733076607045984
0.88000000000000000444089209850062616169,0.97753656062047684525458646922085621707,0.0,0.021571581867597091174233179603364804176,0.00049336434078536140163839330101327579879
0.89000000000000001332267629550187848508,0.98212085051997961943378181170688866396,0.0,0.017170179377631685335488826574055352318,0.00048915881249860208744026411110329302239
0.90000000000000002220446049250313080847,0.9849933586631830489603125211243520092,0.0,0.014412505303171448333176378416438511853,0.00048495328492785209832006051812693824431
0.91000000000000003108624468950438313186,0.98698600588325793020856298460676102117,0.0,0.012499568821921954291968786654357822919,0.00048074775807311125142228554306459745541
0.92000000000000003996802888650563545525,0.98845772047367005975775740751713381876,0.0,0.011086924897677691850780941676737805599,0.00047654223193437936389150447075972478542
0.93000000000000004884981308350688777864,0.98959414438734495365439576482043012345,0.0,0.0099961962476885991468785861087681736822,0.00047233670651165625287234484989234078813
0.93999999999999994670929481799248605967,0.99050014331426905436630529663629904582,0.0,0.0091265907300332014705336312493142452139,0.00046813118180494178220019611855119188928
0.94999999999999995559107901499373838305,0.99124064335744896198341945396599788168,0.0,0.0084156854206090023626148471112594116843,0.00046392565781423567563840315252338410246
0.95999999999999996447286321199499070644,0.9918580965278242340971363382160251565,0.0,0.0078230223624625167135802515747665903427,0.00045972013453953779702248786672953822829
0.96999999999999997335464740899624302983,0.99238078368719423650719498562832336901,0.0,0.0073214375049352776947223464040199104702,0.00045551461198084796349732686493092354066
0.97999999999999998223643160599749535322,0.99283039137305941396569656610920132891,0.0,0.0068901096234231633321264040076595893097,0.00045130909013816599220785901459286733492
0.98999999999999999111821580299874767661,0.99321990050598077656138554553979218067,0.0,0.0065161312077637586562717288278947026291,0.00044710356901149170029908544685825327657
1.0,0.99356210749764686077096481452481866169,0.0,0.0061876160624149775415941294519334016945,0.00044289804860082490491606955652101978449
