value,sup,dur,Y,S
1.0,4.041620570173377151322207109019740123e-147,134.0,0.99999970801063114514579027895636203094,0.86449714747301900901437175211459439021
0.98999999999999999111821580299874767661,3.8900137343437922868660791782137029929e-147,134.0,0.99997612636527664227544102293330289286,0.86527746240178178499102959945707622535
0.97999999999999998223643160599749535322,4.485443972473699235247988063826023849e-147,134.0,0.99990332526561921110953640183782175653,0.86739634462080291139125970282502362399
0.96999999999999997335464740899624302983,6.9309966574367066639508913246114928754e-147,133.0,0.99975176984280608792416604401947074714,0.86875373475714403224859782368839704451
0.95999999999999996447286321199499070644,1.5738794375287891064139164344022892623e-146,133.0,0.99949580881631034298607136809774894741,0.87143720344142428991414279302440725866
0.94999999999999995559107901499373838305,5.5330216635676344343173756829332881595e-146,133.0,0.99912014635969076027813945520663420696,0.87355255222123441276893053211152922252
0.93999999999999994670929481799248605967,3.0210381491264246129519448876372758663e-145,133.0,0.99862413094937767442410804895172887373,0.87643998983939420724793754400727251571
0.93000000000000004884981308350688777864,2.4562965957542849565564021546515477457e-144,132.0,0.99802298016972031879669487748408370451,0.87958955509129887332705429100944552091
0.92000000000000003996802888650563545525,2.7615617690027023207435820770535152238e-143,132.0,0.99735213496215903837024269533701698994,0.88240793634320564757189124870982776792
0.91000000000000003108624468950438313186,3.9302700856846981002611820433800879174e-142,132.0,0.99668270653043218615955927788748111553,0.88570884951926300205889831570033614364
0.90000000000000002220446049250313080847,6.5007701186671147494128262344513032856e-141,132.0,0.99604126356473750024231274227402939412,0.88888399640339363829807337931104159691
0.89000000000000001332267629550187848508,1.1647876802848447739637549809624886387e-139,131.0,0.99539634330705854313461124840574318377,0.8914833540988350762041647793170333639
0.88000000000000000444089209850062616169,2.1519776748976043617696982472468210422e-138,131.0,0.9947349218010509406015496193755728456,0.8946960305626712498485190933609479407
0.86999999999999999555910790149937383831,3.9842533507560484294801647443128678892e-137,131.0,0.99405430873460230333120311971919093288,0.89713420250039226172166231591838837812
0.85999999999999998667732370449812151492,7.3057653345214647853001663128626140578e-136,130.0,0.99335351436110692707697294062122493988,0.89976460842940354402775613245687884249
0.84999999999999997779553950749686919153,1.3260446011503700311281813656258114962e-134,130.0,0.99263093433634180627253082881708147168,0.90207066609726336274790340880200666882
0.83999999999999996891375531049561686814,2.3954770647191925914393984636751274113e-133,130.0,0.99188435091724541295131124249427039398,0.90410307834105789081894060808293770606
0.82999999999999996003197111349436454475,4.3392444066770398217107537535108450654e-132,129.0,0.9911108476299669244848548111993493169,0.9062654699138723555588120548775928097
0.81999999999999995115018691649311222136,7.936837975401691083663479190871116841e-131,129.0,0.99030665888016213441473371636783179168,0.90785635767799474495416301562314475837
0.81000000000000005329070518200751394033,1.4733606044878990359662782333994163262e-129,129.0,0.98947478685432408981280348133024158598,0.90979780479150941453491041595181621771
0.80000000000000004440892098500626161695,2.7834871575806252440990100329040242686e-128,128.0,0.98862016431596357803647458967767179498,0.91132750949352006388712345578449772486
0.79000000000000003552713678800500929356,5.353703032946353178124974505233964921e-127,128.0,0.98772655081430647058996176688897857969,0.91273124256233118714342699062324821814
0.78000000000000002664535259100375697017,1.04658061691521271942282909356350646e-125,128.0,0.98680371566425016325986392643451517673,0.91421886523674092650256478938456614224
0.77000000000000001776356839400250464678,2.0725755857772009439297340414577828729e-124,127.0,0.98585127770982476126325217642945215305,0.91538813633375030202004096182008829853
0.76000000000000000888178419700125232339,4.1397300056514753205818501312514120375e-123,127.0,0.98485154834219549386124389584946510285,0.91656886889980148850435796202755186976
0.75,8.3002040086994958503417327444831612997e-122,127.0,0.98383372358292031361175420537812029266,0.91774152092987783311656872757344271814
0.73999999999999999111821580299874767661,1.6632979696161273881083824119154717731e-120,126.0,0.98275592013653772311321773628602473269,0.91871388980017014003805635388698369698
0.72999999999999998223643160599749535322,3.3216360790489694611778117919646836046e-119,126.0,0.9816638538618469346935652166675452085,0.91956825778063929984294110424034902551
0.71999999999999997335464740899624302983,6.6098603934149054068599948271391266737e-118,125.0,0.98050635910583639900482383308813133876,0.92055610213689117469886027456409405965
0.70999999999999996447286321199499070644,1.3166819984321099969989292855575210601e-116,125.0,0.97932789148652923645009195818748500317,0.92140842613254932267532441640747256879
0.69999999999999995559107901499373838305,2.6568141682344735307226460502166957282e-115,124.0,0.97808837902589314194200073743505695676,0.92216637505671545447484666660090680082
0.68999999999999994670929481799248605967,5.5546656094251806311914633891301820498e-114,124.0,0.97680648568031508290716517311727161906,0.92285853476229731093223872504318022293
0.68000000000000004884981308350688777864,1.2497739231655217079444979505386918978e-112,123.0,0.97548138750453508000187179106955589751,0.92350400747906052423224288238622343195
0.67000000000000003996802888650563545525,3.2063786369538475271651790775002936581e-111,123.0,0.97408816462963322037727634169334418734,0.92413146216540891360431972975176140307
0.66000000000000003108624468950438313186,1.0157181003951417343184788431298543541e-109,122.0,0.97265533646324520262167492991098640061,0.92474624214857473793404189392938355477
0.65000000000000002220446049250313080847,4.3595547366060967757898860888055823754e-108,122.0,0.97116779237723797341546621102157867585,0.92531073034665722143217355416640693185
0.64000000000000001332267629550187848508,2.7447955642919756149911919006181326798e-106,121.0,0.96960979370604971996061186474414588027,0.92583124443454584544240468859165217883
0.63000000000000000444089209850062616169,2.6055702185817545194903618678006344861e-104,120.0,0.96798151691218951937606250868629775772,0.92631045871865198609704246063817865939
0.61999999999999999555910790149937383831,3.5711151397001726838239758607753131994e-102,120.0,0.96630331342546488183507584380603097529,0.92679005467885656638094649906774164063
0.60999999999999998667732370449812151492,6.4484688781959834369818015365154344528e-100,119.0,0.96455804081198442539782917102183208988,0.92724300284535501661661247507331476775
0.59999999999999997779553950749686919153,1.3898207167343396596727941078957217173e-97,118.0,0.96273509547115703290892935491839092431,0.92765883570871920462526225126574164363
0.58999999999999996891375531049561686814,3.300739702919036300201505117614049307e-95,118.0,0.96083245198054609656203779742521482709,0.9280304026929302033211061222672731817
0.57999999999999996003197111349436454475,8.1724891948398395994001202133801338931e-93,117.0,0.9588472280317644711669884389615353993,0.92836599080453945868956665048740962031
0.56999999999999995115018691649311222136,2.0362928428681784559084893640817658984e-90,116.0,0.95677549076982134906435908728925057313,0.92872417103923199577452589227311977895
0.56000000000000005329070518200751394033,4.9975274824754048170165850831318915788e-88,115.0,0.95461198235675116577521656659450840555,0.92901612331117328782686605812198126429
0.55000000000000004440892098500626161695,1.1931493573713729784010835490365848257e-85,115.0,0.95234974145910450948282238255271958905,0.92932110395204517240778926861326690574
0.54000000000000003552713678800500929356,2.7525731453961385627843269985113569005e-83,114.0,0.94997958847826938575032563895826309801,0.92956778242154315705426153694612896875
0.53000000000000002664535259100375697017,6.1172354117081046800394123656504293502e-81,113.0,0.94749304027746543986523657296088683022,0.92983111616442121863261717634358986711
0.52000000000000001776356839400250464678,1.3087282883346334644356091858271599533e-78,112.0,0.94492257598525855586577393162578826582,0.93006004217086069154473723527304187157
0.51000000000000000888178419700125232339,2.697928611302618817482215988697410947e-76,111.0,0.9422139595992113354876741042743654972,0.9302634914083175115640125564624493834
0.50,5.370413857579511908306970011990215911e-74,109.0,0.93934625929700827049689685288673637429,0.93044771087778222598623346783745861041
0.48999999999999999111821580299874767661,1.0353164704505102297431811789351043245e-71,108.0,0.93638592083009894512486179571863622214,0.93061337755782343089540706890777112988
0.47999999999999998223643160599749535322,1.9401490781567730733947857729252089509e-69,107.0,0.93322736231732369138505243697049703718,0.93075693997925037264614231930124925785
0.46999999999999997335464740899624302983,3.5496884740810223075459583819965861758e-67,106.0,0.9299512560973365467500751441202328397,0.93087114699942888470941887651891923171
0.46000000000000001998401444325281772763,6.3726626270091432178098938486784017172e-65,104.0,0.92648381084302202278806007666680347917,0.93097685103498723931037212950530157308
0.45000000000000001110223024625156540424,1.1290539381512801676776227512060818979e-62,103.0,0.92282217587788430183941058320371611767,0.93104456607876759571875720984866812081
0.44000000000000000222044604925031308085,1.9870228585937969078659819834715370806e-60,101.0,0.91896423118437462030271841173145002308,0.93110198658113234178314126315378087308
0.42999999999999999333866185224906075746,3.4996027622540863685275002295890794447e-58,100.0,0.91489973599672886029643507675735087856,0.9311275272919225648229198069041366694
0.41999999999999998445687765524780843407,6.2212440505414996456359424969649805633e-56,98.0,0.91060765559607239220905207475703175586,0.93112178640798240969678682611925517723
0.40999999999999997557509345824655611068,1.1274039384787036205952229231128804772e-53,96.0,0.90605186098940144946689995877957143516,0.93109032274814810692040877830921592534
0.40000000000000002220446049250313080847,2.1069228212368371077427047696263545337e-51,94.0,0.90122865644156107401306587477533208276,0.93102244267451370796159678252802828959
0.39000000000000001332267629550187848508,4.1162595012605667745719951345950893865e-49,91.0,0.89610246559895459306352849284036982086,0.93092128749555607489919518360735733647
0.38000000000000000444089209850062616169,8.5443143160046924505278947863696075808e-47,89.0,0.89067705097901289040737970962384288528,0.93077626812179498447244135518898862542
0.36999999999999999555910790149937383831,1.9213515563503458075636794423099158473e-44,86.0,0.8848865526165804019759432551982654639,0.93059110967096456631187674885187500253
0.35999999999999998667732370449812151492,4.7916412963576234532997849034366822804e-42,83.0,0.8787250514483828782997930139616376738,0.93035177470712653129993049855351909743
0.34999999999999997779553950749686919153,1.3636769031009248384616485183562333619e-39,80.0,0.8721440515334016729531991657558932051,0.93005617733982266843643772815166618836
0.34000000000000002442490654175344388932,4.5862615830961669431615961736150627453e-37,77.0,0.86510946190013315380826991847710794677,0.92969296094410882022013298293303947881
0.33000000000000001554312234475219156593,1.9025516234064079631948026658482225886e-34,73.0,0.85754766690338439322051834522857327813,0.92925414421466951967093210288094834319
0.32000000000000000666133814775093924254,1.0259930878402155230253490346653909302e-31,69.0,0.84947105157781997878629230901917666774,0.92872451382284711541596115113224148208
0.30999999999999999777955395074968691915,7.6660092822948108959384792721530339025e-29,64.0,0.84074777390578250266324957273771506846,0.92808765590341232991651444834818186275
0.29999999999999998889776975374843459576,8.5592059308242421237306273325407572992e-26,59.0,0.8313711033365407671962950309891091699,0.92732446129401941533613349150749151137
0.28999999999999998001598555674718227237,1.5539159582956400375238199294241173679e-22,53.0,0.82120151378851716824412066476041143774,0.92585855464422788801583407387676659091
0.28000000000000002664535259100375697017,4.971691874503319705184089860270386344e-19,46.0,0.8102175281174229282389601160628758441,0.92164775864628724070620041143138579262
0.27000000000000001776356839400250464678,2.908252396212271987779218198612197856e-15,38.0,0.79827435968710738416893602854896408584,0.91115512653336812253413825839231327038
0.26000000000000000888178419700125232339,2.775013802798286909242936848963179265e-11,29.0,0.78525427843323048839437295730691477918,0.88569920720657974711354475892563219069
0.25,2.5819839572873184032972859104902147981e-07,19.0,0.76238751808723001988097831977194229392,0.82494827529803642012011208008448715137
0.23999999999999999111821580299874767661,0.00062897179520735021384638476739272681937,7.0,0.69810319553137539900760164807146911113,0.69384519904182922542155863929729082455
0.23000000000000000999200722162640886381,0.059308276084785470813237393279532480575,0.0,0.56638366867129375517568255305563800585,0.48188834396997707667292312848194984293
0.22000000000000000111022302462515654042,0.31879731071263866532561541323466366666,0.0,0.38251581100857903872145151285843624597,0.26637746172656869723785640275252607587
0.20999999999999999222843882762390421703,0.60634979887047715300199119735265646272,0.0,0.21606247916846143198837160881715553931,0.12633912673302415759336329965720352891
0.20000000000000001110223024625156540424,0.79722251868043776420781940807537451612,0.0,0.10962240744772289659130763178087308454,0.057009688285672043009932554644849174795
0.19000000000000000222044604925031308085,0.89936290897348284052904620186988514614,0.0,0.053662331750276099280038470051866187253,0.026018013059717618764761598232411344853
0.17999999999999999333866185224906075746,0.94973773814561681238608210608477504451,0.0,0.026461257664430507701517797643869461044,0.012315835254836872088480415271656702306
0.17000000000000001221245327087672194466,0.9741526358933305892620257763228093162,0.0,0.013449547219146025075227055155850676306,0.0061112963575843412951887621732199435404
0.16000000000000000333066907387546962127,0.98612230437547241336089808666134161828,0.0,0.0071462170584504402629957815284786804199,0.003201895220767499671788172090112968705
0.14999999999999999444888487687421729788,0.99214082232814409376836497100933940453,0.0,0.0040112016991256828152955640285188920759,0.0017836909549384149110665452167648141671
0.14000000000000001332267629550187848508,0.99493990230867486824185325756867550869,0.0,0.0025810860573478354201857118314429815404,0.0011354812442922720178644758376654062287
0.13000000000000000444089209850062616169,0.99608193604993165200639414439078219606,0.0,0.0020039645231013795237524186908851790438,0.0008853027123320259708555149713162308535
0.11999999999999999555910790149937383831,0.9967429803358470713734706519227061541,0.0,0.0016703629058339305895622756898695169906,0.00074501801366496469070860496420308856279
0.11000000000000000055511151231257827021,0.99718242382615808377774503355732066958,0.0,0.0014490223469451526308154144875954618983,0.00065400447534902212263802915278750751711
0.10000000000000000555111512312578270212,0.99749532724550982617069866549485156935,0.0,0.0012917947091202780463438954439530285338,0.00059102654167839400909969810525372758591
0.089999999999999996669330926124530378729,0.99772612311759322256176137091476644606,0.0,0.0011764224494808159809990089712814509518,0.00054668779857670817287536464425796673659
0.080000000000000001665334536937734810635,0.9978974050270887088130552922880638036,0.0,0.001091586881175089203142673308450696361,0.00051685551888025023563782722238184669094
0.070000000000000006661338147750939242542,0.99801927963721087372301218538416653486,0.0,0.001032637743287703517896693092553093483,0.00050124768246851525841450345990376010222
0.059999999999999997779553950749686919153,0.99809700976766705209777616486773131713,0.0,0.0010012546731462039161904838679329474211,0.00049821072145879978918631675477801509728
0.050000000000000002775557561562891351059,0.99815001921750112466718045106689043629,0.0,0.00099518124443871464838283668125123996412,0.00049589829967906179959657475062792963288
0.040000000000000000832667268468867405318,0.99819285423978951620610854869339881276,0.0,0.0009901088213363247546292848634424078021,0.00049360946294900048999413502438453303825
0.029999999999999998889776975374843459576,0.99822787262605512331904455727821752506,0.0,0.00098508784418647313709635542140773816965,0.0004913438522733843403430255847258041375
0.020000000000000000416333634234433702659,0.99826184996194335895043494940266612103,0.0,0.00098011753426901572895374676470873212821,0.00048910111590603629529125174087234450498
0.010000000000000000208166817117216851329,0.9982881881378720385533448717814669129,0.0,0.00097519712850121025167923280632940795758,0.00048688090916778103635830534191714100093
0.0,0.99831394955791974047631482372706302468,0.0,0.0009703258790471605120325260031408593543,0.00048468289426985132474577741901915229844
