value,sup,dur,Y,S
1.0,3.4010073742359457233785127081104468497e-128,123.0,0.99999661388796145363819196125165800146,0.30066750072414887213770698443886216946
0.98999999999999999111821580299874767661,4.4250896372312024519205880673244966041e-127,122.0,0.9999365544323160218201938924274003405,0.29651030339865237426685373804547093132
0.97999999999999998223643160599749535322,7.3359790736685133603331267653787868496e-126,121.0,0.99980900364973494730557517467583325206,0.29281128035359748498593323314307832345
0.96999999999999997335464740899624302983,1.5790794003398261098522650343123762599e-124,121.0,0.99960791261643906981593275576376612556,0.28904816122558248274754367723132597618
0.95999999999999996447286321199499070644,4.4792728634468043808684353232923152149e-123,120.0,0.99933050816714757337870510657923056049,0.28539987387932575115639370049191568496
0.94999999999999995559107901499373838305,1.6939776860903278084451162562572384815e-121,119.0,0.99897624007090764386880947987035583757,0.28204969922855909528741525791765072283
0.93999999999999994670929481799248605967,8.6201306949198531725223427652647741567e-120,118.0,0.99854584899023071707012279783691569648,0.2790009922509915014609905826010569052
0.93000000000000004884981308350688777864,5.9484997698335799133791953987847662878e-118,117.0,0.99804043206049124346571824311855395765,0.27617386028438743062668482990408466188
0.92000000000000003996802888650563545525,5.6072757779792832025691872795090415518e-116,115.0,0.99746116747437464666470075937892333213,0.2736413658612955285596989531101350288
0.91000000000000003108624468950438313186,7.2762112382424159308797700845016420879e-114,114.0,0.9968091816800976183349913405969304893,0.27137513835709792994039548179504556108
0.90000000000000002220446049250313080847,1.3117066601152062204189492898426023149e-111,113.0,0.99608517062250971545147095300853928349,0.26945857525651124068910620020761359614
0.89000000000000001332267629550187848508,3.323182017988989336829477432638518721e-109,111.0,0.99528924140643350092848770024526105334,0.26782576680938331805064162375028682276
0.88000000000000000444089209850062616169,1.2010381364636186660554683013158634781e-106,110.0,0.9944213478842445437449354449359883269,0.26641962853255645254406220783262767255
0.86999999999999999555910790149937383831,6.3144110930866485330759691438222979129e-104,108.0,0.99348113045058799925689083227424781872,0.26516480339382196488165834622704576444
0.85999999999999998667732370449812151492,4.9537007587308771531463933132180531606e-101,106.0,0.99246727963299106573596890249736818874,0.26409466115843192289599531582074281818
0.84999999999999997779553950749686919153,5.992888136267278295901589455323426689e-98,104.0,0.99137915552252879638711489895220321273,0.2631691779574520211121501821761315989
0.83999999999999996891375531049561686814,1.1663459705878768267233692387399032997e-94,102.0,0.99021435062945856261659971182375326994,0.26225507117237851300436425745203525433
0.82999999999999996003197111349436454475,3.8552075110441722578606494411437101552e-91,100.0,0.98897047152501984687908953835011049905,0.2614916986612936607218754739852663039
0.81999999999999995115018691649311222136,2.3197068484517024091043837375798523497e-87,97.0,0.98764559171255918400006684533695583068,0.26071524572333529330670046380574475386
0.81000000000000005329070518200751394033,2.7773010467403399497652700002285926555e-83,94.0,0.98623741987772060330893203525313851359,0.25988053122079678596958658838741055305
0.80000000000000004440892098500626161695,7.4196036774250340730251847780393642504e-79,91.0,0.98474061561019940602338595639786050407,0.25916151074622103887602222378784107705
0.79000000000000003552713678800500929356,5.1314400635811291937238885438549573882e-74,87.0,0.98315124052384927852038103367882575495,0.2583747030924726853024680599231612633
0.78000000000000002664535259100375697017,1.1158647553494346387268110727452850752e-68,83.0,0.98146593405253674244875926722141370155,0.25754833037554894057934667088787788078
0.77000000000000001776356839400250464678,9.8595008667919393267408136100795178538e-63,78.0,0.97967839369166185646174798122942158525,0.25669882791150080208272988742415328913
0.76000000000000000888178419700125232339,4.9686990700952155467867834345564576599e-56,72.0,0.97778221146510152218957049112374995818,0.25579532231175175279527152323931154304
0.75,2.2145158928973481594468241856401630269e-48,65.0,0.97566823779707522852233570564857493826,0.25477188970142340600258557291865498927
0.73999999999999999111821580299874767661,1.4457879211505148931576353768501538988e-39,57.0,0.97202465527749880028025543965173555536,0.25371084059626454314925519387891388985
0.72999999999999998223643160599749535322,1.8526671763963243478553172204524291131e-29,48.0,0.96344219065743783961792775667720994745,0.25253281228068320279416456906765331087
0.71999999999999997335464740899624302983,1.7454278790689462545069276718055602245e-18,35.0,0.93783058747327428896925353934110584083,0.24762624402045039868810372272067575067
0.70999999999999996447286321199499070644,1.6211857723749715036612999191998613148e-08,20.0,0.85492858310253233542201606830920692125,0.17881281418505416959145234109209281017
0.69999999999999995559107901499373838305,0.01203887370783771543939914114627817805,0.0,0.65184646536746190358117487288181962657,0.085394003997663441358926490893948658912
0.68999999999999994670929481799248605967,0.32513892975846009865594803684327620099,0.0,0.37828491706780483589210467487705297739,0.030934963440197949966769603687087784788
0.68000000000000004884981308350688777864,0.66941128766421413352872850578511366064,0.0,0.17938833018431696485997667445883890892,0.010306243496467357452941319475139615081
0.67000000000000003996802888650563545525,0.84864639297798428835095893700334986349,0.0,0.08062200606827313593637556416076502834,0.0035764803659345157494609639626211768838
0.66000000000000003108624468950438313186,0.92784041624255880191339011859866585406,0.0,0.037885974019209666960374700402452827248,0.0013646451220740253315569782442883467218
0.65000000000000002220446049250313080847,0.96236338740327217936271267693930362058,0.0,0.019556519518177721200602261203127693126,0.00062309456226129636317400451520439425783
0.64000000000000001332267629550187848508,0.97417381172627005116910330798551712842,0.0,0.013419399215787803602478656341094518318,0.00050565887542852457624810560066722625248
0.63000000000000000444089209850062616169,0.97970016024555189901564932857276697792,0.0,0.010548850188224358660535438041085318763,0.0004974870050995319248696109333912221104
0.61999999999999999555910790149937383831,0.98311781980124179763865783188813711387,0.0,0.0087738276679235896251808741518509689133,0.00049413174444683203455076631515812472359
0.60999999999999998667732370449812151492,0.98548499713554457176735280661010817793,0.0,0.0075445539352504999697748363362849363387,0.00049082472876114415831804967104281924584
0.59999999999999997779553950749686919153,0.98723693667354617246755025164971156524,0.0,0.0066348491333649296799551402492122951217,0.00048756492490561394549303181421190216371
0.58999999999999996891375531049561686814,0.9885927637155659450770851356358719185,0.0,0.0059309276123793707402025723172880419268,0.00048435132903298372969104081998164419881
0.57999999999999996003197111349436454475,0.98967654484135482343880714634034275088,0.0,0.0053682629425453897178709458958688652611,0.00048118296555494131515657882695554007866
0.56999999999999995115018691649311222136,0.99056509124188184623620600133639888518,0.0,0.0049071484201558057461315262346101196985,0.00047805888615468486393353286152489168677
0.56000000000000005329070518200751394033,0.99130693407268923798984586305715805711,0.0,0.0045220723749170815063308288020601802726,0.00047497816884060448623684280349878795712
0.55000000000000004440892098500626161695,0.99193735254576714789545575814199597027,0.0,0.0041949644576860054761735505529088098048,0.00047193991703909665489533598017454171004
0.54000000000000003552713678800500929356,0.99247942167028054430526875701803422942,0.0,0.0039134639948956876723924383108340459121,0.0004689432587246369063847762255151339578
0.53000000000000002664535259100375697017,0.99295130218590089351211733816560262796,0.0,0.0036688667932337906531492091131354051602,0.00046598734558533707434287504136345630927
0.52000000000000001776356839400250464678,0.99336547170247101267656372288595965872,0.0,0.0034539025611311468194378548319177190269,0.00046307135222231028133017226226072573799
0.51000000000000000888178419700125232339,0.99373265034070430653017480041841193473,0.0,0.0032633881423799797897931913372908353373,0.00046019447538125619401006609684494881413
0.50,0.99406029399998522502965225870486837556,0.0,0.0030934517875256292407778708031296089341,0.00045735593321476389065494831172846320257
0.48999999999999999111821580299874767661,0.99435451139677252315410945898117431396,0.0,0.0029409226028342049506389855753796534461,0.00045455496457390921909299164922390086349
0.47999999999999998223643160599749535322,0.99462035860112132255185972788511196871,0.0,0.0028031777545294850080159968157518022845,0.00045179082832779837872445977617677577482
0.46999999999999997335464740899624302983,0.99486206660527898472681988351557643009,0.0,0.0026780245099992417270338681474070523828,0.00044906280270977991515058562072611781256
0.46000000000000001998401444325281772763,0.9950820534734335309202669218691934949,0.0,0.0025636079735066252935126189844521945239,0.0004463701846891136707035298630789241613
0.45000000000000001110223024625156540424,0.99528324069834144428183883374716096489,0.0,0.0024594928605924911813765924939100181396,0.00044371228936694762022796324903998010263
0.44000000000000000222044604925031308085,0.99546910493319965701660435509914347357,0.0,0.0023634700329948108739621555102784693123,0.00044108844939551272160392596615364208151
0.42999999999999999333866185224906075746,0.99563968515691393415857587624748400663,0.0,0.0022746611055773434987924303725258098758,0.00043849801441950090130283606438694013829
0.41999999999999998445687765524780843407,0.99579810100798710709638042030408053598,0.0,0.0021929646802168780405518103582948840675,0.00043594035053864417200507546605766368561
0.40999999999999997557509345824655611068,0.99594492362692639723310995772100066927,0.0,0.002116504303755664843839166288473204992,0.00043341483979056195602879014952386774964
0.40000000000000002220446049250313080847,0.99608180457002112517245839204154737682,0.0,0.0020460716961063706942297350588032270872,0.00043092087965299042200165220098116608814
0.39000000000000001332267629550187848508,0.99620918235995611811544978956477193145,0.0,0.0019797142190404742519962198865680183313,0.00042845788256455154120023164842961656115
0.38000000000000000444089209850062616169,0.99632908333370838956563110538468992431,0.0,0.001918193423178559789104396421205452526,0.00042602527546326142680159049093240206656
0.36999999999999999555910790149937383831,0.99644032677639212964671453851253086048,0.0,0.0018602138415717249675352205269880294754,0.00042362249934201630828129328259311863075
0.35999999999999998667732370449812151492,0.9965458879449672849164878366747953548,0.0,0.0018057601602331298857050908191446246876,0.00042124900882033209722065388481803662083
0.34999999999999997779553950749686919153,0.99664451249047828854859282860147498347,0.0,0.0017548208838501458166082759773216082471,0.00041890427173164830481554976457831001277
0.34000000000000002442490654175344388932,0.99673752581314766657931555088888478555,0.0,0.0017063158807416702156302709857203433102,0.00041658776872554037532402766474722864345
0.33000000000000001554312234475219156593,0.99682616711406189581166165438521498932,0.0,0.0016610105104896977180626749897342913996,0.00041429899288421580205839188708066362433
0.32000000000000000666133814775093924254,0.99690891701492886015806279301826317322,0.0,0.0016180710745318457766935314578442611027,0.00041203744935269938625405015483326882366
0.30999999999999999777955395074968691915,0.9969875745539087515416166309558799683,0.0,0.0015770200315473696786946502954119948164,0.00040980265498214069178802596651887126219
0.29999999999999998889776975374843459576,0.99706282691598331893409344463242773443,0.0,0.001538631837327519164850373020813753637,0.00040759413798570385238812900388182152206
0.28999999999999998001598555674718227237,0.99713362104138574785822978961573412769,0.0,0.0015020800476489860006372249110534950089,0.00040541143760652486842842540280995125946
0.28000000000000002664535259100375697017,0.99720074743460899852943179867517594161,0.0,0.0014670072719211237608752979503629236204,0.00040325410379724556332941091012440396701
0.27000000000000001776356839400250464678,0.99726519733991873595643190751420661586,0.0,0.0014339106229635166904896485635901395051,0.00040112169691065595950156376345413837016
0.26000000000000000888178419700125232339,0.99732696177454995379893608987333357702,0.0,0.001402559309915999873823942717090401713,0.00039901378740099859815283003162731911125
0.25,0.99738464022635952412335511324398463233,0.0,0.0013723734994319163046080617576883849023,0.00039692995553550831620602468732250781018
0.23999999999999999111821580299874767661,0.99744020277653130479604140315873368329,0.0,0.0013433744693028437871438116824404106102,0.00039486979111578077772891900761793301023
0.23000000000000000999200722162640886381,0.99749375123772579193230318921811549976,0.0,0.0013163435582974632064593182242632866914,0.00039283289320858119134294977696532180387
0.22000000000000000111022302462515654042,0.99754497527168609340451579479948688692,0.0,0.0012902329511817199783951919378901031118,0.00039081886988572214151888903520338314383
0.20999999999999999222843882762390421703,0.99759307297824689112252401645281601152,0.0,0.0012650020505190612258080400033683733332,0.00038882733797265614272935926876987942421
0.20000000000000001110223024625156540424,0.9976395690054481804748125304521265817,0.0,0.0012411097481029623296744742763473651847,0.00038685792280544407952565950646982843161
0.19000000000000000222044604925031308085,0.99768453353078398092345215763988028149,0.0,0.001218474072521014765397373906066336604,0.0003849102579957758193207293959912078225
0.17999999999999999333866185224906075746,0.99772784311341755456056328005712899128,0.0,0.0011965336405223095095087808748799486482,0.00038298398520373350437297870784674368892
0.17000000000000001221245327087672194466,0.99776825295267113689014480613208484831,0.0,0.0011752607670028221134216311279810516217,0.00038107875391800140831156026899374906871
0.16000000000000000333066907387546962127,0.99780744418402755602311879923422077362,0.0,0.0011556307545700387555029712170355936829,0.00037919422124323925524395441406159055232
0.14999999999999999444888487687421729788,0.99784546526539233209516299352007462848,0.0,0.0011365829002776392472755385556907882847,0.00037733005169434813351290821524015559937
0.14000000000000001332267629550187848508,0.99788236234644049145294681605486000924,0.0,0.001118059104747907143401817125456814656,0.00037548591699736964116541410933740811027
0.13000000000000000444089209850062616169,0.99791681920200451133335673365560974335,0.0,0.0011008608846559750922625693516498260273,0.00037366149589677013040450866097017381178
0.11999999999999999555910790149937383831,0.99794994267577098354052594149565975841,0.0,0.0010844475354454530294512294612423248778,0.00037185647396887246994054773490041546472
0.11000000000000000055511151231257827021,0.99798217412050148521526337711460870647,0.0,0.0010684366672370788669852988208093978566,0.00037007054344120765809038164270591294336
0.10000000000000000555111512312578270212,0.99801354532090416931649747629265995213,0.0,0.0010540546934726009562209439574121501724,0.00036830340301756835592252072844982899001
0.089999999999999996669330926124530378729,0.99804368979668913312575511851989598993,0.0,0.0010401602139075049632914186553411359393,0.00036655475770855546310156186938889829283
0.080000000000000001665334536937734810635,0.99807158406891042244340060148218054562,0.0,0.0010276673669282005541209867029293035634,0.00036482431866741756082119830683663340813
0.070000000000000006661338147750939242542,0.99809880642626295790173451169279596235,0.0,0.0010161392194045488964000107472031100535,0.00036311180303099132096118349930809336976
0.059999999999999997779553950749686919153,0.99812537833558072451519338860056823144,0.0,0.0010069877056950204238806266464405769599,0.00036141693376555895675538766814275304749
0.050000000000000002775557561562891351059,0.99815132043391773787277715645281813939,0.0,0.0010004443177251884326811919037185260342,0.00035973943951744626801973929486727340955
0.040000000000000000832667268468867405318,0.99817624319717373990099008255283874295,0.0,0.00099534509553554306569635549290906430009,0.00035807905446819203223265976219826643355
0.029999999999999998889776975374843459576,0.99819892598984630867978240339004630301,0.0,0.00099029759083267134621099929945737159518,0.00035643551819412643380018769684359040646
0.020000000000000000416333634234433702659,0.99822112983726387938055409174837891491,0.0,0.00098530102079036824665143587754964898627,0.00035480857553020268399843227616620934865
0.010000000000000000208166817117216851329,0.99824286822763252495025785792711441805,0.0,0.00098035461830220277556372372174367187056,0.00035319797643793231353682020523978005967
0.0,0.9982641541861339951654634411563010218,0.0,0.00097545763158890698337760534447799898045,0.00035160347587728057474410905024149061288
