value,sup,dur,Y,S
1.0,2.196500718628039385022429007784202324e-90,120.0,0.99999661388796145363819196125165800672,0.30066750072414887213770698443886217247
0.98999999999999999111821580299874767661,1.7045672033698132026648767415670591912e-89,119.0,0.99993655443231602182019389242740034125,0.29651030339865237426685373804547093057
0.97999999999999998223643160599749535322,1.6356738042301389958710355033947757894e-88,118.0,0.99980900364973494730557517467583325056,0.29281128035359748498593323314307832307
0.96999999999999997335464740899624302983,1.9722723407121885716511043719267539855e-87,117.0,0.99960791261643906981593275576376613158,0.28904816122558248274754367723132597279
0.95999999999999996447286321199499070644,3.0235679206403085722197507811220195153e-86,116.0,0.99933050816714757337870510657923055974,0.28539987387932575115639370049191568647
0.94999999999999995559107901499373838305,5.9410659003255797189248682241676587358e-85,115.0,0.99897624007090764386880947987035583908,0.28204969922855909528741525791765072396
0.93999999999999994670929481799248605967,1.5040888122714448983219760200630107232e-83,114.0,0.99854584899023071707012279783691569799,0.27900099225099150146099058260105690407
0.93000000000000004884981308350688777864,4.9220821865425271616907698081800850055e-82,113.0,0.99804043206049124346571824311855395991,0.27617386028438743062668482990408466264
0.92000000000000003996802888650563545525,2.0863522394474928250709237450316525992e-80,112.0,0.99746116747437464666470075937892333137,0.27364136586129552855969895311013502956
0.91000000000000003108624468950438313186,1.1474701555602876499558046525765966929e-78,110.0,0.99680918168009761833499134059693048705,0.2713751383570979299403954817950455592
0.90000000000000002220446049250313080847,8.2066703180747515926067437478755955355e-77,108.0,0.99608517062250971545147095300853928274,0.26945857525651124068910620020761359651
0.89000000000000001332267629550187848508,7.6590129885836817197889398423696965648e-75,107.0,0.99528924140643350092848770024526105409,0.26782576680938331805064162375028682314
0.88000000000000000444089209850062616169,9.3792887629747882334248235053122137187e-73,105.0,0.99442134788424454374493544493598832465,0.2664196285325564525440622078326276748
0.86999999999999999555910790149937383831,1.5199943017404001435837750577131846934e-70,103.0,0.99348113045058799925689083227424782098,0.26516480339382196488165834622704576482
0.85999999999999998667732370449812151492,3.3003057758189802794845270926127577039e-68,101.0,0.99246727963299106573596890249736818573,0.26409466115843192289599531582074281931
0.84999999999999997779553950749686919153,9.7685150387062427029535010850649005264e-66,98.0,0.99137915552252879638711489895220320746,0.26316917795745202111215018217613160003
0.83999999999999996891375531049561686814,4.0357358195809692846031395331443180133e-63,96.0,0.99021435062945856261659971182375326918,0.26225507117237851300436425745203525282
0.82999999999999996003197111349436454475,2.4019531998362747686268717130818480606e-60,93.0,0.9889704715250198468790895383501104998,0.26149169866129366072187547398526630315
0.81999999999999995115018691649311222136,2.1474130754901660828621506197305279162e-57,90.0,0.98764559171255918400006684533695583219,0.26071524572333529330670046380574475311
0.81000000000000005329070518200751394033,3.0469844345274767567550531754142366434e-54,86.0,0.98623741987772060330893203525313851509,0.25988053122079678596958658838741055305
0.80000000000000004440892098500626161695,7.3764000897477965770959464311415340201e-51,82.0,0.98474061561019940602338595639786050708,0.25916151074622103887602222378784107742
0.79000000000000003552713678800500929356,3.3517859618771484869421897768159793473e-47,78.0,0.98315124052384927852038103367882575645,0.25837470309247268530246805992316126217
0.78000000000000002664535259100375697017,3.2443545405127176539240562591793628e-43,73.0,0.98146593405253674244875926722141370004,0.25754833037554894057934667088787788191
0.77000000000000001776356839400250464678,7.9185315448689964049010041181364037875e-39,67.0,0.97967839369166185646174798122942158675,0.256698827911500802082729887424153288
0.76000000000000000888178419700125232339,6.0942950595976396341809740801604887102e-34,60.0,0.97778221146510152218957049112374996194,0.25579532231175175279527152323931154455
0.75,1.9636587117976068047620210954870381142e-28,52.0,0.975668237797075228522335705648574936,0.25477188970142340600258557291865498927
0.73999999999999999111821580299874767661,3.5434942847308143304155452092759525959e-22,43.0,0.97202465527749880028025543965173555536,0.25371084059626454314925519387891389286
0.72999999999999998223643160599749535322,3.5438302205224166393587782272674668905e-15,32.0,0.96344219065743783961792775667720994293,0.252532812280683202794164569067653312
0.71999999999999997335464740899624302983,4.7070932628609720755671056805672117394e-08,18.0,0.93783058747327428896925353934110584233,0.24762624402045039868810372272067574954
0.70999999999999996447286321199499070644,0.0058639208504133323788334561412058288499,1.0,0.85492858310253233542201606830920692275,0.17881281418505416959145234109209281017
0.69999999999999995559107901499373838305,0.19643634125257429271470140444234976178,0.0,0.65184646536746190358117487288181964162,0.085394003997663441358926490893948662485
0.68999999999999994670929481799248605967,0.53028936793791151307806603924058850607,0.0,0.37828491706780483589210467487705297287,0.030934963440197949966769603687087783753
0.68000000000000004884981308350688777864,0.77555706318753722644524664770663640435,0.0,0.17938833018431696485997667445883890328,0.010306243496467357452941319475139614799
0.67000000000000003996802888650563545525,0.89816697557215445491839212478804305188,0.0,0.08062200606827313593637556416076502646,0.0035764803659345157494609639626211767839
0.66000000000000003108624468950438313186,0.95171710801023356466391424518969133598,0.0,0.037885974019209666960374700402452826919,0.0013646451220740253315569782442883466998
0.65000000000000002220446049250313080847,0.97490812767532846210830948614315613152,0.0,0.019556519518177721200602261203127692821,0.00062309456226129636317400451520439425636
0.64000000000000001332267629550187848508,0.9827807624328343735017745366839309627,0.0,0.013419399215787803602478656341094518271,0.00050565887542852457624810560066722625615
0.63000000000000000444089209850062616169,0.98646459726140041396103053521896026313,0.0,0.010548850188224358660535438041085318986,0.0004974870050995319248696109333912221104
0.61999999999999999555910790149937383831,0.9887426516254469023953914386363453402,0.0,0.0087738276679235896251808741518509690073,0.00049413174444683203455076631515812472359
0.60999999999999998667732370449812151492,0.99032060555855884537399237646532878399,0.0,0.0075445539352504999697748363362849364033,0.00049082472876114415831804967104281924584
0.59999999999999997779553950749686919153,0.99148831033560199180254251470077409688,0.0,0.0066348491333649296799551402492122951688,0.00048756492490561394549303181421190216371
0.58999999999999996891375531049561686814,0.99239213070753851657547851578659869585,0.0,0.0059309276123793707402025723172880419385,0.00048435132903298372969104081998164419844
0.57999999999999996003197111349436454475,0.9931143720163692632663798645550838922,0.0,0.0053682629425453897178709458958688651553,0.00048118296555494131515657882695554007866
0.56999999999999995115018691649311222136,0.99370648153745726825237665460000039523,0.0,0.0049071484201558057461315262346101196456,0.00047805888615468486393353286152489168677
0.56000000000000005329070518200751394033,0.9942013348987703888087296901402267138,0.0,0.0045220723749170815063308288020601803666,0.00047497816884060448623684280349878795712
0.55000000000000004440892098500626161695,0.99462125132045126849529174932203600395,0.0,0.0041949644576860054761735505529088098518,0.00047193991703909665489533598017454170967
0.54000000000000003552713678800500929356,0.99498229826657493882638510955434465918,0.0,0.003913463994895687672392438310834045918,0.00046894325872463690638477622551513395707
0.53000000000000002664535259100375697017,0.99529719385060407184481186064265872427,0.0,0.0036688667932337906531492091131354050985,0.00046598734558533707434287504136345630927
0.52000000000000001776356839400250464678,0.995573172360436852400248959705856071,0.0,0.0034539025611311468194378548319177189975,0.00046307135222231028133017226226072573799
0.51000000000000000888178419700125232339,0.9958177551893434012190117926444581478,0.0,0.0032633881423799797897931913372908353578,0.00046019447538125619401006609684494881449
0.50,0.99603610002024688209630475695064451422,0.0,0.0030934517875256292407778708031296089429,0.00045735593321476389065494831172846320257
0.48999999999999999111821580299874767661,0.99623225445609492648199056244744009685,0.0,0.0029409226028342049506389855753796534579,0.00045455496457390921909299164922390086312
0.47999999999999998223643160599749535322,0.99640957136529525896147091064985919961,0.0,0.0028031777545294850080159968157518022845,0.00045179082832779837872445977617677577482
0.46999999999999997335464740899624302983,0.99657051351714629333920800880320460821,0.0,0.0026780245099992417270338681474070523975,0.00044906280270977991515058562072611781256
0.46000000000000001998401444325281772763,0.99671681456778987402892709776383420838,0.0,0.0025636079735066252935126189844521944945,0.00044637018468911367070352986307892416093
0.45000000000000001110223024625156540424,0.99685117206846148658456910919966601729,0.0,0.0024594928605924911813765924939100181337,0.00044371228936694762022796324903998010263
0.44000000000000000222044604925031308085,0.99697503342561531909753821539736411761,0.0,0.0023634700329948108739621555102784693241,0.00044108844939551272160392596615364208114
0.42999999999999999333866185224906075746,0.99708854137127152453978061734983863218,0.0,0.0022746611055773434987924303725258098876,0.00043849801441950090130283606438694013829
0.41999999999999998445687765524780843407,0.99719445416034755111679607388831517472,0.0,0.0021929646802168780405518103582948840705,0.00043594035053864417200507546605766368597
0.40999999999999997557509345824655611068,0.99729190543938723700225931450640584494,0.0,0.0021165043037556648438391662884732049979,0.00043341483979056195602879014952386774964
0.40000000000000002220446049250313080847,0.99738347276820568663526861111521462295,0.0,0.0020460716961063706942297350588032270902,0.00043092087965299042200165220098116608777
0.39000000000000001332267629550187848508,0.99746802966039831972311190359543780449,0.0,0.0019797142190404742519962198865680183313,0.00042845788256455154120023164842961656079
0.38000000000000000444089209850062616169,0.99754801699269268259134360946095653389,0.0,0.0019181934231785597891043964212054525202,0.00042602527546326142680159049093240206656
0.36999999999999999555910790149937383831,0.99762212003764970759044934570948045009,0.0,0.0018602138415717249675352205269880294666,0.00042362249934201630828129328259311863075
0.35999999999999998667732370449812151492,0.99769224136922906337723226588234505808,0.0,0.0018057601602331298857050908191446246832,0.00042124900882033209722065388481803662083
0.34999999999999997779553950749686919153,0.99775824957877766845651924273271170245,0.0,0.0017548208838501458166082759773216082501,0.00041890427173164830481554976457831001277
0.34000000000000002442490654175344388932,0.99782002947524991927735805981058437325,0.0,0.0017063158807416702156302709857203433205,0.00041658776872554037532402766474722864345
0.33000000000000001554312234475219156593,0.99787894207800680548026853796422583869,0.0,0.0016610105104896977180626749897342914041,0.0004142989928842158020583918870806636247
0.32000000000000000666133814775093924254,0.99793429055490498438085227262609564453,0.0,0.0016180710745318457766935314578442611203,0.00041203744935269938625405015483326882403
0.30999999999999999777955395074968691915,0.99798655698056054977863876271547564853,0.0,0.0015770200315473696786946502954119948164,0.00040980265498214069178802596651887126219
0.29999999999999998889776975374843459576,0.99803659131102618654388322938455811599,0.0,0.0015386318373275191648503730208137536326,0.00040759413798570385238812900388182152206
0.28999999999999998001598555674718227237,0.99808385671726480148891977658447131797,0.0,0.0015020800476489860006372249110534950045,0.00040541143760652486842842540280995125946
0.28000000000000002664535259100375697017,0.99812847451620656157004491676880927138,0.0,0.0014670072719211237608752979503629236234,0.00040325410379724556332941091012440396701
0.27000000000000001776356839400250464678,0.9981713399193497244519827935687989274,0.0,0.0014339106229635166904896485635901395272,0.00040112169691065595950156376345413837016
0.26000000000000000888178419700125232339,0.99821240993363709709972965653348465552,0.0,0.0014025593099159998738239427170904017188,0.00039901378740099859815283003162731911162
0.25,0.99825075561744835802167174655799835916,0.0,0.001372373499431916304608061757688384892,0.00039692995553550831620602468732250781018
0.23999999999999999111821580299874767661,0.99828771882372810252301068044224107306,0.0,0.0013433744693028437871438116824404105969,0.00039486979111578077772891900761793301023
0.23000000000000000999200722162640886381,0.99832336438350709916039415702214353625,0.0,0.0013163435582974632064593182242632866753,0.00039283289320858119134294977696532180387
0.22000000000000000111022302462515654042,0.99835707330037597429046797293143865143,0.0,0.0012902329511817199783951919378901031118,0.00039081886988572214151888903520338314383
0.20999999999999999222843882762390421703,0.99838907487271169060057694669413372007,0.0,0.0012650020505190612258080400033683733376,0.00038882733797265614272935926876987942421
0.20000000000000001110223024625156540424,0.99842003211429360510364475997980284192,0.0,0.0012411097481029623296744742763473651847,0.00038685792280544407952565950646982843161
0.19000000000000000222044604925031308085,0.99844998943773012289182893184808274437,0.0,0.001218474072521014765397373906066336604,0.0003849102579957758193207293959912078225
0.17999999999999999333866185224906075746,0.99847783343111127041790876567428354762,0.0,0.0011965336405223095095087808748799486423,0.00038298398520373350437297870784674368892
0.17000000000000001221245327087672194466,0.9985047391149913686707533199069920149,0.0,0.0011752607670028221134216311279810516261,0.00038107875391800140831156026899374906908
0.16000000000000000333066907387546962127,0.99853085344384283772815689559872324788,0.0,0.0011556307545700387555029712170355936859,0.00037919422124323925524395441406159055268
0.14999999999999999444888487687421729788,0.9985556310610364184182145421735050525,0.0,0.0011365829002776392472755385556907882714,0.0003773300516943481335129082152401556001
0.14000000000000001332267629550187848508,0.99857892810145739418879348648947272102,0.0,0.0011180591047479071434018171254568146604,0.00037548591699736964116541410933740811027
0.13000000000000000444089209850062616169,0.99860160739287082762896446349523371631,0.0,0.0011008608846559750922625693516498260288,0.00037366149589677013040450866097017381178
0.11999999999999999555910790149937383831,0.99862335499629764053187203189231559021,0.0,0.0010844475354454530294512294612423248778,0.00037185647396887246994054773490041546435
0.11000000000000000055511151231257827021,0.99864330590198794014479376043873326469,0.0,0.0010684366672370788669852988208093978537,0.00037007054344120765809038164270591294336
0.10000000000000000555111512312578270212,0.99866278709957045472116349078799490618,0.0,0.0010540546934726009562209439574121501709,0.00036830340301756835592252072844982899001
0.089999999999999996669330926124530378729,0.99868120899305290420568149086813683109,0.0,0.0010401602139075049632914186553411359452,0.00036655475770855546310156186938889829283
0.080000000000000001665334536937734810635,0.99869788400504515591221802895459259115,0.0,0.0010276673669282005541209867029293035619,0.00036482431866741756082119830683663340849
0.070000000000000006661338147750939242542,0.9987142183573935936930139525607548251,0.0,0.0010161392194045488964000107472031100535,0.0003631118030309913209611834993080933694
0.059999999999999997779553950749686919153,0.99872938407264690702615602051505738199,0.0,0.0010069877056950204238806266464405769585,0.00036141693376555895675538766814275304749
0.050000000000000002775557561562891351059,0.99874262256064358856868618623456670403,0.0,0.0010004443177251884326811919037185260342,0.00035973943951744626801973929486727340955
0.040000000000000000832667268468867405318,0.99875563425253140835366148129285293714,0.0,0.00099534509553554306569635549290906430009,0.00035807905446819203223265976219826643355
0.029999999999999998889776975374843459576,0.99876842436343114182761124834279759363,0.0,0.00099029759083267134621099929945737159518,0.00035643551819412643380018769684359040646
0.020000000000000000416333634234433702659,0.99878099796009077694300743723426569591,0.0,0.00098530102079036824665143587754964898774,0.00035480857553020268399843227616620934828
0.010000000000000000208166817117216851329,0.99879057270475646962790494106537382716,0.0,0.00098035461830220277556372372174367187203,0.00035319797643793231353682020523978005967
0.0,0.99879968120005018709909406049444927881,0.0,0.00097545763158890698337760534447799898118,0.00035160347587728057474410905024149061288
