value,sup,dur,Y,S
1.0,1.9240814505508835225278457852322869043e-69,120.0,0.99999665808808379734345245444867097928,0.30086592854388406384052760245785950934
0.98999999999999999111821580299874767661,9.9761313521444275096978802495681464494e-69,119.0,0.99993655928718824918774922048132914699,0.29675702847762098509920817020524118845
0.97999999999999998223643160599749535322,6.2556642905916358122834680068419515848e-68,118.0,0.99980902005181179781546624735211046237,0.2926686484942671006700193783457875194
0.96999999999999997335464740899624302983,4.8132366623344099658319163302534223163e-67,117.0,0.99960794879244664577080669069050751263,0.28904195523190921508610520669275011684
0.95999999999999996447286321199499070644,4.5886875165098738236280189528591914509e-66,116.0,0.99933053722583765430054793067840925725,0.28547502988467609768388889381106391267
0.94999999999999995559107901499373838305,5.4513244691642698302306097138136728166e-65,115.0,0.99897631658638098989281996803125168142,0.28210011902440581001769125301704767364
0.93999999999999994670929481799248605967,8.0894406150118820380581530634016722562e-64,114.0,0.99854593532110327274496864322999640632,0.27886656329946780978730060791509278635
0.93000000000000004884981308350688777864,1.499282382686012156723363074674443346e-62,112.0,0.99804054334452618408204419223786847103,0.27612024822542655493597968259559263908
0.92000000000000003996802888650563545525,3.4640349963226077418600080006637350794e-61,111.0,0.997461421362704693708806676532843871,0.27359454048401898930009639121002029472
0.91000000000000003108624468950438313186,9.9485813618848478354005814152148518164e-60,109.0,0.9968094203700078378686060913506940312,0.27132110729616449375944597125425741659
0.90000000000000002220446049250313080847,3.5402202832773471672964955011937543376e-58,108.0,0.99608547830263101095375307534779441268,0.26949632711198441332791528677822674153
0.89000000000000001332267629550187848508,1.5565052504556820364841675877604672783e-56,106.0,0.99528962184090135867623675354901299769,0.26783707530279015264948525662725487095
0.88000000000000000444089209850062616169,8.4393563710315629962281531245504362405e-55,104.0,0.99442186572135873708032490442708223725,0.26642100165543963322579553351584327056
0.86999999999999999555910790149937383831,5.6414929704754864732870521058586859236e-53,102.0,0.99348172417058743798539426288277338258,0.26511628768096922509929224028392393706
0.85999999999999998667732370449812151492,4.6588498241533585239180471699943168827e-51,100.0,0.99246822757258338625445519376485571259,0.2640764112527693890306011338962854532
0.84999999999999997779553950749686919153,4.7768394391584867342954058136341481961e-49,97.0,0.9913796857769175618341474035163476581,0.26310013865068188519060391474926255415
0.83999999999999996891375531049561686814,6.1352736079621536765601805859827063683e-47,95.0,0.99021492053255347699980166277729134019,0.26229707235614429859463740593226259391
0.82999999999999996003197111349436454475,1.0008156452753906643374173407618877693e-44,92.0,0.98897221297294376882579006327840666298,0.26147328546391073633105984050949253446
0.81999999999999995115018691649311222136,2.1156461864275289808725431283777060442e-42,89.0,0.98764738878497085259643538135958253545,0.26072463694105436135335109155057976448
0.81000000000000005329070518200751394033,5.9621776333765892310585848100104517273e-40,85.0,0.9862392633271743044522957961894601433,0.25993623466859052984270262823605755167
0.80000000000000004440892098500626161695,2.3293488565692480784163828507994582918e-37,81.0,0.98474236601123998344647625964446653704,0.2592049873639385551416891005480836542
0.79000000000000003552713678800500929356,1.3310858457382204010243504472830701529e-34,76.0,0.98315473596599416202389381162470530412,0.25842241653568559796644007204366635081
0.78000000000000002664535259100375697017,1.1970761471314764714152096821231173741e-31,71.0,0.98146977135547784240011564146161403021,0.25756449216018183262502518033383857522
0.77000000000000001776356839400250464678,1.8725481576405110083599991635654269265e-28,65.0,0.97968307952385897185681237128037144501,0.25673818621044146806972810955944914256
0.76000000000000000888178419700125232339,5.8366925376494181619182393523049760198e-25,59.0,0.97778867039507767770664873578951844358,0.25581392466594023011262113156156002685
0.75,4.3339700903290047426500898539881420582e-21,51.0,0.97577716403042209872636520217136397734,0.25480434990403357101501256234165645386
0.73999999999999999111821580299874767661,9.3923177454364614693968987112761194399e-17,42.0,0.97320882757810801365240188620326643007,0.25372560108621548167418767872649868782
0.72999999999999998223643160599749535322,6.450691139435689520448618131487066236e-12,31.0,0.96792054206443154937678179986840674524,0.25255877315548734693154478713714372983
0.71999999999999997335464740899624302983,7.1604186049204923692004923181941411377e-07,18.0,0.95373526824008376586420304866695754365,0.25124699554807227603962305471183450891
0.70999999999999996447286321199499070644,0.0053534167210422665124351611111069819021,2.0,0.90783650866284925066762007041624916401,0.22297395766913732057365737296094976378
0.69999999999999995559107901499373838305,0.13286703522229689912532967630942798386,0.0,0.77058976088870441922110844341342967968,0.12949706285962188963129059444207027186
0.68999999999999994670929481799248605967,0.42094095750351996408592387756713638812,0.0,0.51467819567326837266534529011852148765,0.052112874393077510075079953471715343267
0.68000000000000004884981308350688777864,0.69853480729611123311519402559267730706,0.0,0.26716507067823363238049049432074662077,0.017656220129115901897004115112970228584
0.67000000000000003996802888650563545525,0.85936068898780707303339335967406265278,0.0,0.12371612876798145711656658779427046264,0.0060062971704641537268965662769861925532
0.66000000000000003108624468950438313186,0.93335794474002870075066689518946792327,0.0,0.058149146093205343373047608314837015429,0.0022339253429420905929671379472158327395
0.65000000000000002220446049250313080847,0.96583163199064401212345660602657635567,0.0,0.029610250910175948509974055106390619826,0.00094401760948628193977696207670127070574
0.64000000000000001332267629550187848508,0.97774221540824690926961768387886110006,0.0,0.01926925886861201305422443307277594744,0.00073260920008658144011985555057907155674
0.63000000000000000444089209850062616169,0.98272463362155718916857272724842533902,0.0,0.014954601418564800280104694123240947801,0.00072109588323143948279311135182628558465
0.61999999999999999555910790149937383831,0.9857569267174903085697821366237500643,0.0,0.012328683210285684779154169190982383235,0.0007162324870081299138130437326731322597
0.60999999999999998667732370449812151492,0.98784688968362186914967018732114468237,0.0,0.010519632478087507608971648123983372362,0.00071143902138608220318173074735574553063
0.59999999999999997779553950749686919153,0.98938994580078023970885986310658696096,0.0,0.0091836873391038469150890459336907630537,0.00070671398883730593696777350712925474034
0.58999999999999996891375531049561686814,0.99058304083662495141418257125083764632,0.0,0.0081509044921241911395942636636720128105,0.00070205593428915027230347106649721828686
0.57999999999999996003197111349436454475,0.99153586266423698043903445986563913112,0.0,0.0073260341105903413964119950717384597894,0.00069746344363036630843555220535655000601
0.56999999999999995115018691649311222136,0.99231678518469738035376346678405112605,0.0,0.0066502455268337327161526850993397640792,0.000692935142279811821189421380401799573
0.56000000000000005329070518200751394033,0.9929684858789390685476887807901337659,0.0,0.0060863497176294103691403206048200591139,0.00068846969381475524102637425399427488291
0.55000000000000004440892098500626161695,0.99352192287811845358816662768303152723,0.0,0.005607576581207858502114092197512227099,0.00068406579865590320200415793600958336154
0.54000000000000003552713678800500929356,0.99399705046251985003066202371682350582,0.0,0.0051959476482679710137905947288269876919,0.00067972219280643448248637120090987105961
0.53000000000000002664535259100375697017,0.99441100796052535402780375076174644144,0.0,0.0048383433949240272889666038036606474248,0.00067543764664246924657924717224143158719
0.52000000000000001776356839400250464678,0.99477364632060794779848733307489279059,0.0,0.0045244222382330239570091682780603202134,0.00067121096375254306999851623460784734502
0.51000000000000000888178419700125232339,0.99509490189480674597111729137626616699,0.0,0.0042464529178216807652445568330083380197,0.00066704097982378464682479019459770532625
0.5,0.99538133954693428572832431126467875869,0.0,0.0039987299129054971478533138514728838477,0.00066292656157261905666840888627388613405
0.48999999999999999111821580299874767661,0.99563832363308587973240495122711386144,0.0,0.0037765939913598474579533701513888492936,0.00065886660571793375127384050526034145916
0.47999999999999998223643160599749535322,0.99587027953591858043816491072789661653,0.0,0.0035762042609292026813714644835162848981,0.00065486003799475292444345059770052663808
0.46999999999999997335464740899624302983,0.99608089496108332061364211879683822387,0.0,0.0033943628792237295543834880835959279065,0.00065090581220656805521071070119508993948
0.46000000000000001998401444325281772763,0.99627221941431816167550634035562238762,0.0,0.0032283786592587166898536532601815586516,0.00064700290931456859692882331167215726883
0.45000000000000001110223024625156540424,0.99644719151615147806911776620385644748,0.0,0.0030774282516061945275591643666969025527,0.00064315033656210721496172337705317762401
0.44000000000000000222044604925031308085,0.99660849699770949991320015834750428426,0.0,0.0029384277976224686573371970102473665636,0.00063934712663281978758091838936840819759
0.42999999999999999333866185224906075746,0.99675637587706123500124702135489494286,0.0,0.0028101137858639343173537799345723893219,0.00063559233684090009507470076636136727246
0.41999999999999998445687765524780843407,0.99689348686063922675505790300454953667,0.0,0.0026921211931885001920608164139639679923,0.00063188504835210576803586846575437743729
0.40999999999999997557509345824655611068,0.99702042129916426211447764926398593992,0.0,0.0025820039678724816518013731574474678403,0.00062822436543414320356554163212428668301
0.40000000000000002220446049250313080847,0.99713849600656184926170137086433184528,0.0,0.0024805455203392378650770202103134107594,0.0006246094147351468995849068124852721712
0.39000000000000001332267629550187848508,0.99724834644502157219014656227609760853,0.0,0.0023852600972874514532463152480311792907,0.00062103934458903228995408056901999391077
0.38000000000000000444089209850062616169,0.99735132470248901109832612063322418005,0.0,0.0022969238669647729684367790372794748987,0.00061751332434656183540398240982457283882
0.36999999999999999555910790149937383831,0.99744705444571946827913327737120764555,0.0,0.0022138877386107501742296718704193003391,0.00061403054373102035072837076882031885262
0.35999999999999998667732370449812151492,0.99753762200992935076581152245297815749,0.0,0.0021360212351786210357633277272751985258,0.00061059021221745005645147244427298176325
0.34999999999999997779553950749686919153,0.99762191237753305961178713393523753959,0.0,0.0020632313105277873480612538786600413093,0.00060719155843444629231927143817681991794
0.34000000000000002442490654175344388932,0.9977015730420199252966423868485276498,0.0,0.0019941579627151991514253539189129262756,0.00060383382958756310466824425620036809211
0.33000000000000001554312234475219156593,0.99777715823793370531415350556033225,0.0,0.0019296195210155580258415680064856922416,0.00060051629090342329310619186329894216325
0.32000000000000000666133814775093924254,0.99784753235571727151941813665555729858,0.0,0.0018685819957139338227355646946354533602,0.0005972382250936709783969294942682620404
0.30999999999999999777955395074968691915,0.9979146096510076531021474408734097037,0.0,0.0018104309860666119813479352500112298873,0.00059399893183794489444911102038180344207
0.29999999999999998889776975374843459576,0.99797855568992186078324644126112038281,0.0,0.0017559968440052832545396452470442415519,0.0005907977272850898945508962605961835989
0.28999999999999998001598555674718227237,0.99803818037066895312108635655932672528,0.0,0.0017042828939873712299293386655905521317,0.00058763394357186037161641442909462931099
0.28000000000000002664535259100375697017,0.99809521775921635748398130297575527812,0.0,0.0016548360067978987566843756100680988736,0.00058450692835840412834977149929308619427
0.27000000000000001776356839400250464678,0.99814981033729583439276460880064263452,0.0,0.0016081729288503445689249679992277926586,0.00058141604437984797771564927912139123484
0.26000000000000000888178419700125232339,0.99820115277835302676517368217833293251,0.0,0.0015639919226824369608497903158416723949,0.00057836066901333790193839106240391779688
0.25,0.99825003341568440954979627269684634106,0.0,0.0015216061674507807063966546910079634009,0.00057534019385991557254840020166792010154
0.23999999999999999111821580299874767661,0.99829697194766441240217372714214829827,0.0,0.0014810078659239414080352587128530554061,0.00057235402434064171144128482580053665771
0.23000000000000000999200722162640886381,0.9983418381674809402031336310750982192,0.0,0.0014430249746580127109060266508734385196,0.00056940157930640305854245287455313287414
0.22000000000000000111022302462515654042,0.9983839695726700423806817994050387695,0.0,0.0014064706640118904342394329810597572505,0.00056648229066086507304086972314453640987
0.20999999999999999222843882762390421703,0.99842455191287750576657796480566110255,0.0,0.0013712770987856248662972123991183366521,0.00056359560299605667461272500293537983075
0.20000000000000001110223024625156540424,0.99846365731690585173402905531111269302,0.0,0.0013379161052645938038125574964679943212,0.00056074097324009587696718885285519261725
0.19000000000000000222044604925031308085,0.99850065311543193330382812869613969643,0.0,0.0013062700521399642488023454444768229474,0.0005579178703165870880949253897122077014
0.17999999999999999333866185224906075746,0.99853585320989024832751563534969050726,0.0,0.0012757120395066793399737422475801527649,0.00055512577481524146328672607022859230015
0.17000000000000001221245327087672194466,0.99856987081126308381960833158798949461,0.0,0.0012461949475364121108613586765317031552,0.0005523641786732910898285051730972577511
0.16000000000000000333066907387546962127,0.9986026763962883557273966269299994992,0.0,0.001218730471991754298898568415050741186,0.0005496325848672866443713352015655904451
0.14999999999999999444888487687421729788,0.99863321336271609058120223195160922643,0.0,0.0011921726995238793474316958025550229972,0.00054693050711488589737042841347854630336
0.14000000000000001332267629550187848508,0.99866280920104393668362370722005771746,0.0,0.0011664465543704195246962048416851197806,0.00054425746958625711564393151952187722786
0.13000000000000000444089209850062616169,0.99869150041940670773622289516500617906,0.0,0.0011423707493183188329951430421964040266,0.00054161300662473769243890067145602404162
0.11999999999999999555910790149937383831,0.99871806773623548584768341552813329255,0.0,0.0011193603161010657809410387805151058406,0.00053899666247640362914546916828680967302
0.11000000000000000055511151231257827021,0.99874370629235619425969933372554353381,0.0,0.0010970061067067963572457115975897141642,0.00053640799102821986318081801062562425084
0.10000000000000000555111512312578270212,0.99876833199849051960064263629758451774,0.0,0.0010765507462084814926974362724588584888,0.00053384655555445554967057132998435351223
0.089999999999999996669330926124530378729,0.99879084750482763306789526780688359197,0.0,0.0010568040287048001406089051569288927336,0.00053131192847106152751233907986829943015
0.080000000000000001665334536937734810635,0.99881279911082154442615763542852035557,0.0,0.0010386796932545854061991125088875360004,0.00052880369109771981368242058629178337209
0.070000000000000006661338147750939242542,0.99883194809551553820046645739108371927,0.0,0.0010217123408767184714061571687339082599,0.00052632143342728696399445045665007118733
0.059999999999999997779553950749686919153,0.99884992847231329301150267765454968416,0.0,0.0010072973840157580692272824850957003307,0.00052386475390236470004594839706204131069
0.050000000000000002775557561562891351059,0.99886521978946148993618353555865506061,0.0,0.0009956255996433132046349073944703180716,0.00052143325919874204119599582655530997097
0.040000000000000000832667268468867405318,0.9988786978528813883770026299297360396,0.0,0.0009891217400195737187815906667406087929,0.00051902656401546361435644465049596024823
0.029999999999999998889776975374843459576,0.99888931416712439355879142685581543359,0.0,0.00098410575860019156220310504921053717523,0.0005166442908712888754939841822510969956
0.020000000000000000416333634234433702659,0.99889977336684364220974776806278636988,0.0,0.00097914039405019686829958435703660014039,0.00051428606990731634081936019410065914647
0.010000000000000000208166817117216851329,0.99891007859145594527932496329063442604,0.0,0.00097422488404460711561089426071066943733,0.00051195153869555610024749078519536664475
0.0,0.99892023290181550142844057748423442539,0.0,0.00096935848149016011276791601596038451009,0.00050964034205324251763548634285696157259
