value,sup,dur,Y,S
1.0,1.1303728989621305190799276841452772131e-32,116.0,0.99999661388796145363819196125165800221,0.30066750072414887213770698443886216946
0.98999999999999999111821580299874767661,3.106796416186336914766470870109046193e-32,115.0,0.99993655443231602182019389242740034276,0.29651030339865237426685373804547092982
0.97999999999999998223643160599749535322,9.9190651341228889650780852582776454296e-32,114.0,0.99980900364973494730557517467583325206,0.29281128035359748498593323314307832533
0.96999999999999997335464740899624302983,3.716631391050883979512181384851570251e-31,112.0,0.99960791261643906981593275576376613158,0.28904816122558248274754367723132597543
0.95999999999999996447286321199499070644,1.6428419227402570131966384911114658858e-30,111.0,0.99933050816714757337870510657923056124,0.28539987387932575115639370049191568797
0.94999999999999995559107901499373838305,8.5725071187680914127398388778380791228e-30,110.0,0.99897624007090764386880947987035584058,0.28204969922855909528741525791765072396
0.93999999999999994670929481799248605967,5.2641474002888661215531826725164773839e-29,108.0,0.99854584899023071707012279783691569648,0.27900099225099150146099058260105690219
0.93000000000000004884981308350688777864,3.7804269022437315540229378728843297254e-28,107.0,0.99804043206049124346571824311855395916,0.27617386028438743062668482990408466038
0.92000000000000003996802888650563545525,3.147449881357680144797544609404340003e-27,105.0,0.99746116747437464666470075937892333062,0.27364136586129552855969895311013502956
0.91000000000000003108624468950438313186,3.0059766303698255089606272525148834864e-26,103.0,0.9968091816800976183349913405969304878,0.27137513835709792994039548179504555807
0.90000000000000002220446049250313080847,3.2542499015215974717848287354921921808e-25,101.0,0.99608517062250971545147095300853928349,0.26945857525651124068910620020761359651
0.89000000000000001332267629550187848508,3.9429091332676136965285778421325922725e-24,99.0,0.99528924140643350092848770024526105635,0.2678257668093833180506416237502868254
0.88000000000000000444089209850062616169,5.2766418433842491228058847909332314376e-23,96.0,0.9944213478842445437449354449359883254,0.26641962853255645254406220783262767443
0.86999999999999999555910790149937383831,7.6969689902602686305787759948519362436e-22,94.0,0.99348113045058799925689083227424782173,0.26516480339382196488165834622704576595
0.85999999999999998667732370449812151492,1.2080047503995739169620016910841412727e-20,91.0,0.99246727963299106573596890249736818874,0.26409466115843192289599531582074281555
0.84999999999999997779553950749686919153,2.0148167293761365534270871773964227957e-19,88.0,0.99137915552252879638711489895220320746,0.26316917795745202111215018217613159815
0.83999999999999996891375531049561686814,3.5308391167266204069471707681756289102e-18,85.0,0.99021435062945856261659971182375326843,0.26225507117237851300436425745203525658
0.82999999999999996003197111349436454475,6.4368624088514010811311726099580890613e-17,81.0,0.98897047152501984687908953835011050055,0.26149169866129366072187547398526630428
0.81999999999999995115018691649311222136,1.2111011117359782469000605024659525948e-15,77.0,0.98764559171255918400006684533695582993,0.26071524572333529330670046380574475649
0.81000000000000005329070518200751394033,2.3398464034338218223420406570482009083e-14,73.0,0.9862374198777206033089320352531385181,0.25988053122079678596958658838741055192
0.80000000000000004440892098500626161695,4.6369604789602166420117532156502888511e-13,68.0,0.98474061561019940602338595639786050558,0.25916151074622103887602222378784107517
0.79000000000000003552713678800500929356,9.4697893758169619466922369341102570384e-12,62.0,0.9831512405238492785203810336788257557,0.25837470309247268530246805992316126292
0.78000000000000002664535259100375697017,2.0184789178813464938625450332533830113e-10,56.0,0.98146593405253674244875926722141369854,0.25754833037554894057934667088787788116
0.77000000000000001776356839400250464678,4.5967173125815251792018356115448551244e-09,49.0,0.97967839369166185646174798122942158675,0.25669882791150080208272988742415329101
0.76000000000000000888178419700125232339,1.1578086454978116347107358496598858136e-07,41.0,0.97778221146510152218957049112374995893,0.25579532231175175279527152323931154116
0.75,3.3301947228550202520637110414532506665e-06,32.0,0.97566823779707522852233570564857493977,0.25477188970142340600258557291865499003
0.73999999999999999111821580299874767661,0.00010418125749228208238752359836791879231,21.0,0.97202465527749880028025543965173555687,0.25371084059626454314925519387891389361
0.72999999999999998223643160599749535322,0.0024533134351423962791289921047974340385,8.0,0.96344219065743783961792775667720994218,0.25253281228068320279416456906765331125
0.71999999999999997335464740899624302983,0.02416795224510750560689738241040437735,0.0,0.93783058747327428896925353934110583707,0.24762624402045039868810372272067574841
0.70999999999999996447286321199499070644,0.11301691765243907392476000684839691412,0.0,0.85492858310253233542201606830920692125,0.17881281418505416959145234109209280998
0.69999999999999995559107901499373838305,0.32882231688637534264365000711042969638,0.0,0.65184646536746190358117487288181963485,0.085394003997663441358926490893948660793
0.68999999999999994670929481799248605967,0.61196242819371739258920727207799354972,0.0,0.37828491706780483589210467487705297626,0.030934963440197949966769603687087784599
0.68000000000000004884981308350688777864,0.81533020063968759113742063371865443971,0.0,0.17938833018431696485997667445883890535,0.010306243496467357452941319475139614975
0.67000000000000003996802888650563545525,0.91642097434399745864365735303636118741,0.0,0.080622006068273135936375564160765027776,0.0035764803659345157494609639626211768515
0.66000000000000003108624468950438313186,0.96044486176730782898834835959535414157,0.0,0.037885974019209666960374700402452827201,0.0013646451220740253315569782442883466939
0.65000000000000002220446049250313080847,0.97947021386470551014567188064584219435,0.0,0.019556519518177721200602261203127693408,0.00062309456226129636317400451520439425783
0.64000000000000001332267629550187848508,0.98591123160839523481514814103207086409,0.0,0.01341939921578780360247865634109451833,0.00050565887542852457624810560066722625762
0.63000000000000000444089209850062616169,0.98892507186356619494030536735567464474,0.0,0.010548850188224358660535438041085318822,0.0004974870050995319248696109333912221104
0.61999999999999999555910790149937383831,0.99078887939569695874063390357081341303,0.0,0.0087738276679235896251808741518509689603,0.00049413174444683203455076631515812472359
0.60999999999999998667732370449812151492,0.99207982246612165488934729163738531431,0.0,0.0075445539352504999697748363362849363445,0.00049082472876114415831804967104281924658
0.59999999999999997779553950749686919153,0.99303522538381364734812987783959180152,0.0,0.00663484913336492967995514024921229511,0.00048756492490561394549303181421190216371
0.58999999999999996891375531049561686814,0.99377461283446988447831445032583286414,0.0,0.0059309276123793707402025723172880419033,0.0004843513290329837296910408199816441977
0.57999999999999996003197111349436454475,0.9943656265770897390657104395547673698,0.0,0.0053682629425453897178709458958688652082,0.00048118296555494131515657882695554007903
0.56999999999999995115018691649311222136,0.99485017752728731143985246071978492096,0.0,0.0049071484201558057461315262346101197044,0.0004780588861546848639335328615248916864
0.56000000000000005329070518200751394033,0.99525471143263791775555181195963461264,0.0,0.0045220723749170815063308288020601802785,0.00047497816884060448623684280349878795675
0.55000000000000004440892098500626161695,0.9955984747282972699608967154382299457,0.0,0.0041949644576860054761735505529088098753,0.00047193991703909665489533598017454170967
0.54000000000000003552713678800500929356,0.99589410000290960166839133736941075399,0.0,0.0039134639948956876723924383108340459356,0.0004689432587246369063847762255151339578
0.53000000000000002664535259100375697017,0.99615136634515446578362927267868140613,0.0,0.0036688667932337906531492091131354050955,0.00046598734558533707434287504136345630927
0.52000000000000001776356839400250464678,0.99637723199364292457538473480486577561,0.0,0.0034539025611311468194378548319177190181,0.00046307135222231028133017226226072573799
0.51000000000000000888178419700125232339,0.99657746535512324206873810974955020588,0.0,0.0032633881423799797897931913372908353549,0.00046019447538125619401006609684494881486
0.50,0.99675612537578483057382198213164354567,0.0,0.0030934517875256292407778708031296089135,0.00045735593321476389065494831172846320294
0.48999999999999999111821580299874767661,0.99691653725215418833198393568622554708,0.0,0.0029409226028342049506389855753796534491,0.00045455496457390921909299164922390086349
0.47999999999999998223643160599749535322,0.99706145242903637779025961945329744452,0.0,0.0028031777545294850080159968157518022727,0.00045179082832779837872445977617677577482
0.46999999999999997335464740899624302983,0.99719317217239586566583905390930347344,0.0,0.0026780245099992417270338681474070523887,0.00044906280270977991515058562072611781219
0.46000000000000001998401444325281772763,0.99731332584483714787780967774062697654,0.0,0.0025636079735066252935126189844521944974,0.00044637018468911367070352986307892416093
0.45000000000000001110223024625156540424,0.99742291423401112359686880208072858722,0.0,0.0024594928605924911813765924939100181337,0.00044371228936694762022796324903998010263
0.44000000000000000222044604925031308085,0.99752410004523102954887160587698730807,0.0,0.002363470032994810873962155510278469327,0.00044108844939551272160392596615364208114
0.42999999999999999333866185224906075746,0.99761732538791139851502802776919836296,0.0,0.0022746611055773434987924303725258098729,0.00043849801441950090130283606438694013829
0.41999999999999998445687765524780843407,0.99770349067119941245246446259482791219,0.0,0.0021929646802168780405518103582948840616,0.00043594035053864417200507546605766368634
0.40999999999999997557509345824655611068,0.99778376711357448992753926275449429712,0.0,0.0021165043037556648438391662884732049891,0.00043341483979056195602879014952386775001
0.40000000000000002220446049250313080847,0.99785812590359418195568534419176338177,0.0,0.0020460716961063706942297350588032270784,0.00043092087965299042200165220098116608777
0.39000000000000001332267629550187848508,0.99792780423907094753535918236967742555,0.0,0.0019797142190404742519962198865680183136,0.00042845788256455154120023164842961656115
0.38000000000000000444089209850062616169,0.99799282681714505440067921574266733217,0.0,0.0019181934231785597891043964212054525187,0.00042602527546326142680159049093240206692
0.36999999999999999555910790149937383831,0.99805371288788394050651068073564086611,0.0,0.001860213841571724967535220526988029468,0.00042362249934201630828129328259311863075
0.35999999999999998667732370449812151492,0.99811133877362661585878687217368014588,0.0,0.0018057601602331298857050908191446246832,0.0004212490088203320972206538848180366212
0.34999999999999997779553950749686919153,0.9981648327284261257853031657609953828,0.0,0.0017548208838501458166082759773216082574,0.00041890427173164830481554976457831001314
0.34000000000000002442490654175344388932,0.99821578269390667130635117093082894531,0.0,0.0017063158807416702156302709857203433264,0.00041658776872554037532402766474722864456
0.33000000000000001554312234475219156593,0.99826381549449670324696200914763695344,0.0,0.0016610105104896977180626749897342913952,0.00041429899288421580205839188708066362433
0.32000000000000000666133814775093924254,0.99830891695039310402638627712968682325,0.0,0.0016180710745318457766935314578442611056,0.00041203744935269938625405015483326882366
0.30999999999999999777955395074968691915,0.99835204527580527093094130620253662501,0.0,0.0015770200315473696786946502954119948179,0.00040980265498214069178802596651887126256
0.29999999999999998889776975374843459576,0.99839282967109681073527746296495962229,0.0,0.0015386318373275191648503730208137536502,0.00040759413798570385238812900388182152206
0.28999999999999998001598555674718227237,0.9984312253765972339645725043298192266,0.0,0.001502080047648986000637224911053495003,0.00040541143760652486842842540280995125909
0.28000000000000002664535259100375697017,0.99846807625524594078359080238776207407,0.0,0.001467007271921123760875297950362923619,0.00040325410379724556332941091012440396665
0.27000000000000001776356839400250464678,0.99850332235543085061507954182473531143,0.0,0.0014339106229635166904896485635901395184,0.00040112169691065595950156376345413837053
0.26000000000000000888178419700125232339,0.99853625399691242841235849046170014734,0.0,0.00140255930991599987382394271709040171,0.00039901378740099859815283003162731911088
0.25,0.9985679689794384381529818263257589698,0.0,0.0013723734994319163046080617576883849023,0.00039692995553550831620602468732250780981
0.23999999999999999111821580299874767661,0.99859852563701664543993384389222465597,0.0,0.0013433744693028437871438116824404106087,0.0003948697911157807777289190076179330106
0.23000000000000000999200722162640886381,0.99862732127261783055958311278490339362,0.0,0.0013163435582974632064593182242632866812,0.00039283289320858119134294977696532180314
0.22000000000000000111022302462515654042,0.9986547486601412641547096100701905261,0.0,0.0012902329511817199783951919378901031074,0.00039081886988572214151888903520338314419
0.20999999999999999222843882762390421703,0.99868125830398430675387832790700608542,0.0,0.0012650020505190612258080400033683733347,0.00038882733797265614272935926876987942421
0.20000000000000001110223024625156540424,0.99870686071323952644548378495810106721,0.0,0.0012411097481029623296744742763473651817,0.00038685792280544407952565950646982843198
0.19000000000000000222044604925031308085,0.99873062636275686367355776115035578763,0.0,0.0012184740725210147653973739060663366055,0.00038491025799577581932072939599120782324
0.17999999999999999333866185224906075746,0.99875366765336384959491505975908671755,0.0,0.0011965336405223095095087808748799486541,0.00038298398520373350437297870784674368928
0.17000000000000001221245327087672194466,0.99877601325552300561517315855302662611,0.0,0.001175260767002822113421631127981051629,0.00038107875391800140831156026899374906908
0.16000000000000000333066907387546962127,0.99879713091729933843296650919967638697,0.0,0.0011556307545700387555029712170355936844,0.00037919422124323925524395441406159055268
0.14999999999999999444888487687421729788,0.99881711622759748827370240565065843494,0.0,0.0011365829002776392472755385556907882744,0.00037733005169434813351290821524015559973
0.14000000000000001332267629550187848508,0.99883655644873946354341160316364340226,0.0,0.0011180591047479071434018171254568146531,0.00037548591699736964116541410933740811064
0.13000000000000000444089209850062616169,0.99885512604549011932821953756756356133,0.0,0.0011008608846559750922625693516498260361,0.00037366149589677013040450866097017381141
0.11999999999999999555910790149937383831,0.99887231862935884681547649121183184841,0.0,0.0010844475354454530294512294612423248734,0.00037185647396887246994054773490041546472
0.11000000000000000055511151231257827021,0.99888909377995235674783355312128719466,0.0,0.0010684366672370788669852988208093978537,0.00037007054344120765809038164270591294373
0.10000000000000000555111512312578270212,0.99890468885930171897076215421147081655,0.0,0.0010540546934726009562209439574121501798,0.00036830340301756835592252072844982899038
0.089999999999999996669330926124530378729,0.99891919832098996537791315677734095572,0.0,0.0010401602139075049632914186553411359467,0.00036655475770855546310156186938889829319
0.080000000000000001665334536937734810635,0.99893283953833052185296935171464439093,0.0,0.0010276673669282005541209867029293035561,0.00036482431866741756082119830683663340849
0.070000000000000006661338147750939242542,0.99894480227745013414097289882445989118,0.0,0.0010161392194045488964000107472031100535,0.00036311180303099132096118349930809336976
0.059999999999999997779553950749686919153,0.99895535821736089966369979216265294267,0.0,0.0010069877056950204238806266464405769541,0.00036141693376555895675538766814275304749
0.050000000000000002775557561562891351059,0.99896425926365272016677671403641702227,0.0,0.0010004443177251884326811919037185260357,0.00035973943951744626801973929486727340992
0.040000000000000000832667268468867405318,0.99897303375890068458813756753038007612,0.0,0.00099534509553554306569635549290906430009,0.00035807905446819203223265976219826643355
0.029999999999999998889776975374843459576,0.99897913214412845861411900230137416728,0.0,0.00099029759083267134621099929945737159665,0.00035643551819412643380018769684359040646
0.020000000000000000416333634234433702659,0.9989840745612541145185238805285610985,0.0,0.00098530102079036824665143587754964898627,0.00035480857553020268399843227616620934791
0.010000000000000000208166817117216851329,0.99898896563495080534694467798215878828,0.0,0.00098035461830220277556372372174367187203,0.00035319797643793231353682020523978006004
0.0,0.99899380616028364307309366211918882451,0.0,0.00097545763158890698337760534447799898045,0.00035160347587728057474410905024149061288
