value,sup,dur,Y,S
1.0,4.8851397222097485858855799912026970188e-42,132.0,0.99999970801063114514579027895636202944,0.8644971474730190090143717521145943872
0.98999999999999999111821580299874767661,3.1142162246355595529261624800797215069e-42,132.0,0.99997612636527664227544102293330288985,0.86527746240178178499102959945707622761
0.97999999999999998223643160599749535322,2.3557815390905400982439988516347827736e-42,131.0,0.99990332526561921110953640183782176029,0.86739634462080291139125970282502362173
0.96999999999999997335464740899624302983,2.364563631287815142212834645680789881e-42,131.0,0.99975176984280608792416604401947074714,0.8687537347571440322485978236883970415
0.95999999999999996447286321199499070644,3.4520428761626868789307391006087064949e-42,131.0,0.9994958088163103429860713680977489459,0.8714372034414242899141427930244072549
0.94999999999999995559107901499373838305,7.7190057251115240400802551987358241774e-42,130.0,0.99912014635969076027813945520663420847,0.87355255222123441276893053211152922854
0.93999999999999994670929481799248605967,2.6509790717589613139145964592509178716e-41,130.0,0.99862413094937767442410804895172887674,0.87643998983939420724793754400727251345
0.93000000000000004884981308350688777864,1.340111411655212474652134272209567435e-40,130.0,0.99802298016972031879669487748408370676,0.87958955509129887332705429100944552467
0.92000000000000003996802888650563545525,9.2549767237169887490417277570970604908e-40,129.0,0.99735213496215903837024269533701699295,0.88240793634320564757189124870982776566
0.91000000000000003108624468950438313186,7.9897681956837041150447136287809855624e-39,129.0,0.99668270653043218615955927788748111252,0.88570884951926300205889831570033613988
0.90000000000000002220446049250313080847,7.9116448586434094090254350337394744662e-38,129.0,0.99604126356473750024231274227402939187,0.88888399640339363829807337931104159616
0.89000000000000001332267629550187848508,8.3713064915742627147248011769222079858e-37,128.0,0.99539634330705854313461124840574318527,0.89148335409883507620416477931703336766
0.88000000000000000444089209850062616169,9.0037730745876368999096984708693311755e-36,128.0,0.99473492180105094060154961937557285087,0.89469603056267124984851909336094793995
0.86999999999999999555910790149937383831,9.5608499173365809223784950934368991101e-35,127.0,0.99405430873460230333120311971919093212,0.89713420250039226172166231591838837662
0.85999999999999998667732370449812151492,9.8994541562694972841848123480831183331e-34,127.0,0.99335351436110692707697294062122493838,0.89976460842940354402775613245687884399
0.84999999999999997779553950749686919153,9.9564906952909567610911060586552364223e-33,127.0,0.99263093433634180627253082881708146943,0.90207066609726336274790340880200666581
0.83999999999999996891375531049561686814,7.5305160345972808085726675186264872947e-32,126.0,0.99188435091724541295131124249427039624,0.9041030783410578908189406080829377023
0.82999999999999996003197111349436454475,3.8212287263877475372138425175764401387e-31,126.0,0.9911108476299669244848548111993493169,0.90626546991387235555881205487759280744
0.81999999999999995115018691649311222136,1.3991288354804254830226310124755983319e-30,125.0,0.99030665888016213441473371636783179243,0.90785635767799474495416301562314475837
0.81000000000000005329070518200751394033,3.9450483125946031154396373587500999433e-30,125.0,0.98947478685432408981280348133024158824,0.90979780479150941453491041595181622448
0.80000000000000004440892098500626161695,9.141702536611756264662999737765527572e-30,124.0,0.98862016431596357803647458967767179423,0.91132750949352006388712345578449773388
0.79000000000000003552713678800500929356,1.8592092267406899552945632064397233004e-29,124.0,0.98772655081430647058996176688897858195,0.91273124256233118714342699062324821589
0.78000000000000002664535259100375697017,3.5535078468087453331267222658830627605e-29,123.0,0.98680371566425016325986392643451517823,0.91421886523674092650256478938456614374
0.77000000000000001776356839400250464678,6.8266962075900466072713033026707781495e-29,123.0,0.9858512777098247612632521764294521538,0.91538813633375030202004096182008830154
0.76000000000000000888178419700125232339,1.413229872187709008910233498372569453e-28,122.0,0.98485154834219549386124389584946510135,0.91656886889980148850435796202755187352
0.75,3.3317612749019209325338925041298163854e-28,122.0,0.98383372358292031361175420537812029191,0.91774152092987783311656872757344272115
0.73999999999999999111821580299874767661,9.4489672080422691007167610869242518538e-28,121.0,0.9827559201365377231132177362860247372,0.91871388980017014003805635388698369548
0.72999999999999998223643160599749535322,3.3489569300665923206598054381984942878e-27,120.0,0.9816638538618469346935652166675452085,0.91956825778063929984294110424034902701
0.71999999999999997335464740899624302983,1.546769623012957270543519488112085004e-26,120.0,0.98050635910583639900482383308813134176,0.92055610213689117469886027456409406191
0.70999999999999996447286321199499070644,9.4741451743795796231330735504841950805e-26,119.0,0.97932789148652923645009195818748500467,0.92140842613254932267532441640747257255
0.69999999999999995559107901499373838305,7.8644426732552891176589655923469541275e-25,119.0,0.97808837902589314194200073743505695977,0.92216637505671545447484666660090680007
0.68999999999999994670929481799248605967,8.8804521350133306769256017229294606406e-24,118.0,0.97680648568031508290716517311727161831,0.92285853476229731093223872504318021691
0.68000000000000004884981308350688777864,1.3408201062353658552182351978661923719e-22,117.0,0.9754813875045350800018717910695558945,0.92350400747906052423224288238622343346
0.67000000000000003996802888650563545525,2.6197933033399352914517789701733340758e-21,116.0,0.97408816462963322037727634169334418584,0.92413146216540891360431972975176140458
0.66000000000000003108624468950438313186,6.2339309797553756125660919517918728011e-20,115.0,0.97265533646324520262167492991098640061,0.92474624214857473793404189392938354875
0.65000000000000002220446049250313080847,1.6592407420040180600022949251915925306e-18,115.0,0.97116779237723797341546621102157867886,0.92531073034665722143217355416640693486
0.64000000000000001332267629550187848508,4.5075662811020528054124310733531080464e-17,114.0,0.96960979370604971996061186474414588253,0.92583124443454584544240468859165218711
0.63000000000000000444089209850062616169,1.1510212922615813564999461507150384633e-15,113.0,0.96798151691218951937606250868629775997,0.92631045871865198609704246063817865413
0.61999999999999999555910790149937383831,2.6047236024824951793117704500464234708e-14,112.0,0.96630331342546488183507584380603097529,0.92679005467885656638094649906774163838
0.60999999999999998667732370449812151492,5.0570626956015074136210542696941421635e-13,111.0,0.96455804081198442539782917102183208837,0.92724300284535501661661247507331476775
0.59999999999999997779553950749686919153,8.2660858150625931464554338552527371911e-12,110.0,0.96273509547115703290892935491839092431,0.92765883570871920462526225126574164514
0.58999999999999996891375531049561686814,1.1282255606392838760582756268137289127e-10,109.0,0.96083245198054609656203779742521482784,0.92803040269293020332110612226727318321
0.57999999999999996003197111349436454475,1.2867258326285528011740891667657527302e-09,107.0,0.9588472280317644711669884389615353993,0.92836599080453945868956665048740961806
0.56999999999999995115018691649311222136,1.2281002321850625896952501227803491769e-08,100.0,0.95677549076982134906435908728925057162,0.92872417103923199577452589227311977669
0.56000000000000005329070518200751394033,9.8098221646030655058518592632152448158e-08,93.0,0.9546119823567511657752165665945084063,0.92901612331117328782686605812198126504
0.55000000000000004440892098500626161695,6.5806546686379125400180443810517137439e-07,85.0,0.95234974145910450948282238255271959056,0.92932110395204517240778926861326690424
0.54000000000000003552713678800500929356,3.7133295049161813038527296782052969182e-06,78.0,0.9499795884782693857503256389582630935,0.92956778242154315705426153694612897402
0.53000000000000002664535259100375697017,1.7562173703866526992858372436406691933e-05,70.0,0.94749304027746543986523657296088683323,0.92983111616442121863261717634358987012
0.52000000000000001776356839400250464678,6.9435155632925652855907778986431351694e-05,62.0,0.94492257598525855586577393162578826582,0.93006004217086069154473723527304187382
0.51000000000000000888178419700125232339,0.00022800549777421708792524546963428609344,55.0,0.94221395959921133548767410427436550021,0.93026349140831751156401255646244937362
0.50,0.00061864094036768799720934909056475635074,48.0,0.93934625929700827049689685288673637203,0.93044771087778222598623346783745860514
0.48999999999999999111821580299874767661,0.0013974743948836381876980398229187127416,41.0,0.93638592083009894512486179571863621913,0.93061337755782343089540706890777112912
0.47999999999999998223643160599749535322,0.002687751885612638526982647039500508074,34.0,0.93322736231732369138505243697049703869,0.9307569399792503726461423193012492571
0.46999999999999997335464740899624302983,0.0045392868565993738833502111951723787597,27.0,0.92995125609733654675007514412023283744,0.93087114699942888470941887651891922795
0.46000000000000001998401444325281772763,0.006923386444446855388265382018479188597,19.0,0.92648381084302202278806007666680347993,0.93097685103498723931037212950530157459
0.45000000000000001110223024625156540424,0.0097885165247601672421260129771842479863,5.0,0.92282217587788430183941058320371611767,0.93104456607876759571875720984866811781
0.44000000000000000222044604925031308085,0.013102069749070622634762232708893684612,0.0,0.91896423118437462030271841173145002684,0.93110198658113234178314126315378087233
0.42999999999999999333866185224906075746,0.016806262698255951096331644575276442046,0.0,0.91489973599672886029643507675735087555,0.93112752729192256482291980690413666038
0.41999999999999998445687765524780843407,0.0208867074394415593655893290902323637,0.0,0.91060765559607239220905207475703175736,0.93112178640798240969678682611925517798
0.40999999999999997557509345824655611068,0.025320547768448058424094205526370194793,0.0,0.9060518609894014494668999587795714344,0.93109032274814810692040877830921593663
0.40000000000000002220446049250313080847,0.0301120241775295972680213821609735461,0.0,0.90122865644156107401306587477533208125,0.93102244267451370796159678252802829109
0.39000000000000001332267629550187848508,0.035264610135122382281111072549138910272,0.0,0.89610246559895459306352849284036981785,0.93092128749555607489919518360735733723
0.38000000000000000444089209850062616169,0.040793252029486414567787336743655647598,0.0,0.89067705097901289040737970962384288829,0.93077626812179498447244135518898862392
0.36999999999999999555910790149937383831,0.046718577680464610702570121746717618345,0.0,0.8848865526165804019759432551982654639,0.93059110967096456631187674885187501081
0.35999999999999998667732370449812151492,0.053048161222611738038676458821578162587,0.0,0.87872505144838287829979301396163767305,0.93035177470712653129993049855351909743
0.34999999999999997779553950749686919153,0.059811559236235459724700612914978936375,0.0,0.8721440515334016729531991657558932051,0.93005617733982266843643772815166618761
0.34000000000000002442490654175344388932,0.067087742649152367245715494027587407092,0.0,0.86510946190013315380826991847710794226,0.92969296094410882022013298293303947505
0.33000000000000001554312234475219156593,0.074882539036249688966931684020050928213,0.0,0.85754766690338439322051834522857327813,0.92925414421466951967093210288094834243
0.32000000000000000666133814775093924254,0.083280674081930548825832922505958602709,0.0,0.84947105157781997878629230901917666172,0.92872451382284711541596115113224148434
0.30999999999999999777955395074968691915,0.092316775402146479983249945425766485547,0.0,0.84074777390578250266324957273771506545,0.92808765590341232991651444834818186952
0.29999999999999998889776975374843459576,0.10204145631878334828089595983075584883,0.0,0.83137110333654076719629503098910917291,0.92732446129401941533613349150749151137
0.28999999999999998001598555674718227237,0.11259958131957032619116634801914923172,0.0,0.82120151378851716824412066476041144301,0.92585855464422788801583407387676659693
0.28000000000000002664535259100375697017,0.12402576463576729106803641239260720324,0.0,0.81021752811742292823896011606287584636,0.92164775864628724070620041143138578811
0.27000000000000001776356839400250464678,0.13644798897341452839584141792320996959,0.0,0.7982743596871073841689360285489640881,0.91115512653336812253413825839231326963
0.26000000000000000888178419700125232339,0.15032599767909113876408931713915773074,0.0,0.78525427843323048839437295730691478294,0.88569920720657974711354475892563218918
0.25,0.18176439097691047927092261712472333383,0.0,0.76238751808723001988097831977194230144,0.82494827529803642012011208008448715363
0.23999999999999999111821580299874767661,0.25853705060220025235508236120340723969,0.0,0.69810319553137539900760164807146910436,0.69384519904182922542155863929729082004
0.23000000000000000999200722162640886381,0.4055285502322268327795094835372498166,0.0,0.56638366867129375517568255305563801338,0.48188834396997707667292312848194984406
0.22000000000000000111022302462515654042,0.60231620480234091869245910985598800232,0.0,0.38251581100857903872145151285843625236,0.26637746172656869723785640275252607926
0.20999999999999999222843882762390421703,0.77603680205096116182086860029287184606,0.0,0.21606247916846143198837160881715553781,0.1263391267330241575933632996572035291
0.20000000000000001110223024625156540424,0.8860432088190936658459782671624421731,0.0,0.10962240744772289659130763178087308783,0.057009688285672043009932554644849176299
0.19000000000000000222044604925031308085,0.94389917200742361782778099911718028846,0.0,0.053662331750276099280038470051866186971,0.026018013059717618764761598232411344454
0.17999999999999999333866185224906075746,0.97215777014031479660660311989700883069,0.0,0.026461257664430507701517797643869460479,0.012315835254836872088480415271656701977
0.17000000000000001221245327087672194466,0.98575918157725868407261062845882292702,0.0,0.013449547219146025075227055155850677035,0.0061112963575843412951887621732199438049
0.16000000000000000333066907387546962127,0.99238995850964645681844075247895234419,0.0,0.0071462170584504402629957815284786803435,0.0032018952207674996717881720901129686903
0.14999999999999999444888487687421729788,0.99570778155448289836033827063721818623,0.0,0.0040112016991256828152955640285188920348,0.0017836909549384149110665452167648141509
0.14000000000000001332267629550187848508,0.99723975817880172964627171078637528982,0.0,0.002581086057347835420185711831442981514,0.0011354812442922720178644758376654062214
0.13000000000000000444089209850062616169,0.99786260944027322639878618276700569199,0.0,0.0020039645231013795237524186908851790379,0.00088530271233202597085551497131623085718
0.11999999999999999555910790149937383831,0.99822312700728863392086414104878731481,0.0,0.0016703629058339305895622756898695169686,0.00074501801366496469070860496420308855691
0.11000000000000000055511151231257827021,0.99846276527875845110443059922425799226,0.0,0.0014490223469451526308154144875954618998,0.00065400447534902212263802915278750751711
0.10000000000000000555111512312578270212,0.99863341688321191858535580150632047085,0.0,0.0012917947091202780463438954439530285631,0.00059102654167839400909969810525372759693
0.089999999999999996669330926124530378729,0.99875927124406683745425541626865972726,0.0,0.0011764224494808159809990089712814509753,0.00054668779857670817287536464425796674835
0.080000000000000001665334536937734810635,0.99885265574213055661992846144675552619,0.0,0.001091586881175089203142673308450696361,0.00051685551888025023563782722238184669314
0.070000000000000006661338147750939242542,0.99891904311999646904708711615189952696,0.0,0.0010326377432877035178966930925530934816,0.00050124768246851525841450345990376010443
0.059999999999999997779553950749686919153,0.99895785208029214933394458638008580903,0.0,0.0010012546731462039161904838679329474211,0.00049821072145879978918631675477801509801
0.050000000000000002775557561562891351059,0.99897036252373232316006804421795630143,0.0,0.00099518124443871464838283668125123996559,0.00049589829967906179959657475062792963362
0.040000000000000000832667268468867405318,0.99897856699899011051033040119264249065,0.0,0.0009901088213363247546292848634424078021,0.00049360946294900048999413502438453303825
0.029999999999999998889776975374843459576,0.99898360379609319946886545180146023415,0.0,0.00098508784418647313709635542140773816965,0.00049134385227338434034302558472580413676
0.020000000000000000416333634234433702659,0.99898858735405819155015046589241919345,0.0,0.00098011753426901572895374676470873212821,0.00048910111590603629529125174087234450498
0.010000000000000000208166817117216851329,0.99899351851088555302200739973647837337,0.0,0.00097519712850121025167923280632940795758,0.00048688090916778103635830534191714100056
0.0,0.99899839808711195950233256646787428759,0.0,0.00097032587904716051203252600314085935504,0.00048468289426985132474577741901915229844
