value,sup,dur,Y,S
1.0,2.1061993853444923179049109859773271206e-82,133.0,0.99999970806394763489714913471848044064,0.86439018862668524953679955873691262981
0.98999999999999999111821580299874767661,1.600968136229126949154730791531502157e-82,132.0,0.99997612729158579801741082178340824997,0.86552601614574738860498813806961510034
0.97999999999999998223643160599749535322,1.4504606180861595868606566958644319409e-82,132.0,0.99990332954433152933242138797836238638,0.8672865958124353180475130386613797715
0.96999999999999997335464740899624302983,1.7520046565509754216089297453157899132e-82,132.0,0.9997517793694558233687880748741030717,0.86896613486760055205170598265844748078
0.95999999999999996447286321199499070644,3.0938102186436933182837672235632545673e-82,132.0,0.99949584098575073219600504397676594381,0.87141535483715853642340307950183543186
0.94999999999999995559107901499373838305,8.4130681089679553678624615457920390984e-82,131.0,0.99912010219518614133780212664636292754,0.87337401783005618498177351308306688724
0.93999999999999994670929481799248605967,3.5335538949145200015617880377621492206e-81,131.0,0.9986240718847699602736175281291203551,0.87653880955260610621881691930999185047
0.93000000000000004884981308350688777864,2.1971727795905054904412792154289140879e-80,131.0,0.99802303117018170025079964238877611761,0.87955732301188734396413797979276951256
0.92000000000000003996802888650563545525,1.8774736330022898210510416333005749102e-79,130.0,0.99735220991825347087233594650638120183,0.88224590289974699542275374478896366121
0.91000000000000003108624468950438313186,2.0174945137684713142866676458588103663e-78,130.0,0.9966825462645593889383617259238927452,0.88578654389866673083852914987817869434
0.90000000000000002220446049250313080847,2.5019756555378740855063195998750991585e-77,130.0,0.99604088457808246725749268142958671796,0.88881968448054697252635145794586693789
0.89000000000000001332267629550187848508,3.3363781892115287048218002850376789669e-76,129.0,0.99539619534496699972290703549674868509,0.89163675370903924206765064194846335517
0.88000000000000000444089209850062616169,4.5518554097453157481838460117120939465e-75,129.0,0.99473400155276072297322087087471751351,0.89469884183169827466468536741394156865
0.86999999999999999555910790149937383831,6.1725815899683388985600129633956977131e-74,129.0,0.99405444695366442571753178568353596289,0.89699487041486207151319106263757864714
0.85999999999999998667732370449812151492,8.2193779883867603645077908289830574766e-73,128.0,0.99335324723169199877561052381048757344,0.89981735527942250594863245168834269958
0.84999999999999997779553950749686919153,1.0737525046141330238518219118305936571e-71,128.0,0.99262923834601874649290199492199949108,0.90198734781605819481634039653897919173
0.83999999999999996891375531049561686814,1.3831207589062097677988553114092248155e-70,128.0,0.99188316797050341046588403017747211373,0.90419852371593878140961205822857882046
0.82999999999999996003197111349436454475,1.7691894620684941720586336700477574275e-69,127.0,0.99111075666214302112788743897658361705,0.90623349844776028450523970849578419271
0.81999999999999995115018691649311222136,2.2619327866513491343591242945214693563e-68,127.0,0.99030840966214569410203028310151040046,0.90789909543535675346739227425709605531
0.81000000000000005329070518200751394033,2.9039526669978143483576253537353569345e-67,127.0,0.98947158941756685507128048960430217128,0.90981707109624396108892843442402387545
0.80000000000000004440892098500626161695,3.7521157793031445439199035669567708157e-66,126.0,0.9886191489330270733957320117412257253,0.91125431420710062848632749353191684534
0.79000000000000003552713678800500929356,4.8783373296842094057903098830216103223e-65,126.0,0.98772885043049861101520511029861889183,0.91280489973907372691598421214979376698
0.78000000000000002664535259100375697017,6.3678521177721754099574343638798073345e-64,125.0,0.98680014003351417450375245714122590568,0.91420689643151702977618286359609788538
0.77000000000000001776356839400250464678,8.3125529208960629539571010195143033302e-63,125.0,0.98585172668204306735885755166496926142,0.91531251833676816730508872806321221584
0.76000000000000000888178419700125232339,1.0797128309241478337355214674280683539e-61,124.0,0.98485256996450739051185072212060912996,0.9166225844306269245365110188930534512
0.75,1.3878067278011751288048714751312074749e-60,124.0,0.98383298970554492018933453013576097817,0.91773463076684576858918243993577408732
0.73999999999999999111821580299874767661,1.7561513072457718229996713862667791195e-59,123.0,0.98276151988366116991305029808313945681,0.91866288163587304733030617746029384313
0.72999999999999998223643160599749535322,2.1795521848191739332261301173025859506e-58,123.0,0.98166298991105425295762254556605939303,0.91963706905359233732767682079192774934
0.71999999999999997335464740899624302983,2.6502614950784004091502391926557822335e-57,122.0,0.98050798567358843089804157912193666967,0.9205813087092253184348257755026695256
0.70999999999999996447286321199499070644,3.1685211028433926163448764662271906944e-56,122.0,0.97932853088941293081237640998671925043,0.92140209185765192278174871241741561884
0.69999999999999995559107901499373838305,3.7644139018032164841541200486421944243e-55,121.0,0.9780818218122472561728918452311751855,0.92213806262621184163289358876788647397
0.68999999999999994670929481799248605967,4.5017746134938498651425277088534097539e-54,120.0,0.97681113614582159239943507086227836297,0.92281573393794510900660562574816452345
0.68000000000000004884981308350688777864,5.5471527088702257852643275754386207596e-53,120.0,0.97547867838070571104524924747501015019,0.92351395973851411296788665740417859438
0.67000000000000003996802888650563545525,7.7574231776531692617699861310059862653e-52,119.0,0.9740842793299199596119940945143272638,0.92417479771439532908863510546205101483
0.66000000000000003108624468950438313186,1.3429925646014790710118716591608626336e-50,118.0,0.97266056433005313697721926190783210372,0.92478033253791899241109718788366829501
0.65000000000000002220446049250313080847,3.0973470259297902380852354316052319607e-49,118.0,0.97116627010721470960077840970311310211,0.9253405506981694073538858337681823015
0.64000000000000001332267629550187848508,9.9457540762816843413411562862432623123e-48,117.0,0.96960198794413609780935759687601027098,0.92586099844652823440670567651208623731
0.63000000000000000444089209850062616169,4.6632123571382199913774887720979004105e-46,116.0,0.96798573633280211627683849938974475462,0.92634382356396473460202508095363246953
0.61999999999999999555910790149937383831,3.0679914963155891846874364711893114351e-44,115.0,0.96631163416055749276134767756796793534,0.92678847328390809498114119245619104054
0.60999999999999998667732370449812151492,2.5815048761254648338980904841899543264e-42,115.0,0.96456193444757860820330642930967295209,0.92722219974047658712000783068969765287
0.59999999999999997779553950749686919153,2.5111153876616584525839616866615000462e-40,114.0,0.9627354209152568546909438292709395715,0.92765149632793260195415657989404530996
0.58999999999999996891375531049561686814,2.5995943452908880442091380936979461059e-38,113.0,0.96083019599421856017526026025450745658,0.92803895304389445658297868552221885391
0.57999999999999996003197111349436454475,2.7014471999334168714600141498577469542e-36,112.0,0.95884355955464682050705570851878964531,0.9283760003530524465310024144790005637
0.56999999999999995115018691649311222136,2.7114556068802415938609666710151153555e-34,111.0,0.95677182668748210078641867077208230999,0.92871704932275246553944435969569624029
0.56000000000000005329070518200751394033,2.5091322017096831720042003337586746781e-32,110.0,0.954610068755085412720100509087503525,0.92903112383356351329222562498024484052
0.55000000000000004440892098500626161695,2.0341413552319000991930405146748524354e-30,109.0,0.95235175558558405612280143642640984865,0.92931397249385158575263318259668724386
0.54000000000000003552713678800500929356,1.4272649737933930795408805481452172821e-28,108.0,0.94998826823341086667637838476137576224,0.92958092854531916627128665290477470012
0.53000000000000002664535259100375697017,8.6270015074456566327951821076003645063e-27,106.0,0.94750824032280815365488291794779539699,0.92983543431715480117510232366902995895
0.52000000000000001776356839400250464678,4.4898944694864265351243427019023328889e-25,105.0,0.94490759499052170750546632547261711635,0.93005600975251796105546370499330973084
0.51000000000000000888178419700125232339,2.0158937994277539924322217559132175429e-23,104.0,0.94221378865417738450368879641554634234,0.93025551183740040467633880040680072637
0.5,7.8342520493512493495687910061270921091e-22,102.0,0.93936422775959320757016283402215083281,0.93043927766396002346860501236459728983
0.48999999999999999111821580299874767661,2.6462371134790454227532713236956715032e-20,101.0,0.93637845594808958745421444638644353174,0.93060748591195740562688030006110213015
0.47999999999999998223643160599749535322,7.8051255155371588428350241991085746456e-19,99.0,0.93324351131896611074684591480842162465,0.93075640118890432805564984619271368449
0.46999999999999997335464740899624302983,2.020230574872798218534910631179288656e-17,97.0,0.92995341879927653446897830855696990745,0.93087885613433315497695658112969377697
0.46000000000000001998401444325281772763,4.5922307726800256601501465189881436461e-16,96.0,0.92646935402222783969492351561478934702,0.93097145851923581209709163465280857581
0.45000000000000001110223024625156540424,9.2334972075870817221862177503493344111e-15,94.0,0.92281095390148663349534542976555698754,0.93105294669452260667989275752048004191
0.44000000000000000222044604925031308085,1.6414536855441787276729546200076188583e-13,91.0,0.91896371036630262751855174603804059174,0.93110502901794271936279555428277210949
0.42999999999999999333866185224906075746,2.5933508064503704396940406054577096327e-12,89.0,0.91489140596219749990205139109613866728,0.93112952381932524534816212158703853059
0.41999999999999998445687765524780843407,3.6431748745106157010325768920169113224e-11,87.0,0.91058974059193815686062226115700179519,0.93112649300979449611293541377397532814
0.40999999999999997557509345824655611068,4.5510867205229506837442944568332908731e-10,84.0,0.90605808827752703014602586693891247795,0.93108888778305119989191941634280893798
0.40000000000000002220446049250313080847,5.0526823388109970023092527861143527908e-09,81.0,0.90122191396357222809148313093698139241,0.93102627143601537537008656661265182051
0.39000000000000001332267629550187848508,4.9775862987696997863764924640903368352e-08,78.0,0.89612216719601084779331194919548395499,0.93092297192830502166980896317205878614
0.38000000000000000444089209850062616169,4.3274128842184159206532313970536674638e-07,75.0,0.89068495661620756547669108718475620731,0.93078026736487587505074936706281977833
0.36999999999999999555910790149937383831,3.2898988994500139172828720968038381138e-06,71.0,0.88490220374994046572163819012474125939,0.93058821903773826087044398948029743209
0.35999999999999998667732370449812151492,2.1558818702090792363008874740685697785e-05,66.0,0.87873037003728901869604351383599588649,0.93035190024447167305027102783705251428
0.34999999999999997779553950749686919153,0.00011894305767836908618317566185066515473,60.0,0.87215359379222299248157877609515043344,0.93005494451033949967144999988224415102
0.34000000000000002442490654175344388932,0.00053187622942149577421819150545854838699,50.0,0.86511048395197070714359467105961012633,0.92969360762828004480450763707217343412
0.33000000000000001554312234475219156593,0.0018498201051780323971540265564542506765,39.0,0.85757601733278352286366162061975475363,0.92925261688692227971327909484754787634
0.32000000000000000666133814775093924254,0.0049076725305301281319798864183181755098,27.0,0.84946809058955112455406498494351979317,0.92872478858216306269617959880037579326
0.30999999999999999777955395074968691915,0.010243525701010793628206553920989255183,0.0,0.84076578019963099088187891744834144152,0.92808939645013079908286697016376169566
0.29999999999999998889776975374843459576,0.017855304101427019723090161824467531928,0.0,0.83135376901073895888641344930289622417,0.92732654706387888327884565564961446264
0.28999999999999998001598555674718227237,0.027438898701295230307918191633685997222,0.0,0.82122632367788849470073336055083900136,0.92595973779954111080501548906854583561
0.28000000000000002664535259100375697017,0.038745406767284958999088058936765503429,0.0,0.81023073197123094709406725742137369423,0.92202300615586041584348452654403889108
0.27000000000000001776356839400250464678,0.051613386053264134552735180986442833119,0.0,0.7982827752413118343289189042582221034,0.91220271847408609119126974589272319984
0.26000000000000000888178419700125232339,0.067133335190420452061133432537032783763,0.0,0.78525736455168841287741189458428521757,0.88842421730949261713235020180572806627
0.25,0.10178320955180537470472967364290128558,0.0,0.76426888090560506024212338331053707011,0.83161053724700718781581231540212658882
0.23999999999999999111821580299874767661,0.1815846147032161809498933168314489111,0.0,0.70442502838721167790570605655099555267,0.70741962235926775423624244516143896018
0.23000000000000000999200722162640886381,0.33555997203688262074363647868943357289,0.0,0.57849913326695436158953064553580253578,0.50030593252292150573677888045785866881
0.22000000000000000111022302462515654042,0.54838417367328833080666175625920611966,0.0,0.39670899386775042032450092214642607519,0.28116052582000690780499103388082062872
0.20999999999999999222843882762390421703,0.74252047055513277885404126393195630396,0.0,0.22672532855593455875714093852891617367,0.13439580658599487701760661930381048676
0.20000000000000001110223024625156540424,0.86816161579295803857987933783556840921,0.0,0.11568534185857390385460723098541978675,0.060713293516690507662849197590286783818
0.19000000000000000222044604925031308085,0.93494570247780031537869016793391137069,0.0,0.056720744730119313976683658215404953815,0.02766644985515310853960869816920713669
0.17999999999999999333866185224906075746,0.9677002929576220592837390936044952353,0.0,0.027961599246004920797386828807861786851,0.013069848447581753934815469888550996869
0.17000000000000001221245327087672194466,0.98348612155738571336038717770831857143,0.0,0.014196798539188627155464214410442333484,0.0064736879613549928609144804644082044253
0.16000000000000000333066907387546962127,0.99118361695791826310281776979799370283,0.0,0.0075315591395227217055696287449582803098,0.0033866689499791277900488363935675836888
0.14999999999999999444888487687421729788,0.99503477979728926974332000155188329486,0.0,0.0042189042123218255762767974129906584049,0.0018842887656326605972360390074036413174
0.14000000000000001332267629550187848508,0.9968280434012268738560050464762823981,0.0,0.0026955777223529907523003904078635750738,0.0011957693233339507356626899133789376446
0.13000000000000000444089209850062616169,0.99755833656094402372581937086750744352,0.0,0.0020801526434175283791119548301180629026,0.00093153881259070695981309026396315362888
0.11999999999999999555910790149937383831,0.99798107021299124085716341412958860241,0.0,0.0017243288106518309828347158418684088908,0.00078375147982103468833247213485790200535
0.11000000000000000055511151231257827021,0.99826247721581325357675989395479877759,0.0,0.0014878243774657532231627340649772083213,0.00068794309970326800181200310212552534747
0.10000000000000000555111512312578270212,0.99846340904268872679268341651118740558,0.0,0.0013193743111757845661691131229098499617,0.00062166849885948663737362817720012857152
0.089999999999999996669330926124530378729,0.99861213323479983811450258398672337923,0.0,0.0011952433714897580178464201615975286654,0.00057501364752524780893135286773039671643
0.080000000000000001665334536937734810635,0.99872319259889686961646165992578690814,0.0,0.0011032782537454644803579413589545011291,0.00054362129222203500038428336246808629797
0.070000000000000006661338147750939242542,0.99880328945759917741214031164288214906,0.0,0.0010382973325530062996634919570689545791,0.00052715190649421294585369538033492986578
0.059999999999999997779553950749686919153,0.99885218466478159377865107672015977599,0.0,0.0010015622697768267182638650009837946948,0.00052386475390236470004594839706204131069
0.050000000000000002775557561562891351059,0.99887165511722314302798665595071707292,0.0,0.00099418911625521482581400499518063578022,0.00052143325919874204119599582655530997097
0.040000000000000000832667268468867405318,0.99888307238787547041027433277832739926,0.0,0.0009891217400195737187815906667406087929,0.00051902656401546361435644465049596024823
0.029999999999999998889776975374843459576,0.99889370808069879972313055164403936475,0.0,0.00098410575860019156220310504921053717523,0.0005166442908712888754939841822510969956
0.020000000000000000416333634234433702659,0.99890418540083149554509522163060864733,0.0,0.00097914039405019686829958435703660014039,0.00051428606990731634081936019410065914647
0.010000000000000000208166817117216851329,0.99891450753219050839251998697919524056,0.0,0.00097422488404460711561089426071066943733,0.00051195153869555610024749078519536664475
0.0,0.99892016758237400012494150333480925163,0.0,0.00096935848149016011276791601596038451009,0.00050964034205324251763548634285696157259
