value,sup,dur,Y,S
1.0,3.9275229624735000579495620170521592984e-106,133.0,0.99999970801063114514579027895636202793,0.86449714747301900901437175211459439096
0.98999999999999999111821580299874767661,3.2814907867155526394882764424016466798e-106,133.0,0.99997612636527664227544102293330289211,0.86527746240178178499102959945707621934
0.97999999999999998223643160599749535322,3.2740473959274422436417961136872290272e-106,133.0,0.9999033252656192111095364018378217618,0.86739634462080291139125970282502362098
0.96999999999999997335464740899624302983,4.3629886667394097681098483601795334797e-106,132.0,0.99975176984280608792416604401947074714,0.86875373475714403224859782368839704526
0.95999999999999996447286321199499070644,8.5145621256225232435587837495363912811e-106,132.0,0.99949580881631034298607136809774894515,0.8714372034414242899141427930244072564
0.94999999999999995559107901499373838305,2.5632485224786152834724738072200127042e-105,132.0,0.99912014635969076027813945520663420546,0.87355255222123441276893053211152923005
0.93999999999999994670929481799248605967,1.1939759144686572531671702880875105537e-104,132.0,0.99862413094937767442410804895172887599,0.8764399898393942072479375440072725127
0.93000000000000004884981308350688777864,8.2497363190168864103697477348888510518e-104,131.0,0.99802298016972031879669487748408370526,0.87958955509129887332705429100944552919
0.92000000000000003996802888650563545525,7.8500940088386350413893105298619949721e-103,131.0,0.99735213496215903837024269533701699069,0.88240793634320564757189124870982776265
0.91000000000000003108624468950438313186,9.4161363215882933438938707352096949661e-102,131.0,0.99668270653043218615955927788748110951,0.88570884951926300205889831570033614364
0.90000000000000002220446049250313080847,1.3068913787626779059772980500060376867e-100,130.0,0.99604126356473750024231274227402939187,0.88888399640339363829807337931104159616
0.89000000000000001332267629550187848508,1.9559625051965585585237250936763920156e-99,130.0,0.99539634330705854313461124840574318377,0.89148335409883507620416477931703336315
0.88000000000000000444089209850062616169,3.0041500344901708931069058438553962835e-98,130.0,0.99473492180105094060154961937557285012,0.89469603056267124984851909336094794145
0.86999999999999999555910790149937383831,4.6009084538132081695734566399506486639e-97,129.0,0.99405430873460230333120311971919093363,0.89713420250039226172166231591838837963
0.85999999999999998667732370449812151492,6.9426382013287535938362592549716013449e-96,129.0,0.99335351436110692707697294062122493612,0.89976460842940354402775613245687884851
0.84999999999999997779553950749686919153,1.0314065075466234258151195025833949457e-94,129.0,0.99263093433634180627253082881708147244,0.90207066609726336274790340880200666731
0.83999999999999996891375531049561686814,1.516432484058999502080937860144737939e-93,128.0,0.99188435091724541295131124249427039398,0.90410307834105789081894060808293770005
0.82999999999999996003197111349436454475,2.2224931305631728807192104764044226106e-92,128.0,0.99111084762996692448485481119934931765,0.90626546991387235555881205487759280218
0.81999999999999995115018691649311222136,3.2687968714045326056209852976158839273e-91,128.0,0.99030665888016213441473371636783179243,0.90785635767799474495416301562314475988
0.81000000000000005329070518200751394033,4.8479513571142920401814636341349522154e-90,127.0,0.98947478685432408981280348133024158674,0.90979780479150941453491041595181622147
0.80000000000000004440892098500626161695,7.2679186973108216059810045337414835822e-89,127.0,0.98862016431596357803647458967767179423,0.91132750949352006388712345578449772711
0.79000000000000003552713678800500929356,1.1014620649630155602325876499880997411e-87,126.0,0.98772655081430647058996176688897857668,0.91273124256233118714342699062324821965
0.78000000000000002664535259100375697017,1.684054736636270952960560547621545808e-86,126.0,0.98680371566425016325986392643451517748,0.91421886523674092650256478938456613622
0.77000000000000001776356839400250464678,2.5880780622913478180058322932662253735e-85,126.0,0.98585127770982476126325217642945215455,0.91538813633375030202004096182008830756
0.76000000000000000888178419700125232339,3.9789520998364526236854600298013945856e-84,125.0,0.98485154834219549386124389584946509985,0.91656886889980148850435796202755187202
0.75,6.0880904481656866713087506970499701574e-83,125.0,0.98383372358292031361175420537812029341,0.91774152092987783311656872757344271513
0.73999999999999999111821580299874767661,9.2263819582823575297124762974750355385e-82,124.0,0.98275592013653772311321773628602473269,0.91871388980017014003805635388698369848
0.72999999999999998223643160599749535322,1.3802255153483683358551695830671205954e-80,124.0,0.981663853861846934693565216667545207,0.91956825778063929984294110424034902401
0.71999999999999997335464740899624302983,2.0369211852258849373813692945634179221e-79,123.0,0.98050635910583639900482383308813133951,0.92055610213689117469886027456409406191
0.70999999999999996447286321199499070644,2.9775430325107309145683928986495240191e-78,123.0,0.97932789148652923645009195818748500242,0.92140842613254932267532441640747257707
0.69999999999999995559107901499373838305,4.360051348440545347137353193719663837e-77,122.0,0.97808837902589314194200073743505696053,0.92216637505671545447484666660090680007
0.68999999999999994670929481799248605967,6.5377410462386764598056493797808471032e-76,122.0,0.97680648568031508290716517311727161981,0.92285853476229731093223872504318021239
0.68000000000000004884981308350688777864,1.0419196191039980942071389851998494374e-74,121.0,0.97548138750453508000187179106955589525,0.92350400747906052423224288238622343496
0.67000000000000003996802888650563545525,1.8686549887638676635193383226944798684e-73,120.0,0.97408816462963322037727634169334418734,0.92413146216540891360431972975176140382
0.66000000000000003108624468950438313186,4.0807312426081675325260529376266126844e-72,120.0,0.97265533646324520262167492991098639986,0.92474624214857473793404189392938355929
0.65000000000000002220446049250313080847,1.1896782618958259650547171096198228996e-70,119.0,0.9711677923772379734154662110215786766,0.92531073034665722143217355416640693787
0.64000000000000001332267629550187848508,5.0083583280251349565119651857331802089e-69,118.0,0.96960979370604971996061186474414588177,0.92583124443454584544240468859165218786
0.63000000000000000444089209850062616169,3.1263090863809193058791576929767105544e-67,118.0,0.96798151691218951937606250868629775997,0.92631045871865198609704246063817866165
0.61999999999999999555910790149937383831,2.7679380241708096614385064866067306598e-65,117.0,0.96630331342546488183507584380603097605,0.92679005467885656638094649906774163913
0.60999999999999998667732370449812151492,3.1681495399518523703121440160683651474e-63,116.0,0.96455804081198442539782917102183208913,0.92724300284535501661661247507331476398
0.59999999999999997779553950749686919153,4.2415671141621278202604347413031502953e-61,115.0,0.96273509547115703290892935491839092205,0.92765883570871920462526225126574164213
0.58999999999999996891375531049561686814,6.1237613112537463176823131495784929118e-59,115.0,0.96083245198054609656203779742521482784,0.92803040269293020332110612226727319073
0.57999999999999996003197111349436454475,9.0066888225961954823441664223415575997e-57,114.0,0.95884722803176447116698843896153540005,0.92836599080453945868956665048740962408
0.56999999999999995115018691649311222136,1.3004713888190980634069095179234325487e-54,113.0,0.95677549076982134906435908728925057764,0.92872417103923199577452589227311977895
0.56000000000000005329070518200751394033,1.8010410870208127678052249564530431626e-52,112.0,0.95461198235675116577521656659450840555,0.92901612331117328782686605812198126504
0.55000000000000004440892098500626161695,2.3581070654443842947657669847573068355e-50,111.0,0.9523497414591045094828223825527195883,0.92932110395204517240778926861326690499
0.54000000000000003552713678800500929356,2.892990540242541299654609974157929775e-48,110.0,0.94997958847826938575032563895826309425,0.92956778242154315705426153694612896725
0.53000000000000002664535259100375697017,3.3074241423578151950950455058914780828e-46,109.0,0.94749304027746543986523657296088683097,0.92983111616442121863261717634358987087
0.52000000000000001776356839400250464678,3.511834785467049502747650627690860895e-44,107.0,0.94492257598525855586577393162578826657,0.93006004217086069154473723527304187232
0.51000000000000000888178419700125232339,3.4561909345558031625612757251369758876e-42,106.0,0.94221395959921133548767410427436549946,0.93026349140831751156401255646244937287
0.50,3.1488773751469900346699019904743655632e-40,105.0,0.93934625929700827049689685288673637805,0.93044771087778222598623346783745861267
0.48999999999999999111821580299874767661,2.6539973108795236650248410727499475918e-38,104.0,0.93638592083009894512486179571863622063,0.93061337755782343089540706890777112762
0.47999999999999998223643160599749535322,2.0684856848883256695846617996326094691e-36,102.0,0.93322736231732369138505243697049703643,0.9307569399792503726461423193012492571
0.46999999999999997335464740899624302983,1.4904032206778767733528264297861675375e-34,101.0,0.9299512560973365467500751441202328412,0.93087114699942888470941887651891923096
0.46000000000000001998401444325281772763,9.9261770795793656266993106653499770965e-33,99.0,0.92648381084302202278806007666680347993,0.93097685103498723931037212950530157383
0.45000000000000001110223024625156540424,6.1098507415664852508876378115995357937e-31,97.0,0.92282217587788430183941058320371611089,0.93104456607876759571875720984866812984
0.44000000000000000222044604925031308085,3.4753613210997418324498542435080906831e-29,95.0,0.91896423118437462030271841173145002684,0.93110198658113234178314126315378087158
0.42999999999999999333866185224906075746,1.8266237913374499060764851696373323279e-27,93.0,0.91489973599672886029643507675735087781,0.93112752729192256482291980690413666338
0.41999999999999998445687765524780843407,8.8706780661457510714515384191756805204e-26,91.0,0.91060765559607239220905207475703175059,0.93112178640798240969678682611925517949
0.40999999999999997557509345824655611068,3.980551778414867188948546237226384409e-24,89.0,0.9060518609894014494668999587795714344,0.93109032274814810692040877830921593061
0.40000000000000002220446049250313080847,1.6508355301195773690726120007205343105e-22,86.0,0.90122865644156107401306587477533208201,0.93102244267451370796159678252802829786
0.39000000000000001332267629550187848508,6.3307785999684443395480031972353496827e-21,83.0,0.8961024655989545930635284928403698171,0.93092128749555607489919518360735733121
0.38000000000000000444089209850062616169,2.2470426281664224461415910732043267849e-19,81.0,0.89067705097901289040737970962384288829,0.93077626812179498447244135518898862693
0.36999999999999999555910790149937383831,7.3935135491696175489364884124564843751e-18,77.0,0.88488655261658040197594325519826547142,0.93059110967096456631187674885187501156
0.35999999999999998667732370449812151492,2.2607240506149004879639411349921266416e-16,74.0,0.8787250514483828782997930139616376738,0.9303517747071265312999304985535191027
0.34999999999999997779553950749686919153,6.4475423736193793967236384449934170606e-15,70.0,0.8721440515334016729531991657558932036,0.93005617733982266843643772815166618685
0.34000000000000002442490654175344388932,1.7240577352045993674679342638443161916e-13,66.0,0.86510946190013315380826991847710794301,0.92969296094410882022013298293303947806
0.33000000000000001554312234475219156593,4.3528810532229868351050896673675907784e-12,61.0,0.85754766690338439322051834522857327888,0.92925414421466951967093210288094834394
0.32000000000000000666133814775093924254,1.0469862124700529184818746374029144758e-10,56.0,0.84947105157781997878629230901917666322,0.92872451382284711541596115113224148584
0.30999999999999999777955395074968691915,2.4233993653849770381968152434412978117e-09,50.0,0.84074777390578250266324957273771506696,0.92808765590341232991651444834818186576
0.29999999999999998889776975374843459576,5.4443901210257381270556011614428841812e-08,43.0,0.83137110333654076719629503098910917291,0.92732446129401941533613349150749151212
0.28999999999999998001598555674718227237,1.1863613813711272619487416006864339556e-06,36.0,0.82120151378851716824412066476041144376,0.92585855464422788801583407387676660069
0.28000000000000002664535259100375697017,2.433031994282932350256222639819136831e-05,27.0,0.81021752811742292823896011606287584109,0.92164775864628724070620041143138578585
0.27000000000000001776356839400250464678,0.00042249700612134891854186735296105668923,17.0,0.79827435968710738416893602854896409186,0.9111551265333681225341382583923132764
0.26000000000000000888178419700125232339,0.0049273398497923309673981452114776859582,4.0,0.78525427843323048839437295730691478144,0.88569920720657974711354475892563218768
0.25,0.031111648898986782827533645953851751057,0.0,0.7623875180872300198809783197719423037,0.82494827529803642012011208008448715288
0.23999999999999999111821580299874767661,0.11400785245900730790047877886869443457,0.0,0.69810319553137539900760164807146910511,0.69384519904182922542155863929729081929
0.23000000000000000999200722162640886381,0.28539557670509554978692960466115422647,0.0,0.56638366867129375517568255305563801413,0.48188834396997707667292312848194985196
0.22000000000000000111022302462515654042,0.52004139860537134180983572926739294739,0.0,0.38251581100857903872145151285843625199,0.26637746172656869723785640275252608265
0.20999999999999999222843882762390421703,0.72892338203880285435515730899762787416,0.0,0.21606247916846143198837160881715553668,0.12633912673302415759336329965720352665
0.20000000000000001110223024625156540424,0.86176236406924654362778565030905558928,0.0,0.10962240744772289659130763178087308576,0.05700968828567204300993255464484917503
0.19000000000000000222044604925031308085,0.9318201098355129656577609298364242227,0.0,0.053662331750276099280038470051866186877,0.026018013059717618764761598232411344595
0.17999999999999999333866185224906075746,0.96610910714711783633147952535692930103,0.0,0.026461257664430507701517797643869460503,0.012315835254836872088480415271656701977
0.17000000000000001221245327087672194466,0.98264090042479380406022282559293254247,0.0,0.013449547219146025075227055155850676694,0.0061112963575843412951887621732199437226
0.16000000000000000333066907387546962127,0.99071198057267281542111116264236359074,0.0,0.0071462170584504402629957815284786804845,0.0032018952207674996717881720901129687256
0.14999999999999999444888487687421729788,0.99475569164180633745707808155065343286,0.0,0.0040112016991256828152955640285188919878,0.0017836909549384149110665452167648141583
0.14000000000000001332267629550187848508,0.99662639417799069818714914906719490355,0.0,0.0025810860573478354201857118314429815316,0.0011354812442922720178644758376654062449
0.13000000000000000444089209850062616169,0.99738771978733587384768795880409503551,0.0,0.0020039645231013795237524186908851790438,0.00088530271233202597085551497131623085865
0.11999999999999999555910790149937383831,0.99782833103030415102456330921898293129,0.0,0.0016703629058339305895622756898695169774,0.00074501801366496469070860496420308855838
0.11000000000000000055511151231257827021,0.9981212073806838250214834233749560117,0.0,0.0014490223469451526308154144875954619071,0.00065400447534902212263802915278750751932
0.10000000000000000555111512312578270212,0.99832986343525393850857451833508397081,0.0,0.0012917947091202780463438954439530285499,0.00059102654167839400909969810525372758738
0.089999999999999996669330926124530378729,0.99848368744519608438084067467154990111,0.0,0.0011764224494808159809990089712814509577,0.00054668779857670817287536464425796673953
0.080000000000000001665334536937734810635,0.99859775595243618862440777943161288245,0.0,0.0010915868811750892031426733084506963713,0.00051685551888025023563782722238184669461
0.070000000000000006661338147750939242542,0.99867895918537150603210993324331297243,0.0,0.0010326377432877035178966930925530934889,0.00050124768246851525841450345990376010369
0.059999999999999997779553950749686919153,0.9987266355430095032413907109291895675,0.0,0.0010012546731462039161904838679329474196,0.00049821072145879978918631675477801509801
0.050000000000000002775557561562891351059,0.99874933414548713666317527899221776151,0.0,0.00099518124443871464838283668125123996412,0.00049589829967906179959657475062792963288
0.040000000000000000832667268468867405318,0.99876610822894108197874672287313330713,0.0,0.00099010882133632475462928486344240780357,0.00049360946294900048999413502438453303825
0.029999999999999998889776975374843459576,0.99878147926849299185759117863447755047,0.0,0.00098508784418647313709635542140773817112,0.00049134385227338434034302558472580413676
0.020000000000000000416333634234433702659,0.99879213677783336898437818520255144032,0.0,0.00098011753426901572895374676470873212675,0.00048910111590603629529125174087234450424
0.010000000000000000208166817117216851329,0.99880263956094174296777602897358240358,0.0,0.00097519712850121025167923280632940795831,0.00048688090916778103635830534191714100093
0.0,0.99881299067916378237595233693358921157,0.0,0.0009703258790471605120325260031408593543,0.00048468289426985132474577741901915229808
