value,sup,dur,Y,S
1.0,7.9116448586434504474822005224197578248e-38,129.0,0.99604126356473749881158068547698459163,0.88888399640339364567959965223036112503
0.98999999999999999111821580299874767661,7.1369081490998470238185155361210372351e-38,129.0,0.99615728799164684620855557443931913822,0.88914683100778095626548824375705251611
0.97999999999999998223643160599749535322,6.44524205779234724467764140703119599e-38,129.0,0.99626744579928367203903335119693132231,0.88940790640639400241094454238270289232
0.96999999999999997335464740899624302983,5.8300286014670939698047326771705988065e-38,129.0,0.9963721469448934422563402641800562904,0.88966729562042005446179872620793556336
0.95999999999999996447286321199499070644,5.2841377888615366994676769730101867963e-38,129.0,0.99647176622383650075904165839413200242,0.88992506270442800212101538381432702261
0.94999999999999995559107901499373838305,4.8004677436659247200814491040967836028e-38,129.0,0.99656681017452710736113875430920504206,0.89018126374998796074149168801422810489
0.93999999999999994670929481799248605967,4.3722540629788855453355896947822520308e-38,128.0,0.99665817394617082973833476648980199507,0.89043594778275891566870688125200177618
0.93000000000000004884981308350688777864,3.9932323077997119607516868758530340532e-38,128.0,0.99674524390667152220434909708831030046,0.89068915756436966797320574767580334504
0.92000000000000003996802888650563545525,3.6577085729016897974218996970817058868e-38,128.0,0.99682830768688813943098242606025584281,0.89094093030918593209641858750639893548
0.91000000000000003108624468950438313186,3.3605739437646768682471441923339576072e-38,128.0,0.99690762839808066976326341996062115211,0.89119129832496198446650775042105111308
0.90000000000000002220446049250313080847,3.097286017203543295343130062049903251e-38,128.0,0.99698344708563434158748894892085199583,0.89144028958540314935917536708329314129
0.89000000000000001332267629550187848508,2.8638323420030640380992337123754775537e-38,128.0,0.99705598491176575424829355167090243106,0.89168792824180127061347281093360166853
0.88000000000000000444089209850062616169,2.656685168944017867823700565964005819e-38,128.0,0.9971254450984716391312513455097447898,0.89199164148452865845785597726264102009
0.86999999999999999555910790149937383831,2.4727533210916705886490453903909802213e-38,128.0,0.99719201465847072844113256098693349331,0.89233915011129103907946404361658000243
0.85999999999999998667732370449812151492,2.309334666054257588782854617198764074e-38,128.0,0.99725586593870778416798505922981195581,0.89268305791881179947355664729451653078
0.84999999999999997779553950749686919153,2.1640711685707947888724810784661177426e-38,128.0,0.9973171579981280420521466817314952969,0.89302343464081186898027441740346063762
0.83999999999999996891375531049561686814,2.0349075433126022134552138985140139609e-38,128.0,0.99737603783887373926198635238418390769,0.89336034695568166756082909596698700523
0.82999999999999996003197111349436454475,1.9200539276998045079814909036335285794e-38,128.0,0.99743264150778081394721447123728383917,0.89369385871277881925401408761475209673
0.81999999999999995115018691649311222136,1.8179526290362098865354071420426444252e-38,128.0,0.99748709508303973163408014910968435358,0.89402403113865627196810167178714255988
0.81000000000000005329070518200751394033,1.7272487871983570040449793419200145135e-38,128.0,0.99753951555910546862388587576449479567,0.89435092302513436631432097862248833688
0.80000000000000004440892098500626161695,1.64676467904052550068214937177318631e-38,128.0,0.99759001164137416137997684537235117899,0.89467459090093829132324921536806058548
0.79000000000000003552713678800500929356,1.5754773376248926629036508350472615217e-38,128.0,0.99763868446076511165089686580412108014,0.8949950891884504026021953028019211931
0.78000000000000002664535259100375697017,1.5124991446876785384004301193586439395e-38,128.0,0.99768562821713562609133138962406575285,0.89531247034697312818310330825245984634
0.77000000000000001776356839400250464678,1.4570610629394787946456865300644597297e-38,128.0,0.99773093075939309643748953233495344763,0.89562678500376021496472019919146868517
0.76000000000000000888178419700125232339,1.4084981958578047523796282268311383635e-38,128.0,0.99777467410923628226211213381133449108,0.89593808207395058171786265194175261332
0.75,1.3662373901710523353709353531567037112e-38,128.0,0.9978169349346401014964526336604585245,0.89624640887042818744730871331417656285
0.73999999999999999111821580299874767661,1.329786626259926093152669902428585386e-38,128.0,0.99785778497848130329478783100620248443,0.8965518112045318531932820493605438602
0.72999999999999998223643160599749535322,1.2987259717942096218709406460093149496e-38,128.0,0.99789729144707370182122499337687118387,0.89685433347844963917065657995876113198
0.71999999999999997335464740899624302983,1.2726999026864101222475792011741741491e-38,128.0,0.99793551736283016675317147807079332823,0.89715401877005209886445534527894395524
0.70999999999999996447286321199499070644,1.2514108221479688626102531755533088078e-38,128.0,0.99797252188478460147315239787289163823,0.8974509089108465459041925777205574775
0.69999999999999995559107901499373838305,1.2346136329666731062385980530418836224e-38,128.0,0.9980083606002821883731554113550307563,0.89774504455766952356934116148811418642
0.68999999999999994670929481799248605967,1.2221112400331783130596596219042800703e-38,128.0,0.9980430857907727980844485707363537186,0.89803646525867620036518864346587184634
0.68000000000000004884981308350688777864,1.2137508797320380601483248023791206201e-38,128.0,0.99807674667431413988486537601661118425,0.89832520951413274830034399759233306666
0.67000000000000003996802888650563545525,1.2094211902665860102218579852381732024e-38,128.0,0.99810938962710229918724664680743686184,0.89861131483247031921218956199941133359
0.66000000000000003108624468950438313186,1.209049952538732448569536001901081804e-38,128.0,0.99814105838609279982752227050636103503,0.89889481778201636628463885481406353966
0.65000000000000002220446049250313080847,1.2126024451017124331171856965079646377e-38,128.0,0.998171794234550959352489254359799549,0.89917575403878055238052844874760749775
0.64000000000000001332267629550187848508,1.220080369193688775796670082195764841e-38,128.0,0.9982016361721722674816948090949447845,0.89945415843063751251819420056013409077
0.63000000000000000444089209850062616169,1.2315213111816567994488996981138465383e-38,128.0,0.99823062107123858277092155518072675937,0.89973006497821731685761032799527113089
0.61999999999999999555910790149937383831,1.2469987201239285544393443412106275887e-38,128.0,0.99825878382012122474668662630784197419,0.90000350693278600185030564920374695945
0.60999999999999998667732370449812151492,1.2666223878065395455965526772428817898e-38,128.0,0.99828615745530506500478090135867374423,0.90027451681137281117337609267321391038
0.59999999999999997779553950749686919153,1.2905394277208843905788496779146008108e-38,128.0,0.99831277328298631962460947196145828463,0.90054312642937751260732162430825946863
0.58999999999999996891375531049561686814,1.3189357582105728932191055830657394515e-38,128.0,0.99833866099118902641911254882297629744,0.90080936693087009079593502755809560252
0.57999999999999996003197111349436454475,1.352038103597962800249325951783547843e-38,128.0,0.99836384875324950418019355326622321201,0.90107326881677603975825670585536350885
0.56999999999999995115018691649311222136,1.3901165356697617291789846153004198977e-38,128.0,0.99838836332343299661884213832203211323,0.90133486197112319672116278234519485786
0.56000000000000005329070518200751394033,1.4334875866153681168463190303946780975e-38,128.0,0.99841223012537094213304967001752674212,0.90159417568551039129720203960408917257
0.55000000000000004440892098500626161695,1.4825179735268774411113964021566202216e-38,128.0,0.99843547333393978351592220322305303131,0.90185123868194399899055433074426781899
0.54000000000000003552713678800500929356,1.5376289840408623694411417857220337693e-38,128.0,0.99845811595114196646761777791581817426,0.90210607913417554013758270250937667497
0.53000000000000002664535259100375697017,1.5993015827860095839669127167603489521e-38,128.0,0.99848017987649595066997902327004360887,0.90235872468766186861915767665950698585
0.52000000000000001776356839400250464678,1.6680823091585685771733842135050509293e-38,128.0,0.99850168597239389913483745131342253095,0.90260920247825877180524551413767905819
0.51000000000000000888178419700125232339,1.744590048747357506409928411001394861e-38,128.0,0.99852265412484260481678537991520061957,0.9028575391497492140026173676449753067
0.50,1.8295237736489150129718063149956002367e-38,128.0,0.99854310329996456553365661374782369873,0.90310376087029866518814919407868471385
0.48999999999999999111821580299874767661,1.9236713611401201731654840759154632146e-38,128.0,0.99856305159660143733201281722076701197,0.90334789334792198535045937989078642555
0.47999999999999998223643160599749535322,2.0279196159131252565245447919174806675e-38,128.0,0.99858251629533093892863958432836450012,0.90358996184503908104809031472288577817
0.46999999999999997335464740899624302983,2.1432656385452282109734527667893416169e-38,128.0,0.99860151390418025729661175525179080088,0.90382999119218994985430531259068322317
0.46000000000000001998401444325281772763,2.2708297023129270323090872111530869489e-38,128.0,0.99862006020129377392971110516517026246,0.90406800580097371768173562056762494927
0.45000000000000001110223024625156540424,2.4118698221251428753720102612633664886e-38,128.0,0.99863817027479019109194652981233225247,0.9043040296762708101965993088319870419
0.44000000000000000222044604925031308085,2.5677982235301532674845600336715063866e-38,128.0,0.99865585856002361631200950868242384031,0.9045380864278023853387187097188933108
0.42999999999999999333866185224906075746,2.7401999467561267108601761923502742293e-38,128.0,0.99867313887444463353578665770529789234,0.90477019928107665516290722218940186812
0.41999999999999998445687765524780843407,2.9308538509182624762096816482560623097e-38,128.0,0.9986900244502406282353468147811556517,0.90500039108776753472797814794931365161
0.40999999999999997557509345824655611068,3.1417563172417209365159212481850355283e-38,128.0,0.99870652796491946864695914234822226672,0.90522868433556730335091616797310736556
0.40000000000000002220446049250313080847,3.3751479878202490782045735311660720012e-38,128.0,0.99872266156998690258734576749109069282,0.90545510115755150355621812801423953035
0.39000000000000001332267629550187848508,3.6335439185068068016539218529053593198e-38,128.0,0.99873843691785556709701753471783639337,0.90567966334109116432941071004896074254
0.38000000000000000444089209850062616169,3.9197675715085952329945657226548703474e-38,128.0,0.99875386518711219215169647289953918895,0.90590239233634453350071298727014989549
0.36999999999999999555910790149937383831,4.2369891256753009576968662974970582271e-38,128.0,0.99876895710625930157600565296426140037,0.90612330926435792131063554343318029347
0.35999999999999998667732370449812151492,4.5887686409164638952312194850273016912e-38,128.0,0.99878372297603835955516780695406175384,0.9063424349248028127856057923158150386
0.34999999999999997779553950749686919153,4.9791046783059966588630316315121867923e-38,128.0,0.99879817269043279896034320862974130679,0.90655978980337423863524278922823459987
0.34000000000000002442490654175344388932,5.4124890499304365247212781784033640149e-38,128.0,0.9988123157564416082148965611570819558,0.9067753940788733776713341742738715176
0.33000000000000001554312234475219156593,5.8939684531750959784274999651343869001e-38,128.0,0.99882616131270707707642721933143650562,0.90698926762999553764435824767340866213
0.32000000000000000666133814775093924254,6.4292138337459814022297484743884203515e-38,128.0,0.99883971814707383911398525970780491053,0.90720143004184295641413630930018261689
0.30999999999999999777955395074968691915,7.0245984211907738466367642768041344766e-38,128.0,0.99885299471315044759692216481564219675,0.90741190061218036942456589808354739434
0.29999999999999998889776975374843459576,7.6872854909760095024006872001887261741e-38,128.0,0.99886599914593931931752593116860600556,0.90762069835744983931337014195740155213
0.28999999999999998001598555674718227237,8.4253270293419451625743618640029888532e-38,128.0,0.99887877286008243219690936326988450839,0.9078278420185600786703631144078747769
0.28000000000000002664535259100375697017,9.2477746123106736522950465535900648552e-38,128.0,0.99889129698304948491016088781155800527,0.90803335006646430533527060590706855455
0.27000000000000001776356839400250464678,1.0164803959566531299843361502654056998e-37,128.0,0.99890357032671286729634076458275470373,0.90823724070753959522940324700116131529
0.26000000000000000888178419700125232339,1.1187854788742115889622116366601921549e-37,128.0,0.9989155999330755463629689142861924169,0.90843953188877968022009826579149705361
0.25,1.2329787777293651451068005537013156679e-37,128.0,0.99892739259046974782540607032636225242,0.90864024130281226705016829374080265438
0.23999999999999999111821580299874767661,1.3605060639084252662018352073069647108e-37,128.0,0.9989389548447388008708585042437194207,0.90883938639275107717374768870509753416
0.23000000000000000999200722162640886381,1.5029925542545728916504664981840736632e-37,128.0,0.99895029300983454840667685436547258968,0.90903698435689206323322448732158430263
0.22000000000000000111022302462515654042,1.6622650338472841366033902274681193576e-37,128.0,0.99896141317786567429486641079202227461,0.9092330521532625489843868522033048448
0.20999999999999999222843882762390421703,1.8403766329811770734785549226399757738e-37,128.0,0.99897232122862987278512350932851978946,0.90942760650403138183208270465173605089
0.20000000000000001110223024625156540424,2.0396345605005407358994264107815573144e-37,128.0,0.99898302283866054637239441196111628892,0.90962066389978761107131252742619219182
0.19000000000000000222044604925031308085,2.2626311272388317693666781161156268937e-37,128.0,0.99899352348981664737609620801202640572,0.90981224060369464286671578768723462644
0.17999999999999999333866185224906075746,2.5122784277681569726286067101834585368e-37,128.0,0.99900382847744236437889870342497345643,0.91000235265552632076838348931548044248
0.17000000000000001221245327087672194466,2.7918470861769775138041944964590743206e-37,128.0,0.99901394291812158417469376432766065891,0.91019101587559093274821133633934794338
0.16000000000000000333066907387546962127,3.1050095123634146587775474489815898651e-37,128.0,0.99902387175705041896548825112022794125,0.91037824586854870596274607171787909557
0.14999999999999999444888487687421729788,3.4558881595572823953217135521705954694e-37,128.0,0.99903361977504956897601121729858527427,0.91056405802712795939601474206176829914
0.14000000000000001332267629550187848508,3.8491093216672230785069588995659127954e-37,128.0,0.99904319159523688252972413652791711305,0.91074846753574473828723010982661089762
0.13000000000000000444089209850062616169,4.2898630607888813372770274043113527831e-37,128.0,0.99905259168937916784112924337558463651,0.91093148937403040819672185686174336965
0.11999999999999999555910790149937383831,4.7839699110001806441748202972572739996e-37,128.0,0.9990618243839410975344106440414620151,0.91111313832027138113159599884621257919
0.11000000000000000055511151231257827021,5.3379550645969632667196476210584430527e-37,128.0,0.99907089386584792066584147491231221954,0.91129342895476487836991093791375805769
0.10000000000000000555111512312578270212,5.9591308113615894348374820552466640401e-37,128.0,0.99907980418797764880837387906619646737,0.91147237566309435894071212227541914696
0.089999999999999996669330926124530378729,6.6556880704685003802087119603883379502e-37,128.0,0.99908855927439740911470880988646452358,0.91164999263932801036289971707410100632
0.080000000000000001665334536937734810635,7.4367979283540423783420683682735241181e-37,128.0,0.9990971629253577509320890932933591131,0.91182629388914347686927527095001784566
0.070000000000000006661338147750939242542,8.3127241744277571144173006269746084055e-37,128.0,0.99910561882205784881570780499744164083,0.91200129323288179817143802744154506466
0.059999999999999997779553950749686919153,9.2949479099625401403099550603586012665e-37,128.0,0.99911393053119375838901863701367754898,0.9121750043085333365023152168797068218
0.050000000000000002775557561562891351059,1.0396305393917889649262330030550127922e-36,128.0,0.99912210150930114916106721804054019785,0.91234744057465830227447205876252582055
0.040000000000000000832667268468867405318,1.1631140382825416771458322056743726521e-36,128.0,0.99913013510690325512041405666164309224,0.91251861531324432778097857364121798428
0.029999999999999998889776975374843459576,1.3015472320147782818574713867974142272e-36,128.0,0.99913803457247414600743277317209125577,0.91268854163250338218103896950546898079
0.020000000000000000416333634234433702659,1.4567181833599091417188379657651365574e-36,128.0,0.99914580305622682741096831896320044964,0.91285723246961019331626818522825675866
0.010000000000000000208166817117216851329,1.6306215106603173707489993604841451774e-36,128.0,0.99915344361373512150199805212373964474,0.9130247005933842074710255116776590642
0.0,1.8254808802102141243350963497346886257e-36,128.0,0.99916095920939776071705377024945194049,0.91319095860691700270213820250375962593
