value,sup,dur,Y,S
1.0,2.5019756555378883310389460052981141591e-77,130.0,0.99604088457808246582391958910242413298,0.88881968448054698040653630109176882525
0.98999999999999999111821580299874767661,2.2790762443654827712393464116730699459e-77,130.0,0.99615714351931256149895664786362713884,0.8890646658232109215481487634701082637
0.97999999999999998223643160599749535322,2.0781023843283144085438832912472935146e-77,130.0,0.99626750371343792945888679375835637038,0.88930796921691180340783826193461850321
0.96999999999999997335464740899624302983,1.8976857541830200588803384309203189978e-77,130.0,0.99637237912549451407081172217850602249,0.88954967636367303565560760177342681573
0.95999999999999996447286321199499070644,1.7362054248231864099706473843356217858e-77,130.0,0.99647214806095503088928816253361723723,0.88978985918822723291365517550987791106
0.94999999999999995559107901499373838305,1.5919592100742466495079903941229571129e-77,130.0,0.9965671566271289017686164346055310745,0.89002858090054837390416640203988839835
0.93999999999999994670929481799248605967,1.4632679122424434252246171889833654654e-77,130.0,0.9966577218432303808051632770725612008,0.89026589694785077329963481150199982171
0.93000000000000004884981308350688777864,1.3485357334670020298968032583913943826e-77,130.0,0.99674484314617866338299130308390645049,0.89050185586762705116648165061086138916
0.92000000000000003996802888650563545525,1.2462823630667812858858098414487921577e-77,130.0,0.99682796063106538830461502529437100786,0.89080056668972514386272913310052944946
0.91000000000000003108624468950438313186,1.1551570468569154043100186919471061919e-77,130.0,0.99690732516010445197049260216069189958,0.89115552526444014876096307899646480814
0.90000000000000002220446049250313080847,1.0739414585348990012570235038345568043e-77,130.0,0.99698317919270048093799645166198155451,0.89150661947460912570554154601142812704
0.89000000000000001332267629550187848508,1.0015458601558996081499681701173171097e-77,130.0,0.99705574510920964813989323575556835662,0.89185393694599978016278117820893651483
0.88000000000000000444089209850062616169,9.3700147883470718190228997327664491204e-78,130.0,0.99712522718136359058735341784836663647,0.89219756080619560440171809432713031281
0.86999999999999999555910790149937383831,8.7945098574428119231099188105470658478e-78,130.0,0.99719181332678241460905649550893420675,0.8925375700360356791863557820447737199
0.85999999999999998667732370449812151492,8.2813827072514576856122185424161051984e-78,130.0,0.99725567667269643411686542448041127527,0.89287403978946237165394274131770416989
0.84999999999999997779553950749686919153,7.8239824697211951478835866012710320113e-78,130.0,0.99731697695106191319072493340830738515,0.89320704168481454300446881167111886449
0.83999999999999996891375531049561686814,7.4164711845501928148280792058926473618e-78,130.0,0.99737586174463416440044835326283772833,0.8935366440702958173590389288590460378
0.82999999999999996003197111349436454475,7.0537334623559931151486719047636531831e-78,130.0,0.99743246760123030989325030837907094734,0.89386291226607224277777476314871477404
0.81999999999999995115018691649311222136,6.7312942382242002958374898886517640114e-78,130.0,0.99748692103134971402480822678698062271,0.89418590878520762599902827830063116176
0.81000000000000005329070518200751394033,6.4452449267175965870760049570917956517e-78,130.0,0.99753933940249763627814946229089209471,0.89450569353542469823514449010077391558
0.80000000000000004440892098500626161695,6.1921778106230199467827876965289455767e-78,130.0,0.99758983174195252683871198752528536281,0.89482232400348323662172595892208496326
0.79000000000000003552713678800500929356,5.9691282217761138776277238441476088188e-78,130.0,0.99763849945830620500031852228048284068,0.8951358554237896627801202011397345412
0.78000000000000002664535259100375697017,5.7735239315057616809605248839626051053e-78,130.0,0.99768543699086717897966203805779139224,0.89544634093269452097681525425778404574
0.77000000000000001776356839400250464678,5.6031411124997424948318335684707785096e-78,129.0,0.99773073239493051693289026812504734763,0.89575383170979216969987542550985444813
0.76000000000000000888178419700125232339,5.4560662311388456718787415080435115469e-78,129.0,0.99777446786996491398642430212491301267,0.89605837710740968877135606498545884734
0.75,5.3306632583426523444162571925113337783e-78,129.0,0.99781672023693259767891258496438579935,0.89636002476935754881994328019862622203
0.73999999999999999111821580299874767661,5.2255456338052469709881383581180836455e-78,129.0,0.99785756137022599132165289712815371156,0.89665882073991175297429235922806851675
0.72999999999999998223643160599749535322,5.1395524742025236402811087851386081112e-78,129.0,0.99789705858906375161836419637550831398,0.89695480956390467869619235508308893688
0.71999999999999997335464740899624302983,5.0717285748737480245917660028630758127e-78,129.0,0.99793527501262657296703867518878592582,0.89724803437871863000770958733747933906
0.70999999999999996447286321199499070644,5.0213078131873048833856716957281842622e-78,129.0,0.99797226988272003588970978865617258694,0.89753853699890118368839667249086392953
0.69999999999999995559107901499373838305,4.9876996183355981509816843095183694433e-78,129.0,0.99800809885731903016898895493026136696,0.8978263579940539110882577798405965421
0.68999999999999994670929481799248605967,4.9704782256759496428797067714610390369e-78,129.0,0.99804281427796825809853255097722818508,0.89811153676058520853497750717970489049
0.68000000000000004884981308350688777864,4.9693744835791921175883031289249889775e-78,129.0,0.99807646541367934140993762217747811726,0.89839411158786308323185769696774740542
0.67000000000000003996802888650563545525,4.9842700271005573492419718555401581055e-78,129.0,0.99810909868367129514990333345974319097,0.89867411971925423301657578691248698081
0.66000000000000003108624468950438313186,5.0151936759310592374834531567572135604e-78,129.0,0.99814075786104250302385044605493267887,0.89895159740849096754809313083464528178
0.65000000000000002220446049250313080847,5.0623199544529403696781478841551912738e-78,129.0,0.99817148425923444080177273270098682585,0.89922657997176721991045682555242214149
0.64000000000000001332267629550187848508,5.125969669825833092188090916366843153e-78,129.0,0.99820131690294634998625698597946535874,0.89949910183592825958690048646357675826
0.63000000000000000444089209850062616169,5.2066125204324705284094061250520178944e-78,129.0,0.99823029268498255794436331223014924185,0.89976919658308574536935050441226320891
0.61999999999999999555910790149937383831,5.3048717422978073847542751773323287921e-78,129.0,0.99825844651035722272722926124904129732,0.90003689699195983684260012222104197653
0.60999999999999998667732370449812151492,5.4215308358572548910064052446498339421e-78,129.0,0.99828581142884242238353996957553069127,0.90030223507622301616850192972596785353
0.59999999999999997779553950749686919153,5.5575424502879219740461650507477909159e-78,129.0,0.9983124187570224916689975927514093749,0.90056524212009574956453233001982436551
0.58999999999999996891375531049561686814,5.7140395381365907113128027559032902932e-78,129.0,0.99833829819080840370983741602508134606,0.90082594871142189221404985519465613181
0.57999999999999996003197111349436454475,5.8923489297942857769645436220468837342e-78,129.0,0.99836347790926911691887233762070622026,0.90108438477243158618982351147515169074
0.56999999999999995115018691649311222136,6.0940075161095141268728962334465686185e-78,129.0,0.99838798467055068914723996619590054026,0.90134057958838111624320707283900272722
0.56000000000000005329070518200751394033,6.3207812687528216044425845664960849194e-78,129.0,0.99841184390057731840544280858169348581,0.90159456183424258874800999497366787998
0.55000000000000004440892098500626161695,6.5746873725274611232862317566711543198e-78,129.0,0.99843507977516018351418642346225372756,0.90184635959960124695235123339393843696
0.54000000000000003552713678800500929356,6.8580197923880187306324417966452025486e-78,129.0,0.99845771529607903841764433480690023059,0.90209600041190448315418847573485235876
0.53000000000000002664535259100375697017,7.1733786512546521541367944294956402082e-78,129.0,0.99847977236164712402145530758473828426,0.90234351125819426015788806749687383207
0.52000000000000001776356839400250464678,7.5237038536293476466719969781530829036e-78,129.0,0.9985012718322213154862568407312972563,0.90258891860544323662690174917024805102
0.51000000000000000888178419700125232339,7.9123134554392789033238896964451252932e-78,129.0,0.99852223359107589430770186822652664061,0.90283224841960465233012072775546061761
0.5,8.3429473534415610624811880168569681076e-78,129.0,0.99854267660101932142115655822047200914,0.90307352618347663632173527398438228862
0.48999999999999999111821580299874767661,8.8198169490111906978435184436704908941e-78,129.0,0.99856261895709839032393634724714864828,0.90331277691347306876802744574358506239
0.47999999999999998223643160599749535322,9.3476615323977778793273231897607657429e-78,129.0,0.99858211910296580740642991063028691691,0.90355002517538535170147555032376958322
0.46999999999999997335464740899624302983,9.9318122358996482033640712119424931315e-78,129.0,0.99860117808805224466829966702749321109,0.90378529509921235763713203194603431667
0.46000000000000001998401444325281772763,1.0578264519329010240315008542606247782e-77,129.0,0.99861978375075764435232460398278569739,0.90401861039312936265983442235124042848
0.45000000000000001110223024625156540424,1.1293760280248739296551911383178325283e-77,129.0,0.99863795123027779946622166530010021426,0.90424999435666088628671720881979377865
0.44000000000000000222044604925031308085,1.2085880826543437808086449622292227693e-77,129.0,0.99865569501391360161577636291001319709,0.90447946989311695553657375741808081314
0.42999999999999999333866185224906075746,1.2963152111931546227875188874132148304e-77,129.0,0.99867302897155905887441019281289109137,0.90470705952134744674800888206186930857
0.41999999999999998445687765524780843407,1.3935163818230125018393963464746285098e-77,129.0,0.99868996638802417763311030965160876246,0.90493278538686463006911057002678214035
0.40999999999999997557509345824655611068,1.5012704073983104381836692586077221466e-77,129.0,0.99870651999334957698805532761738887715,0.90515666927237997289453779740205808903
0.40000000000000002220446049250313080847,1.6207911830146650587191167439013607632e-77,129.0,0.99872270199125688547033564876768618639,0.90537873260779750476163407489405976602
0.39000000000000001332267629550187848508,1.7534449172862027068994056113777546112e-77,129.0,0.99873852408586731160630346370504896157,0.905598996479702633490419821971756227
0.38000000000000000444089209850062616169,1.9007696144212209481192751390316763077e-77,129.0,0.99875399750681016366244292805482625764,0.90581748164038214601601882902870220797
0.36999999999999999555910790149937383831,2.0644970967861655489210887504729741081e-77,129.0,0.99876913303283342556309489927281181523,0.90603420851640830611616474382644855134
0.35999999999999998667732370449812151492,2.2465778941585383439812736877267537633e-77,129.0,0.99878394101401967275274277963985446233,0.90624919721681729624104521786367647757
0.34999999999999997779553950749686919153,2.4492093667260321593468834352098058519e-77,129.0,0.99879843139270256323936780504762176911,0.90646246754090987588132163964735448785
0.34000000000000002442490654175344388932,2.6748674745691970636285495873048920591e-77,129.0,0.99881261372317178421565958449805111599,0.9066740389856999200622300641595991951
0.33000000000000001554312234475219156593,2.9263426573905598954821634843186250211e-77,129.0,0.9988264971902476116631284099536504055,0.90688393075303449597715751380974495352
0.32000000000000000666133814775093924254,3.2067803451945184305269245110890847811e-77,129.0,0.99884009062680008647059350929883761983,0.90709216175640726410339934285964587409
0.30999999999999999777955395074968691915,3.5197266841009542276077677900296140747e-77,129.0,0.99885340253028217940354578449880492512,0.90729875062748533753908358505144758413
0.29999999999999998889776975374843459576,3.8691801321667613219612869951764788361e-77,129.0,0.9988664410783411510510841606068095024,0.90750371572236813857367811457361792962
0.28999999999999998001598555674718227237,4.2596496587263927097483926265609093313e-77,129.0,0.99887921414356757855676875625181522853,0.90770707512759539061887868723670359243
0.28000000000000002664535259100375697017,4.696220368138102689898860315617087671e-77,129.0,0.99889172930743717303200260137992637103,0.9079088466659200656847605835404125054
0.27000000000000001776356839400250464678,5.184627465793058238251734144166446254e-77,129.0,0.99890399387349651855866581248319180913,0.90810904790186091499648939813450267576
0.26000000000000000888178419700125232339,5.7313395917316013660438014397988404293e-77,129.0,0.99891601487984019084731021359836305737,0.90830769614704808314877807993865217155
0.25,6.3436526662045245470541070406686307939e-77,129.0,0.99892779911092333830989474703032232241,0.90850480846537433121318892670302184561
0.23999999999999999111821580299874767661,7.0297955230762994900505582330109988197e-77,129.0,0.99893935310875069600976970629773906938,0.90870040167796342280261050850501265892
0.23000000000000000999200722162640886381,7.7990487522224058088005564942332543821e-77,129.0,0.99895068318348013907154543883315787801,0.90889449236796639299274284769488872307
0.22000000000000000111022302462515654042,8.661878332226064598802124226014574769e-77,129.0,0.99896179542347623997209364358327313342,0.9090870968851956275211187037909664029
0.20999999999999999222843882762390421703,9.6300858110043833550773828561811394241e-77,129.0,0.99897269570484685593637451422057865342,0.90927823135060594412928851746963963225
0.20000000000000001110223024625156540424,1.0716976985834479712317222220992231984e-76,129.0,0.99898338970049352303770174281713987241,0.909467911660631218583082237034305746
0.19000000000000000222044604925031308085,1.1937551247018971893962387843902335737e-76,129.0,0.99899388288870435316816484183818370629,0.90965615349138446799857933111503689519
0.17999999999999999333866185224906075746,1.3308713982605221681753300560092649105e-76,129.0,0.99900418056131620738727936101129573042,0.90984297230272873822281167893176574992
0.17000000000000001221245327087672194466,1.4849514696692036823178194120063744223e-76,129.0,0.99901428783147114106711825625418352398,0.91002838334222563450289652417431992722
0.16000000000000000333066907387546962127,1.6581413772512789585473407910114746522e-76,129.0,0.99902420964099046854181374659538482734,0.91021240164896783960562134866207970744
0.14999999999999999444888487687421729788,1.8528581115312547853006233668699794076e-76,129.0,0.99903395076738826931074013913968095806,0.91039504205730152057996424238479291963
0.14000000000000001332267629550187848508,2.0718230240711024735652216720015275561e-76,129.0,0.99904351583054474426811571319757280602,0.9105763192004441303531337597708696007
0.13000000000000000444089209850062616169,2.3180991733456402782446040824551996915e-76,129.0,0.99905290929905851776100825129067629205,0.91075624751400271920275523273399856145
0.11999999999999999555910790149937383831,2.5951330390927543317439145597589258965e-76,129.0,0.99906213549629576365811866745664006154,0.91093484123939752332372938460550910247
0.11000000000000000055511151231257827021,2.9068010787121046666222561509402139542e-76,129.0,0.99907119860615290345771510382209202719,0.91111211442719529006648329854760651966
0.10000000000000000555111512312578270212,3.2574616447816745634016194968665501236e-76,129.0,0.99908010267854857272956486784795624863,0.91128808094035648696786358666491713439
0.089999999999999996669330926124530378729,3.6520128317742639577138207758034668183e-76,129.0,0.99908885163465957539125603983223823155,0.91146275445740027458051314921564277273
0.080000000000000001665334536937734810635,4.0959568727358683500697964265889052413e-76,129.0,0.99909744927191463614910506304764054247,0.91163614847549086934689282071286956528
0.070000000000000006661338147750939242542,4.5954717631724571872717749317060678334e-76,129.0,0.99910589926875891517120098322907426599,0.91180827631344869027444780472159714497
0.059999999999999997779553950749686919153,5.1574908498021869434721591049687426018e-76,129.0,0.99911420518920146038613500349334115562,0.91197915111468945963687243605688003113
0.050000000000000002775557561562891351059,5.7897911862670720259875737284469487643e-76,129.0,0.99912237048715703842046546311392436885,0.91214878585009423392353455352917704588
0.040000000000000000832667268468867405318,6.5010915264362921697790633496937734542e-76,129.0,0.99913039851059310006469073309102607507,0.91231719332081315556968045975377243878
0.029999999999999998889776975374843459576,7.3011608986160928750079374428571154974e-76,129.0,0.99913829250549199659498279782964819376,0.91248438616100553675726592838241226053
0.020000000000000000416333634234433702659,8.2009387808148173196611546581737367793e-76,129.0,0.99914605561963796704527807131579261132,0.91265037684051873703625605272629823918
0.010000000000000000208166817117216851329,9.2126679781577998135145438012443352596e-76,129.0,0.99915369090623785886586264182858574066,0.91281517766750814191639274134178701534
0.0,1.035004138851605744150363197112262278e-75,129.0,0.99916120132738402371498617682802786458,0.91297880079100041507684422514068569448
