value,sup,dur,Y,S
1.0,3.2542499015216151059637742148873948742e-25,101.0,0.99608517062250971376375689442954661903,0.26945857525651123824616849868608101695
0.98999999999999999111821580299874767661,8.7876825695647115823971215342071444794e-25,100.0,0.99576877212793942112153723562036894238,0.26964258604779131516148993179608329861
0.97999999999999998223643160599749535322,2.3575914279133631545961774528448527753e-24,99.0,0.99545262383285829431619677897603770704,0.26989704322023826989518066814168299014
0.96999999999999997335464740899624302983,6.2768341647519985357353717999378084644e-24,98.0,0.99513788209055356933133234115047067951,0.27021744441576466150469776009537231669
0.95999999999999996447286321199499070644,1.6568262201609161021003152709481387534e-23,97.0,0.99482418521173283363590789130290068237,0.27059895494132057131603728748642571739
0.94999999999999995559107901499373838305,4.3324709599782249623863158913261822686e-23,96.0,0.99451224907130170364010595106675899894,0.27103648973041432910937653897223910964
0.93999999999999994670929481799248605967,1.1216063598934701589135022508371537282e-22,95.0,0.99420266295442090782378537351964374366,0.27152475150398299688886252071496791483
0.93000000000000004884981308350688777864,2.8732590088250130728320304514319598246e-22,95.0,0.99389538492814258401240196264581915481,0.27205823436665768362906427974704567661
0.92000000000000003996802888650563545525,7.2807568071821924682564173250894283136e-22,94.0,0.99359069186596063359981815215659699937,0.27263120020661685072893509170624541596
0.91000000000000003108624468950438313186,1.8244564978465364676662678229687991663e-21,93.0,0.99328876453148373668899873807165146312,0.27323763362664746215153364877773914772
0.90000000000000002220446049250313080847,4.5204255252959936253548647431601435982e-21,92.0,0.9929901795962374492247489918294581519,0.27387117974341941434401326542934918084
0.89000000000000001332267629550187848508,1.1073621298873088949752690839697141506e-20,91.0,0.99269500916402694881633224668682193226,0.27452506805125010972295855876116690172
0.88000000000000000444089209850062616169,2.6821264381115540115341316574716207095e-20,89.0,0.99240294964054343165065736415277717631,0.27519202464307862986237808031194374433
0.86999999999999999555910790149937383831,6.4239025241507855124044176314448406491e-20,88.0,0.99211424734760441066320675266301698149,0.27596016208736200101576260875307113757
0.85999999999999998667732370449812151492,1.5217154357300637800666383857367835663e-19,87.0,0.99182983364698262653870593077131333956,0.27676701198912199098807336916159961148
0.84999999999999997779553950749686919153,3.566146878270732740612163039624754151e-19,86.0,0.99154827564787705105319116164162701396,0.27757386254925297510513495900937611011
0.83999999999999996891375531049561686814,8.2707105934648339979222575969090602686e-19,85.0,0.99127162289084525636733804285178118663,0.27837087023360920979745183984963216454
0.82999999999999996003197111349436454475,1.899063369179864625158290683731404147e-18,84.0,0.99099809437233735237199456876221871126,0.27914710253844074768702480153618017883
0.81999999999999995115018691649311222136,4.3190865860651245275205820867687621459e-18,83.0,0.99072870737098017916784852507718366714,0.28000512218567008252062646524933873393
0.81000000000000005329070518200751394033,9.7348599937853276505419586475206247918e-18,81.0,0.9904637413037047150173681683710052983,0.28091358814351360894880763416092806655
0.80000000000000004440892098500626161695,2.1757477604541379012563259354469631522e-17,80.0,0.9902023204433981166711677708886073927,0.28177619771732216691171885296654826517
0.79000000000000003552713678800500929356,4.8251403855335967481816174314813820943e-17,79.0,0.98994465103015102913235110034961188822,0.28258038218522921793345590935345653258
0.78000000000000002664535259100375697017,1.0625301061645474236619173848863247498e-16,78.0,0.98969140072937441946794858784754784849,0.28356444475143253923802173229218525437
0.77000000000000001776356839400250464678,2.3250680395872895967083689959771876617e-16,76.0,0.98944259719193511754592583573909080203,0.2844655790405098091506642487945032813
0.76000000000000000888178419700125232339,5.0600267591021620350806811056913325618e-16,75.0,0.98919770213482995880929333851298134256,0.28532979166064422806688989244001024279
0.75,1.0961734345159161233809427606658238382e-15,73.0,0.98895675641308606817690151580187924503,0.28631802737396389548964569056266723069
0.73999999999999999111821580299874767661,2.3660805011995376277421922724117177267e-15,72.0,0.98871974698299932456664296058463037615,0.28716839584994578020006532269040613333
0.72999999999999998223643160599749535322,5.0938604762586678350409059352034150152e-15,71.0,0.98848659552286022349646855126781532484,0.28817700305445649500202979894628610099
0.71999999999999997335464740899624302983,1.0949789981971594135379298431602369195e-14,69.0,0.98825714436037310952379485093814368474,0.2890443546251955473302323435216521858
0.70999999999999996447286321199499070644,2.3529450207888779891902506487946434082e-14,68.0,0.98803276273421515094448187517683475018,0.29005669784486197822397471380858605193
0.69999999999999995559107901499373838305,5.0606359078705832968605135879655858341e-14,66.0,0.98781220115505153594722039965263201854,0.29092625682010830497573000019725363589
0.68999999999999994670929481799248605967,1.0908425940508703963566093263998981015e-13,64.0,0.98759494683331235370800093345663719326,0.29193297979159986692651282412387665095
0.68000000000000004884981308350688777864,2.3599235300413392027899648325663556578e-13,63.0,0.98738049496762903384261047323415925737,0.29287945408076068373673953852620592314
0.67000000000000003996802888650563545525,5.1317963978612395008563787154309891868e-13,61.0,0.98717217984758024221490088208639910169,0.29375452175249745891994508592075753742
0.66000000000000003108624468950438313186,1.1235129361875097412767154160962602731e-12,59.0,0.98696583226420763166615535026894005928,0.29475361451391999923368599528334887806
0.65000000000000002220446049250313080847,2.4806959041350274469145664097208204622e-12,57.0,0.98676416875073408846952997484275349657,0.29572415769546902266048757992954281817
0.64000000000000001332267629550187848508,5.5342279133189884478060965142629330244e-12,56.0,0.98656496611231572999323163591700142048,0.29666476550282811413413979492740219406
0.63000000000000000444089209850062616169,1.2499284873683551149705972520287549801e-11,54.0,0.98637094060058228502615808084942536492,0.297593005045213939364683355377992431
0.61999999999999999555910790149937383831,2.8640019152089941224091149238675055017e-11,52.0,0.98617890485971775705342096221449665111,0.29852134977713200783132730081667819583
0.60999999999999998667732370449812151492,6.6726576677715693712900063056400105547e-11,50.0,0.98599035958921855402969347870134955739,0.29945639667522490207586853492694393493
0.59999999999999997779553950749686919153,1.5845408075204576658850687957188716859e-10,48.0,0.98580657930961735783221825700888162132,0.30039793067819997584609242325278475499
0.58999999999999996891375531049561686814,3.8449748354927932468329992151109131604e-10,46.0,0.98562558534746313167833659656223046858,0.30133777628363043507942716315095668647
0.57999999999999996003197111349436454475,9.559559321577461333519756625367996432e-10,43.0,0.98544760744540708597167007228440267342,0.30225837436440588287201123850883968998
0.56999999999999995115018691649311222136,2.4420815782772062675544428102934822042e-09,41.0,0.98527267031859973559646386686908464222,0.30313102472092123233537079778367100915
0.56000000000000005329070518200751394033,6.4286945846552552903598787038457618612e-09,39.0,0.9851005283476122508623444484845297656,0.3040643568635366886219937751605110135
0.55000000000000004440892098500626161695,1.7490283665729819663398045420875149566e-08,36.0,0.98493057708602182101177056311295134664,0.30499257882392072892967384138094524351
0.54000000000000003552713678800500929356,4.9318390786909537503092735292824899564e-08,34.0,0.98476612273717079724108295577031582113,0.3058558382259927421749520950048590021
0.53000000000000002664535259100375697017,1.444938778280061472547011640981746726e-07,31.0,0.98460327337508543062320884207263808402,0.30677316968081823145113758379134507597
0.52000000000000001776356839400250464678,4.4067484520215367925536017646672592058e-07,28.0,0.98444262577091486632815467946665711043,0.30767907589353659623588318897934720553
0.51000000000000000888178419700125232339,1.3997972712589364488343609605606024406e-06,26.0,0.98423981201637274417700686900650160359,0.30853754528251803362726193080937267457
0.50,4.6233868413448517699253054355776898083e-06,23.0,0.98388630646313595497229671703286251675,0.30939252039062282627578015286419865819
0.48999999999999999111821580299874767661,1.5790534814146202668050437220691274267e-05,20.0,0.98330255708387304265140234822959980111,0.31026460767386444486158890567328907195
0.47999999999999998223643160599749535322,5.5108616182033794850269688329506954243e-05,16.0,0.98236382180311734952182884194556766455,0.3111461114296200010583103047878880598
0.46999999999999997335464740899624302983,0.00019234920933533716720147907172220399185,13.0,0.9808707396749897063359057351084877906,0.3119942501496777655800742210016174046
0.46000000000000001998401444325281772763,0.00064900775979899228354253702981336313969,10.0,0.97850061759583152978729346384923538595,0.31278865006047228132293420535881238518
0.45000000000000001110223024625156540424,0.0020242583774339975539511452439465730346,6.0,0.97473062307754026116934043534975244544,0.31365622537162220950925286583899035216
0.44000000000000000222044604925031308085,0.0055876134230289452651205563746340602581,2.0,0.96872864209512495692597122301539095252,0.31449165402925665293070209209981043202
0.42999999999999999333866185224906075746,0.013334835557758143839262192450981849024,0.0,0.95922780498965690499286185894329058893,0.31237238008030422638605224211008560502
0.41999999999999998445687765524780843407,0.027653934678699338109513356732131329796,0.0,0.94444343090916127754951909895430424992,0.29928453635830247405795476224661057348
0.40999999999999997557509345824655611068,0.050957299942091211702898525683541067451,0.0,0.92213918298163663454356162330876808048,0.27517936704178603748330839714313210868
0.40000000000000002220446049250313080847,0.085419297021288215585050482505503806056,0.0,0.88995099717735346850773846381537604014,0.24280586835184102934441776716449712803
0.39000000000000001332267629550187848508,0.13254566912290800054104225704162108848,0.0,0.84598762556838670012225629934792390497,0.20620152037590145641148074814257096695
0.38000000000000000444089209850062616169,0.19255315147292638453953414144428426335,0.0,0.78956336907548027265440772172054771027,0.16929319920243849388400349530292890009
0.36999999999999999555910790149937383831,0.26388805599436538115742847930485381893,0.0,0.72176554501786007789778412901680000903,0.13506445621395893346612071860313904265
0.35999999999999998667732370449812151492,0.34323787070549812371671410209290318454,0.0,0.6455351431728000021151674285863484537,0.10530390725347796206663679083776727497
0.34999999999999997779553950749686919153,0.42614079609599878332268583235209031924,0.0,0.56512864668752497374647229057870639346,0.08070506819937489855721986031634060099
0.34000000000000002442490654175344388932,0.50795826498104458712570951141832319277,0.0,0.48515651427676534808659910823333325378,0.061147987555762109706323763056381429529
0.33000000000000001554312234475219156593,0.58478964008127888377277864996357845098,0.0,0.40961793755239225488905979345105192325,0.046035348807647594583123453979842647831
0.32000000000000000666133814775093924254,0.65400215815531490363847743758764677474,0.0,0.34129602484121307390945890704083380549,0.034581294288592798708521932025909872535
0.30999999999999999777955395074968691915,0.71430622090116426621820400055985727788,0.0,0.28162290624044572185311919757838423078,0.02600301262855184171813344687033049434
0.29999999999999998889776975374843459576,0.76551379580667626457502584127448497487,0.0,0.23089286136332146329222392870065156922,0.019617682140330851273757126688737778984
0.28999999999999998001598555674718227237,0.80817540526036585835045929291873568553,0.0,0.18862210066165602948455639075808705635,0.014873381115925319682502906267451562533
0.28000000000000002664535259100375697017,0.84323940547435714380055670017249311806,0.0,0.15389848195889448011323615211727428584,0.011344103807891659213885384907647476656
0.27000000000000001776356839400250464678,0.87179817416030448321700022939416304841,0.0,0.12564659622330292314102237896549540096,0.0087100777770770888845885876067436157419
0.26000000000000000888178419700125232339,0.89492857350148743173368706365568111275,0.0,0.10279626000203025267244529679116594074,0.0067351155241970424181333340869573223433
0.25,0.91360752269523740338169777740466524261,0.0,0.08437264643737206973473750921801295185,0.0052462216009382991484212264852925968235
0.23999999999999999111821580299874767661,0.92867793772582390301916759653996594444,0.0,0.069533430470004402856190642807380653506,0.0041170913852304193948504622271765317287
0.23000000000000000999200722162640886381,0.9408442572311549316245189643334647447,0.0,0.057574670805390508358575425527900798591,0.0032554888195715499633196633897532346959
0.22000000000000000111022302462515654042,0.95068309987169179219682078980092375174,0.0,0.047920640189833903331896713150402256373,0.0025938901728921397523968851327442367614
0.20999999999999999222843882762390421703,0.95866014916135750237217771429931984164,0.0,0.040106992602023187096149791289209578789,0.0020826689990299647755667276918945054021
0.20000000000000001110223024625156540424,0.96514831267628317318271483903408697153,0.0,0.033762489065220598721344736888517460144,0.0016851766270575283154405843575454887078
0.19000000000000000222044604925031308085,0.97044470001366846047876885240362482788,0.0,0.028591868881633758419247834017469756764,0.0013742038547149450939133005423483073255
0.17999999999999999333866185224906075746,0.97478541127890924759317152070053132359,0.0,0.024360929052555606172223409964799131144,0.0011294364604295714644722816725832232865
0.17000000000000001221245327087672194466,0.97835790152749276099101414913227159905,0.0,0.020884062711950354616437386853453739993,0.0009356215366925523216526316113660837976
0.16000000000000000333066907387546962127,0.98131106074784543535136311730071476556,0.0,0.018014116375826217141470665283802590855,0.00078124134628643500999388382798718667165
0.14999999999999999444888487687421729788,0.98376330114465186645646806186642947472,0.0,0.015634267647501622803591462404669683562,0.00066423958683847740351657719527457298226
0.14000000000000001332267629550187848508,0.98569173350232138813590285583991609605,0.0,0.013773296824988787773006577402881416852,0.00060421783908966693243458944757174347106
0.13000000000000000444089209850062616169,0.98705615396633837162889055045511942486,0.0,0.012460672018306752597504504287676909818,0.00056621715801030048008095826546199170491
0.11999999999999999555910790149937383831,0.9881108297665443308428512822805437875,0.0,0.011446408081960112383713357811203173996,0.00053977185469024589030238418363326539816
0.11000000000000000055511151231257827021,0.98896828871188679662045306498044841223,0.0,0.010621994930277592980705418144743619446,0.00052121459204855208680333762364357650339
0.10000000000000000555111512312578270212,0.98968709648876436131309519443905648374,0.0,0.0099310072051814213823175459799859443072,0.00050886635628767300314905807153097609135
0.089999999999999996669330926124530378729,0.99030264460867674310493463332748247383,0.0,0.0093393436421673230818023241936581865469,0.00050192967616675904852950753086439635472
0.080000000000000001665334536937734810635,0.99083837912554848130990395164066797322,0.0,0.008824468440542435235719174475264103616,0.00049975040857632775147239467052737754127
0.070000000000000006661338147750939242542,0.9913101106819009821252752503583600954,0.0,0.0083711042083374578965245063149559777668,0.00049906280518391547937994175278928445305
0.059999999999999997779553950749686919153,0.9917299805411721140122609181770435737,0.0,0.0079676579625654022641894400266316612924,0.00049838156006099501270320226935527055502
0.050000000000000002775557561562891351059,0.99210676022230625064926995607285047318,0.0,0.0076056227038557643307847503911435022808,0.00049770658542105755855046181864309564197
0.040000000000000000832667268468867405318,0.99244699197429174643038984835604439537,0.0,0.0072786968497643646675416105276396996521,0.00049703779508624307267891845345020597323
0.029999999999999998889776975374843459576,0.99275661841680695989985559529831971938,0.0,0.0069812019267162546377829200579210251794,0.00049637510445066108046096861723038040575
0.020000000000000000416333634234433702659,0.99303957300315066221312005353505672181,0.0,0.0067094009753506664043896517475262013464,0.00049571843044471053166777328549322749033
0.010000000000000000208166817117216851329,0.993299289219494809557776578674132799,0.0,0.0064598547857061464049452403963850646766,0.00049506769150036709528867641520020099142
0.0,0.99353871694150015543794971913552974296,0.0,0.0062298633390444479840151116265100082273,0.00049442280751740742842574577006730396007
