value,sup,dur,Y,S
1.0,1.0406141808413487611985241247385430791e-43,104.0,0.99608517062250971376375689442954662054,0.2694585752565112382461684986860810162
0.98999999999999999111821580299874767661,3.8988992342571001117733364402926548261e-43,103.0,0.99576877212793942112153723562036893862,0.26964258604779131516148993179608330086
0.97999999999999998223643160599749535322,1.4611640546723868718471068562231418858e-42,102.0,0.99545262383285829431619677897603770704,0.26989704322023826989518066814168298976
0.96999999999999997335464740899624302983,5.471894485850633764538751081444174042e-42,102.0,0.99513788209055356933133234115047067726,0.27021744441576466150469776009537231556
0.95999999999999996447286321199499070644,2.046051852845919268627444405632291369e-41,101.0,0.99482418521173283363590789130290068463,0.27059895494132057131603728748642571739
0.94999999999999995559107901499373838305,7.6342889186020759895106694101741339298e-41,100.0,0.9945122490713017036401059510667589997,0.27103648973041432910937653897223910926
0.93999999999999994670929481799248605967,2.8411530605365498729667779322839203062e-40,99.0,0.99420266295442090782378537351964374215,0.27152475150398299688886252071496791559
0.93000000000000004884981308350688777864,1.0542860041446654672600759998287490786e-39,98.0,0.99389538492814258401240196264581915707,0.27205823436665768362906427974704567736
0.92000000000000003996802888650563545525,3.900150890154563444510523029666187428e-39,97.0,0.99359069186596063359981815215659699937,0.27263120020661685072893509170624541445
0.91000000000000003108624468950438313186,1.4382628548020771400999802600127186387e-38,96.0,0.99328876453148373668899873807165146463,0.27323763362664746215153364877773914396
0.90000000000000002220446049250313080847,5.2875350735526961945155741073026437749e-38,95.0,0.99299017959623744922474899182945815114,0.27387117974341941434401326542934917895
0.89000000000000001332267629550187848508,1.9381923382321543513940627655929032359e-37,95.0,0.99269500916402694881633224668682193752,0.27452506805125010972295855876116690285
0.88000000000000000444089209850062616169,7.0857030485810774326873608256899153784e-37,94.0,0.99240294964054343165065736415277717555,0.27519202464307862986237808031194374207
0.86999999999999999555910790149937383831,2.5844391505864804336247272804753792302e-36,93.0,0.99211424734760441066320675266301697923,0.27596016208736200101576260875307113794
0.85999999999999998667732370449812151492,9.4089414930254565225478996725081754487e-36,91.0,0.99182983364698262653870593077131333805,0.2767670119891219909880733691615996111
0.84999999999999997779553950749686919153,3.4208772433368456441501589172484839164e-35,90.0,0.99154827564787705105319116164162701546,0.27757386254925297510513495900937610823
0.83999999999999996891375531049561686814,1.2428644435802231696363855815865435033e-34,89.0,0.99127162289084525636733804285178118362,0.27837087023360920979745183984963216492
0.82999999999999996003197111349436454475,4.5154607855999627143985286170929803518e-34,88.0,0.99099809437233735237199456876221871201,0.27914710253844074768702480153618017732
0.81999999999999995115018691649311222136,1.6417594247211139968108670852318406124e-33,87.0,0.99072870737098017916784852507718366714,0.28000512218567008252062646524933873468
0.81000000000000005329070518200751394033,5.9788480259590330607630679197801125311e-33,86.0,0.99046374130370471501736816837100530055,0.28091358814351360894880763416092806655
0.80000000000000004440892098500626161695,2.1828899055681067007706679508659826057e-32,85.0,0.99020232044339811667116777088860739345,0.28177619771732216691171885296654826366
0.79000000000000003552713678800500929356,7.9982118445693499465506423773668727007e-32,84.0,0.98994465103015102913235110034961188446,0.28258038218522921793345590935345653634
0.78000000000000002664535259100375697017,2.9442617989445963789411374077441749658e-31,82.0,0.98969140072937441946794858784754784849,0.28356444475143253923802173229218525286
0.77000000000000001776356839400250464678,1.0901700902098768522208103171380664176e-30,81.0,0.98944259719193511754592583573909080203,0.28446557904050980915066424879450328093
0.76000000000000000888178419700125232339,4.06532853141614384935717937532169229e-30,80.0,0.98919770213482995880929333851298134331,0.28532979166064422806688989244001024054
0.75,1.5288633617627075005357408728042863715e-29,78.0,0.98895675641308606817690151580187924428,0.28631802737396389548964569056266723295
0.73999999999999999111821580299874767661,5.8068700669784170677371872222779575093e-29,77.0,0.98871974698299932456664296058463037841,0.28716839584994578020006532269040613145
0.72999999999999998223643160599749535322,2.2309382214315666098358700757996138248e-28,76.0,0.98848659552286022349646855126781532258,0.28817700305445649500202979894628610136
0.71999999999999997335464740899624302983,8.6840412510957266028294765982633329341e-28,74.0,0.98825714436037310952379485093814368625,0.28904435462519554733023234352165218656
0.70999999999999996447286321199499070644,3.4309166463092746774533324166797597617e-27,73.0,0.98803276273421515094448187517683474868,0.29005669784486197822397471380858605306
0.69999999999999995559107901499373838305,1.3783796953108990855930715591271933021e-26,71.0,0.98781220115505153594722039965263201704,0.29092625682010830497573000019725363815
0.68999999999999994670929481799248605967,5.642472825465092667795299621631941157e-26,70.0,0.98759494683331235370800093345663719702,0.29193297979159986692651282412387664945
0.68000000000000004884981308350688777864,2.3585365575881495166000925178104869843e-25,68.0,0.98738049496762903384261047323415925286,0.29287945408076068373673953852620592201
0.67000000000000003996802888650563545525,1.0089799451147601996181121342920219104e-24,67.0,0.9871721798475802422149008820863991047,0.29375452175249745891994508592075753403
0.66000000000000003108624468950438313186,4.4284538238408466986226833008218156662e-24,65.0,0.98696583226420763166615535026894005928,0.29475361451391999923368599528334887881
0.65000000000000002220446049250313080847,1.9993475706422332032213431130812192224e-23,63.0,0.98676416875073408846952997484275349431,0.29572415769546902266048757992954282043
0.64000000000000001332267629550187848508,9.3112479863905910740393574130979200177e-23,61.0,0.98656496611231572999323163591700141898,0.29666476550282811413413979492740219294
0.63000000000000000444089209850062616169,4.4865633940386617209121131015333796545e-22,60.0,0.98637094060058228502615808084942536793,0.29759300504521393936468335537799242799
0.61999999999999999555910790149937383831,2.2438892259184040199834931436795944785e-21,58.0,0.98617890485971775705342096221449665186,0.29852134977713200783132730081667819508
0.60999999999999998667732370449812151492,1.1688663198310567838131033533309243198e-20,56.0,0.98599035958921855402969347870134955814,0.29945639667522490207586853492694393644
0.59999999999999997779553950749686919153,6.3650642608192105407834863203092632885e-20,54.0,0.98580657930961735783221825700888162132,0.30039793067819997584609242325278475461
0.58999999999999996891375531049561686814,3.6376675353979599216026068218474120922e-19,52.0,0.98562558534746313167833659656223046858,0.30133777628363043507942716315095668723
0.57999999999999996003197111349436454475,2.1910096002572241099491014640304666021e-18,49.0,0.98544760744540708597167007228440267342,0.30225837436440588287201123850883969261
0.56999999999999995115018691649311222136,1.3969920426463062053494044156244849924e-17,47.0,0.98527267031859973559646386686908464448,0.30313102472092123233537079778367100614
0.56000000000000005329070518200751394033,9.4732147493252607972424655822914306773e-17,45.0,0.98510052834761225086234444848452976861,0.30406435686353668862199377516051101688
0.55000000000000004440892098500626161695,6.8652199096594352847946734595965725176e-16,42.0,0.98493057708602182101177056311295134438,0.30499257882392072892967384138094524351
0.54000000000000003552713678800500929356,5.3431000185658977609755431154081730359e-15,40.0,0.98476612273717079724108295577031582414,0.30585583822599274217495209500485900248
0.53000000000000002664535259100375697017,4.4873189785559499216334164481861334689e-14,37.0,0.98460327337508543062320884207263808252,0.30677316968081823145113758379134507484
0.52000000000000001776356839400250464678,4.0841998486424614176715650610479261429e-13,35.0,0.98444262577091486632815467946665711344,0.30767907589353659623588318897934720628
0.51000000000000000888178419700125232339,4.0417727918242744650500233480466960299e-12,32.0,0.98423981201637274417700686900650160208,0.30853754528251803362726193080937267795
0.50,4.354291657206626712200980512838521781e-11,29.0,0.98388630646313595497229671703286252126,0.30939252039062282627578015286419865894
0.48999999999999999111821580299874767661,5.0941231398898898963658635971940736066e-10,26.0,0.98330255708387304265140234822959980562,0.3102646076738644448615889056732890727
0.47999999999999998223643160599749535322,6.4139113052941943960901539921273308677e-09,23.0,0.98236382180311734952182884194556766304,0.31114611142962000105831030478788805679
0.46999999999999997335464740899624302983,8.5180641731373173008019328728960087552e-08,20.0,0.9808707396749897063359057351084877906,0.31199425014967776558007422100161740422
0.46000000000000001998401444325281772763,1.1481927837845704469256277897256272262e-06,16.0,0.9785006175958315297872934638492353852,0.3127886500604722813229342053588123848
0.45000000000000001110223024625156540424,1.4689429732346488599389534655773277335e-05,13.0,0.9747306230775402611693404353497524462,0.31365622537162220950925286583899035216
0.44000000000000000222044604925031308085,0.00016030155609340893186749272379411484244,9.0,0.96872864209512495692597122301539095252,0.31449165402925665293070209209981043503
0.42999999999999999333866185224906075746,0.0012910636780291265975418124012903561276,5.0,0.95922780498965690499286185894329058818,0.31237238008030422638605224211008560352
0.41999999999999998445687765524780843407,0.0067335282821168232284941170017152557448,1.0,0.94444343090916127754951909895430424616,0.29928453635830247405795476224661057348
0.40999999999999997557509345824655611068,0.022365419402322961415262237383171191891,0.0,0.92213918298163663454356162330876807822,0.27517936704178603748330839714313210643
0.40000000000000002220446049250313080847,0.052504415855827928510642409056445058514,0.0,0.88995099717735346850773846381537604691,0.24280586835184102934441776716449712822
0.39000000000000001332267629550187848508,0.098297662641635210570342579282766347191,0.0,0.84598762556838670012225629934792389218,0.20620152037590145641148074814257095961
0.38000000000000000444089209850062616169,0.15900071443903412187924601631932278167,0.0,0.78956336907548027265440772172054770575,0.16929319920243849388400349530292889859
0.36999999999999999555910790149937383831,0.23234445343513503827018537991350937353,0.0,0.72176554501786007789778412901680000753,0.13506445621395893346612071860313904247
0.35999999999999998667732370449812151492,0.31452358176445679074846752270394945792,0.0,0.64553514317280000211516742858634846573,0.10530390725347796206663679083776727854
0.34999999999999997779553950749686919153,0.40069508377856618857898036632130408419,0.0,0.56512864668752497374647229057870639271,0.080705068199374898557219860316340599955
0.34000000000000002442490654175344388932,0.48591051705487040949318784747251343986,0.0,0.48515651427676534808659910823333324626,0.061147987555762109706323763056381426849
0.33000000000000001554312234475219156593,0.56603183866923616308254909478261020034,0.0,0.40961793755239225488905979345105192024,0.046035348807647594583123453979842647173
0.32000000000000000666133814775093924254,0.63826726195627511659812056681766932175,0.0,0.34129602484121307390945890704083380586,0.034581294288592798708521932025909872817
0.30999999999999999777955395074968691915,0.70124171180438575716709200120598854187,0.0,0.28162290624044572185311919757838421987,0.026003012628551841718133446870330493023
0.29999999999999998889776975374843459576,0.75474010423678280712423839749496895348,0.0,0.2308928613633214632922239287006515711,0.019617682140330851273757126688737779455
0.28999999999999998001598555674718227237,0.79932537137005853950519695601746135492,0.0,0.18862210066165602948455639075808705559,0.014873381115925319682502906267451562509
0.28000000000000002664535259100375697017,0.83598054892757202125234028916891710883,0.0,0.15389848195889448011323615211727428,0.011344103807891659213885384907647476174
0.27000000000000001776356839400250464678,0.86584216973140614235800338583016201377,0.0,0.12564659622330292314102237896549540528,0.0087100777770770888845885876067436161416
0.26000000000000000888178419700125232339,0.89003254751649503345340656327576736613,0.0,0.10279626000203025267244529679116594036,0.0067351155241970424181333340869573223609
0.25,0.90957084535863881780001687315141948232,0.0,0.084372646437372069734737509218012952038,0.0052462216009382991484212264852925968646
0.23999999999999999111821580299874767661,0.92533700287156254524077130622039867425,0.0,0.069533430470004402856190642807380653695,0.0041170913852304193948504622271765317581
0.23000000000000000999200722162640886381,0.93806674402604700478485049071076945853,0.0,0.05757467080539050835857542552790079986,0.0032554888195715499633196633897532348576
0.22000000000000000111022302462515654042,0.94836251057863923488155908151487945543,0.0,0.047920640189833903331896713150402255997,0.0025938901728921397523968851327442367526
0.20999999999999999222843882762390421703,0.95671097902084976000051771083852346978,0.0,0.040106992602023187096149791289209578131,0.0020826689990299647755667276918945053551
0.20000000000000001110223024625156540424,0.96350195867997960882586240944956857047,0.0,0.033762489065220598721344736888517458921,0.0016851766270575283154405843575454886682
0.19000000000000000222044604925031308085,0.96904608694251882483262394800598095541,0.0,0.028591868881633758419247834017469756576,0.0013742038547149450939133005423483073064
0.17999999999999999333866185224906075746,0.97359025622389991158716991918122128286,0.0,0.02436092905255560617222340996479913072,0.0011294364604295714644722816725832232527
0.17000000000000001221245327087672194466,0.97733051996176567356286097016079181189,0.0,0.020884062711950354616437386853453740181,0.00093562153669255232165263161136608382405
0.16000000000000000333066907387546962127,0.98042261868744752909031378564385203659,0.0,0.01801411637582621714147066528380259102,0.00078124134628643500999388382798718666872
0.14999999999999999444888487687421729788,0.98299042805539529332641354178526515705,0.0,0.015634267647501622803591462404669684033,0.00066423958683847740351657719527457299695
0.14000000000000001332267629550187848508,0.98501042054796571208636589058949706047,0.0,0.013773296824988787773006577402881416876,0.00060421783908966693243458944757174347473
0.13000000000000000444089209850062616169,0.98643979218559420700163499376493858871,0.0,0.012460672018306752597504504287676909607,0.00056621715801030048008095826546199170197
0.11999999999999999555910790149937383831,0.98754471997747217962374280049260343719,0.0,0.011446408081960112383713357811203173526,0.00053977185469024589030238418363326538641
0.11000000000000000055511151231257827021,0.9884429928462776596680459408739574316,0.0,0.010621994930277592980705418144743619505,0.00052121459204855208680333762364357650192
0.10000000000000000555111512312578270212,0.98919606330412631379545802038843295036,0.0,0.0099310072051814213823175459799859440015,0.00050886635628767300314905807153097609208
0.089999999999999996669330926124530378729,0.98984090569704305621426081360254314559,0.0,0.0093393436421673230818023241936581866057,0.00050192967616675904852950753086439635252
0.080000000000000001665334536937734810635,0.99040215836816195780697702315511294911,0.0,0.0088244684405424352357191744752641034044,0.00049975040857632775147239467052737754127
0.070000000000000006661338147750939242542,0.99089633270835251200048980159834543387,0.0,0.0083711042083374578965245063149559777198,0.00049906280518391547937994175278928445231
0.059999999999999997779553950749686919153,0.991336257435678425837190958612778867,0.0,0.0079676579625654022641894400266316612219,0.00049838156006099501270320226935527055428
0.050000000000000002775557561562891351059,0.99173092209472774372098489311656546288,0.0,0.0076056227038557643307847503911435022337,0.00049770658542105755855046181864309564197
0.040000000000000000832667268468867405318,0.99208737476290221947187234187206952546,0.0,0.0072786968497643646675416105276396995463,0.00049703779508624307267891845345020597249
0.029999999999999998889776975374843459576,0.99241171738579693714189066357304523926,0.0,0.0069812019267162546377829200579210252676,0.00049637510445066108046096861723038040648
0.020000000000000000416333634234433702659,0.99270814531107103098596069332589494745,0.0,0.0067094009753506664043896517475262012641,0.00049571843044471053166777328549322749107
0.010000000000000000208166817117216851329,0.99298023022514873695329396096230170862,0.0,0.0064598547857061464049452403963850645708,0.00049506769150036709528867641520020099142
0.0,0.99323108460251903694088065695550737783,0.0,0.0062298633390444479840151116265100083331,0.00049442280751740742842574577006730396081
