value,sup,dur,Y,S
1.0,6.500770118667155972454301278809594323e-141,132.0,0.99604126356473749881158068547698459539,0.88888399640339364567959965223036112428
0.98999999999999999111821580299874767661,6.0229990054475835050311104966640582035e-141,132.0,0.99615728799164684620855557443931914123,0.88914683100778095626548824375705250483
0.97999999999999998223643160599749535322,5.584495901862428248335141932637579893e-141,132.0,0.99626744579928367203903335119693132682,0.88940790640639400241094454238270288705
0.96999999999999997335464740899624302983,5.1843974466586457205421015754251051384e-141,132.0,0.99637214694489344225634026418005629416,0.88966729562042005446179872620793555358
0.95999999999999996447286321199499070644,4.8209063633418362053272427540815148701e-141,132.0,0.99647176622383650075904165839413200167,0.88992506270442800212101538381432701358
0.94999999999999995559107901499373838305,4.4917170581089041428968526590342017269e-141,132.0,0.99656681017452710736113875430920504432,0.8901812637499879607414916880142281079
0.93999999999999994670929481799248605967,4.1942946430113765034992922451196849753e-141,131.0,0.99665817394617082973833476648980199658,0.8904359477827589156687068812520017822
0.93000000000000004884981308350688777864,3.9260543564573804440843240895798297711e-141,131.0,0.9967452439066715222043490970883102982,0.89068915756436966797320574767580335181
0.92000000000000003996802888650563545525,3.6844736187065166109360051075328143761e-141,131.0,0.99682830768688813943098242606025584055,0.89094093030918593209641858750639893322
0.91000000000000003108624468950438313186,3.4671588242518102118420179910827037894e-141,131.0,0.99690762839808066976326341996062115061,0.89119129832496198446650775042105110631
0.90000000000000002220446049250313080847,3.2718820065427699948952857711875888499e-141,131.0,0.99698344708563434158748894892085199433,0.89144028958540314935917536708329314806
0.89000000000000001332267629550187848508,3.096597721789163048216067441305796129e-141,131.0,0.99705598491176575424829355167090243332,0.89168792824180127061347281093360167229
0.88000000000000000444089209850062616169,2.9394472054286016327239375823001907902e-141,131.0,0.99712544509847163913125134550974479206,0.89199164148452865845785597726264102084
0.86999999999999999555910790149937383831,2.7987545894790745349381001772642205118e-141,131.0,0.99719201465847072844113256098693349557,0.89233915011129103907946404361657999942
0.85999999999999998667732370449812151492,2.6730184108645641751545738128192175857e-141,131.0,0.99725586593870778416798505922981195581,0.89268305791881179947355664729451653228
0.84999999999999997779553950749686919153,2.5609005700144932862265619749691368047e-141,131.0,0.99731715799812804205214668173149529464,0.89302343464081186898027441740346063837
0.83999999999999996891375531049561686814,2.4612141645259307815460371940501621301e-141,131.0,0.99737603783887373926198635238418390769,0.89336034695568166756082909596698700448
0.82999999999999996003197111349436454475,2.372911120445182272746196887972058054e-141,131.0,0.99743264150778081394721447123728383842,0.89369385871277881925401408761475209598
0.81999999999999995115018691649311222136,2.2950702020368304627180730167094023623e-141,131.0,0.99748709508303973163408014910968435509,0.89402403113865627196810167178714256364
0.81000000000000005329070518200751394033,2.2268857501863241467921099880776680342e-141,131.0,0.99753951555910546862388587576449479492,0.89435092302513436631432097862248833161
0.80000000000000004440892098500626161695,2.1676573455075175537987982170973439354e-141,131.0,0.99759001164137416137997684537235118125,0.89467459090093829132324921536806058624
0.79000000000000003552713678800500929356,2.1167804910124244117696852117555110221e-141,131.0,0.99763868446076511165089686580412108164,0.89499508918845040260219530280192119385
0.78000000000000002664535259100375697017,2.0737383443485046597830021158934521187e-141,131.0,0.99768562821713562609133138962406575511,0.89531247034697312818310330825245984483
0.77000000000000001776356839400250464678,2.0380944896758229059868888187045990075e-141,131.0,0.99773093075939309643748953233495344763,0.89562678500376021496472019919146868517
0.76000000000000000888178419700125232339,2.0094867163121565409135761501343063167e-141,131.0,0.99777467410923628226211213381133449259,0.89593808207395058171786265194175261858
0.75,1.9876217598344959223337521163287304841e-141,131.0,0.9978169349346401014964526336604585245,0.89624640887042818744730871331417656134
0.73999999999999999111821580299874767661,1.972270957611763697614162978758250835e-141,131.0,0.99785778497848130329478783100620248142,0.89655181120453185319328204936054386546
0.72999999999999998223643160599749535322,1.9632667721681872220079670579580498454e-141,131.0,0.99789729144707370182122499337687118161,0.89685433347844963917065657995876113649
0.71999999999999997335464740899624302983,1.9605001405839863412697145862381987027e-141,131.0,0.99793551736283016675317147807079332823,0.89715401877005209886445534527894395147
0.70999999999999996447286321199499070644,1.9639186151564376034190932253155215679e-141,131.0,0.99797252188478460147315239787289163748,0.89745090891084654590419257772055748126
0.69999999999999995559107901499373838305,1.9735252690041590817957362869278170071e-141,131.0,0.9980083606002821883731554113550307548,0.89774504455766952356934116148811418792
0.68999999999999994670929481799248605967,1.989378349720793488800618653035173572e-141,131.0,0.99804308579077279808444857073635371709,0.89803646525867620036518864346587184709
0.68000000000000004884981308350688777864,2.0115916742925031229827735789055172444e-141,131.0,0.99807674667431413988486537601661118575,0.89832520951413274830034399759233306365
0.67000000000000003996802888650563545525,2.0403357691505377721085654230064270687e-141,131.0,0.99810938962710229918724664680743686109,0.89861131483247031921218956199941133208
0.66000000000000003108624468950438313186,2.0758397704010708052021824206013290011e-141,131.0,0.99814105838609279982752227050636103654,0.89889481778201636628463885481406354116
0.65000000000000002220446049250313080847,2.1183941109991145631287807025370862218e-141,131.0,0.99817179423455095935248925435979954599,0.89917575403878055238052844874760749399
0.64000000000000001332267629550187848508,2.1683540340067016681579302829263112025e-141,131.0,0.99820163617217226748169480909494478375,0.89945415843063751251819420056013409228
0.63000000000000000444089209850062616169,2.2261439842362842513154878131900073912e-141,131.0,0.99823062107123858277092155518072676088,0.89973006497821731685761032799527113164
0.61999999999999999555910790149937383831,2.2922629447031529794434683563186989057e-141,131.0,0.99825878382012122474668662630784197494,0.90000350693278600185030564920374695795
0.60999999999999998667732370449812151492,2.3672907996024603305285662251719636872e-141,131.0,0.99828615745530506500478090135867374047,0.90027451681137281117337609267321390512
0.59999999999999997779553950749686919153,2.4518958222246174402752953674253022611e-141,131.0,0.99831277328298631962460947196145828613,0.90054312642937751260732162430825946712
0.58999999999999996891375531049561686814,2.5468434045959098203002946437794832731e-141,131.0,0.99833866099118902641911254882297629744,0.90080936693087009079593502755809559876
0.57999999999999996003197111349436454475,2.6530061659804959579332943991530809869e-141,131.0,0.99836384875324950418019355326622320524,0.90107326881677603975825670585536351562
0.56999999999999995115018691649311222136,2.7713756000427566673815452790209434954e-141,131.0,0.99838836332343299661884213832203211398,0.90133486197112319672116278234519486614
0.56000000000000005329070518200751394033,2.9030754458224144495722008264898747429e-141,131.0,0.99841223012537094213304967001752674137,0.90159417568551039129720203960408916956
0.55000000000000004440892098500626161695,3.0493769961409673045409882787361220029e-141,131.0,0.99843547333393978351592220322305303131,0.90185123868194399899055433074426781975
0.54000000000000003552713678800500929356,3.2117165891093569892434290975288689699e-141,131.0,0.99845811595114196646761777791581817351,0.90210607913417554013758270250937667422
0.53000000000000002664535259100375697017,3.3917155645733871627549252239489891852e-141,131.0,0.99848017987649595066997902327004360661,0.90235872468766186861915767665950698209
0.52000000000000001776356839400250464678,3.5912030082095310426437883454485998646e-141,131.0,0.99850168597239389913483745131342252944,0.90260920247825877180524551413767906646
0.51000000000000000888178419700125232339,3.8122416522370544842269203304834473358e-141,131.0,0.99852265412484260481678537991520061806,0.9028575391497492140026173676449753067
0.50,4.0571573540923458237212777147964950354e-141,131.0,0.99854310329996456553365661374782369798,0.90310376087029866518814919407868471611
0.48999999999999999111821580299874767661,4.3285726337600783789867217855876120233e-141,131.0,0.99856305159660143733201281722076700896,0.90334789334792198535045937989078642705
0.47999999999999998223643160599749535322,4.6294448177190329461840440708771550933e-141,131.0,0.99858251629533093892863958432836450087,0.90358996184503908104809031472288577666
0.46999999999999997335464740899624302983,4.9631094136998627752821917092824879036e-141,131.0,0.99860151390418025729661175525179080314,0.90382999119218994985430531259068321791
0.46000000000000001998401444325281772763,5.3333294268592709705996307401127823541e-141,131.0,0.99862006020129377392971110516517026547,0.90406800580097371768173562056762494927
0.45000000000000001110223024625156540424,5.7443514258861088345193431186900686608e-141,131.0,0.99863817027479019109194652981233225247,0.90430402967627081019659930883198704115
0.44000000000000000222044604925031308085,6.2009692784667500199147175357534955214e-141,131.0,0.99865585856002361631200950868242384256,0.90453808642780238533871870971889330252
0.42999999999999999333866185224906075746,6.7085966011256835526578129294705852356e-141,131.0,0.99867313887444463353578665770529789159,0.90477019928107665516290722218940185984
0.41999999999999998445687765524780843407,7.2733491105961807858587305612155323603e-141,131.0,0.99869002445024062823534681478115565095,0.90500039108776753472797814794931365613
0.40999999999999997557509345824655611068,7.9021382246583108874008557064216609696e-141,131.0,0.99870652796491946864695914234822226221,0.90522868433556730335091616797310737083
0.40000000000000002220446049250313080847,8.602777442142066345871376070792700729e-141,131.0,0.99872266156998690258734576749109069131,0.9054551011575515035562181280142395296
0.39000000000000001332267629550187848508,9.3841032371330673892491968822264949562e-141,131.0,0.99873843691785556709701753471783639112,0.90567966334109116432941071004896074254
0.38000000000000000444089209850062616169,1.0256112434230778438355010095571301588e-140,131.0,0.99875386518711219215169647289953919196,0.90590239233634453350071298727014990151
0.36999999999999999555910790149937383831,1.1230118293209288755895940445121744501e-140,131.0,0.99876895710625930157600565296426139811,0.90612330926435792131063554343318029573
0.35999999999999998667732370449812151492,1.2318927826183521437175433324778143887e-140,131.0,0.99878372297603835955516780695406175384,0.9063424349248028127856057923158150416
0.34999999999999997779553950749686919153,1.3537043202338197992085066423328161246e-140,131.0,0.99879817269043279896034320862974130754,0.90655978980337423863524278922823459987
0.34000000000000002442490654175344388932,1.4900890468797899500693247487568814608e-140,131.0,0.99881231575644160821489656115708195731,0.90677539407887337767133417427387151535
0.33000000000000001554312234475219156593,1.6429079236121892732212254301194882981e-140,131.0,0.99882616131270707707642721933143650637,0.90698926762999553764435824767340865837
0.32000000000000000666133814775093924254,1.8142697448503816048311015682315380951e-140,131.0,0.99883971814707383911398525970780491429,0.90720143004184295641413630930018261689
0.30999999999999999777955395074968691915,2.0065645887879825565499016478960572304e-140,131.0,0.9988529947131504475969221648156421975,0.90741190061218036942456589808354739284
0.29999999999999998889776975374843459576,2.2225017654201923963429908070965230476e-140,131.0,0.99886599914593931931752593116860600781,0.90762069835744983931337014195740154536
0.28999999999999998001598555674718227237,2.4651528528129425207002199789787813333e-140,131.0,0.9988787728600824321969093632698845114,0.90782784201856007867036311440787477765
0.28000000000000002664535259100375697017,2.7380004864993285671590421256747834318e-140,131.0,0.99889129698304948491016088781155800301,0.90803335006646430533527060590706855154
0.27000000000000001776356839400250464678,3.0449936498450977347570909723872131955e-140,131.0,0.99890357032671286729634076458275470072,0.90823724070753959522940324700116131002
0.26000000000000000888178419700125232339,3.3906103057861617792860687628335164946e-140,131.0,0.99891559993307554636296891428619241539,0.90843953188877968022009826579149705587
0.25,3.7799283134935526189795376381209788868e-140,131.0,0.99892739259046974782540607032636225091,0.90864024130281226705016829374080265513
0.23999999999999999111821580299874767661,4.2187056883321106830065196624828057012e-140,131.0,0.99893895484473880087085850424371941694,0.90883938639275107717374768870509753265
0.23000000000000000999200722162640886381,4.7134713911007922703244010270781719487e-140,131.0,0.99895029300983454840667685436547258893,0.90903698435689206323322448732158429887
0.22000000000000000111022302462515654042,5.2716279742147020715965608905177404405e-140,131.0,0.99896141317786567429486641079202227536,0.90923305215326254898438685220330484254
0.20999999999999999222843882762390421703,5.9015675695423941905830052863237570444e-140,131.0,0.99897232122862987278512350932851978871,0.90942760650403138183208270465173604638
0.20000000000000001110223024625156540424,6.6128028764699505473716985019903000492e-140,131.0,0.99898302283866054637239441196111628742,0.90962066389978761107131252742619219258
0.19000000000000000222044604925031308085,7.4161150009427554949164994938849179146e-140,131.0,0.99899352348981664737609620801202640722,0.90981224060369464286671578768723462945
0.17999999999999999333866185224906075746,8.3237202083480436278790355164392739992e-140,131.0,0.99900382847744236437889870342497345492,0.9100023526555263207683834893154804357
0.17000000000000001221245327087672194466,9.3494578868507088877785857067385772836e-140,131.0,0.99901394291812158417469376432766066116,0.91019101587559093274821133633934794563
0.16000000000000000333066907387546962127,1.050900227497677642255981406126234865e-139,131.0,0.999023871757050418965488251120227942,0.91037824586854870596274607171787910385
0.14999999999999999444888487687421729788,1.1820100789735981530932189414740846038e-139,131.0,0.99903361977504956897601121729858527126,0.91056405802712795939601474206176829914
0.14000000000000001332267629550187848508,1.3302842101350934595164956895132880077e-139,131.0,0.9990431915952368825297241365279171138,0.91074846753574473828723010982661089686
0.13000000000000000444089209850062616169,1.4979957439752224689242670599321489986e-139,131.0,0.99905259168937916784112924337558463651,0.91093148937403040819672185686174337416
0.11999999999999999555910790149937383831,1.6877158988506664900175057283212565214e-139,131.0,0.99906182438394109753441064404146201134,0.9111131383202713811315959988462125822
0.11000000000000000055511151231257827021,1.9023519625919329530398825361016516638e-139,131.0,0.99907089386584792066584147491231221954,0.91129342895476487836991093791375805845
0.10000000000000000555111512312578270212,2.1451898712871233105137293879727010151e-139,131.0,0.99907980418797764880837387906619647113,0.91147237566309435894071212227541914621
0.089999999999999996669330926124530378729,2.4199419104719373885310742076182928464e-139,131.0,0.99908855927439740911470880988646452358,0.91164999263932801036289971707410100632
0.080000000000000001665334536937734810635,2.7308001082478571520981629046616264988e-139,131.0,0.99909716292535775093208909329335911535,0.91182629388914347686927527095001784491
0.070000000000000006661338147750939242542,3.0824959458669858078749779950014864266e-139,131.0,0.99910561882205784881570780499744163782,0.91200129323288179817143802744154506466
0.059999999999999997779553950749686919153,3.4803670717729531796284608854980928301e-139,131.0,0.99911393053119375838901863701367755049,0.91217500430853333650231521687970682631
0.050000000000000002775557561562891351059,3.9304317701686437086508927931415332743e-139,131.0,0.99912210150930114916106721804054019785,0.91234744057465830227447205876252583108
0.040000000000000000832667268468867405318,4.4394720050735569391385764545028462137e-139,131.0,0.99913013510690325512041405666164308923,0.91251861531324432778097857364121798578
0.029999999999999998889776975374843459576,5.0151259356959309382213738826474926121e-139,131.0,0.99913803457247414600743277317209125352,0.91268854163250338218103896950546898982
0.020000000000000000416333634234433702659,5.6659908789104717806807117263870524517e-139,131.0,0.99914580305622682741096831896320044964,0.91285723246961019331626818522825675414
0.010000000000000000208166817117216851329,6.4017377798015905349588184173453390697e-139,131.0,0.99915344361373512150199805212373964399,0.9130247005933842074710255116776590642
0.0,7.2332383416642501636980667688554849789e-139,131.0,0.99916095920939776071705377024945194425,0.91319095860691700270213820250375963346
