value,sup,dur,Y,S
1.0,1.3068913787626856777742217139193297586e-100,130.0,0.99604126356473749881158068547698459313,0.88888399640339364567959965223036112804
0.98999999999999999111821580299874767661,1.1994984198581834828956398545746476388e-100,130.0,0.99615728799164684620855557443931913973,0.88914683100778095626548824375705250859
0.97999999999999998223643160599749535322,1.1018945578697275533305523831899193615e-100,130.0,0.99626744579928367203903335119693132155,0.88940790640639400241094454238270289458
0.96999999999999997335464740899624302983,1.0136296415637545505516085538249645342e-100,130.0,0.99637214694489344225634026418005629567,0.88966729562042005446179872620793555659
0.95999999999999996447286321199499070644,9.340912135366506088888223685900432542e-101,130.0,0.99647176622383650075904165839413200242,0.88992506270442800212101538381432701734
0.94999999999999995559107901499373838305,8.6259325775208748271869091154969780287e-101,130.0,0.99656681017452710736113875430920504206,0.89018126374998796074149168801422810339
0.93999999999999994670929481799248605967,7.9843228337752994851705721151761747378e-101,130.0,0.99665817394617082973833476648980199658,0.89043594778275891566870688125200177919
0.93000000000000004884981308350688777864,7.4092166011885937602888044307292656998e-101,130.0,0.99674524390667152220434909708831029745,0.89068915756436966797320574767580335106
0.92000000000000003996802888650563545525,6.8941158219835780301938907633274574356e-101,130.0,0.99682830768688813943098242606025584281,0.89094093030918593209641858750639893398
0.91000000000000003108624468950438313186,6.4329963679974749195302878737562640614e-101,130.0,0.99690762839808066976326341996062115362,0.89119129832496198446650775042105110631
0.90000000000000002220446049250313080847,6.0203532455923561678501129019522504289e-101,130.0,0.99698344708563434158748894892085199734,0.89144028958540314935917536708329315483
0.89000000000000001332267629550187848508,5.6512077597237661261498748245420169368e-101,130.0,0.99705598491176575424829355167090243483,0.89168792824180127061347281093360167305
0.88000000000000000444089209850062616169,5.3210915964865770251270234952400032241e-101,130.0,0.99712544509847163913125134550974479206,0.89199164148452865845785597726264102235
0.86999999999999999555910790149937383831,5.0260177185248571031499847764814638635e-101,130.0,0.99719201465847072844113256098693349632,0.89233915011129103907946404361658000394
0.85999999999999998667732370449812151492,4.7624445428269668351107948761785688775e-101,130.0,0.99725586593870778416798505922981195581,0.89268305791881179947355664729451652927
0.84999999999999997779553950749686919153,4.5272375605846901647411470871573227138e-101,130.0,0.99731715799812804205214668173149529314,0.89302343464081186898027441740346063762
0.83999999999999996891375531049561686814,4.3176310074410875381384715817142501444e-101,130.0,0.99737603783887373926198635238418390769,0.89336034695568166756082909596698700373
0.82999999999999996003197111349436454475,4.1311911570684288350710652384093172507e-101,130.0,0.99743264150778081394721447123728383691,0.893693858712778819254014087614752102
0.81999999999999995115018691649311222136,3.9657821263782996294840927667115525292e-101,130.0,0.99748709508303973163408014910968435358,0.89402403113865627196810167178714257041
0.81000000000000005329070518200751394033,3.8195346340521630172600471999780796176e-101,130.0,0.99753951555910546862388587576449479341,0.89435092302513436631432097862248833839
0.80000000000000004440892098500626161695,3.6908178685255021098408477087885051537e-101,130.0,0.99759001164137416137997684537235118049,0.89467459090093829132324921536806058774
0.79000000000000003552713678800500929356,3.5782144444905911679181024912468193162e-101,130.0,0.99763868446076511165089686580412107863,0.89499508918845040260219530280192118934
0.78000000000000002664535259100375697017,3.4804983225084541689398466298779777852e-101,130.0,0.99768562821713562609133138962406575059,0.8953124703469731281831033082524598486
0.77000000000000001776356839400250464678,3.3966155099675880441802730060013299192e-101,130.0,0.99773093075939309643748953233495344688,0.89562678500376021496472019919146868291
0.76000000000000000888178419700125232339,3.3256673367537615361001745033507476165e-101,130.0,0.99777467410923628226211213381133449183,0.89593808207395058171786265194175261858
0.75,3.2668960943332897815868303174701623409e-101,130.0,0.99781693493464010149645263366045852224,0.89624640887042818744730871331417656661
0.73999999999999999111821580299874767661,3.2196728349205864014671832007892008509e-101,130.0,0.99785778497848130329478783100620248217,0.89655181120453185319328204936054385644
0.72999999999999998223643160599749535322,3.1834871429481231971697716055571783831e-101,130.0,0.99789729144707370182122499337687118537,0.89685433347844963917065657995876113198
0.71999999999999997335464740899624302983,3.1579387108649756449621421547163532868e-101,130.0,0.99793551736283016675317147807079333049,0.89715401877005209886445534527894395599
0.70999999999999996447286321199499070644,3.1427305732258482241929492013068847376e-101,130.0,0.99797252188478460147315239787289163898,0.89745090891084654590419257772055747825
0.69999999999999995559107901499373838305,3.1376638757708702299034210882968196871e-101,130.0,0.99800836060028218837315541135503075706,0.89774504455766952356934116148811418642
0.68999999999999994670929481799248605967,3.1426340789614283682998296548680605977e-101,130.0,0.99804308579077279808444857073635371784,0.89803646525867620036518864346587184559
0.68000000000000004884981308350688777864,3.1576285178239155957391815542161580922e-101,130.0,0.998076746674314139884865376016611185,0.89832520951413274830034399759233306215
0.67000000000000003996802888650563545525,3.1827252618063700953514344548729905816e-101,130.0,0.99810938962710229918724664680743686034,0.89861131483247031921218956199941133509
0.66000000000000003108624468950438313186,3.2180932396848158396326632501432168029e-101,130.0,0.99814105838609279982752227050636103428,0.89889481778201636628463885481406354267
0.65000000000000002220446049250313080847,3.2639936154910983118349978910008195561e-101,130.0,0.99817179423455095935248925435979954674,0.89917575403878055238052844874760749023
0.64000000000000001332267629550187848508,3.3207824221720672230825379764947516425e-101,130.0,0.99820163617217226748169480909494478525,0.89945415843063751251819420056013409153
0.63000000000000000444089209850062616169,3.3889144804831092471917552821979701443e-101,130.0,0.99823062107123858277092155518072676013,0.89973006497821731685761032799527112487
0.61999999999999999555910790149937383831,3.4689486517568386751313778544469275727e-101,130.0,0.99825878382012122474668662630784197645,0.90000350693278600185030564920374695343
0.60999999999999998667732370449812151492,3.5615544949892161328718645503103096906e-101,130.0,0.99828615745530506500478090135867374122,0.90027451681137281117337609267321391038
0.59999999999999997779553950749686919153,3.6675204214951845576209897203160079172e-101,130.0,0.99831277328298631962460947196145828613,0.90054312642937751260732162430825947615
0.58999999999999996891375531049561686814,3.7877634645738988539390731197724986352e-101,130.0,0.99833866099118902641911254882297630045,0.90080936693087009079593502755809560252
0.57999999999999996003197111349436454475,3.9233408075863648980311972382352626575e-101,130.0,0.99836384875324950418019355326622320599,0.90107326881677603975825670585536352239
0.56999999999999995115018691649311222136,4.0754632420124758873309722429660788102e-101,130.0,0.99838836332343299661884213832203211172,0.90133486197112319672116278234519486162
0.56000000000000005329070518200751394033,4.2455107578814154164036345700145483594e-101,130.0,0.99841223012537094213304967001752674212,0.90159417568551039129720203960408917032
0.55000000000000004440892098500626161695,4.4350505029609085758659487897746937761e-101,130.0,0.99843547333393978351592220322305303055,0.90185123868194399899055433074426781824
0.54000000000000003552713678800500929356,4.6458573847953160709827694180168889462e-101,130.0,0.99845811595114196646761777791581817351,0.90210607913417554013758270250937667572
0.53000000000000002664535259100375697017,4.8799376317029394274338520670144578496e-101,130.0,0.99848017987649595066997902327004360887,0.90235872468766186861915767665950698661
0.52000000000000001776356839400250464678,5.1395556758438463140656828107493815915e-101,130.0,0.99850168597239389913483745131342253019,0.90260920247825877180524551413767906571
0.51000000000000000888178419700125232339,5.4272647741873490292405166244642988402e-101,130.0,0.99852265412484260481678537991520062107,0.90285753914974921400261736764497530068
0.50,5.7459418424597275847277822065646446629e-101,130.0,0.99854310329996456553365661374782370249,0.90310376087029866518814919407868472439
0.48999999999999999111821580299874767661,6.0988270438462398261115477093320399856e-101,130.0,0.99856305159660143733201281722076701046,0.90334789334792198535045937989078642178
0.47999999999999998223643160599749535322,6.4895687493680448411561201126682944589e-101,130.0,0.99858251629533093892863958432836450012,0.90358996184503908104809031472288578118
0.46999999999999997335464740899624302983,6.9222745715808687613634280695180555534e-101,130.0,0.99860151390418025729661175525179080239,0.90382999119218994985430531259068321791
0.46000000000000001998401444325281772763,7.4015692688033923742713492018829919063e-101,130.0,0.99862006020129377392971110516517026246,0.90406800580097371768173562056762495002
0.45000000000000001110223024625156540424,7.9326604248782847426408718183755860955e-101,130.0,0.99863817027479019109194652981233225097,0.90430402967627081019659930883198703588
0.44000000000000000222044604925031308085,8.5214129310555999539203575344353803349e-101,130.0,0.99865585856002361631200950868242384181,0.90453808642780238533871870971889331155
0.42999999999999999333866185224906075746,9.1744334337017043913448926844463472608e-101,130.0,0.99867313887444463353578665770529789008,0.90477019928107665516290722218940186586
0.41999999999999998445687765524780843407,9.8991660661061080197605293380118861932e-101,130.0,0.99869002445024062823534681478115565246,0.90500039108776753472797814794931365387
0.40999999999999997557509345824655611068,1.0704000956827952746005939985329242777e-100,130.0,0.99870652796491946864695914234822226447,0.90522868433556730335091616797310737158
0.40000000000000002220446049250313080847,1.159839720317318952527764451703263575e-100,130.0,0.99872266156998690258734576749109068981,0.90545510115755150355621812801423953186
0.39000000000000001332267629550187848508,1.2593022219161269952043882600207084102e-100,130.0,0.99873843691785556709701753471783639112,0.90567966334109116432941071004896074781
0.38000000000000000444089209850062616169,1.3699909615647405711605084764178702163e-100,130.0,0.99875386518711219215169647289953919271,0.90590239233634453350071298727014990075
0.36999999999999999555910790149937383831,1.4932638049342881947106290404814693079e-100,130.0,0.99876895710625930157600565296426139962,0.90612330926435792131063554343318029648
0.35999999999999998667732370449812151492,1.6306533790885478922180595677762070541e-100,130.0,0.99878372297603835955516780695406175234,0.90634243492480281278560579231581504461
0.34999999999999997779553950749686919153,1.7838900113783503860797390550821422808e-100,130.0,0.99879817269043279896034320862974130754,0.9065597898033742386352427892282345961
0.34000000000000002442490654175344388932,1.9549277000311146921489685074352127697e-100,130.0,0.99881231575644160821489656115708196032,0.90677539407887337767133417427387151008
0.33000000000000001554312234475219156593,2.1459735102015347977221440366340724503e-100,130.0,0.99882616131270707707642721933143650712,0.90698926762999553764435824767340866063
0.32000000000000000666133814775093924254,2.3595208386605563871006307307376808582e-100,130.0,0.99883971814707383911398525970780491128,0.9072014300418429564141363093001826184
0.30999999999999999777955395074968691915,2.5983870455327492736444949671603473751e-100,130.0,0.99885299471315044759692216481564219675,0.90741190061218036942456589808354739585
0.29999999999999998889776975374843459576,2.8657560131678572469020371163020645505e-100,130.0,0.9988659991459393193175259311686060033,0.90762069835744983931337014195740154762
0.28999999999999998001598555674718227237,3.1652262610271788328914881196516432619e-100,130.0,0.9988787728600824321969093632698845114,0.90782784201856007867036311440787478066
0.28000000000000002664535259100375697017,3.5008653221144308585024624830704738655e-100,130.0,0.99889129698304948491016088781155800376,0.90803335006646430533527060590706855154
0.27000000000000001776356839400250464678,3.8772711717807484289209941067782613645e-100,130.0,0.99890357032671286729634076458275470147,0.90823724070753959522940324700116130776
0.26000000000000000888178419700125232339,4.2996415945460690527797229268674880062e-100,130.0,0.9989155999330755463629689142861924169,0.9084395318887796802200982657914970664
0.25,4.7738524798338092628472101353451957338e-100,130.0,0.99892739259046974782540607032636225543,0.9086402413028122670501682937408026461
0.23999999999999999111821580299874767661,5.3065461542117034775887922620165273632e-100,130.0,0.99893895484473880087085850424371941845,0.90883938639275107717374768870509753115
0.23000000000000000999200722162640886381,5.9052309869409086173056765454585029423e-100,130.0,0.99895029300983454840667685436547258667,0.90903698435689206323322448732158430564
0.22000000000000000111022302462515654042,6.5783936485034727427218127072710663556e-100,130.0,0.99896141317786567429486641079202227611,0.90923305215326254898438685220330483727
0.20999999999999999222843882762390421703,7.3356255595255298919508886125422312549e-100,130.0,0.99897232122862987278512350932851978946,0.90942760650403138183208270465173605014
0.20000000000000001110223024625156540424,8.187765241435859327770921987256474933e-100,130.0,0.99898302283866054637239441196111628742,0.90962066389978761107131252742619219483
0.19000000000000000222044604925031308085,9.14705847166660937505360326052423261e-100,130.0,0.99899352348981664737609620801202640497,0.90981224060369464286671578768723463321
0.17999999999999999333866185224906075746,1.0227338356657900639014942470021129216e-99,130.0,0.99900382847744236437889870342497345718,0.91000235265552632076838348931548045075
0.17000000000000001221245327087672194466,1.1444227666883167424756614216227148143e-99,130.0,0.99901394291812158417469376432766065815,0.91019101587559093274821133633934794639
0.16000000000000000333066907387546962127,1.2815366031144851748843882012848750717e-99,130.0,0.9990238717570504189654882511202279435,0.91037824586854870596274607171787909557
0.14999999999999999444888487687421729788,1.4360664864137168814381298731075500249e-99,130.0,0.99903361977504956897601121729858527201,0.91056405802712795939601474206176829914
0.14000000000000001332267629550187848508,1.6102593203421652742894030391304853752e-99,130.0,0.99904319159523688252972413652791711756,0.91074846753574473828723010982661089912
0.13000000000000000444089209850062616169,1.8066497961239748224725098703138903333e-99,130.0,0.9990525916893791678411292433755846335,0.91093148937403040819672185686174337416
0.11999999999999999555910790149937383831,2.0280962454750761795713580947418940187e-99,130.0,0.99906182438394109753441064404146201284,0.91111313832027138113159599884621257543
0.11000000000000000055511151231257827021,2.2778207467100984513995375993363986735e-99,130.0,0.99907089386584792066584147491231221803,0.9112934289547648783699109379137580592
0.10000000000000000555111512312578270212,2.5594539512961522228439900341323875599e-99,130.0,0.99907980418797764880837387906619646888,0.91147237566309435894071212227541914921
0.089999999999999996669330926124530378729,2.8770851437551317391926408495009954828e-99,129.0,0.99908855927439740911470880988646452208,0.91164999263932801036289971707410100105
0.080000000000000001665334536937734810635,3.2353180969365620543674426132462756848e-99,129.0,0.99909716292535775093208909329335911234,0.91182629388914347686927527095001784416
0.070000000000000006661338147750939242542,3.639333337545197360864698215249994021e-99,129.0,0.99910561882205784881570780499744163857,0.91200129323288179817143802744154506316
0.059999999999999997779553950749686919153,4.0949574935589098372409312847895791218e-99,129.0,0.99911393053119375838901863701367754974,0.9121750043085333365023152168797068218
0.050000000000000002775557561562891351059,4.608740455944420878518319440973654329e-99,129.0,0.99912210150930114916106721804054020086,0.91234744057465830227447205876252581603
0.040000000000000000832667268468867405318,5.1880411519822069849170192728516384277e-99,129.0,0.99913013510690325512041405666164308998,0.91251861531324432778097857364121798052
0.029999999999999998889776975374843459576,5.8411227966331440824268783422935792424e-99,129.0,0.99913803457247414600743277317209125652,0.91268854163250338218103896950546898907
0.020000000000000000416333634234433702659,6.5772585617728583516158203876157804478e-99,129.0,0.99914580305622682741096831896320045039,0.91285723246961019331626818522825676242
0.010000000000000000208166817117216851329,7.4068486808025404715160828841839027068e-99,129.0,0.99915344361373512150199805212373964474,0.91302470059338420747102551167765906194
0.0,8.3415500880902419735386676401139436896e-99,129.0,0.99916095920939776071705377024945194199,0.91319095860691700270213820250375963421
