value,sup,dur,Y,S
1.0,3.5402202832773760802876312902124055102e-58,108.0,0.99608547830263100926629743163630466075,0.26949632711198441033307571867437365597
0.98999999999999999111821580299874767661,1.5623420474667252170383796534278245821e-57,107.0,0.99576909719397141436695407543066841954,0.26966871751010165677828552955596949861
0.97999999999999998223643160599749535322,6.9224927461284137458592780067024462848e-57,106.0,0.99545300780195115929042970309289168966,0.26990853645813299905199393870939211304
0.96999999999999997335464740899624302983,3.0766691536521567734066572759046546159e-56,106.0,0.99513830118694786978706224612963472236,0.27021297706406935228909348606899865277
0.95999999999999996447286321199499070644,1.3705807314180008834091281217491302757e-55,105.0,0.99482454258338568597649460139558155948,0.27057882834716941553771646038742449704
0.94999999999999995559107901499373838305,6.1162178173837161440191796460075886202e-55,104.0,0.99451293100483311279863530213939845434,0.27100263695631767209327788205489420261
0.93999999999999994670929481799248605967,2.732963143753825047019710828187121755e-54,104.0,0.99420335952920581482746420877375079442,0.27148080836532042809232947763532274263
0.93000000000000004884981308350688777864,1.2224710002444099424996214724714866872e-53,103.0,0.99389611510905318711466148123617579094,0.27200966064577573984825872642048375963
0.92000000000000003996802888650563545525,5.4731481640106544428488208346816406755e-53,102.0,0.99359152609375711905525667534286528946,0.27258544155175540700207015350830428032
0.91000000000000003108624468950438313186,2.4525823918467096996520249186589467079e-52,101.0,0.99328983824458960021959473737922040921,0.2732043174596003206250986075225112433
0.90000000000000002220446049250313080847,1.1001244689405433295424812491018430143e-51,100.0,0.99299121154716789924751971601137911089,0.27386234076670370892291873652440700045
0.89000000000000001332267629550187848508,4.9406340370281713105161813321429558054e-51,100.0,0.99269571535308809255894042664758406728,0.27455540069444333774932832288566952632
0.88000000000000000444089209850062616169,2.2221884131008863870030832493077077676e-50,99.0,0.99240355963946535497199302713795158665,0.27527916106119279298716227393864612815
0.86999999999999999555910790149937383831,1.001411285708520655627503596837069048e-49,98.0,0.99211557601861928782809035212481304674,0.27602898747264830115624805886120000481
0.85999999999999998667732370449812151492,4.5236906533662606564888888937395884468e-49,97.0,0.99183079805685575226462712002496562412,0.2767998654911783818300550957872269381
0.84999999999999997779553950749686919153,2.0496286092627169545752267733447347086e-48,96.0,0.99154965459340638979747850271919529921,0.27758631066415764983280354308705732897
0.83999999999999996891375531049561686814,9.3207028729475894797310515803701297794e-48,95.0,0.99127285701266288910124663220872855753,0.27838227078611234205614585055607419883
0.82999999999999996003197111349436454475,4.2573370826897756055975548911264907702e-47,94.0,0.99099930039760247783172503858583032315,0.2791810204186537746945900247729818792
0.81999999999999995115018691649311222136,1.9548012551569788653401960340475056031e-46,93.0,0.99073037534183401843624738743861521609,0.27997504747966933297646774719635168468
0.81000000000000005329070518200751394033,9.0310025068759648030748030288067428065e-46,92.0,0.99046513375994232094850003152457120182,0.28088663921580609561574080973444356724
0.80000000000000004440892098500626161695,4.2020951119666862127825197363410375558e-45,91.0,0.99020339998932801735712605374816818092,0.28179817606143484941559484979265810134
0.79000000000000003552713678800500929356,1.9713082551629380768005051448496334263e-44,90.0,0.9899468845820621903501011275791106751,0.2826911113975803662046386633445449311
0.78000000000000002664535259100375697017,9.3346713754637771700330441682372870859e-44,89.0,0.98969387439029663775033696872831641168,0.28355402468257496599986923267005000582
0.77000000000000001776356839400250464678,4.4671662020600535414308570529231731676e-43,88.0,0.98944455905669973329395775510441291427,0.28442145885865067902346589640035424803
0.76000000000000000888178419700125232339,2.1633323988614253642485741397088864025e-42,87.0,0.98919910906394090051902949084403218838,0.28540229338989184568370812027126004436
0.75,1.0616467071141750110834117965275638879e-41,85.0,0.98895857920961671697220159946467082913,0.28632638681028217092980967905942348121
0.73999999999999999111821580299874767661,5.2874912707192645833118584894492054249e-41,84.0,0.98872201109610963554894259425151049714,0.28717575130810856505145770430880117791
0.72999999999999998223643160599749535322,2.6768320318802583582308699307709428164e-40,83.0,0.98848932924380745394474972998534545672,0.28818536877873956211402576331969139869
0.71999999999999997335464740899624302983,1.3798353038644924844412308432388515184e-39,82.0,0.98826053661892069122030209665735529839,0.28911576423656388004377816425013084326
0.70999999999999996447286321199499070644,7.2551680822356296662666376155481141267e-39,81.0,0.98803558099361189896813863647797678209,0.29002338172640246696721154209683443735
0.69999999999999995559107901499373838305,3.8986186735231565790672990911731016389e-38,79.0,0.98781434308565814155730544518603049303,0.29101557725556035945516263637351781372
0.68999999999999994670929481799248605967,2.1453540488709148666671005321209227001e-37,78.0,0.98759721366432375254177170496659805151,0.29188933253173118825231219448129591697
0.68000000000000004884981308350688777864,1.2115761885786535458638810396564810576e-36,76.0,0.98738473294750623292122867426539353605,0.29290700866404819694391836019679571824
0.67000000000000003996802888650563545525,7.038264953060544787952445946225981783e-36,75.0,0.98717574544459417101801631735624727807,0.29380091116177372783729193272608320952
0.66000000000000003108624468950438313186,4.2160809824857327838070181741511317322e-35,73.0,0.9869697784075410770359675843776560773,0.29478558712453165532369402677216271803
0.65000000000000002220446049250313080847,2.6110612973832472527676938908754016161e-34,72.0,0.98676733105625369009011860280238303287,0.29573499092490172178694253525394236271
0.64000000000000001332267629550187848508,1.6764985601149056399246579705710595629e-33,70.0,0.98657002322044482296078100285787646472,0.2965990624997756659252450196769534209
0.63000000000000000444089209850062616169,1.1193445860945332676802751668137761391e-32,69.0,0.98637426733830913873724004525562332758,0.29761460271090224921090929538498640114
0.61999999999999999555910790149937383831,7.7962505516815115590495107092856516886e-32,67.0,0.98618417708907463294517949401386106539,0.29856822646013355086932663329594792683
0.60999999999999998667732370449812151492,5.6839995031900139982107497656150083089e-31,65.0,0.98599511613200508910406854078850014087,0.29948516656638527442295617456925458087
0.59999999999999997779553950749686919153,4.3537120134497153820096124995061019357e-30,64.0,0.98581222522619199002001951609127172369,0.30038644718929717470857040734016458684
0.58999999999999996891375531049561686814,3.5172962714751348896911698300914311916e-29,62.0,0.98563090959219401331039480749458633652,0.3012882422918126702386083291023654085
0.57999999999999996003197111349436454475,3.0097606893655514496863641479592361065e-28,60.0,0.98545193822707053905163300079890128334,0.30220115415910396703228032754157343636
0.56999999999999995115018691649311222136,2.7402606128489940683192337410508933674e-27,58.0,0.98527852246540726219777391809990429794,0.3031293534733766869817561032359381438
0.56000000000000005329070518200751394033,2.6674298304814761945154825772713153009e-26,56.0,0.98510757796280557706249487575900125914,0.30406951671974409507014489236287068712
0.55000000000000004440892098500626161695,2.7905349629716686004063713606785659328e-25,54.0,0.9849393790055991339256207530415274124,0.30500949180820568068589277097515202332
0.54000000000000003552713678800500929356,3.1548462573178952881629332199534963586e-24,52.0,0.98477398927911113328567505892619036492,0.30592662044644510992850650854737666673
0.53000000000000002664535259100375697017,3.8771780716921463476531312903201133284e-23,49.0,0.98461119609867402736204372525956007932,0.3067856493723713066611946420164040382
0.52000000000000001776356839400250464678,5.2117547455659416736122658272445927108e-22,47.0,0.98445042098860868899463635695067188229,0.30768158162236376689910332300433230964
0.51000000000000000888178419700125232339,7.7119951902619894273015209040094886474e-21,45.0,0.98429483182796201694002253778895566629,0.30857878206586908748675295747473330586
0.5,1.2643941045118216992493771875073720913e-19,42.0,0.98414095758021002704021406945883466019,0.3094438649261139299514906043620183618
0.48999999999999999111821580299874767661,2.3113400581227562277288493556966292178e-18,40.0,0.98398841528961660677001516863024418734,0.31027122460249577026541467433388813088
0.47999999999999998223643160599749535322,4.7374578841925923057088776141883495276e-17,37.0,0.98382689833286736564218320861399268983,0.31117593696443428134332333808255484283
0.46999999999999997335464740899624302983,1.0931850441480779903829259982624351775e-15,34.0,0.98354030982476448032880212343640228799,0.31203552342843347389307058159853895925
0.46000000000000001998401444325281772763,2.8429744185491376986459158187237555825e-14,31.0,0.98304147503472014007563385751589612476,0.31287613388641757315863673508932400564
0.45000000000000001110223024625156540424,8.2959703035624923631137276483011565705e-13,28.0,0.98221600391927442375183444105673870394,0.31369563333984862708652157211870775823
0.44000000000000000222044604925031308085,2.6784692047064116308981978446469889587e-11,25.0,0.98088169813681292155337350597150193022,0.31445681469156113781515183183530136261
0.42999999999999999333866185224906075746,9.2831806284858726033411559553887718665e-10,21.0,0.97874424040798433582358890162421352022,0.31534239168242616160891578369333914329
0.41999999999999998445687765524780843407,3.2648338802558381812958532889910091209e-08,18.0,0.97532656612495390025116483543478580386,0.31606982988963792952842970317754412985
0.40999999999999997557509345824655611068,1.05974852315553057506450498770880636e-06,14.0,0.96986624355925591914906927757769626504,0.31691982290158161991516964290325177893
0.40000000000000002220446049250313080847,2.7467219025049791542206432803120101331e-05,10.0,0.96119204984299912464247472371832658016,0.31613063104958392543672185925002149908
0.39000000000000001332267629550187848508,0.00046806753499466604077749441662262536967,6.0,0.94763023331154995043385698315620578924,0.30525380378543236464194901593878503542
0.38000000000000000444089209850062616169,0.0043069176188367031148377134753801536556,2.0,0.9270409530831304133898979402565036849,0.28302771042515946761047121440917864808
0.36999999999999999555910790149937383831,0.020129427195627292825410036076898110604,0.0,0.89709772095249864507617290496899113053,0.25174122700275736019960630446531755323
0.35999999999999998667732370449812151492,0.055456961304638988930019819482038714022,0.0,0.85584514283821476492964367724354222798,0.21533303846557763675553969327398300329
0.34999999999999997779553950749686919153,0.11028537381360564917986020798391955277,0.0,0.8024116186585060408604666363561539817,0.17791104407119371841956943164845291713
0.34000000000000002442490654175344388932,0.18087963792269062318787802442086645606,0.0,0.73759658273431050233605759915724466293,0.14273666945264346903337700700798334385
0.33000000000000001554312234475219156593,0.26242431769908545037357160752972632265,0.0,0.66401408280124774052854424875473050949,0.11185134536517041127253843109021060343
0.32000000000000000666133814775093924254,0.34954756706301873380426716339696740823,0.0,0.58564054063708101083729912644550081162,0.086130257050223477683968463657679061729
0.30999999999999999777955395074968691915,0.43693614380370051391610400348521386144,0.0,0.5069238124524864178617201987557794722,0.06555972630930753934780439676763529706
0.29999999999999998889776975374843459576,0.5201093572442165250779423550192496169,0.0,0.4318417977024441438188296601364556768,0.049587808918615797365386270189020056114
0.28999999999999998001598555674718227237,0.59593924965593970166992032287473068383,0.0,0.36327242591958049797601810280377109438,0.037433845901020221653967267400843023676
0.28000000000000002664535259100375697017,0.66275000691062470476817363142474977544,0.0,0.30280759525778686661133329239383589404,0.02829899801499351390956024676748466194
0.27000000000000001776356839400250464678,0.72008811434125981199265796136102775596,0.0,0.25091636034543305808563602235341856649,0.02147653388633901842541675933243742078
0.26000000000000000888178419700125232339,0.76834965724512991450234491487392517179,0.0,0.20727130346892379419146613423905433304,0.016390308645805751458823506444428469458
0.25,0.80841623839722583948631397347758152108,0.0,0.1710832071751196712036012797629766012,0.012593159128358585018378899303439136398
0.23999999999999999111821580299874767661,0.84137438070959450817678785074592850245,0.0,0.14136419955015869604536960977537717409,0.009748172226116285181727435166374694196
0.23000000000000000999200722162640886381,0.86833245529702839608608640611030529723,0.0,0.11710109325778626637337617508614720473,0.0076058320077303410546023396766083310978
0.22000000000000000111022302462515654042,0.89031854127314539117917943153856693436,0.0,0.097352575580808509466551398510292914567,0.0059830023575951895269798885723387899832
0.20999999999999999222843882762390421703,0.90823443428140254176443024968497719885,0.0,0.081293146892767782561743647831146937253,0.0047457396610869553876286575701020652054
0.20000000000000001110223024625156540424,0.92284386830313242938596524880640120012,0.0,0.068224546530884650821753439489130516561,0.0037960666363727159628960217384397598711
0.19000000000000000222044604925031308085,0.93477914434942699077476052848007237848,0.0,0.057569710637764962641173183474317417694,0.0030621330156093590614436127771180458345
0.17999999999999999333866185224906075746,0.9445561141214304977049841706571565975,0.0,0.04885883352724515201322984349228518498,0.0024910325823416129480369539231507330078
0.17000000000000001221245327087672194466,0.95259172361830282985382744157347019949,0.0,0.041713034268596429056281294956235574932,0.0020436106967506796711201167101640095289
0.16000000000000000333066907387546962127,0.95922109582496923208391585819515240074,0.0,0.035828480199305786240303150973930840381,0.0016907261257372042070851417475229588353
0.14999999999999999444888487687421729788,0.96471278815555532309681072359589666156,0.0,0.030962242889988001241023536892863977894,0.0014105609583849051594086280898912664456
0.14000000000000001332267629550187848508,0.96928177756195673718917479290997867452,0.0,0.026920294710973269884797662866160696468,0.001186680849831826792509882790775329857
0.13000000000000000444089209850062616169,0.97310019301834266915301491335521108623,0.0,0.023547616591052101703384568652695006112,0.0010271297644117489916260353781996116191
0.11999999999999999555910790149937383831,0.97594463175459657483521602467664758965,0.0,0.021055526553843387110478496180144480981,0.00096211840206978468958144425579134783162
0.11000000000000000055511151231257827021,0.97796372539147306199643975102390721899,0.0,0.019289629713332543452275172533352431276,0.00092387866256237480992056188965693001624
0.10000000000000000555111512312578270212,0.97955670958796613346407978705326690504,0.0,0.017897014980812773315151396244289084032,0.00090069773122593586268545728098687618415
0.089999999999999996669330926124530378729,0.98087393445684445050503374059583982292,0.0,0.016745709243078392574958489396940682301,0.00088884052553749306487850010414689239556
0.080000000000000001665334536937734810635,0.98199475541513044445393244099514032759,0.0,0.015766276179062729822184848920176421927,0.00088580370105726604785137671282219860398
0.070000000000000006661338147750939242542,0.98296704998947464059467439890639597905,0.0,0.014916778801127561399797617749992198403,0.00088580369660462991257915730513466234662
0.059999999999999997779553950749686919153,0.98382227674292256179348645331739830243,0.0,0.01416954825246226412281776380022406128,0.00088580369219317951747072266607525846943
0.050000000000000002775557561562891351059,0.98458286870485727912886992225606105788,0.0,0.013505011469230460559457646149148469586,0.00088580368782234605690799271865519555335
0.040000000000000000832667268468867405318,0.98526591010017515177304084729988081166,0.0,0.012908355894209992128649809417372645583,0.00088580368349157115144508190823068310654
0.029999999999999998889776975374843459576,0.98588397870962603854803559095142978812,0.0,0.012368575995218087432342694066521343754,0.00088580367920030661000916943239538517054
0.020000000000000000416333634234433702659,0.98644595256556276655653645917669398638,0.0,0.011877656103890946341831410049578223891,0.00088580367494801419858020952269261868928
0.010000000000000000208166817117216851329,0.98696047673814503928849599174942343196,0.0,0.011428243088773613090888034438524699016,0.00088580367073416541514453328360018495601
0.0,0.9874336634115305693460836446182081883,0.0,0.011015030067785362979029552409783686581,0.0008858036665582412707247119877707113219
