value,sup,dur,Y,S
1.0,1.3117066601152218389419870538718383481e-111,113.0,0.99608517062250971376375689442954661979,0.26945857525651123824616849868608101695
0.98999999999999999111821580299874767661,1.1943386570212094910183507863672919522e-110,112.0,0.99576877212793942112153723562036894013,0.26964258604779131516148993179608329936
0.97999999999999998223643160599749535322,1.1095569361180942489474267939204265211e-109,112.0,0.99545262383285829431619677897603770854,0.26989704322023826989518066814168299014
0.96999999999999997335464740899624302983,1.0513679025106013450533907425680028718e-108,111.0,0.99513788209055356933133234115047067951,0.27021744441576466150469776009537231669
0.95999999999999996447286321199499070644,1.0159841911296996918304495142687337911e-107,111.0,0.99482418521173283363590789130290068388,0.27059895494132057131603728748642571701
0.94999999999999995559107901499373838305,1.0013282417993418606088991050122562102e-106,110.0,0.99451224907130170364010595106675899593,0.27103648973041432910937653897223910926
0.93999999999999994670929481799248605967,1.0067783914227076006071091283781779129e-105,109.0,0.99420266295442090782378537351964374215,0.27152475150398299688886252071496791446
0.93000000000000004884981308350688777864,1.033107231148869852733154514991576288e-104,109.0,0.99389538492814258401240196264581915481,0.27205823436665768362906427974704567586
0.92000000000000003996802888650563545525,1.08260128532605601567785505571348012e-103,108.0,0.99359069186596063359981815215659700088,0.27263120020661685072893509170624541408
0.91000000000000003108624468950438313186,1.1593873722986749121605079541741945661e-102,107.0,0.99328876453148373668899873807165146237,0.27323763362664746215153364877773914509
0.90000000000000002220446049250313080847,1.270034455655680145003452494284726488e-101,107.0,0.9929901795962374492247489918294581519,0.27387117974341941434401326542934917783
0.89000000000000001332267629550187848508,1.4245631168140756344133896816084025673e-100,106.0,0.99269500916402694881633224668682193376,0.27452506805125010972295855876116690172
0.88000000000000000444089209850062616169,1.6380981746508477568097454358130329854e-99,105.0,0.99240294964054343165065736415277717555,0.27519202464307862986237808031194374282
0.86999999999999999555910790149937383831,1.9335795340238176547247612276264313212e-98,104.0,0.99211424734760441066320675266301697999,0.27596016208736200101576260875307113606
0.85999999999999998667732370449812151492,2.3462703952241968107790658498016222474e-97,104.0,0.99182983364698262653870593077131334031,0.27676701198912199098807336916159961299
0.84999999999999997779553950749686919153,2.9314046300835853933894039146607893328e-96,103.0,0.99154827564787705105319116164162701546,0.27757386254925297510513495900937610898
0.83999999999999996891375531049561686814,3.7774676123616120348387910734208111511e-95,102.0,0.99127162289084525636733804285178118437,0.27837087023360920979745183984963216492
0.82999999999999996003197111349436454475,5.0298712510524876560731439109724059723e-94,101.0,0.99099809437233735237199456876221871051,0.27914710253844074768702480153618017996
0.81999999999999995115018691649311222136,6.9343730899300471126390177527882549113e-93,100.0,0.99072870737098017916784852507718366639,0.28000512218567008252062646524933873543
0.81000000000000005329070518200751394033,9.9191716214696599069333350439142953452e-92,99.0,0.9904637413037047150173681683710052983,0.2809135881435136089488076341609280658
0.80000000000000004440892098500626161695,1.4755281182311857377925606312851828377e-90,98.0,0.9902023204433981166711677708886073927,0.28177619771732216691171885296654826442
0.79000000000000003552713678800500929356,2.2880952744949842701800976104154266841e-89,97.0,0.98994465103015102913235110034961188747,0.28258038218522921793345590935345653371
0.78000000000000002664535259100375697017,3.7082860163911166188324767375965223081e-88,97.0,0.98969140072937441946794858784754784849,0.2835644447514325392380217322921852555
0.77000000000000001776356839400250464678,6.2984450695291910869609610818214093086e-87,96.0,0.98944259719193511754592583573909080278,0.2844655790405098091506642487945032813
0.76000000000000000888178419700125232339,1.1243905382820133807823005209752774276e-85,95.0,0.98919770213482995880929333851298134256,0.28532979166064422806688989244001024279
0.75,2.1162446579835472167209034993173811071e-84,93.0,0.98895675641308606817690151580187924729,0.28631802737396389548964569056266723145
0.73999999999999999111821580299874767661,4.2131195581882066319714322822109367295e-83,92.0,0.98871974698299932456664296058463037841,0.28716839584994578020006532269040613108
0.72999999999999998223643160599749535322,8.9031538229358421366568151746601982354e-82,91.0,0.98848659552286022349646855126781532559,0.28817700305445649500202979894628610061
0.71999999999999997335464740899624302983,2.004443299817671791877775419823115047e-80,90.0,0.98825714436037310952379485093814368324,0.28904435462519554733023234352165218693
0.70999999999999996447286321199499070644,4.8268355702439356327437635349615659077e-79,89.0,0.98803276273421515094448187517683475094,0.29005669784486197822397471380858605005
0.69999999999999995559107901499373838305,1.2484409625739345651956716826370841727e-77,88.0,0.98781220115505153594722039965263201854,0.29092625682010830497573000019725363514
0.68999999999999994670929481799248605967,3.4837382278044477280506690696163358203e-76,87.0,0.98759494683331235370800093345663719477,0.29193297979159986692651282412387664869
0.68000000000000004884981308350688777864,1.0537965565488993759634618032337806819e-74,85.0,0.98738049496762903384261047323415925887,0.29287945408076068373673953852620592352
0.67000000000000003996802888650563545525,3.4729643667096000837427355762945570388e-73,84.0,0.98717217984758024221490088208639909869,0.29375452175249745891994508592075753403
0.66000000000000003108624468950438313186,1.2537841687507021917433854965865990684e-71,83.0,0.98696583226420763166615535026894006229,0.29475361451391999923368599528334887731
0.65000000000000002220446049250313080847,4.9869067994402066505629502736012322892e-70,81.0,0.98676416875073408846952997484275349657,0.29572415769546902266048757992954281967
0.64000000000000001332267629550187848508,2.1989075057109722268560542775536450245e-68,80.0,0.98656496611231572999323163591700141747,0.29666476550282811413413979492740219331
0.63000000000000000444089209850062616169,1.0819820640704755279632782121165350592e-66,78.0,0.98637094060058228502615808084942536492,0.29759300504521393936468335537799243137
0.61999999999999999555910790149937383831,5.9833666231969718271104612685350271347e-65,76.0,0.98617890485971775705342096221449665186,0.29852134977713200783132730081667819395
0.60999999999999998667732370449812151492,3.7469735551275682004944820819859963417e-63,75.0,0.98599035958921855402969347870134955287,0.29945639667522490207586853492694393493
0.59999999999999997779553950749686919153,2.6789328869072868571209257234049358727e-61,73.0,0.98580657930961735783221825700888162283,0.30039793067819997584609242325278475311
0.58999999999999996891375531049561686814,2.2058889594374499114515245422732137327e-59,71.0,0.98562558534746313167833659656223047159,0.30133777628363043507942716315095668572
0.57999999999999996003197111349436454475,2.111617651039885717671878044999710884e-57,69.0,0.98544760744540708597167007228440267492,0.30225837436440588287201123850883968772
0.56999999999999995115018691649311222136,2.3736422245375143709382843577534308464e-55,68.0,0.98527267031859973559646386686908464523,0.30313102472092123233537079778367100877
0.56000000000000005329070518200751394033,3.1669430128056550880291807076785788968e-53,66.0,0.98510052834761225086234444848452977011,0.304064356863536688621993775160511015
0.55000000000000004440892098500626161695,5.0727469532583090905962221120058248e-51,64.0,0.98493057708602182101177056311295134814,0.30499257882392072892967384138094524238
0.54000000000000003552713678800500929356,9.8730665980458841675004499371720481685e-49,61.0,0.98476612273717079724108295577031582188,0.30585583822599274217495209500485900172
0.53000000000000002664535259100375697017,2.3643654702677656820405352933847812339e-46,59.0,0.98460327337508543062320884207263808929,0.30677316968081823145113758379134507559
0.52000000000000001776356839400250464678,7.0564209163886575913183106263176386653e-44,57.0,0.98444262577091486632815467946665710893,0.30767907589353659623588318897934720477
0.51000000000000000888178419700125232339,2.6577038387114292033042461120035525026e-41,54.0,0.98423981201637274417700686900650160284,0.30853754528251803362726193080937267645
0.50,1.2777042884901648460440877065714599422e-38,52.0,0.98388630646313595497229671703286251976,0.30939252039062282627578015286419865743
0.48999999999999999111821580299874767661,7.9091812777097406980425156730101208699e-36,49.0,0.98330255708387304265140234822959980336,0.31026460767386444486158890567328907044
0.47999999999999998223643160599749535322,6.3248384183170465924992357095357237682e-33,46.0,0.98236382180311734952182884194556766756,0.31114611142962000105831030478788805792
0.46999999999999997335464740899624302983,6.4915942312145678967899359280967060921e-30,43.0,0.98087073967498970633590573510848778909,0.31199425014967776558007422100161740648
0.46000000000000001998401444325281772763,8.3534776568805039830615564849070893085e-27,40.0,0.97850061759583152978729346384923538671,0.31278865006047228132293420535881238442
0.45000000000000001110223024625156540424,1.2813316752485051575286577224006693281e-23,37.0,0.97473062307754026116934043534975244319,0.31365622537162220950925286583899035141
0.44000000000000000222044604925031308085,2.1412471400316147489477362311233066059e-20,33.0,0.96872864209512495692597122301539095252,0.31449165402925665293070209209981043352
0.42999999999999999333866185224906075746,3.3907508920751393635012966156050243892e-17,30.0,0.95922780498965690499286185894329058742,0.31237238008030422638605224211008560427
0.41999999999999998445687765524780843407,4.2130969250474117734726380737344292761e-14,26.0,0.94444343090916127754951909895430424842,0.29928453635830247405795476224661057123
0.40999999999999997557509345824655611068,3.2965140140128065500510701103345391425e-11,22.0,0.92213918298163663454356162330876808349,0.27517936704178603748330839714313211169
0.40000000000000002220446049250313080847,1.3054978039637063947489580578888669849e-08,17.0,0.88995099717735346850773846381537604767,0.24280586835184102934441776716449712953
0.39000000000000001332267629550187848508,2.1790136575351332959958336825513349723e-06,13.0,0.84598762556838670012225629934792389971,0.20620152037590145641148074814257096431
0.38000000000000000444089209850062616169,0.00013509244919227096988400359149285368662,8.0,0.78956336907548027265440772172054770575,0.16929319920243849388400349530292889539
0.36999999999999999555910790149937383831,0.0029302456077912493724758444087685041027,2.0,0.72176554501786007789778412901679999474,0.13506445621395893346612071860313903833
0.35999999999999998667732370449812151492,0.023204106175272078984381565332285614348,0.0,0.64553514317280000211516742858634845896,0.10530390725347796206663679083776727732
0.34999999999999997779553950749686919153,0.082682192859771666753185790631489636899,0.0,0.56512864668752497374647229057870639196,0.080705068199374898557219860316340599109
0.34000000000000002442490654175344388932,0.1778901656464320106732576437240058455,0.0,0.48515651427676534808659910823333324513,0.061147987555762109706323763056381426708
0.33000000000000001554312234475219156593,0.28825272279432398537620868133715734905,0.0,0.40961793755239225488905979345105191008,0.046035348807647594583123453979842645762
0.32000000000000000666133814775093924254,0.39760627145727428078646152598250736558,0.0,0.34129602484121307390945890704083380285,0.034581294288592798708521932025909872347
0.30999999999999999777955395074968691915,0.4975179831374690051184487466654337376,0.0,0.28162290624044572185311919757838423115,0.026003012628551841718133446870330494387
0.29999999999999998889776975374843459576,0.58462483666346533773253598334543906789,0.0,0.23089286136332146329222392870065157335,0.019617682140330851273757126688737779455
0.28999999999999998001598555674718227237,0.65837430854870386223002685502957787132,0.0,0.18862210066165602948455639075808706142,0.014873381115925319682502906267451563132
0.28000000000000002664535259100375697017,0.71964221298148319271715966417361291274,0.0,0.15389848195889448011323615211727428358,0.011344103807891659213885384907647476398
0.27000000000000001776356839400250464678,0.76992437542803796240340047795085533474,0.0,0.12564659622330292314102237896549539682,0.0087100777770770888845885876067436154951
0.26000000000000000888178419700125232339,0.81088225382536406536665355632226896194,0.0,0.10279626000203025267244529679116593801,0.0067351155241970424181333340869573221728
0.25,0.8441065144220898550119311868964238759,0.0,0.084372646437372069734737509218012952038,0.0052462216009382991484212264852925968999
0.23999999999999999111821580299874767661,0.87101054971062399259881009858877905482,0.0,0.069533430470004402856190642807380653789,0.0041170913852304193948504622271765317464
0.23000000000000000999200722162640886381,0.89279707633950445632156495257370153831,0.0,0.057574670805390508358575425527900800189,0.0032554888195715499633196633897532348076
0.22000000000000000111022302462515654042,0.91046254670269070153433968976465803205,0.0,0.04792064018983390333189671315040225642,0.0025938901728921397523968851327442367761
0.20999999999999999222843882762390421703,0.92481867824287774488866772503581303064,0.0,0.040106992602023187096149791289209578836,0.0020826689990299647755667276918945053609
0.20000000000000001110223024625156540424,0.93651969957605972588180621023921926142,0.0,0.033762489065220598721344736888517459062,0.0016851766270575283154405843575454886579
0.19000000000000000222044604925031308085,0.94608951102331560373256760611102813221,0.0,0.028591868881633758419247834017469756412,0.0013742038547149450939133005423483073152
0.17999999999999999333866185224906075746,0.9539461485494175330810555034499689536,0.0,0.024360929052555606172223409964799130744,0.0011294364604295714644722816725832232733
0.17000000000000001221245327087672194466,0.96042265731561591330774217941003940378,0.0,0.020884062711950354616437386853453740416,0.00093562153669255232165263161136608382185
0.16000000000000000333066907387546962127,0.96578434050202068681618511123024707304,0.0,0.01801411637582621714147066528380259102,0.00078124134628643500999388382798718666431
0.14999999999999999444888487687421729788,0.970242732398766089113442289797839127,0.0,0.015634267647501622803591462404669683703,0.00066423958683847740351657719527457297271
0.14000000000000001332267629550187848508,0.97376922825871916501801466098969565138,0.0,0.013773296824988787773006577402881416758,0.00060421783908966693243458944757174347032
0.13000000000000000444089209850062616169,0.97627109238597013306142601108260627123,0.0,0.012460672018306752597504504287676909642,0.00056621715801030048008095826546199169977
0.11999999999999999555910790149937383831,0.97820493007015172673490760601542625675,0.0,0.011446408081960112383713357811203173503,0.00053977185469024589030238418363326538274
0.11000000000000000055511151231257827021,0.97977721829682909448596489011355703614,0.0,0.01062199493027759298070541814474361954,0.00052121459204855208680333762364357650486
0.10000000000000000555111512312578270212,0.98109519391034572823310643076783860263,0.0,0.0099310072051814213823175459799859442131,0.00050886635628767300314905807153097609355
0.089999999999999996669330926124530378729,0.98222390763625177166831522608668397964,0.0,0.0093393436421673230818023241936581865586,0.00050192967616675904852950753086439635913
0.080000000000000001665334536937734810635,0.98320617658621961247597261989378336622,0.0,0.008824468440542435235719174475264103522,0.00049975040857632775147239467052737754127
0.070000000000000006661338147750939242542,0.98407124540358040571596933222499385913,0.0,0.0083711042083374578965245063149559778021,0.00049906280518391547937994175278928445231
0.059999999999999997779553950749686919153,0.98484104050915871689511259407619537442,0.0,0.0079676579625654022641894400266316612336,0.00049838156006099501270320226935527055502
0.050000000000000002775557561562891351059,0.98553189625540188704321542641222914407,0.0,0.0076056227038557643307847503911435021985,0.00049770658542105755855046181864309564124
0.040000000000000000832667268468867405318,0.98615582383016195845827593706276146474,0.0,0.0072786968497643646675416105276396996051,0.00049703779508624307267891845345020597249
0.029999999999999998889776975374843459576,0.98672359916648165099836195270663134337,0.0,0.0069812019267162546377829200579210252735,0.00049637510445066108046096861723038040648
0.020000000000000000416333634234433702659,0.98724231198314264548424640015310091947,0.0,0.0067094009753506664043896517475262013405,0.00049571843044471053166777328549322749033
0.010000000000000000208166817117216851329,0.98771864669772826497973221551228962769,0.0,0.0064598547857061464049452403963850647648,0.00049506769150036709528867641520020099216
0.0,0.98815763129411520115402905883857689782,0.0,0.0062298633390444479840151116265100083096,0.00049442280751740742842574577006730396081
