value,sup,dur,Y,S
0.0,1.9408324264637652022864212331412117391e-78,110.0,0.99602698802487803874679567260338182671,0.28090309102460491188487503241782473277
0.0050000000000000001040834085586084256647,1.9759154600588969643444686918374259994e-78,110.0,0.99602735201589415729060871601273238456,0.2808486123545850408362923607496545632
0.010000000000000000208166817117216851329,2.0116481564565984639694669862494374547e-78,110.0,0.99602771472617729681155967480285476017,0.2807940430840075148367383252065493297
0.014999999999999999444888487687421729788,2.0480428316685358318406020743337586559e-78,110.0,0.99602807615501789845278328463466301925,0.28073938319064428400896639077716791797
0.020000000000000000416333634234433702659,2.0851120405809651351803661686934301698e-78,110.0,0.99602843630170465292984340395017220861,0.28068463265235994603247910655997673036
0.02500000000000000138777878078144567553,2.1228685816920166616399533742293375198e-78,110.0,0.99602879516552449595404980432737377202,0.28062979144711152060516459636585324048
0.029999999999999998889776975374843459576,2.1613255019449865815472897493211331833e-78,110.0,0.99602915274576260364469573198015884972,0.28057485955294822290822865730629636172
0.035000000000000003330669073875469621271,2.200496101659623315628197770832075631e-78,110.0,0.99602950904170238793034493779572056325,0.28051983694801123605098778465710555449
0.040000000000000000832667268468867405318,2.2403939395634373740565610405788199896e-78,110.0,0.99602986405262549193437349524159272175,0.28046472361053348323723151763123933561
0.044999999999999998334665463062265189365,2.2810328379251079249144474008253847998e-78,110.0,0.99603021777781178535450270945154546015,0.28040951951883939815230095234773869006
0.050000000000000002775557561562891351059,2.322426887792100946033315825858497514e-78,110.0,0.99603057021653935982563851149560856843,0.2803542246513446952181729649094665037
0.055000000000000000277555756156289135106,2.3645904543346602363158636809473655595e-78,110.0,0.99603092136808452427071883103697902528,0.28029883898655613900083844257695684097
0.059999999999999997779553950749686919153,2.4075381822983783474685467750632655003e-78,110.0,0.9960312712317218002438923719562925454,0.28024336250307131208325794323603563488
0.065000000000000002220446049250313080847,2.4512850015675996477930711694444051503e-78,110.0,0.99603161980672391725718631470216814272,0.28018779517957838279195260286836510113
0.070000000000000006661338147750939242542,2.4958461328419570523852475892162427365e-78,110.0,0.99603196709236180809554750965386532911,0.28013213699485587201896086211693772549
0.074999999999999997224442438437108648941,2.5412370934283922990495888407403491362e-78,110.0,0.99603231308790460412116441051468883241,0.28007638792777241899029223651517777096
0.080000000000000001665334536937734810635,2.5874737031510595539632228616764726455e-78,110.0,0.99603265779261963056842563331072543445,0.28002054795728654575247396411492463715
0.08500000000000000610622663543836097233,2.6345720903815612131224410762790150828e-78,110.0,0.99603300120577240181750858925577964213,0.27996461706244642232091454382595562153
0.089999999999999996669330926124530378729,2.6825486981920206895728071786285799791e-78,110.0,0.99603334332662661666433135343466002232,0.27990859522238962963492894094475252147
0.095000000000000001110223024625156540424,2.7314202906335466961533039982582317947e-78,110.0,0.99603368415444415357810473997751354663,0.27985248241634292171339566848141127718
0.10000000000000000555111512312578270212,2.7812039591426976377929453975780272984e-78,110.0,0.99603402368848506593797951526689579654,0.27979627862362198842322675291948077551
0.10499999999999999611421941381195210852,2.831917129078613828488919379323403208e-78,110.0,0.99603436192800757726584146900167120961,0.27973998382363121606891506846404520608
0.11000000000000000055511151231257827021,2.8835775663935383654522192929509337771e-78,110.0,0.99603469887226807644658752791615157493,0.27968359799586344720406041226425336572
0.11500000000000000499600361081320443191,2.9362033844395051943131736584494110661e-78,110.0,0.9960350345205211129274744986109494534,0.27962712111989974108399872021909584148
0.11999999999999999555910790149937383831,2.9898130509140358954463038822047037331e-78,110.0,0.99603536887201939191339880727390170989,0.27957055317540913195428253007801627796
0.125,3.044425394947743405592240411311890329e-78,110.0,0.99603570192601376954953679491489092607,0.27951389414214838658284925565553466526
0.13000000000000000444089209850062616169,3.1000596143368024315599908548916342298e-78,110.0,0.99603603368175324808303397245423115074,0.2794571439999617624619489189211675295
0.13500000000000000888178419700125232339,3.1567352829233136251959820548816584822e-78,110.0,0.9960363641384849710213223100255753677,0.27940030272878076370316042691483779991
0.14000000000000001332267629550187848508,3.2144723581266479753490352943064827583e-78,110.0,0.99603669329545421827309565570240347174,0.27934337030862389698737529628876003408
0.14499999999999999000799277837359113619,3.2732911886289265042032680756540475211e-78,110.0,0.99603704002850480649873924489393858476,0.27928634671959642695244351783630109685
0.14999999999999999444888487687421729788,3.3332125222178589028033839262266658576e-78,110.0,0.99603739754594167347701178570281079172,0.27922923194189012928256014700397077561
0.15499999999999999888977697537484345958,3.3942575137902267500259326289120735792e-78,110.0,0.99603775376921062714738971279592999533,0.27917202595578304625634153846599310942
0.16000000000000000333066907387546962127,3.4564477335193786437389494733715121316e-78,110.0,0.99603810869760399225934156576741625142,0.27911472874163923843025729145169850748
0.16500000000000000777156117237609578297,3.5198051751901649332145289513439026534e-78,110.0,0.99603846233041231241037375635058753643,0.27905734027990853721191499314640736072
0.17000000000000001221245327087672194466,3.5843522647048199070195435902978859123e-78,110.0,0.99603881466692434537475523590365783352,0.27899986055112629643257750608480069428
0.17499999999999998889776975374843459576,3.6501118687633715865387572385415950819e-78,110.0,0.99603916570642705841818195232612776777,0.27894228953591314356271464719549216455
0.17999999999999999333866185224906075746,3.7171073037222387399107728475728147438e-78,110.0,0.996039515448205623610019742584510358,0.27888462721497472865978850779855857649
0.18499999999999999777955395074968691915,3.7853623446347452746450889571451723737e-78,110.0,0.99603986389154341310387468375371951871,0.27882687356910147585104091861996532459
0.19000000000000000222044604925031308085,3.8549012344773749067919356501349572301e-78,110.0,0.99604021103572199442542492862259075786,0.27876902857916833096740760245663006824
0.19500000000000000666133814775093924254,3.9257486935656579389492345087797549073e-78,110.0,0.99604055688002112573822674980318840182,0.27871109222613451012887130477207173341
0.20000000000000001110223024625156540424,3.9979299291636730916891280094923485549e-78,110.0,0.99604090142371875109916166616044243445,0.27865306449104324737263585536371667766
0.20499999999999998778754672912327805534,4.0714706452912296845185433917227811696e-78,110.0,0.99604124466609099569963098327108247503,0.27859494535502154197423778512337483152
0.20999999999999999222843882762390421703,4.146397052732885867586823048649277464e-78,110.0,0.99604158660641216110387577655676482612,0.27853673479927990353277007399054353595
0.21499999999999999666933092612453037873,4.2227358792530390720779440400947480441e-78,110.0,0.99604192724395472045581976490022407279,0.27847843280511209966886044105379748884
0.22000000000000000111022302462515654042,4.3005143800214301759433205534142981163e-78,110.0,0.99604226657798931369250256576082743165,0.27842003935389489989090655454958310479
0.22500000000000000555111512312578270212,4.3797603482534816287243559289729951268e-78,110.0,0.99604260460778474273546435371285412505,0.27836155442708782047574996695286157624
0.23000000000000000999200722162640886381,4.460502126069993369634582502418277676e-78,110.0,0.99604294133260796667148826069803699384,0.27830297800623286843714614987520355168
0.23499999999999998667732370449812151492,4.542768615580814208480026000145483701e-78,110.0,0.99604327675172409691889267001342558586,0.27824431007295428523846597730296761978
0.23999999999999999111821580299874767661,4.6265892901972092254540808975562875107e-78,110.0,0.99604361086439639239048992324571546098,0.27818555060895828830275235337664874535
0.24499999999999999555910790149937383831,4.7119942061777355586132160515982195975e-78,110.0,0.99604394366988625462525946806755407977,0.27812669959603281521470082982483381031
0.25,4.7990140144125586177078550692620315183e-78,110.0,0.9960442751674532229259334811612666299,0.27806775701604726410936552196288650385
0.25500000000000000444089209850062616169,4.8876799724512307434834691360741593882e-78,110.0,0.99604460535635496947450643937393252429,0.27800872285095223513969416047706830523
0.26000000000000000888178419700125232339,4.9780239567790721502043786077164554427e-78,110.0,0.99604493423584729443681355106472925369,0.27794959708277927107819861499597941763
0.26500000000000001332267629550187848508,5.0700784753474014596382284937164457125e-78,110.0,0.99604526180518412105427102807537117428,0.27789037969364059738654155364322417853
0.27000000000000001776356839400250464678,5.1638766803629766643979375129362926802e-78,110.0,0.9960455880636174907227365995162121728,0.27783107066572886176143867496736384863
0.27500000000000002220446049250313080847,5.2594523813421229217730074632768034898e-78,110.0,0.99604591301039755805844851383357798619,0.27777166998131687316531303896701613951
0.28000000000000002664535259100375697017,5.356840058435141684142577838165603666e-78,110.0,0.99604623664477258595100112027957945186,0.27771217762275734035017499438076912785
0.28499999999999997557509345824655611068,5.4560748760267152636461777962698383467e-78,110.0,0.99604655896598894059974377287338399376,0.27765259357248261054526294992212035523
0.28999999999999998001598555674718227237,5.5571926966181520532241995648689651476e-78,110.0,0.99604687997329108655500257941091796424,0.2775929178130044043458609289771268119
0.29499999999999998445687765524780843407,5.6602300949974204754374414880253981138e-78,110.0,0.99604719966592158171044178638502252273,0.27753315032691355673715892788163711514
0.29999999999999998889776975374843459576,5.7652243727030871950450792193097810056e-78,110.0,0.99604751804312107231809198682611263545,0.27747329109687975103146017063461571289
0.30499999999999999333866185224906075746,5.8722135727883683207089655235744637502e-78,110.0,0.99604783510412828797228870975349146459,0.27741334010565125564758370958815219878
0.30999999999999999777955395074968691915,5.9812364948916599622707775126389317674e-78,110.0,0.99604815084818003658397861386611642371,0.27735329733605465977409628895920624682
0.31500000000000000222044604925031308085,6.0923327106200444183958877175554183054e-78,110.0,0.99604846527451119934176449642419925604,0.27729316277099460858610911880253009479
0.32000000000000000666133814775093924254,6.2055425792524099653695356536931881416e-78,110.0,0.99604877838235472565964594314121545597,0.27723293639345353802440435097319237782
0.32500000000000001110223024625156540424,6.3209072637689659268119233069383538532e-78,110.0,0.99604909017094162811141228388377228156,0.27717261818649140914569188256690908704
0.33000000000000001554312234475219156593,6.4384687472140815873567924880228774801e-78,110.0,0.99604940063950097735164435730999801095,0.27711220813324544205283281363179618353
0.33500000000000001998401444325281772763,6.5582698493995276424163361741533966984e-78,110.0,0.99604970978725989702328142526286128531,0.27705170621692984941390145332708907158
0.34000000000000002442490654175344388932,6.6803542439553523241792678774713217599e-78,110.0,0.99605001761344355865170941477028850294,0.27699111242083556957899320089560082052
0.34499999999999997335464740899624302983,6.8047664757357797914414587100018659246e-78,110.0,0.99605032411727517652193096918486284282,0.27693042672832999997797764330182924808
0.34999999999999997779553950749686919153,6.9315519785876884167745410774180380033e-78,110.0,0.99605062929797600255916104866511786545,0.27686964912285672676365486170949245536
0.35499999999999998223643160599749535322,7.0607570934893613431808042294698986772e-78,110.0,0.99605093315476532116179731301935725897,0.27680877958793526081807607197314503454
0.35999999999999998667732370449812151492,7.1924290870674175773611179805764890105e-78,110.0,0.99605123568686044405477836601080195739,0.27674781810716076665614645661055890541
0.36499999999999999111821580299874767661,7.3266161704999548117961326276381978121e-78,110.0,0.99605153689347670511220533545502506097,0.27668676466420379433923919201418894052
0.36999999999999999555910790149937383831,7.463367518814139049758890141726549564e-78,110.0,0.99605183677382745516962860708285137336,0.27662561924281001036749928225200970159
0.375,7.6027332905866453789762315843401193785e-78,110.0,0.99605213532712405682254451274351821105,0.27656438182679992823322503237788392926
0.38000000000000000444089209850062616169,7.7447646480555384508564219239234653546e-78,110.0,0.99605243255257587921105682333049148335,0.2765030524000686386445129268719846537
0.38500000000000000888178419700125232339,7.8895137776523681229399470374964363094e-78,110.0,0.99605272844939029279065772786609027214,0.27644475285799147348838821072487456978
0.39000000000000001332267629550187848508,8.0370339109634467725925162984046799422e-78,110.0,0.99605302301677266408908281055560128527,0.27639235023320281515175203676674529846
0.39500000000000001776356839400250464678,8.1873793461294700838976557690530816481e-78,110.0,0.99605331625392635044919436731389189453,0.27633985244658506473955425117326080044
0.40000000000000002220446049250313080847,8.3406054696928427433430190160943396367e-78,109.0,0.99605363429542976147384194622349435219,0.27628725947268838783820690610890571723
0.40500000000000002664535259100375697017,8.4967687789022745515711730723781299853e-78,109.0,0.9960539553199955881505399085284085526,0.27623457128617762689537040330585550507
0.40999999999999997557509345824655611068,8.6559269044844192849440273718335887698e-78,109.0,0.99605427502059431080157145621048684697,0.2761817878618320731044041584714790727
0.41499999999999998001598555674718227237,8.8181386338925543453167193664797632694e-78,109.0,0.9960545933964782295384417225413824091,0.27612890917454523412108605430739665601
0.41999999999999998445687765524780843407,8.9834639350424799790939349514127385423e-78,109.0,0.99605491044689772148428339623541500676,0.27607593519932460641216123168057620087
0.42499999999999998889776975374843459576,9.1519639805461016247875225486439490195e-78,109.0,0.99605522617110123573177325840684014249,0.27602286591129144052221123657658124888
0.42999999999999999333866185224906075746,9.3237011724533250098843993897472310642e-78,109.0,0.99605554056833528826993890115947830216,0.27596970128568050805322213872833550545
0.43499999999999999777955395074968691915,9.4987391675131634679772488436601191138e-78,109.0,0.99605585363784445690113768408953898959,0.2759164412978398668497542264282052634
0.44000000000000000222044604925031308085,9.6771429029651827514704089927384484395e-78,109.0,0.99605616537887137614460733220252954784,0.27586308592323062498212080664604221334
0.44500000000000000666133814775093924254,9.8589786228726537658891214748575091974e-78,109.0,0.99605647579065673212654415472176164446,0.27580963513742670353455124639464302751
0.45000000000000001110223024625156540424,1.0044313905009032484286095068841517516e-77,109.0,0.99605678487243925745666469904844703876,0.2757560889161145982053659588909160609
0.45500000000000001554312234475219156593,1.0233217688309640688356884579516433875e-77,109.0,0.99605709262345572609120648825125700095,0.27570244723509313972624355722917159135
0.46000000000000001998401444325281772763,1.0425760300900681253136574284234723484e-77,109.0,0.9960573990429409481823233239135973245,0.27564871007027325310771286730646323718
0.46500000000000002442490654175344388932,1.0622013488717987573981976702165094287e-77,109.0,0.99605770413012776491383046894679983567,0.27559487739767771571805490891078215397
0.46999999999999997335464740899624302983,1.0822050444728176318242899479536996727e-77,109.0,0.99605800788424704331988991177676568686,0.27554094919344091480210605284475053471
0.47499999999999997779553950749686919153,1.1025945838765166241062947706953700844e-77,109.0,0.99605831030452767110679517476429240229,0.27548692543380860085279073226843551794
0.47999999999999998223643160599749535322,1.1233775847995263102111111807573087793e-77,109.0,0.99605861139019655142726224038209881968,0.27543280609513764582622698537221749275
0.48499999999999998667732370449812151492,1.1445618188024379033744087463718626299e-77,109.0,0.99605891114047859767462823462071248543,0.27537859115389579423333339294503047741
0.48999999999999999111821580299874767661,1.1661552144661174081827114800044168707e-77,109.0,0.99605920955459672824629007914438644933,0.27532428058666141609358127860902501508
0.49499999999999999555910790149937383831,1.1881658606350257727448889404491618546e-77,109.0,0.99605950663177186129660111113210400719,0.27526987437012325816817218280006735411
0.50,1.2106020097289883206548409008293965723e-77,109.0,0.99605980237122290947580004624417850109,0.27521537248108019407838403284681282557
0.50500000000000000444089209850062616169,1.2334720811248887053939090678439089036e-77,109.0,0.99606009677216677465492623707141903719,0.27516077489644097331668838312124675706
0.51000000000000000888178419700125232339,1.2567846646097950828511060640620034789e-77,109.0,0.99606038983381834263667500603606573375,0.27510608159322396915829297255248799257
0.51500000000000001332267629550187848508,1.2805485239070593790122730535787936427e-77,109.0,0.99606068155539047785214665762549358192,0.27505129254855692548081565107951205121
0.52000000000000001776356839400250464678,1.3047726002769644562547006443268909976e-77,109.0,0.99606097193609401804344260004796229071,0.27499640773967670249984746014024531231
0.52500000000000002220446049250313080847,1.3294660161935286701393594262512768933e-77,109.0,0.99606126097513776893206183090135536028,0.27494142714392902142821431332584409368
0.53000000000000002664535259100375697017,1.3546380790991127765745639919559827931e-77,109.0,0.99606154867172849887305086523779554206,0.2748863507387682080667983101402684357
0.53500000000000003108624468950438313186,1.3802982852385104145960716016888607686e-77,109.0,0.99606183502507093349486000748612093383,0.2748311785017569353348312266656515096
0.54000000000000003552713678800500929356,1.4064563235742404710499797566222243957e-77,109.0,0.99606212003436775032485869105731697529,0.27477591041056596474762416011147504105
0.54500000000000003996802888650563545525,1.4331220797847975488842036886622333098e-77,109.0,0.99606240369881957340046243110196952882,0.27472054644297388684974865798714050459
0.55000000000000004440892098500626161695,1.4603056403476555296970055995321936719e-77,109.0,0.9960626860176249678658237568104637844,0.27466508657686686061173593524912108845
0.55500000000000004884981308350688777864,1.4880172967088588632500027153456261639e-77,109.0,0.99606296698998043455403930984281764531,0.27460953079023835179841197250049758392
0.56000000000000005329070518200751394033,1.5162675495410767518797311025034534357e-77,109.0,0.99606324661508040455482511494250654904,0.27455387906118887031703739342645656367
0.56499999999999994670929481799248605967,1.5450671130920362009991340913461640341e-77,109.0,0.99606352489211723376144782855063546107,0.27449813136792570779238506851026995672
0.56999999999999995115018691649311222136,1.574426919625296797527401657902193345e-77,109.0,0.99606380182028119743387768205157185937,0.27444228768876266794567966703870228319
0.57499999999999995559107901499373838305,1.6043581239553599341871828466790499437e-77,109.0,0.99606407739876048468550451315087559343,0.2743863480021198083587589999866557321
0.57999999999999996003197111349436454475,1.6348721080791719264039609038176423262e-77,109.0,0.99606435162674119301694806927416990722,0.2743303122865231688748826258562989507
0.58499999999999996447286321199499070644,1.6659804859061034379560681862683566171e-77,109.0,0.99606462450340732280415389889217706478,0.27427418052060450520699358877136153768
0.58999999999999996891375531049561686814,1.697695108088547346763319257735132145e-77,109.0,0.99606489602794077177785957992901656708,0.27421795268310102033908461909232683402
0.59499999999999997335464740899624302983,1.7300280669553201264566795717530241928e-77,109.0,0.99606516619952132948818804593452028772,0.27416162875285509496597487049025719109
0.59999999999999997779553950749686919153,1.7629917015501009138762542799875558062e-77,109.0,0.99606543501732667175431854519250948294,0.27410520870881401698007167761970625382
0.60499999999999998223643160599749535322,1.7965986027771919899639181593745822892e-77,109.0,0.99606570248053235509918558069962292384,0.27404869253002971001374208382447790859
0.60999999999999998667732370449812151492,1.8308616186569350802732074913117178649e-77,109.0,0.99606596858831181116915599095037571324,0.27399208019565846104596905159050223043
0.61499999999999999111821580299874767661,1.8657938596931697073899972236233701889e-77,109.0,0.99606623333983634113863414270029171013,0.27393537168496064708201732798676619033
0.61999999999999999555910790149937383831,1.9014087043551728274289598212526011429e-77,109.0,0.99606649673427511009954501734679923569,0.27387856697730046091488389136694240184
0.625,1.9377198046765731835520269526449964504e-77,109.0,0.99606675877079514143564478226370456413,0.27382166605214563597735775239998419135
0.63000000000000000444089209850062616169,1.974741091973789238893386275129669228e-77,109.0,0.996067019448561311181608247346037648,0.27376466888906717029356362031644721087
0.63500000000000000888178419700125232339,2.0124867826865962377717366325916708492e-77,109.0,0.99606727876673634236684241516446180288,0.27370757546773904953891357235773841945
0.64000000000000001332267629550187848508,2.0509713843434859166945274375476639806e-77,109.0,0.99606753672448079934397514048879781615,0.2736503857679379692174403790571651131
0.64500000000000001776356839400250464678,2.0902097016545416751658534743798122967e-77,109.0,0.99606779332095308210196772151506179211,0.27359309976954305596553553842411227948
0.65000000000000002220446049250313080847,2.1302168427346126511563514229281923407e-77,109.0,0.99606805090247206968955038752732444433,0.27353571745253558799116435660580357938
0.65500000000000002664535259100375697017,2.1710082254596321584551479628345672994e-77,109.0,0.99606833472369899454327346562272634233,0.27347823879699871465767957942519275551
0.66000000000000003108624468950438313186,2.212599583958989364911722363839507188e-77,109.0,0.99606861719061596392471369204556590682,0.2734206637831171752214041265993509737
0.66500000000000003552713678800500929356,2.2550069752469279544540245744145264292e-77,109.0,0.99606889830243225545861080271387435476,0.27336299239117701673220240669156562177
0.67000000000000003996802888650563545525,2.2982467859960118551744889427319642905e-77,109.0,0.99606917805835507260025249786547586084,0.2733052246015653111063084942041551984
0.67500000000000004440892098500626161695,2.3423357394557659649340300159593849115e-77,109.0,0.99606945645758953916449199141663038673,0.27324736039476987138072812894031777668
0.68000000000000004884981308350688777864,2.3872909025196691998812217632877244482e-77,109.0,0.99606973349933869384007349814717647873,0.27318939975137896715858005011549086354
0.68500000000000005329070518200751394033,2.4331296929437481658838531740578422211e-77,109.0,0.99607000918280348468921662207641667496,0.27313134265208103925479060194584302114
0.68999999999999994670929481799248605967,2.4798698867200912968538215951488131045e-77,109.0,0.99607028350718276362633429300695043176,0.27307318907766441484394381810302741009
0.69499999999999995115018691649311222136,2.5275296256086848661113636420131028445e-77,109.0,0.99607055647167328091232182575843289433,0.27301493900901701536790033526283991526
0.69999999999999995559107901499373838305,2.5761274248310263329642830761770087128e-77,109.0,0.99607082807546967957307454902717021729,0.27295659242712607658712955519470780482
0.70499999999999996003197111349436454475,2.6256821809290845319187830215331975777e-77,109.0,0.99607109831776448986400879132217632917,0.27289814931307785495998829967928902148
0.70999999999999996447286321199499070644,2.676213179793219387151087260987256839e-77,109.0,0.99607136719774812368909235957287695652,0.27283960964805733972327407290667985311
0.71499999999999996891375531049561686814,2.7277401048627767979112800469746038745e-77,109.0,0.99607163471460886901094207539735156744,0.2727809734133479629404271468043181554
0.71999999999999997335464740899624302983,2.7802830455031502436444890802285822386e-77,109.0,0.99607190086753288424583169506729163226,0.27272224059033130881732822893799281396
0.72499999999999997779553950749686919153,2.8338625055631867025803503350987459875e-77,109.0,0.99607216565570419264355966414152208215,0.2726634111604868222954882239264956409
0.72999999999999998223643160599749535322,2.8884994121169014389249419607341192356e-77,109.0,0.99607242907830467665212596520124651602,0.27260448510539151693247379266530620622
0.73499999999999998667732370449812151492,2.9442151243935551646912597297203613546e-77,109.0,0.99607269113451407226716712379448212766,0.27254546240671968207945946160519410495
0.73999999999999999111821580299874767661,3.0010314429002380690367222986800549388e-77,109.0,0.99607295182350996336609824358094173655,0.27248634304624258936584393515523355463
0.74499999999999999555910790149937383831,3.0589706187411982782545576498965186531e-77,109.0,0.99607321114446777602691074675837361354,0.27242712700582819850091501625554514435
0.75,3.1180553631382475119359036717673803888e-77,109.0,0.99607346909656077283157430014354626236,0.27236781426744086240259414157388362696
0.75500000000000000444089209850062616169,3.1783088571566740850843724542269579043e-77,109.0,0.99607372567896004715399121077210637002,0.27230840481314103166333798690450362325
0.76000000000000000888178419700125232339,3.2397547616411930231137084151902604182e-77,109.0,0.99607398089083451743245137756787007852,0.27224889862508495836332089347189737985
0.76500000000000001332267629550187848508,3.3024172273665649588955160449599202891e-77,109.0,0.99607423473135092142653568751013861303,0.27218929568552439924106800525223253135
0.77000000000000001776356839400250464678,3.3663209054076197217952877707741889936e-77,109.0,0.99607448719967381045841554579374946716,0.27212959597680631823175498940979568221
0.77500000000000002220446049250313080847,3.4314909577335271626627114872765726934e-77,109.0,0.99607473829496554363849602972715770863,0.27206979948137258838343603479465555339
0.78000000000000002664535259100375697017,3.4979530680312668420531525935091598265e-77,109.0,0.99607498801638628207534995554524366253,0.27200990618175969316150748545336656824
0.78500000000000003108624468950438313186,3.5657334527633597989147561449668436916e-77,109.0,0.99607523636309398306988994592210167151,0.2719499160605984271517599655612558285
0.79000000000000003552713678800500929356,3.6348588724650397723125628151928857771e-77,109.0,0.9960754833342443942937253837510996245,0.2718898291006135961724171873893031211
0.79500000000000003996802888650563545525,3.7053566432861580296127319864890211216e-77,109.0,0.99607572892899104795165093471131339288,0.27182964528462371680560480316974443055
0.80000000000000004440892098500626161695,3.7772546487832354224884875056810162758e-77,109.0,0.99607597314648525492821311725731809517,0.27176936459554071535873766332355863061
0.80500000000000004884981308350688777864,3.850581351967197510178504279937178175e-77,109.0,0.99607621598587609891830119394952594244,0.2717089870163696262663586757636003135
0.81000000000000005329070518200751394033,3.925365807612453622179418327476362573e-77,109.0,0.99607645744631043054170845248104637418,0.27164851253020828994300712219546099433
0.81499999999999994670929481799248605967,4.0016376748331069357703181926589886169e-77,109.0,0.9960766975269328614362942029878749232,0.27158794112024705144377044951958916793
0.81999999999999995115018691649311222136,4.0794272299322254438952940277549371034e-77,109.0,0.99607693622688575836161602507358546777,0.27152727276976845186914884935165583312
0.82499999999999995559107901499373838305,4.1587653795302018556580906649444955295e-77,109.0,0.99607717354530923723309136700932787383,0.27146650746214693270465541175819933401
0.82999999999999996003197111349436454475,4.2396836739784267939047675224854447051e-77,109.0,0.99607740948134115719325103116672586044,0.27140564518084852620679862909547050573
0.83499999999999996447286321199499070644,4.3222143210645805971873646537971018988e-77,109.0,0.99607764403411711463998999199347588786,0.27134468590943055201519613965623875412
0.83999999999999996891375531049561686814,4.4063902000160278117865361571669864431e-77,109.0,0.99607787720277043724380683229378802148,0.27128362963154131193623381100241226435
0.84499999999999997335464740899624302983,4.4922448758079333656559068824060577991e-77,109.0,0.99607810898643217794863022050740820012,0.27122247633091978425303506352522679342
0.84999999999999997779553950749686919153,4.5798126137828711606080766308108881645e-77,109.0,0.99607833938423110895617682210602329906,0.27116122599139531757266921990529021862
0.85499999999999998223643160599749535322,4.669128394588849356421416633957779211e-77,109.0,0.99607856839529371569378482491996931439,0.27109987859688732422157071218976174141
0.85999999999999998667732370449812151492,4.7602279294428337095638865034538581843e-77,109.0,0.99607879601874419076566704402232300321,0.27103843413140497320018383641857779491
0.86499999999999999111821580299874767661,4.8531476757270110536752879770193481886e-77,109.0,0.99607902225370442788752735672770172406,0.27097689257904688270789041345357267632
0.86999999999999999555910790149937383831,4.9479248529251994546066377222974046391e-77,109.0,0.99607924709929401580448400230544727365,0.27091525392400081224932019223449266757
0.875,5.0445974589069798275317052298539048709e-77,109.0,0.99607947055463023219224306415733118778,0.27085351815054335433318611644849269947
0.88000000000000000444089209850062616169,5.1432042865672959573818361078658853684e-77,109.0,0.99607969261882803754146523446447508126,0.27079168524303962577482866590233636197
0.88500000000000000888178419700125232339,5.2437849408294460087369780224663170249e-77,109.0,0.99607991329100006902526874266279517835,0.27072975518594295861369537808023350425
0.89000000000000001332267629550187848508,5.3463798560195688416778576856131937451e-77,109.0,0.99608013257025663434981110955689926418,0.27066772796379459065702335180958810646
0.89500000000000001776356839400250464678,5.4510303136209128625839596789422661898e-77,109.0,0.99608035045570570558789216842491257828,0.27060560356122335566103403199999938052
0.90000000000000002220446049250313080847,5.5577784604163638323954796595241083341e-77,109.0,0.99608056694645291299552057309709127316,0.27054338196294537316099087042939509237
0.90500000000000002664535259100375697017,5.6666673270279011307768049216479927702e-77,109.0,0.99608078817172440838363016769838546735,0.27048762029276902592906509360967369642
0.91000000000000003108624468950438313186,5.7777408468618495367008546422184185421e-77,109.0,0.99608103135247378276914835315071432795,0.27043436690166034946365241301275396358
0.91500000000000003552713678800500929356,5.8910438754689957404989075949446745666e-77,109.0,0.99608127314632587484508341467432411076,0.2703810128872490042790419363429131379
0.92000000000000003996802888650563545525,6.0066222103288456582366302620733353116e-77,109.0,0.99608151355243936476017283880375986791,0.27032755822422342115116324517808769695
0.92500000000000004440892098500626161695,6.1245226110675102878604443780222278069e-77,109.0,0.99608175256997068576713304017906252151,0.2702740028874035172249385076841510951
0.93000000000000004884981308350688777864,6.2447928201189244420796713777490975514e-77,109.0,0.99608199019807401827293923981583287542,0.27022034685174042690165079623919175833
0.93500000000000005329070518200751394033,6.3674815838393243323398972853164936748e-77,109.0,0.99608222643590128387281479530587572796,0.27016659009231623131210649837691221844
0.93999999999999994670929481799248605967,6.4926386740851339744370699791739886232e-77,109.0,0.99608246128260213936267535613292648835,0.27011273258434368758119734922235808428
0.94499999999999995115018691649311222136,6.6203149102646620668826565674977896553e-77,109.0,0.99608269473732397076119827502525342554,0.27005877430316595071280115854406283957
0.94999999999999995559107901499373838305,6.7505621818741898889311998420887658909e-77,109.0,0.99608292679921188726331894413945418026,0.27000471522425630604750658854119084557
0.95499999999999996003197111349436454475,6.8834334715293712039796789184915642641e-77,109.0,0.99608315746740871522939094722025912076,0.26995055532321788838443095756437968402
0.95999999999999996447286321199499070644,7.018982878503016748001163289899628913e-77,109.0,0.99608338674105499213165677177417091996,0.26989629457578340570855938943563313802
0.96499999999999996891375531049561686814,7.1572656427806485113573436240192993476e-77,109.0,0.9960836146192889604893222437700993057,0.26984193295781486036175309794991223678
0.96999999999999997335464740899624302983,7.2983381696454501750097886213465968493e-77,109.0,0.99608384110124656178694786481179431527,0.2697874704453032688611840039779860744
0.97499999999999997779553950749686919153,7.4422580548045093679354945630340160521e-77,109.0,0.99608406618606143037610010487488773561,0.26973290701436838037425914912144382427
0.97999999999999998223643160599749535322,7.5890841100685201991434531340958202333e-77,109.0,0.99608428987286488736020548389423315447,0.26967824264125839385916283163971583375
0.98499999999999998667732370449812151492,7.7388763895973936851105893177262302147e-77,109.0,0.99608451216078593446255005476863262083,0.26962347730234967388020876216027224482
0.98999999999999999111821580299874767661,7.8916962167245093938864337254428407064e-77,109.0,0.99608473304895124787736667871582829681,0.26956861097414646510725881621035806176
0.99499999999999999555910790149937383831,8.0476062113726340164340623606525943678e-77,108.0,0.99608495253648517210395226135667676584,0.26951364363328060550852914558343888882
1.0,8.2066703180748318136483688871510043429e-77,108.0,0.99608517062250971376375689442954661903,0.26945857525651123824616849868608101657
