value,sup,dur,Y,S
0.0,5.8736076981677726970094839233088265572e-101,131.0,0.99599839299534087339340745843330707615,0.89077068235168554841587013834442145262
0.0050000000000000001040834085586084256647,5.8978653361867919909024304035664524753e-101,131.0,0.99599860365398209741999561307209468315,0.89075632063243807044047976778796094711
0.010000000000000000208166817117216851329,5.9222150947728410162523977447754103757e-101,131.0,0.99599881423612899287087522012927735252,0.8907419398496541407814736832136948726
0.014999999999999999444888487687421729788,5.9466572980668281119621622468361289257e-101,131.0,0.99599902474164555468772927687736570753,0.89072753999647655359663507376544988131
0.020000000000000000416333634234433702659,5.9711922713270978264811115959491869336e-101,131.0,0.99599923517039559634961148444893408716,0.89071312106604614594400380374145728624
0.02500000000000000138777878078144567553,5.9958203409336866678509802586472862926e-101,131.0,0.99599944552224274960665347199095899019,0.8906986830515017845423495842853455257
0.029999999999999998889776975374843459576,6.0205418343925978425475959608644503916e-101,131.0,0.99599965579705046421376286003785725065,0.8906842259459803524557425157982412272
0.035000000000000003330669073875469621271,6.0453570803400950837796866354424774233e-101,131.0,0.99599986599468200766441958574811659332,0.89066974974261673569435964614901135972
0.040000000000000000832667268468867405318,6.0702664085470153243371481091629371728e-101,131.0,0.99600007611500046492176211277974027574,0.89065525443454380992488178685848868675
0.044999999999999998334665463062265189365,6.0952701499231009805924616757130776372e-101,131.0,0.99600028615786873815272444790174155848,0.89064074001489242689379258310166803856
0.050000000000000002775557561562891351059,6.1203686365213511958310267263974353523e-101,131.0,0.99600049612314954645895047577902800173,0.89062620647679140099523366812577055597
0.055000000000000000277555756156289135106,6.1455622015423924547779913975020312777e-101,131.0,0.99600070601070542560725855536192451591,0.89061165381336749579314897134150198815
0.059999999999999997779553950749686919153,6.1708511793388689739334928257237084214e-101,131.0,0.99600091582039872776227559321109865463,0.89059708201774541031555352777874927477
0.065000000000000002220446049250313080847,6.1962359054198523293165849879894158923e-101,131.0,0.99600112555209162121599481762260072255,0.89058249108304776548393093664328885825
0.070000000000000006661338147750939242542,6.2217167164552707564708838455913564094e-101,131.0,0.99600133520564609011717221367965809252,0.89056788100239509047650042368441511026
0.074999999999999997224442438437108648941,6.2472939502803582840627575290896694891e-101,131.0,0.99600154478092393420114160988515064796,0.89055325176890580898449370445944277985
0.080000000000000001665334536937734810635,6.2729679459001239006395970692284935077e-101,131.0,0.99600175427778676852091733814511089065,0.89053860337569622529981419095681672267
0.08500000000000000610622663543836097233,6.2987390434938399544718791949381135994e-101,131.0,0.99600196369609602317231474439610457704,0.89052393581588051074213360545379648283
0.089999999999999996669330926124530378729,6.3246075844195511897573129140659425253e-101,131.0,0.99600217303571294302384932332852805635,0.89050924908257068967429712934343877974
0.095000000000000001110223024625156540424,6.3505739112186038771375434091389470612e-101,131.0,0.99600238229649858744617353021194871411,0.89049454316887662547023576541687459918
0.10000000000000000555111512312578270212,6.3766383676201944774544808784155514685e-101,131.0,0.9960025914783138300358260193117775195,0.89047981806790600680341499848727360537
0.10499999999999999611421941381195210852,6.4028012985459392226934624970142858425e-101,131.0,0.99600280058101935834375108019182948238,0.8904650737727643335220277876834009721
0.11000000000000000055511151231257827021,6.4290630501144640660011207013329589176e-101,131.0,0.99600300960447567360335318062487709062,0.89045031027655490247656607267137265453
0.11500000000000000499600361081320443191,6.4554239696460144334425767353395895762e-101,131.0,0.99600321854854309045286730460341244757,0.89043552757237879366923951449142808398
0.11999999999999999555910790149937383831,6.4818844056670861773138688744390206998e-101,131.0,0.99600342741308173666249101558197463657,0.89042072565333485598857416404258668417
0.125,6.5084447079150771767751991065851052858e-101,131.0,0.99600363619795155286104904048848738884,0.89040927050582509537857832922371886312
0.13000000000000000444089209850062616169,6.5351052273429590121454452727867451847e-101,131.0,0.99600384490301229225697703343365154532,0.89040224024086149206470004011738611409
0.13500000000000000888178419700125232339,6.5618663161239702031318877773493413748e-101,131.0,0.9960040535281235203646374852521085361,0.89039519109296062183768500407905357495
0.14000000000000001332267629550187848508,6.5887283276563300043578794851091295886e-101,131.0,0.99600426207314461472727063042596628143,0.89038812305356392051066236971659978876
0.14499999999999999000799277837359113619,6.6156916165679731430349433602684177396e-101,131.0,0.99600447053793476463890123411394793985,0.89038103611411351008386804357686252338
0.14999999999999999444888487687421729788,6.6427565387213064197624180977675645495e-101,131.0,0.99600467892235297087156294921718417495,0.89037393026605220198527637146072464814
0.15499999999999999888977697537484345958,6.6699234512179850214135972265890418427e-101,131.0,0.99600488722625804539048230802155980027,0.89036680550082350067729485612941705317
0.16000000000000000333066907387546962127,6.6971927124037116355367608467161180247e-101,131.0,0.9960050954495086110803657240903384443,0.89035966180987160684260659948916603759
0.16500000000000000777156117237609578297,6.7245646818730562188564547959644818737e-101,131.0,0.99600530359196310146542933667576077906,0.89035249918464142073889697282397145928
0.17000000000000001221245327087672194466,6.752039720474297413530565740561957167e-101,131.0,0.99600551165347976043011498968902631704,0.8903453176165785454865245679115655885
0.17499999999999998889776975374843459576,6.779618190314285405524492823561641522e-101,131.0,0.99600571963391664193817973840781038014,0.89033811709712929036834047483169670505
0.17999999999999999333866185224906075746,6.8073004547633272423467390326660657325e-101,131.0,0.99600592753313160975708424779682025596,0.89033089761774067390151246932871245817
0.18499999999999999777955395074968691915,6.8350868784600924103063447093370483014e-101,131.0,0.99600613535098233717036247883404040809,0.89032365916986042728107312974446585753
0.19000000000000000222044604925031308085,6.8629778273165418314866442393440786523e-101,131.0,0.99600634308732630670106225407720031209,0.89031640174493699739566616151068005016
0.19500000000000000666133814775093924254,6.890973668522878084306246010653864317e-101,131.0,0.99600655074202080982893684297129724785,0.89030912533441955001468366179023961969
0.20000000000000001110223024625156540424,6.9190747705525178642802506164730656438e-101,131.0,0.99600675831492294670831472566888263853,0.89030182992975797290707148324478482319
0.20499999999999998778754672912327805534,6.9472815031670864749444658371580600016e-101,131.0,0.99600696580588962588434032384932320026,0.8902945155224028789722689569606204007
0.20999999999999999222843882762390421703,6.9755942374214353896531950497882541182e-101,131.0,0.99600717321477756401449473973485682896,0.89028718210380560913934527591486524045
0.21499999999999999666933092612453037873,7.0040133456686806345960902533303955474e-101,131.0,0.99600738054144328557811965757848574726,0.89027982966541823564353486523060584012
0.22000000000000000111022302462515654042,7.0325392015652652255209888724690762837e-101,131.0,0.99600758778574312259697964618956873761,0.89027245819869356486800144423962064836
0.22500000000000000555111512312578270212,7.0611721800760434123049984135349015379e-101,131.0,0.9960077949475332143495837370689204003,0.89026506769508514035950540247100033839
0.23000000000000000999200722162640886381,7.0899126574793877714544678145675487171e-101,131.0,0.99600800202666950708617713316882681858,0.89025765814604724577445852085353183616
0.23499999999999998667732370449812151492,7.1187610113723189320267235619149782256e-101,131.0,0.99600820902300775374210128897316532694,0.89025022954303490783709795186191748504
0.23999999999999999111821580299874767661,7.1477176206756589996717738214357803651e-101,131.0,0.99600841593640351365641490840026677821,0.89024278187750389906203725057642608633
0.24499999999999999555910790149937383831,7.1767828656392063782879977191032714494e-101,131.0,0.99600862276671215227854020215317177403,0.89023531514091074085990573625481111298
0.25,7.2059571278469352956311803282294179986e-101,131.0,0.99600882951378884088591471759829515641,0.89022782932471270620122717129085403794
0.25500000000000000444089209850062616169,7.2352407902222177362562661816884519719e-101,131.0,0.99600903617748855629541077908998341368,0.8902203244203678224567199171941564365
0.26000000000000000888178419700125232339,7.2646342370330688458624169568024441046e-101,131.0,0.99600924275766608057541691813481251224,0.89021280041933487416669924295623152633
0.26500000000000001332267629550187848508,7.2941378538974157520773757238064011894e-101,131.0,0.99600944925417600075743109706582607091,0.8902052573130734057806570966735690286
0.27000000000000001776356839400250464678,7.3237520277883899070087354744264103907e-101,131.0,0.99600965566687270854716481853209968063,0.89019769509304372436691044260765080308
0.27500000000000002220446049250313080847,7.3534771470396430573428166247711564171e-101,131.0,0.99600986199561040003515721129232522208,0.89019011375070690229220919502181338921
0.28000000000000002664535259100375697017,7.3833136013506869482272575793007799117e-101,131.0,0.99601006824024307540689818098049005018,0.89018251327752477987119470993001902353
0.28499999999999997557509345824655611068,7.4132617817922565345178784783510208062e-101,131.0,0.99601027440062453865017134089426803752,0.89017489366495996807030069591594557416
0.28999999999999998001598555674718227237,7.4433220808116988039762093541391372308e-101,131.0,0.99601048047660839727334697639356989808,0.89016725490447585075799418110890977676
0.29499999999999998445687765524780843407,7.4734948922383823295654995007884563319e-101,131.0,0.99601068646804806200029386175179260861,0.89015959698753658777069876932693582232
0.29999999999999998889776975374843459576,7.5037806112891343087391415235997894532e-101,131.0,0.99601089237479674648768581830200728417,0.89015191990560711710239742115196385501
0.30499999999999999333866185224906075746,7.53417963457370021401402072133663447e-101,131.0,0.99601109819670746703036714810501870598,0.89014422365015315748619417217314733099
0.30999999999999999777955395074968691915,7.564692360100228156308482509983781757e-101,131.0,0.99601130393363304226851093412546344486,0.89013650821264121086058230509869181845
0.31500000000000000222044604925031308085,7.5953191872807777386635784557888067277e-101,131.0,0.9960115095854260928942799747474384382,0.89012877358453856480479789575429795062
0.32000000000000000666133814775093924254,7.6260605169368535103111883639440927436e-101,131.0,0.99601171515193904135798942659032701144,0.89012101975731329494314915556407562772
0.32500000000000001110223024625156540424,7.6569167513049631315293143224122993973e-101,131.0,0.99601192063302411157377022772911878568,0.89011324672243426731821192870852904852
0.33000000000000001554312234475219156593,7.6878882940422003602039831438216905488e-101,131.0,0.9960121260285333286247323715631310141,0.8901054544713711407327816384073201612
0.33500000000000001998401444325281772763,7.718975550231852971498791666232830917e-101,131.0,0.99601233133831851846762709971262225411,0.890097642995594369060471913683898446
0.34000000000000002442490654175344388932,7.7501789263890357225172003267408484899e-101,131.0,0.99601253656223130763700708045433567364,0.8900898122865752035248500655366281523
0.34499999999999997335464740899624302983,7.7814988304663481259600798611924286568e-101,131.0,0.99601274170012312294660662729006018606,0.89008196233578569503425832559538218523
0.34999999999999997779553950749686919153,7.8129356718595592345536564403139438557e-101,131.0,0.99601294675184519120160403817985619351,0.89007409313469869604887182631215337601
0.35499999999999998223643160599749535322,7.8444898614133143305609125574758042379e-101,131.0,0.99601315171724853888760517979476982305,0.89006620467478786328769664900263650727
0.35999999999999998667732370449812151492,7.8761618114268705886189054890501363185e-101,131.0,0.99601335659618399188189714508641074046,0.89005829694752765953235905405379470793
0.36499999999999999111821580299874767661,7.9079519356598566136857662548978839826e-101,131.0,0.9960135613885021751528063255084648533,0.89005036994439335583432073119541299139
0.36999999999999999555910790149937383831,7.9398606493380580526701914823059819863e-101,131.0,0.99601376609405351246082679427317760217,0.8900424236568610336029255067135931264
0.375,7.9718883691592290480144171070339429415e-101,131.0,0.99601397071268822605924008806625340073,0.89003445807640758666121239011576123568
0.38000000000000000444089209850062616169,8.0040355132989296490792534093749208295e-101,131.0,0.99601417524425633639422543863712320333,0.8900264731945107232693846536319063988
0.38500000000000000888178419700125232339,8.036302501416389297686796759707736864e-101,131.0,0.99601437968860766180445950377632309635,0.89001846900264896811582458151233326168
0.39000000000000001332267629550187848508,8.0686897546603965046861011378845281885e-101,131.0,0.99601458404559181822020464528238605552,0.89001044549230166427554347033466253162
0.39500000000000001776356839400250464678,8.1011976956752148349194083142430649395e-101,131.0,0.99601478831505821886188479960716806142,0.89000240265494897513595640646400329974
0.40000000000000002220446049250313080847,8.1338267486065253184815159370017105699e-101,131.0,0.99601499249685607393814798495089758032,0.88999434048207188628987129242199778937
0.40500000000000002664535259100375697017,8.166577339107395406682524141177792317e-101,131.0,0.9960151965908343903434144866564457849,0.88998625896515220739558154021464803409
0.40999999999999997557509345824655611068,8.1994498943442742260072578777993348693e-101,131.0,0.9960154005968419713526453280543561748,0.88997815809567257409399697461155533398
0.41499999999999998001598555674718227237,8.2324448430030164419876265676947406379e-101,131.0,0.99601560451472741632691764057745360297,0.88997003786511644944264618968633846174
0.41999999999999998445687765524780843407,8.2655626152949293752092040627867472242e-101,131.0,0.99601580834433912039583458334121698537,0.8899618982649681262160423916549385522
0.42499999999999998889776975374843459576,8.2988036429628507891129741628078505977e-101,131.0,0.99601601208552527416206728694994053217,0.8899537392867127282735479846729384528
0.42999999999999999333866185224906075746,8.3321683592872519996556463931666520852e-101,131.0,0.99601621573813386339405158029101319792,0.88994556092183621234315531211501532673
0.43499999999999999777955395074968691915,8.3656571990923686154387611738629847181e-101,131.0,0.99601641930201266872043001641701652657,0.88993736316182536968187620962865249236
0.44000000000000000222044604925031308085,8.3992705987523586661360792764970074174e-101,131.0,0.99601662277700926532397281551188114912,0.88992914599816782770245970544364877818
0.44500000000000000666133814775093924254,8.4330089961974882418693078159063682566e-101,131.0,0.99601682616297102263497675126534244709,0.88992090942235205156632688112859460218
0.45000000000000001110223024625156540424,8.4668728309203447667247604364255390457e-101,131.0,0.99601702945974510402414100502026784153,0.88991265342586734574261185850393166849
0.45500000000000001554312234475219156593,8.5008625439820780301489450366698489639e-101,131.0,0.99601723266717846649491901009350244955,0.88990437800020385553319783164031912556
0.46000000000000001998401444325281772763,8.5349785780186691005093357089919288527e-101,131.0,0.99601743578511786037534530670268685353,0.88989608313685256856363701679259314856
0.46500000000000002442490654175344388932,8.5692213772472272456577340116475646783e-101,131.0,0.99601763881340982900933642595903088642,0.88988776882730531623984334774542576778
0.46999999999999997335464740899624302983,8.6035913874723146035960915882035062815e-101,131.0,0.99601784175190070844521224862313115772,0.88987943506305477526307809568485358387
0.47499999999999997779553950749686919153,8.6380890560923010215229445606938251277e-101,131.0,0.99601804460043662713495327739845381717,0.88987108183559446864754490685958017577
0.47999999999999998223643160599749535322,8.6727148321057434624889517202653075432e-101,131.0,0.99601824735886350561039927742091918528,0.88986270913641876762887333138156891025
0.48499999999999998667732370449812151492,8.7074691661177977383865562685661892167e-101,131.0,0.99601845002702705618144969990583340093,0.88985431695702289261291251491763663372
0.48999999999999999111821580299874767661,8.7423525103466569767049635884677215833e-101,131.0,0.99601865260477278262246635040081987538,0.88984590528890291455203385315091308616
0.49499999999999999555910790149937383831,8.7773653186300192359268215880854640461e-101,131.0,0.99601885509194597986039772383425228264,0.8898374741235557561941230848273184349
0.50,8.8125080464315840174675374902912090626e-101,131.0,0.99601905748839173366237044225900636214,0.88982902345247919329656571160186409418
0.50500000000000000444089209850062616169,8.8477811508475778035098108023537118825e-101,131.0,0.99601925979395492032274679781658439143,0.88982055326717185580511423473464268194
0.51000000000000000888178419700125232339,8.8831850906133087506638763086062682938e-101,131.0,0.99601946200848020634964740143525319814,0.88981206355913322899752565973056970443
0.51500000000000001332267629550187848508,8.9187203261097506699649294182295715972e-101,131.0,0.99601966413181204815093793576004669642,0.8898035543198636545918576817831069426
0.52000000000000001776356839400250464678,8.9543873193701564243032674706004599172e-101,131.0,0.99601986616379469171967900879230624496,0.8897950255408643318193119273720809539
0.52500000000000002220446049250313080847,8.9901865340867008749698431398263184564e-101,131.0,0.99602006810427217231903810269185711834,0.88978647721363731846151259058105359881
0.53000000000000002664535259100375697017,9.0261184356171535095902084634469396306e-101,131.0,0.99602026995308831416666261016593630245,0.88977790932968553185210876664224015565
0.53500000000000003108624468950438313186,9.062183490991580884313248911337108593e-101,131.0,0.99602047171008673011851294883558595281,0.88976932188051274984258874988843836804
0.54000000000000003552713678800500929356,9.0983821689190790137176850615559475212e-101,131.0,0.996020673375110821352154741932397531,0.88976071485762361173219452869355615293
0.54500000000000003996802888650563545525,9.1347149397945358424990737010766776726e-101,131.0,0.99602087494800377704950905163622368568,0.88975208825252361916182467611782914374
0.55000000000000004440892098500626161695,9.1711822757054239336029894510228229622e-101,131.0,0.99602107642860857407905964931775837886,0.88974344205671913697181380184242044711
0.55500000000000004884981308350688777864,9.2077846504386235080762313478542733602e-101,131.0,0.99602127781676797667751630489870976817,0.88973477626171739402347669858250621679
0.56000000000000005329070518200751394033,9.2445225394872759725172953034811533165e-101,130.0,0.99602147911232453613093307548664483542,0.88972609085902648398430528450988203318
0.56499999999999994670929481799248605967,9.2813964200576672503420271254440351757e-101,130.0,0.99602168031512059045081400286209425854,0.88971738584015536627021450609824704715
0.56999999999999995115018691649311222136,9.3184067710761459726065343381069657791e-101,130.0,0.99602188142499826407200667192331423303,0.88970866119661386598411252849124844681
0.57499999999999995559107901499373838305,9.3555540731960643771139733103350383523e-101,130.0,0.99602208244179946750537375498978140555,0.88969991691991267575112557253944299025
0.57999999999999996003197111349436454475,9.3928388088047584294031603834303766901e-101,130.0,0.99602228336536589703459351976407532353,0.88969115300156335558456124552839356453
0.58499999999999996447286321199499070644,9.4302614620305550307185668350930069968e-101,130.0,0.99602248419553903439006911446618325329,0.889682369433078333680762363261941251
0.58999999999999996891375531049561686814,9.4678225187498113591008851361856628617e-101,130.0,0.99602268493216014642675531973310858112,0.88967356620597090698386912119734197309
0.59499999999999997335464740899624302983,9.5055224665939856665842896665682171708e-101,130.0,0.99602288557507028480143310295700519022,0.8896647433117552417134499481892421654
0.59999999999999997779553950749686919153,9.5433617949567396733755216453758856617e-101,130.0,0.9960230861241102856494309386115994761,0.88965590074194637385488891786299406255
0.60499999999999998223643160599749535322,9.5813409950010727005292979308593004995e-101,130.0,0.99602328657912076926079185602032043503,0.88964703848806020961241756769345485074
0.60999999999999998667732370449812151492,9.6194605596664876832773425354690721595e-101,130.0,0.99602348693994213975588517391864257911,0.88963815654161352582467895167538031375
0.61499999999999999111821580299874767661,9.6577209836761892078145883088669762179e-101,130.0,0.99602368720641458476046187905764576062,0.88962925489412397034271172903746534483
0.61999999999999999555910790149937383831,9.6961227635443137149958144854669436808e-101,130.0,0.99602388737837807508015260398569950744,0.88962033353711006237024206877564627516
0.625,9.7346663975831920150491939897513724335e-101,130.0,0.99602408745567236437440715703047668237,0.88961139246209119276617112786410585346
0.63000000000000000444089209850062616169,9.7733523859106442580699429535251927732e-101,130.0,0.99602428743813698882987455538418130624,0.88960243166058762430914583984614467169
0.63500000000000000888178419700125232339,9.8121812304573075057175143322156886469e-101,130.0,0.99602448732561126683322251007092772642,0.88959345112412049192410073011333526033
0.64000000000000001332267629550187848508,9.8511534349739960502035784167084264328e-101,130.0,0.99602468711793429864339530944662175831,0.88958445084421180287065845455177962278
0.64500000000000001776356839400250464678,9.8902695050390946273254061245456442089e-101,130.0,0.99602488681494496606330904574845900288,0.8895754308123844368932767393704683926
0.65000000000000002220446049250313080847,9.9295299480659846709702370186909635683e-101,130.0,0.99602508641648193211098312707325923338,0.88956639102016214633302938183030285368
0.65500000000000002664535259100375697017,9.9689352733105037571907939406098564917e-101,130.0,0.99602528592238364069010701502128919695,0.88955733145906955620090895426489819538
0.66000000000000003108624468950438313186,1.0008485991878438386630320952761226112e-100,130.0,0.99602548533248831626004112609497700865,0.88954825212063216421253883722743991485
0.66500000000000003552713678800500929356,1.0048182616733050254757392058361860354e-100,130.0,0.99602569846870233444524217006691167364,0.88953915299637634078418219181321170504
0.67000000000000003996802888650563545525,1.0088025662702636160056286097554732135e-100,130.0,0.99602593286396180164827730309488418171,0.88953003407782932898993546619654446118
0.67500000000000004440892098500626161695,1.0128015646488121701007969602920227061e-100,130.0,0.99602616719888661288718454910380051213,0.88952089535651924447999401718543605456
0.68000000000000004884981308350688777864,1.0168153086670688913389695628094070847e-100,130.0,0.99602640147335451663988776194786079202,0.88951173682397507535987741413854135579
0.68500000000000005329070518200751394033,1.0208438503719438000117934136512543578e-100,130.0,0.99602663568724309495169631413844127898,0.88950255847172668203050197990920443157
0.68999999999999994670929481799248605967,1.0248872419999082407093973975857260367e-100,130.0,0.99602686984042976318611534778576588705,0.88949336029130479719344894498972954402
0.69499999999999995115018691649311222136,1.028945535977768279216189306202014204e-100,130.0,0.99602710393279176980123639682426594748,0.88948414227424102479499130199429224171
0.69999999999999995559107901499373838305,1.033018784923440656609110905480517136e-100,130.0,0.99602733796420619607372229086613669969,0.88947490441206784097347679121232551211
0.70499999999999996003197111349436454475,1.0371070416467331116848390579525602722e-100,130.0,0.99602757193454995587437047711700878984,0.88946564669631859292514266820353873978
0.70999999999999996447286321199499070644,1.0412103591501277414014880759149196905e-100,130.0,0.99602780584369979541726192148071208846,0.88945636911852749875075782623216598167
0.71499999999999996891375531049561686814,1.0453287906295679530100541417332443727e-100,130.0,0.9960280396915322930136929775566677201,0.88944707167022964705841679573758619703
0.71999999999999997335464740899624302983,1.0494623894752489339801583904427176552e-100,130.0,0.99602827347792385882568952020052075227,0.88943775434296099652639357416761930494
0.72499999999999997779553950749686919153,1.0536112092724116555136564208462511206e-100,130.0,0.99602850720275073461910255829555532096,0.88942841712825837542594276761268340834
0.72999999999999998223643160599749535322,1.0577753038021404255128183869014876842e-100,130.0,0.99602874086588899351628453979277039579,0.88941906001765948110393552007552162236
0.73499999999999998667732370449812151492,1.0619547270421640069433164028825439544e-100,130.0,0.99602897446721453974834556048434226872,0.88940968300270287942521770140166370265
0.73999999999999999111821580299874767661,1.0661495331676603176061870375971415553e-100,130.0,0.99602920800660310840698868637855164068,0.88940028607492800417457782088168638085
0.74499999999999999555910790149937383831,1.0703597765520647274072684495607118382e-100,130.0,0.99602944148393026519592359794410039836,0.88939086922587515641821213031917652387
0.75,1.0745855117678819692873465119887503569e-100,130.0,0.99602967489907140618185776288807725135,0.8893814324470855038245743779395805501
0.75500000000000000444089209850062616169,1.0788267935875016800513843901232443385e-100,130.0,0.9960299082519017575450643425246446642,0.88937197573010107994449767289632869978
0.76000000000000000888178419700125232339,1.0830836769840175874107577710154732143e-100,130.0,0.99603014154229637532952603518080276695,0.88936249906646478345047591931323741022
0.76500000000000001332267629550187848508,1.0873562171320503596283756256622219087e-100,130.0,0.99603037477013014519265405847133163356,0.88935300244772037733499227878769326029
0.77000000000000001776356839400250464678,1.0916444694085741342329363345698889579e-100,130.0,0.99603060793527778215458147065721268015,0.88934348586541248806778212106897680059
0.77500000000000002220446049250313080847,1.0959484893937467423453535707127049121e-100,130.0,0.99603084103761383034703002968047436242,0.88933394931108660471191792422175848859
0.78000000000000002664535259100375697017,1.1002683328717436452375878599063076988e-100,130.0,0.996031074077012662761749786843489061,0.88932439277628907799860358798774753976
0.78500000000000003108624468950438313186,1.104604055831595599821740590482701691e-100,130.0,0.99603130705334848099853061047225791083,0.88931481625256711936056562727014934226
0.79000000000000003552713678800500929356,1.1089557144680300698453097957325501528e-100,130.0,0.99603153996649531501278483327115039849,0.8893052197314687999239287166874308838
0.79500000000000003996802888650563545525,1.11332336518231639964697366910140527e-100,130.0,0.99603177281632702286270021544090701352,0.88929560320454304945846306197634455324
0.80000000000000004440892098500626161695,1.1177070645831147674061608901960511768e-100,130.0,0.99603200560271729045596241399245773832,0.88928596666333965528609107967064886099
0.80500000000000004884981308350688777864,1.1221068694873289348989888473292375545e-100,130.0,0.99603223832553963129604614704624827566,0.88927631009940926114754087294291384971
0.81000000000000005329070518200751394033,1.1265228369209628108529041591680183657e-100,130.0,0.99603247098466738622807424026029082215,0.88926663350430336602703399877362757197
0.81499999999999994670929481799248605967,1.130955024119980746477721028791277901e-100,130.0,0.99603270357997372317907979708954180755,0.88925693686957432315042611948785769583
0.81999999999999995115018691649311222136,1.1354034885311721716330916211019563649e-100,130.0,0.99603293611133163692365576081065853377,0.88924722018677533786394676248802153212
0.82499999999999995559107901499373838305,1.1398682878130191118532738498395521758e-100,130.0,0.99603316857861394879752478970446013965,0.88923748344746046762416599259911623339
0.82999999999999996003197111349436454475,1.1443494798365685719258897870863553158e-100,130.0,0.99603340098169330646232170394346044449,0.88922772664318461979290548720424929649
0.83499999999999996447286321199499070644,1.1488471226863083282129209715106112996e-100,130.0,0.99603363332044218364411432961103238786,0.8892179497655035504654965264711972964
0.83999999999999996891375531049561686814,1.1533612746610467370577309737938767593e-100,130.0,0.9960338655947328798766526752492243015,0.88920815280597386304131141759100734293
0.84499999999999997335464740899624302983,1.1578919942747964787069674051444231331e-100,130.0,0.9960340978044375202441802541311334185,0.88919833575615300675154194907293453998
0.84999999999999997779553950749686919153,1.1624393402576622544935256327037998796e-100,130.0,0.9960343299494280551238067260981148524,0.88918849860759927514411245801403899652
0.85499999999999998223643160599749535322,1.1670033715567324551105023763805292048e-100,130.0,0.99603456202957625992744103112271513949,0.88917864135187180452561510794416299656
0.85999999999999998667732370449812151492,1.1715841473369748178902694245203958635e-100,130.0,0.9960347940447537348432841850751290248,0.88916876398053057236015499035908404014
0.86499999999999999111821580299874767661,1.1761817269821360910874584713629204392e-100,130.0,0.99603502599483190457688090648417869151,0.88915886648513639562499267939773271944
0.86999999999999999555910790149937383831,1.1807961700956457232497701102714397303e-100,130.0,0.99603525787968201809172924139329668794,0.88914894885725092912287188629481130904
0.875,1.185427536501523595846105888481426609e-100,130.0,0.99603548969917514834944735171774884783,0.88913901108843666375091987824927630631
0.88000000000000000444089209850062616169,1.1900758862452918174075746292701968366e-100,130.0,0.99603572145318219204949663081135273653,0.88912905317025692472600834519327708912
0.88500000000000000888178419700125232339,1.1947412795948905975234455562264752973e-100,130.0,0.99603595314157386936846030824922124458,0.8891190750942758697664624176265851144
0.89000000000000001332267629550187848508,1.1994237770415982191211137245121889427e-100,130.0,0.99603618476422072369887670412758201499,0.88910907685205848723000555919961080227
0.89500000000000001776356839400250464678,1.2041234393009551275466105011639379853e-100,130.0,0.99603641632099312138762629147248086682,0.8890990584351705942078280790850860188
0.90000000000000002220446049250313080847,1.2088403273136921550501359788355263587e-100,130.0,0.99603664781176125147387172363616449035,0.88908901983517883457466703137568113709
0.90500000000000002664535259100375697017,1.2135745022466628993695139060240960527e-100,130.0,0.99603687923639512542654998184314333761,0.8890789610436506769947852917835095249
0.91000000000000003108624468950438313186,1.2183260254937802751933756357456172824e-100,130.0,0.99603711059476457688141579632735232345,0.88906888205215441288373762579892765686
0.91500000000000003552713678800500929356,1.2230949586769572573752704108087705064e-100,130.0,0.99603734188673926137763549277744510624,0.88905878285225915432581158719153270225
0.92000000000000003996802888650563545525,1.2278813636470518348597777073181686678e-100,130.0,0.99603757311218865609393041407906828925,0.88904866343553483194703111130705530008
0.92500000000000004440892098500626161695,1.2326853024848161943720660519953852161e-100,130.0,0.99603780427098205958426906561095594242,0.88903852379355219274361069403119628727
0.93000000000000004884981308350688777864,1.2375068375018501530132044297334734927e-100,130.0,0.99603803536298859151310713061585340499,0.88902836391788279786574807455660932001
0.93500000000000005329070518200751394033,1.2423460312415588589948898351882220841e-100,130.0,0.99603826638807719239017450042761301306,0.88901818380009902035664336820342700543
0.93999999999999994670929481799248605967,1.2472029464801146717967138153425346546e-100,130.0,0.99603849734611662329968090929800776037,0.88900798343177404307335118852664730498
0.94499999999999995115018691649311222136,1.2520776462274238890226276624831552145e-100,130.0,0.99603872823697546565470612804854843262,0.88899776280448185542949231260908603454
0.94999999999999995559107901499373838305,1.2569701937280967208079712965081133617e-100,130.0,0.99603895906052212089985309375084510121,0.88898752190979725235824190769149563908
0.95499999999999996003197111349436454475,1.2618806524624226882787594260989225582e-100,130.0,0.9960391898166248102647290991040568312,0.88897726073929583096560968748806901215
0.95999999999999996447286321199499070644,1.2668090861473498490728001358617272104e-100,130.0,0.99603942050515157449132596396178514593,0.88896697928455398827018035074088833268
0.96499999999999996891375531049561686814,1.2717555587374685159970273209089257921e-100,130.0,0.99603965112597027356607109719761735221,0.88895667753714891867113996730303638505
0.96999999999999997335464740899624302983,1.2767201344259993810601237124775301623e-100,130.0,0.99603988167894858645141953786155293673,0.88894635548865861137074529680174143494
0.97499999999999997779553950749686919153,1.2817028776457860648631360783652631722e-100,130.0,0.99604011216395401081698610635217850983,0.88893601313066184775112424175721866484
0.97999999999999998223643160599749535322,1.2867038530702921114267283185394179056e-100,130.0,0.99604034258085386277021679455486576293,0.88892565045473819870529567284295125301
0.98499999999999998667732370449812151492,1.2917231256146024486301860955634098598e-100,130.0,0.9960405729295152765865985221177484966,0.88891526745246802192229690064424625107
0.98999999999999999111821580299874767661,1.2967607604364293345342812228765967852e-100,130.0,0.99604080320980520443940638425478064137,0.88890486411543245912630710580516097252
0.99499999999999999555910790149937383831,1.3018168229371228099576281771416899717e-100,130.0,0.99604103342159041612898751467877710379,0.88889444043521343326965507785046901967
1.0,1.3068913787626856777742217139193297586e-100,130.0,0.99604126356473749881158068547698459313,0.88888399640339364567959965223036112804
