value,sup,dur,Y,S
0.0,5.0195298271751784606370518102372894563e-38,129.0,0.99599839299534087339340745843330707766,0.89077068235168554841587013834442145112
0.0050000000000000001040834085586084256647,5.0317845537821873434760335916142032769e-38,129.0,0.99599860365398209741999561307209468089,0.89075632063243807044047976778796094861
0.010000000000000000208166817117216851329,5.0440603117166508146756776760926992011e-38,129.0,0.99599881423612899287087522012927735402,0.89074193984965414078147368321369487561
0.014999999999999999444888487687421729788,5.0563571169557390061457222390772272415e-38,129.0,0.99599902474164555468772927687736570979,0.89072753999647655359663507376544988056
0.020000000000000000416333634234433702659,5.0686749854884019224222357762172037137e-38,129.0,0.99599923517039559634961148444893408641,0.89071312106604614594400380374145728774
0.02500000000000000138777878078144567553,5.0810139333156912422902171282442674675e-38,129.0,0.99599944552224274960665347199095899019,0.89069868305150178454234958428534552419
0.029999999999999998889776975374843459576,5.0933739764510833060455399185186596276e-38,129.0,0.9959996557970504642137628600378572514,0.89068422594598035245574251579824122796
0.035000000000000003330669073875469621271,5.1057551309208032903247119160143541104e-38,129.0,0.99599986599468200766441958574811658956,0.89066974974261673569435964614901135897
0.040000000000000000832667268468867405318,5.1181574127641504002370033644014219591e-38,129.0,0.99600007611500046492176211277974027348,0.89065525443454380992488178685848868825
0.044999999999999998334665463062265189365,5.1305808380338244131393968328041574857e-38,129.0,0.99600028615786873815272444790174156074,0.89064074001489242689379258310166803781
0.050000000000000002775557561562891351059,5.1430254227962532000049798932742697767e-38,129.0,0.99600049612314954645895047577902800399,0.89062620647679140099523366812577054995
0.055000000000000000277555756156289135106,5.1554911831319213820144315798971441132e-38,129.0,0.9960007060107054256072585553619245129,0.89061165381336749579314897134150198965
0.059999999999999997779553950749686919153,5.1679781351357002735397273445393986501e-38,129.0,0.99600091582039872776227559321109865463,0.89059708201774541031555352777874927026
0.065000000000000002220446049250313080847,5.1804862949171787957121559720735272753e-38,129.0,0.9960011255520916212159948176226007248,0.89058249108304776548393093664328885675
0.070000000000000006661338147750939242542,5.1930156786009955277883340440475710433e-38,129.0,0.99600133520564609011717221367965809252,0.89056788100239509047650042368441511327
0.074999999999999997224442438437108648941,5.2055663023271719264057579335989976258e-38,129.0,0.99600154478092393420114160988515064871,0.89055325176890580898449370445944277383
0.080000000000000001665334536937734810635,5.2181381822514467607366559883566236776e-38,129.0,0.9960017542777867685209173381451108899,0.89053860337569622529981419095681672041
0.08500000000000000610622663543836097233,5.2307313345456113224868171777378667589e-38,129.0,0.99600196369609602317231474439610457704,0.89052393581588051074213360545379647681
0.089999999999999996669330926124530378729,5.2433457753978460500538272905536000032e-38,129.0,0.99600217303571294302384932332852805635,0.89050924908257068967429712934343877071
0.095000000000000001110223024625156540424,5.2559815210130582496132627434401113988e-38,129.0,0.99600238229649858744617353021194871411,0.8904945431688766254702357654168746052
0.10000000000000000555111512312578270212,5.2686385876132205916343444475356721782e-38,129.0,0.99600259147831383003582601931177751874,0.89047981806790600680341499848727360161
0.10499999999999999611421941381195210852,5.2813169914377110079654487214204227097e-38,129.0,0.99600280058101935834375108019182948163,0.89046507377276433352202778768340096984
0.11000000000000000055511151231257827021,5.2940167487436536706199974593591700056e-38,129.0,0.99600300960447567360335318062487709287,0.8904503102765549024765660726713726598
0.11500000000000000499600361081320443191,5.3067378758062607291174972899688448378e-38,129.0,0.99600321854854309045286730460341244757,0.89043552757237879366923951449142808398
0.11999999999999999555910790149937383831,5.3194803889191754346708268053991321402e-38,129.0,0.99600342741308173666249101558197463657,0.89042072565333485598857416404258668342
0.125,5.3322443043948163307116710294069471241e-38,129.0,0.99600363619795155286104904048848738734,0.89040927050582509537857832922371886086
0.13000000000000000444089209850062616169,5.3450296385647221849615204689337190981e-38,129.0,0.99600384490301229225697703343365154231,0.89040224024086149206470004011738612011
0.13500000000000000888178419700125232339,5.3578364077798983300760847883731584704e-38,129.0,0.99600405352812352036463748525210853535,0.89039519109296062183768500407905357194
0.14000000000000001332267629550187848508,5.3706646284111638773212487909117369982e-38,129.0,0.99600426207314461472727063042596627842,0.89038812305356392051066236971659978725
0.14499999999999999000799277837359113619,5.3835143168494999387878510823273091339e-38,129.0,0.99600447053793476463890123411394794361,0.89038103611411351008386804357686252263
0.14999999999999999444888487687421729788,5.3963854895063992458241067276369259909e-38,129.0,0.99600467892235297087156294921718417345,0.89037393026605220198527637146072465115
0.15499999999999999888977697537484345958,5.4092781628142160882218792947046570644e-38,129.0,0.99600488722625804539048230802155979952,0.89036680550082350067729485612941705392
0.16000000000000000333066907387546962127,5.4221923532265179955320020359138131005e-38,129.0,0.99600509544950861108036572409033844205,0.89035966180987160684260659948916604136
0.16500000000000000777156117237609578297,5.4351280772184380856174897701004748866e-38,129.0,0.99600530359196310146542933667576077831,0.89035249918464142073889697282397145251
0.17000000000000001221245327087672194466,5.4480853512870285029376075048708415048e-38,129.0,0.99600551165347976043011498968902631554,0.89034531761657854548652456791156558699
0.17499999999999998889776975374843459576,5.4610641919516147979253522943123870527e-38,129.0,0.99600571963391664193817973840781037939,0.89033811709712929036834047483169670656
0.17999999999999999333866185224906075746,5.4740646157541516747095341740081565646e-38,129.0,0.99600592753313160975708424779682025521,0.89033089761774067390151246932871246268
0.18499999999999999777955395074968691915,5.4870866392595790208960195066924929227e-38,129.0,0.99600613535098233717036247883404040658,0.89032365916986042728107312974446585527
0.19000000000000000222044604925031308085,5.500130279056179655057993469085078957e-38,129.0,0.99600634308732630670106225407720031209,0.89031640174493699739566616151068004414
0.19500000000000000666133814775093924254,5.5131955517559377062293308853419355869e-38,129.0,0.9960065507420208098289368429712972471,0.89030912533441955001468366179023962044
0.20000000000000001110223024625156540424,5.5262824739948980521346106920005346278e-38,129.0,0.99600675831492294670831472566888263628,0.89030182992975797290707148324478481717
0.20499999999999998778754672912327805534,5.5393910624335266660232575741712657777e-38,129.0,0.99600696580588962588434032384932320101,0.89029451552240287897226895696062040221
0.20999999999999999222843882762390421703,5.5525213337570723036257665491693672897e-38,129.0,0.99600717321477756401449473973485682896,0.89028718210380560913934527591486523819
0.21499999999999999666933092612453037873,5.5656733046759284330877987419708977989e-38,129.0,0.99600738054144328557811965757848574801,0.89027982966541823564353486523060583786
0.22000000000000000111022302462515654042,5.5788469919259968578852623608446508808e-38,129.0,0.9960075877857431225969796461895687361,0.89027245819869356486800144423962065212
0.22500000000000000555111512312578270212,5.5920424122690519361626326687036368979e-38,129.0,0.9960077949475332143495837370689204003,0.89026506769508514035950540247100033613
0.23000000000000000999200722162640886381,5.6052595824931058275009489932615908387e-38,129.0,0.99600800202666950708617713316882681632,0.89025765814604724577445852085353183315
0.23499999999999998667732370449812151492,5.6184985194127746154937769121011320081e-38,129.0,0.99600820902300775374210128897316532544,0.89025022954303490783709795186191748053
0.23999999999999999111821580299874767661,5.6317592398696457419484076617566115694e-38,129.0,0.99600841593640351365641490840026677897,0.89024278187750389906203725057642608332
0.24499999999999999555910790149937383831,5.6450417607326456446718152082069873759e-38,129.0,0.99600862276671215227854020215317177252,0.89023531514091074085990573625481111523
0.25,5.6583460988984090632769810348271719061e-38,129.0,0.99600882951378884088591471759829515716,0.89022782932471270620122717129085403643
0.25500000000000000444089209850062616169,5.6716722712916489055625538800762705724e-38,129.0,0.99600903617748855629541077908998341292,0.89022032442036782245671991719415643424
0.26000000000000000888178419700125232339,5.6850202948655271097777448470550486615e-38,129.0,0.99600924275766608057541691813481251224,0.89021280041933487416669924295623153084
0.26500000000000001332267629550187848508,5.6983901866020264239459541642146070021e-38,129.0,0.99600944925417600075743109706582607091,0.89020525731307340578065709667356902483
0.27000000000000001776356839400250464678,5.7117819635123230968468154752383207033e-38,129.0,0.99600965566687270854716481853209967837,0.89019769509304372436691044260765079255
0.27500000000000002220446049250313080847,5.7251956426371604752524501695134503205e-38,129.0,0.99600986199561040003515721129232522132,0.8901901137507069022922091950218133877
0.28000000000000002664535259100375697017,5.7386312410472235020101805724556321312e-38,129.0,0.99601006824024307540689818098049005244,0.8901825132775247798711947099300190145
0.28499999999999997557509345824655611068,5.7520887758435139600302721177825551332e-38,129.0,0.99601027440062453865017134089426803677,0.89017489366495996807030069591594557266
0.28999999999999998001598555674718227237,5.7655682641577273537039943139287777273e-38,129.0,0.99601048047660839727334697639356989808,0.89016725490447585075799418110890977451
0.29499999999999998445687765524780843407,5.7790697231526291805973966274474025506e-38,129.0,0.99601068646804806200029386175179260861,0.8901595969875365877706987693269358163
0.29999999999999998889776975374843459576,5.792593170022433576174541685912959471e-38,129.0,0.99601089237479674648768581830200728266,0.89015191990560711710239742115196385651
0.30499999999999999333866185224906075746,5.8061386219931820856098382912539264918e-38,129.0,0.99601109819670746703036714810501870448,0.89014422365015315748619417217314733174
0.30999999999999999777955395074968691915,5.8197060963231234532323282478194096275e-38,129.0,0.99601130393363304226851093412546344486,0.89013650821264121086058230509869182447
0.31500000000000000222044604925031308085,5.8332956103030942748923071041528721554e-38,129.0,0.9960115095854260928942799747474384382,0.89012877358453856480479789575429795363
0.32000000000000000666133814775093924254,5.8469071812569005078267556852296719276e-38,129.0,0.99601171515193904135798942659032700994,0.8901210197573132949431491555640756232
0.32500000000000001110223024625156540424,5.8605408265416998325996576844840794476e-38,129.0,0.99601192063302411157377022772911878267,0.89011324672243426731821192870852904927
0.33000000000000001554312234475219156593,5.8741965635483848616932251107876988663e-38,129.0,0.99601212602853332862473237156313101635,0.8901054544713711407327816384073201597
0.33500000000000001998401444325281772763,5.8878744097019671893263477612882185902e-38,129.0,0.99601233133831851846762709971262225185,0.890097642995594369060471913683898446
0.34000000000000002442490654175344388932,5.9015743824619622770772248101135815821e-38,129.0,0.99601253656223130763700708045433567138,0.89008981228657520352485006553662815456
0.34499999999999997335464740899624302983,5.915296499322775017419035588054155272e-38,129.0,0.99601274170012312294660662729006019133,0.89008196233578569503425832559538218373
0.34999999999999997779553950749686919153,5.9290407778140868843163326902786087635e-38,129.0,0.99601294675184519120160403817985619126,0.8900740931346986960488718263121533745
0.35499999999999998223643160599749535322,5.942807235501242379657280505469396094e-38,129.0,0.99601315171724853888760517979476982456,0.89006620467478786328769664900263650351
0.35999999999999998667732370449812151492,5.956595889985637817025907180451959472e-38,129.0,0.99601335659618399188189714508641074121,0.89005829694752765953235905405379471621
0.36499999999999999111821580299874767661,5.9704067589051101528236258704873994e-38,129.0,0.99601356138850217515280632550846485029,0.89005036994439335583432073119541299365
0.36999999999999999555910790149937383831,5.9842398599343267729127289361582425679e-38,129.0,0.99601376609405351246082679427317760141,0.89004242365686103360292550671359311963
0.375,5.9980952107851760771498632405869977207e-38,129.0,0.99601397071268822605924008806625339697,0.89003445807640758666121239011576123267
0.38000000000000000444089209850062616169,6.0119728292071588564040471717770337336e-38,129.0,0.9960141752442563363942254386371232086,0.89002647319451072326938465363190640557
0.38500000000000000888178419700125232339,6.025872732987780456657542241972114218e-38,129.0,0.99601437968860766180445950377632309184,0.89001846900264896811582458151233326168
0.39000000000000001332267629550187848508,6.0397949399529437247919875634331388208e-38,129.0,0.99601458404559181822020464528238605702,0.89001044549230166427554347033466253614
0.39500000000000001776356839400250464678,6.0537394679673427306666436119409856516e-38,129.0,0.99601478831505821886188479960716806067,0.89000240265494897513595640646400329673
0.40000000000000002220446049250313080847,6.0677063349348572601003718875736364911e-38,129.0,0.99601499249685607393814798495089758258,0.88999434048207188628987129242199778636
0.40500000000000002664535259100375697017,6.0816955587989480733740987668108984535e-38,129.0,0.99601519659083439034341448665644578264,0.88998625896515220739558154021464803785
0.40999999999999997557509345824655611068,6.095707157543052768191706814958978786e-38,129.0,0.99601540059684197135264532805435617856,0.88997815809567257409399697461155532344
0.41499999999999998001598555674718227237,6.109741149190983175584261237671415868e-38,129.0,0.99601560451472741632691764057745360373,0.88997003786511644944264618968633846249
0.41999999999999998445687765524780843407,6.123797551807321949371069899877809003e-38,129.0,0.99601580834433912039583458334121698161,0.88996189826496812621604239165493855371
0.42499999999999998889776975374843459576,6.1378763834978214550172544314461875251e-38,129.0,0.99601601208552527416206728694994053217,0.88995373928671272827354798467293845129
0.42999999999999999333866185224906075746,6.1519776624098026197571857273606480842e-38,129.0,0.99601621573813386339405158029101319642,0.88994556092183621234315531211501532447
0.43499999999999999777955395074968691915,6.1661014067325546715012474388169133158e-38,129.0,0.99601641930201266872043001641701652732,0.88993736316182536968187620962865249236
0.44000000000000000222044604925031308085,6.1802476346977356057522776581688473492e-38,129.0,0.99601662277700926532397281551188115062,0.88992914599816782770245970544364877969
0.44500000000000000666133814775093924254,6.1944163645797733752016248986418880444e-38,129.0,0.99601682616297102263497675126534244483,0.88992090942235205156632688112859460068
0.45000000000000001110223024625156540424,6.2086076146962677966829189555836322987e-38,129.0,0.99601702945974510402414100502026784304,0.88991265342586734574261185850393166924
0.45500000000000001554312234475219156593,6.2228214034083931701701560231926374623e-38,129.0,0.99601723266717846649491901009350244805,0.88990437800020385553319783164031912481
0.46000000000000001998401444325281772763,6.2370577491213016045155296948486960992e-38,129.0,0.99601743578511786037534530670268685277,0.88989608313685256856363701679259315082
0.46500000000000002442490654175344388932,6.2513166702845270446316043415005946496e-38,129.0,0.99601763881340982900933642595903089094,0.88988776882730531623984334774542576853
0.46999999999999997335464740899624302983,6.2655981853923898361497648172400161634e-38,129.0,0.99601784175190070844521224862313115546,0.88987943506305477526307809568485358237
0.47499999999999997779553950749686919153,6.2799023129844027741206658365433246617e-38,129.0,0.99601804460043662713495327739845381642,0.88987108183559446864754490685958017351
0.47999999999999998223643160599749535322,6.2942290716456762515139255607417129665e-38,129.0,0.99601824735886350561039927742091918453,0.88986270913641876762887333138156891025
0.48499999999999998667732370449812151492,6.3085784800073256733941155983306289047e-38,129.0,0.99601845002702705618144969990583340018,0.88985431695702289261291251491763663673
0.48999999999999999111821580299874767661,6.3229505567468787538063217351156202601e-38,129.0,0.99601865260477278262246635040081987387,0.88984590528890291455203385315091308465
0.49499999999999999555910790149937383831,6.3373453205886836409758147933435136344e-38,129.0,0.99601885509194597986039772383425228339,0.8898374741235557561941230848273184334
0.50,6.3517627903043177071686061132751450738e-38,129.0,0.99601905748839173366237044225900636139,0.88982902345247919329656571160186409569
0.50500000000000000444089209850062616169,6.3662029847129969980026678586745913167e-38,129.0,0.99601925979395492032274679781658439369,0.88982055326717185580511423473464267893
0.51000000000000000888178419700125232339,6.3806659226819863360117149293231401784e-38,129.0,0.99601946200848020634964740143525319738,0.88981206355913322899752565973056970744
0.51500000000000001332267629550187848508,6.3951516231270100732758848080183172188e-38,129.0,0.99601966413181204815093793576004669417,0.88980355431986365459185768178310693884
0.52000000000000001776356839400250464678,6.4096601050126634879464131046578151554e-38,129.0,0.99601986616379469171967900879230624572,0.88979502554086433181931192737208094863
0.52500000000000002220446049250313080847,6.4241913873528248195044847951346660523e-38,129.0,0.9960200681042721723190381026918571206,0.88978647721363731846151259058105360107
0.53000000000000002664535259100375697017,6.4387454892110679376078430783657844833e-38,129.0,0.99602026995308831416666261016593630169,0.88977790932968553185210876664224015866
0.53500000000000003108624468950438313186,6.4533224297010756393924582627578967727e-38,129.0,0.99602047171008673011851294883558595055,0.88976932188051274984258874988843837331
0.54000000000000003552713678800500929356,6.4679222279870535701105969972896636421e-38,129.0,0.99602067337511082135215474193239753401,0.88976071485762361173219452869355614992
0.54500000000000003996802888650563545525,6.4825449032841447620009863174065103749e-38,129.0,0.99602087494800377704950905163622368568,0.88975208825252361916182467611782914901
0.55000000000000004440892098500626161695,6.4971904748588447863014361992386724882e-38,129.0,0.99602107642860857407905964931775837886,0.88974344205671913697181380184242045313
0.55500000000000004884981308350688777864,6.5118589620294175133292674064749842018e-38,129.0,0.99602127781676797667751630489870976892,0.88973477626171739402347669858250621378
0.56000000000000005329070518200751394033,6.5265503841663114755701871539877301242e-38,129.0,0.99602147911232453613093307548664483768,0.88972609085902648398430528450988202791
0.56499999999999994670929481799248605967,6.5412647606925765017520810462820569119e-38,129.0,0.99602168031512059045081400286209425779,0.88971738584015536627021450609824705091
0.56999999999999995115018691649311222136,6.5560021110842825782442366801582949546e-38,129.0,0.99602188142499826407200667192331422776,0.88970866119661386598411252849124844455
0.57499999999999995559107901499373838305,6.5707624548709360306249341334462772191e-38,129.0,0.99602208244179946750537375498978140555,0.88969991691991267575112557253944298649
0.57999999999999996003197111349436454475,6.5855458116358995549163013513176166053e-38,129.0,0.99602228336536589703459351976407532429,0.88969115300156335558456124552839357507
0.58499999999999996447286321199499070644,6.6003522010168111939122704969112794026e-38,129.0,0.99602248419553903439006911446618325479,0.88968236943307833368076236326194124723
0.58999999999999996891375531049561686814,6.615181642706004212967273549574032039e-38,129.0,0.99602268493216014642675531973310858563,0.88967356620597090698386912119734197384
0.59499999999999997335464740899624302983,6.6300341564509275438321626492840537984e-38,129.0,0.99602288557507028480143310295700519323,0.88966474331175524171344994818924216089
0.59999999999999997779553950749686919153,6.6449097620545667916114670246649961903e-38,129.0,0.99602308612411028564943093861159947836,0.88965590074194637385488891786299406406
0.60499999999999998223643160599749535322,6.6598084793758657999341502338070465495e-38,129.0,0.99602328657912076926079185602032043277,0.88964703848806020961241756769345484999
0.60999999999999998667732370449812151492,6.6747303283301487694483828603940118278e-38,129.0,0.99602348693994213975588517391864257685,0.88963815654161352582467895167538032278
0.61499999999999999111821580299874767661,6.6896753288895429247694953391682984523e-38,129.0,0.99602368720641458476046187905764575836,0.88962925489412397034271172903746534708
0.61999999999999999555910790149937383831,6.7046435010834017250292218155633745785e-38,129.0,0.99602388737837807508015260398569950895,0.88962033353711006237024206877564627817
0.625,6.7196348649987286131935874398262116177e-38,129.0,0.99602408745567236437440715703047668237,0.88961139246209119276617112786410584894
0.63000000000000000444089209850062616169,6.7346494407806012993363268061613746002e-38,129.0,0.99602428743813698882987455538418131,0.88960243166058762430914583984614466567
0.63500000000000000888178419700125232339,6.7496872486325965730745489071440600712e-38,129.0,0.99602448732561126683322251007092772416,0.88959345112412049192410073011333525205
0.64000000000000001332267629550187848508,6.7647483088172156403934825026113857598e-38,129.0,0.99602468711793429864339530944662175981,0.88958445084421180287065845455177962053
0.64500000000000001776356839400250464678,6.7798326416563099801075437053168086034e-38,129.0,0.99602488681494496606330904574845899836,0.88957543081238443689327673937046839336
0.65000000000000002220446049250313080847,6.7949402675315077152256633529991104466e-38,129.0,0.99602508641648193211098312707325923338,0.88956639102016214633302938183030284691
0.65500000000000002664535259100375697017,6.8100712068846404945097938438444721424e-38,129.0,0.99602528592238364069010701502128919921,0.8895573314590695562009089542648981999
0.66000000000000003108624468950438313186,6.8252254802181708795367820209499798185e-38,129.0,0.99602548533248831626004112609497701016,0.88954825212063216421253883722743990807
0.66500000000000003552713678800500929356,6.8404031080956202325953448485326640893e-38,129.0,0.9960256984687023344452421700669116774,0.88953915299637634078418219181321169827
0.67000000000000003996802888650563545525,6.8556041111419971007717164615128592079e-38,129.0,0.99602593286396180164827730309488418321,0.8895300340778293289899354661965444657
0.67500000000000004440892098500626161695,6.8708285100442260915996471102086769009e-38,129.0,0.99602616719888661288718454910380050912,0.88952089535651924447999401718543606058
0.68000000000000004884981308350688777864,6.8860763255515772356728249690966364515e-38,129.0,0.99602640147335451663988776194786079278,0.88951173682397507535987741413854135655
0.68500000000000005329070518200751394033,6.9013475784760958316404591254121658423e-38,129.0,0.99602663568724309495169631413844128049,0.88950255847172668203050197990920443383
0.68999999999999994670929481799248605967,6.9166422896930324291582995040609232651e-38,129.0,0.99602686984042976318611534778576588781,0.88949336029130479719344894498972954703
0.69499999999999995115018691649311222136,6.9319604801412749839688454454946300572e-38,129.0,0.99602710393279176980123639682426594673,0.88948414227424102479499130199429224246
0.69999999999999995559107901499373838305,6.9473021708237780851374665977920322914e-38,129.0,0.99602733796420619607372229086613670195,0.88947490441206784097347679121232550985
0.70499999999999996003197111349436454475,6.9626673828079960421727847149020209159e-38,129.0,0.99602757193454995587437047711700879135,0.88946564669631859292514266820353873752
0.70999999999999996447286321199499070644,6.9780561372263147347113778682487595112e-38,129.0,0.99602780584369979541726192148071208395,0.88945636911852749875075782623216598167
0.71499999999999996891375531049561686814,6.9934684552764842569516847838288455978e-38,129.0,0.99602803969153229301369297755666771934,0.88944707167022964705841679573758619327
0.71999999999999997335464740899624302983,7.0089043582220520130738402540972881674e-38,129.0,0.99602827347792385882568952020052075452,0.88943775434296099652639357416761929742
0.72499999999999997779553950749686919153,7.0243638673927962592572899275067752759e-38,129.0,0.99602850720275073461910255829555532247,0.88942841712825837542594276761268341436
0.72999999999999998223643160599749535322,7.0398470041851600879331177667440700747e-38,129.0,0.99602874086588899351628453979277039729,0.88941906001765948110393552007552162386
0.73499999999999998667732370449812151492,7.055353790062685849933364584188463565e-38,129.0,0.99602897446721453974834556048434226646,0.88940968300270287942521770140166370791
0.73999999999999999111821580299874767661,7.0708842465564500102252195675676732967e-38,129.0,0.99602920800660310840698868637855164444,0.88940028607492800417457782088168637934
0.74499999999999999555910790149937383831,7.0864383952654984329438268467754123358e-38,129.0,0.9960294414839302651959235979441003976,0.88939086922587515641821213031917652462
0.75,7.102016257857282091463564160007269087e-38,129.0,0.99602967489907140618185776288807725135,0.8893814324470855038245743779395805501
0.75500000000000000444089209850062616169,7.1176178560680931992740187787257378995e-38,129.0,0.99602990825190175754506434252464466646,0.88937197573010107994449767289632869903
0.76000000000000000888178419700125232339,7.1332432117035017574535052609278685538e-38,129.0,0.99603014154229637532952603518080276469,0.88936249906646478345047591931323741022
0.76500000000000001332267629550187848508,7.1488923466387925145598385248912482081e-38,129.0,0.99603037477013014519265405847133163281,0.88935300244772037733499227878769325578
0.77000000000000001776356839400250464678,7.1645652828194023347851923650308311387e-38,129.0,0.99603060793527778215458147065721267865,0.88934348586541248806778212106897679005
0.77500000000000002220446049250313080847,7.1802620422613579702492360518032566896e-38,129.0,0.99603084103761383034703002968047436543,0.88933394931108660471191792422175847956
0.78000000000000002664535259100375697017,7.1959826470517142333323482431184831868e-38,129.0,0.996031074077012662761749786843489061,0.88932439277628907799860358798774753223
0.78500000000000003108624468950438313186,7.2117271193489925649785562503065965674e-38,129.0,0.99603130705334848099853061047225790857,0.88931481625256711936056562727014933925
0.79000000000000003552713678800500929356,7.2274954813836199949259379028608736637e-38,129.0,0.99603153996649531501278483327115040225,0.88930521973146879992392871668743087703
0.79500000000000003996802888650563545525,7.2432877554583684898505509893286808621e-38,129.0,0.99603177281632702286270021544090701653,0.88929560320454304945846306197634455475
0.80000000000000004440892098500626161695,7.2591039639487946854385196543125506671e-38,129.0,0.99603200560271729045596241399245774058,0.88928596666333965528609107967064885647
0.80500000000000004884981308350688777864,7.2749441293036799984297063323084783931e-38,129.0,0.99603223832553963129604614704624827566,0.88927631009940926114754087294291384745
0.81000000000000005329070518200751394033,7.2908082740454711147054299182491218724e-38,129.0,0.9960324709846673862280742402602908214,0.88926663350430336602703399877362757272
0.81499999999999994670929481799248605967,7.3066964207707204964675845559638125679e-38,129.0,0.99603270357997372317907979708954180529,0.88925693686957432315042611948785770185
0.81999999999999995115018691649311222136,7.32260859215052902243288523846414063e-38,129.0,0.99603293611133163692365576081065853226,0.88924722018677533786394676248802153062
0.82499999999999995559107901499373838305,7.3385448109309854640556616796607289375e-38,129.0,0.99603316857861394879752478970446013739,0.88923748344746046762416599259911623038
0.82999999999999996003197111349436454475,7.3545050999336098497224247473843421441e-38,129.0,0.99603340098169330646232170394346044374,0.88922772664318461979290548720424929574
0.83499999999999996447286321199499070644,7.3704894820557954226577492400609471263e-38,129.0,0.9960336333204421836441143296110323841,0.88921794976550355046549652647119729264
0.83999999999999996891375531049561686814,7.3864979802712513044526130697451074288e-38,129.0,0.99603386559473287987665267524922429924,0.88920815280597386304131141759100733691
0.84499999999999997335464740899624302983,7.4025306176304455079760735460919950462e-38,129.0,0.99603409780443752024418025413113341775,0.88919833575615300675154194907293454148
0.84999999999999997779553950749686919153,7.4185874172610482959831552429615573756e-38,129.0,0.99603432994942805512380672609811485541,0.88918849860759927514411245801403900405
0.85499999999999998223643160599749535322,7.4346684023683758817628664141895867242e-38,129.0,0.99603456202957625992744103112271513949,0.88917864135187180452561510794416299882
0.85999999999999998667732370449812151492,7.450773596235834468201517105024846956e-38,129.0,0.99603479404475373484328418507512902555,0.88916876398053057236015499035908403262
0.86499999999999999111821580299874767661,7.4669030222253646216679800203607724673e-38,129.0,0.99603502599483190457688090648417869,0.88915886648513639562499267939773271869
0.86999999999999999555910790149937383831,7.4830567037778859771592128935934974942e-38,129.0,0.99603525787968201809172924139329668718,0.88914894885725092912287188629481131055
0.875,7.4992346644137422711762465781892241622e-38,129.0,0.99603548969917514834944735171774885159,0.88913901108843666375091987824927630555
0.88000000000000000444089209850062616169,7.5154369277331466988329343795811116919e-38,129.0,0.99603572145318219204949663081135273126,0.88912905317025692472600834519327708536
0.88500000000000000888178419700125232339,7.5316635174166275917320532740438062045e-38,129.0,0.99603595314157386936846030824922124834,0.88911907509427586976646241762658511289
0.89000000000000001332267629550187848508,7.5479144572254744131758446345769162437e-38,129.0,0.99603618476422072369887670412758201499,0.88910907685205848723000555919961079324
0.89500000000000001776356839400250464678,7.5641897710021840673107789072971167337e-38,129.0,0.99603641632099312138762629147248086457,0.88909905843517059420782807908508601579
0.90000000000000002220446049250313080847,7.5804894826709075188392233561806876596e-38,129.0,0.99603664781176125147387172363616449185,0.8890890198351788345746670313756811401
0.90500000000000002664535259100375697017,7.5968136162378967199637825152628171791e-38,129.0,0.99603687923639512542654998184314333987,0.88907896104365067699478529178350952113
0.91000000000000003108624468950438313186,7.6131621957919518412633653470927875757e-38,129.0,0.9960371105947645768814157963273523227,0.88906888205215441288373762579892765837
0.91500000000000003552713678800500929356,7.6295352455048688032335092915260023196e-38,129.0,0.99603734188673926137763549277744510548,0.889058782852259154325811587191532703
0.92000000000000003996802888650563545525,7.6459327896318871052571573828184078298e-38,129.0,0.99603757311218865609393041407906828774,0.88904866343553483194703111130705530459
0.92500000000000004440892098500626161695,7.6623548525121379488059383945397132072e-38,129.0,0.99603780427098205958426906561095593941,0.88903852379355219274361069403119628727
0.93000000000000004884981308350688777864,7.6788014585690926517060395163491474435e-38,129.0,0.99603803536298859151310713061585340349,0.88902836391788279786574807455660931173
0.93500000000000005329070518200751394033,7.6952726323110113503369843459346488675e-38,129.0,0.99603826638807719239017450042761301607,0.88901818380009902035664336820342700694
0.93999999999999994670929481799248605967,7.7117683983313916201132374273038454786e-38,129.0,0.99603849734611662329968090929800775812,0.88900798343177404307335118852664730197
0.94499999999999995115018691649311222136,7.7282887813094192099558360645733627386e-38,129.0,0.99603872823697546565470612804854843412,0.88899776280448185542949231260908603379
0.94999999999999995559107901499373838305,7.7448338060104153921680197024689389273e-38,129.0,0.99603895906052212089985309375084510196,0.88898752190979725235824190769149563758
0.95499999999999996003197111349436454475,7.7614034972862882503111827037473821064e-38,129.0,0.9960391898166248102647290991040568312,0.88897726073929583096560968748806901742
0.95999999999999996447286321199499070644,7.7779978800759824092968260472861283778e-38,129.0,0.99603942050515157449132596396178514367,0.88896697928455398827018035074088833042
0.96499999999999996891375531049561686814,7.7946169794059294013564772683861444948e-38,129.0,0.99603965112597027356607109719761734995,0.88895667753714891867113996730303639258
0.96999999999999997335464740899624302983,7.8112608203904982989959633396650058263e-38,129.0,0.99603988167894858645141953786155293523,0.88894635548865861137074529680174143795
0.97499999999999997779553950749686919153,7.8279294282324466120825055517290895433e-38,129.0,0.99604011216395401081698610635217850682,0.8889360131306618477511242417572186701
0.97999999999999998223643160599749535322,7.8446228282233714462488905833785821976e-38,129.0,0.99604034258085386277021679455486576067,0.88892565045473819870529567284295125602
0.98499999999999998667732370449812151492,7.8613410457441609198349203812168837535e-38,129.0,0.99604057292951527658659852211774849735,0.88891526745246802192229690064424625634
0.98999999999999999111821580299874767661,7.8780841062654458366224531436752990177e-38,129.0,0.99604080320980520443940638425478063986,0.88890486411543245912630710580516097252
0.99499999999999999555910790149937383831,7.8948520353480516116566165688552193527e-38,129.0,0.99604103342159041612898751467877710078,0.88889444043521343326965507785046901365
1.0,7.9116448586434504474822005224197578248e-38,129.0,0.99604126356473749881158068547698459163,0.88888399640339364567959965223036112503
