value,sup,dur,Y,S
0.0,2.4251287561894830048462037826515886075e-141,132.0,0.99599839299534087339340745843330707766,0.89077068235168554841587013834442144886
0.0050000000000000001040834085586084256647,2.4373599648063466127210593773154580541e-141,132.0,0.99599860365398209741999561307209467939,0.89075632063243807044047976778796094937
0.010000000000000000208166817117216851329,2.4496500540535027495438063631292697039e-141,132.0,0.99599881423612899287087522012927735402,0.89074193984965414078147368321369487486
0.014999999999999999444888487687421729788,2.4619992970171581023852575208274108144e-141,132.0,0.99599902474164555468772927687736570979,0.89072753999647655359663507376544987755
0.020000000000000000416333634234433702659,2.4744079680363730221723907515048251258e-141,132.0,0.99599923517039559634961148444893408566,0.89071312106604614594400380374145728473
0.02500000000000000138777878078144567553,2.48687634270899922161832585264451087e-141,132.0,0.99599944552224274960665347199095898943,0.89069868305150178454234958428534552419
0.029999999999999998889776975374843459576,2.4994046978976476053701725463794341755e-141,132.0,0.9959996557970504642137628600378572514,0.89068422594598035245574251579824122645
0.035000000000000003330669073875469621271,2.5119933117356864017839835161812185393e-141,132.0,0.99599986599468200766441958574811659031,0.89066974974261673569435964614901136198
0.040000000000000000832667268468867405318,2.5246424636332695909347085439306228425e-141,132.0,0.99600007611500046492176211277974027423,0.89065525443454380992488178685848869126
0.044999999999999998334665463062265189365,2.5373524342833961372521849818955265076e-141,132.0,0.99600028615786873815272444790174155848,0.89064074001489242689379258310166803555
0.050000000000000002775557561562891351059,2.5501235056679998165759724123678675517e-141,132.0,0.99600049612314954645895047577902800098,0.89062620647679140099523366812577054995
0.055000000000000000277555756156289135106,2.562955961064069967167603545430111861e-141,132.0,0.9960007060107054256072585553619245144,0.89061165381336749579314897134150198438
0.059999999999999997779553950749686919153,2.575850085049803492578798854715696853e-141,132.0,0.99600091582039872776227559321109865538,0.890597082017745410315553527778749268
0.065000000000000002220446049250313080847,2.5888061635107879647688381712918693126e-141,132.0,0.9960011255520916212159948176226007233,0.89058249108304776548393093664328886051
0.070000000000000006661338147750939242542,2.6018244836462161714981054076169221218e-141,132.0,0.99600133520564609011717221367965809177,0.8905678810023950904765004236844151095
0.074999999999999997224442438437108648941,2.6149053339751323142373200770118907715e-141,132.0,0.99600154478092393420114160988515065097,0.89055325176890580898449370445944277534
0.080000000000000001665334536937734810635,2.6280490043427100834600721281164068387e-141,132.0,0.99600175427778676852091733814511088914,0.89053860337569622529981419095681672116
0.08500000000000000610622663543836097233,2.6412557859265623268505476467723673466e-141,132.0,0.9960019636960960231723147443961045793,0.89052393581588051074213360545379647906
0.089999999999999996669330926124530378729,2.6545259712430831538666119388220442049e-141,132.0,0.9960021730357129430238493233285280556,0.89050924908257068967429712934343877447
0.095000000000000001110223024625156540424,2.6678598541538223268740612423881596865e-141,132.0,0.99600238229649858744617353021194871712,0.89049454316887662547023576541687459994
0.10000000000000000555111512312578270212,2.6812577298718917774118485295945317445e-141,132.0,0.99600259147831383003582601931177751649,0.89047981806790600680341499848727360086
0.10499999999999999611421941381195210852,2.6947198949684050855047943877589652693e-141,132.0,0.99600280058101935834375108019182948163,0.89046507377276433352202778768340096758
0.11000000000000000055511151231257827021,2.7082466473789497704500805067087687079e-141,132.0,0.99600300960447567360335318062487708911,0.89045031027655490247656607267137265529
0.11500000000000000499600361081320443191,2.721838286410092229688064287477077587e-141,132.0,0.99600321854854309045286730460341244757,0.89043552757237879366923951449142808097
0.11999999999999999555910790149937383831,2.7354951127459161761830115475563433214e-141,132.0,0.99600342741308173666249101558197463506,0.89042072565333485598857416404258668266
0.125,2.7492174284545944209348051432481171988e-141,132.0,0.99600363619795155286104904048848738884,0.89040927050582509537857832922371886236
0.13000000000000000444089209850062616169,2.7630055369949938352650362961060802508e-141,132.0,0.99600384490301229225697703343365154231,0.89040224024086149206470004011738611183
0.13500000000000000888178419700125232339,2.7768597432233143945414703931869557022e-141,132.0,0.99600405352812352036463748525210853836,0.89039519109296062183768500407905356968
0.14000000000000001332267629550187848508,2.7907803533997619170547727018792018232e-141,132.0,0.99600426207314461472727063042596627767,0.89038812305356392051066236971659979327
0.14499999999999999000799277837359113619,2.8047676751952548301294875733546734373e-141,132.0,0.99600447053793476463890123411394794511,0.89038103611411351008386804357686252714
0.14999999999999999444888487687421729788,2.8188220176981655761238573791965566292e-141,132.0,0.9960046789223529708715629492171841742,0.89037393026605220198527637146072465491
0.15499999999999999888977697537484345958,2.8329436914210956775910833441267549963e-141,132.0,0.99600488722625804539048230802155980103,0.89036680550082350067729485612941705768
0.16000000000000000333066907387546962127,2.8471330083076862003973565391505569602e-141,132.0,0.99600509544950861108036572409033844129,0.89035966180987160684260659948916603759
0.16500000000000000777156117237609578297,2.8613902817394626379785276016703939022e-141,132.0,0.9960053035919631014654293366757607753,0.89035249918464142073889697282397145175
0.17000000000000001221245327087672194466,2.8757158265427148698268217023342034183e-141,132.0,0.99600551165347976043011498968902631403,0.89034531761657854548652456791156559076
0.17499999999999998889776975374843459576,2.8901099589954122256580280520344831366e-141,132.0,0.99600571963391664193817973840781037939,0.89033811709712929036834047483169670505
0.17999999999999999333866185224906075746,2.904572996834154325494493929103436568e-141,132.0,0.99600592753313160975708424779682025521,0.8903308976177406739015124693287124529
0.18499999999999999777955395074968691915,2.9191052592611566872679054733502201383e-141,132.0,0.99600613535098233717036247883404040884,0.89032365916986042728107312974446586129
0.19000000000000000222044604925031308085,2.933707066951272892168846583658694702e-141,132.0,0.99600634308732630670106225407720031284,0.8903164017449369973956661615106800479
0.19500000000000000666133814775093924254,2.9483787420590523033801548115689414202e-141,132.0,0.99600655074202080982893684297129724785,0.89030912533441955001468366179023961818
0.20000000000000001110223024625156540424,2.9631206082258340111529339825320205395e-141,132.0,0.99600675831492294670831472566888263552,0.89030182992975797290707148324478482319
0.20499999999999998778754672912327805534,2.977932990586877037470672330018940502e-141,132.0,0.99600696580588962588434032384932320327,0.89029451552240287897226895696062039468
0.20999999999999999222843882762390421703,2.9928162157785274909004993893961665708e-141,132.0,0.99600717321477756401449473973485682896,0.89028718210380560913934527591486523744
0.21499999999999999666933092612453037873,3.0077706119454216348311134905448141457e-141,132.0,0.99600738054144328557811965757848574651,0.89027982966541823564353486523060584238
0.22000000000000000111022302462515654042,3.0227965087477267122447843831278181312e-141,132.0,0.9960075877857431225969796461895687361,0.89027245819869356486800144423962065061
0.22500000000000000555111512312578270212,3.0378942373684184943839174292508289642e-141,132.0,0.99600779494753321434958373706892040105,0.89026506769508514035950540247100033914
0.23000000000000000999200722162640886381,3.0530641305205962467403590842354962856e-141,132.0,0.99600800202666950708617713316882681707,0.8902576581460472457744585208535318339
0.23499999999999998667732370449812151492,3.0683065224548351475019411336875081041e-141,132.0,0.99600820902300775374210128897316532694,0.89025022954303490783709795186191748881
0.23999999999999999111821580299874767661,3.0836217489665768700354640716496711037e-141,132.0,0.99600841593640351365641490840026677821,0.89024278187750389906203725057642608482
0.24499999999999999555910790149937383831,3.0990101474035572634468350865692008926e-141,132.0,0.99600862276671215227854020215317177327,0.89023531514091074085990573625481110997
0.25,3.1144720566732730288187198789378732124e-141,132.0,0.99600882951378884088591471759829515792,0.89022782932471270620122717129085403568
0.25500000000000000444089209850062616169,3.1300078172504863294595929283827961797e-141,132.0,0.99600903617748855629541077908998341217,0.89022032442036782245671991719415644026
0.26000000000000000888178419700125232339,3.1456177711847680496825331085492404368e-141,132.0,0.99600924275766608057541691813481251073,0.89021280041933487416669924295623152934
0.26500000000000001332267629550187848508,3.1613022621080798265100447864443542475e-141,132.0,0.99600944925417600075743109706582607091,0.8902052573130734057806570966735690286
0.27000000000000001776356839400250464678,3.1770616352423950642732039678995316452e-141,132.0,0.99600965566687270854716481853209967912,0.89019769509304372436691044260765080007
0.27500000000000002220446049250313080847,3.1928962374073591432414150687978170089e-141,132.0,0.99600986199561040003515721129232521907,0.8901901137507069022922091950218133862
0.28000000000000002664535259100375697017,3.2088064170279890345937958925804231706e-141,132.0,0.99601006824024307540689818098049005319,0.89018251327752477987119470993001902127
0.28499999999999997557509345824655611068,3.2247925241424123573205040778479696453e-141,132.0,0.99601027440062453865017134089426803827,0.89017489366495996807030069591594556814
0.28999999999999998001598555674718227237,3.2408549104096471583114095831295442541e-141,132.0,0.99601048047660839727334697639356989883,0.89016725490447585075799418110890977375
0.29499999999999998445687765524780843407,3.2569939291174199671850634725336310666e-141,132.0,0.99601068646804806200029386175179260937,0.89015959698753658777069876932693582082
0.29999999999999998889776975374843459576,3.2732099351900258925481285158650183525e-141,132.0,0.99601089237479674648768581830200728342,0.89015191990560711710239742115196385877
0.30499999999999999333866185224906075746,3.2895032851962283178739843495791940039e-141,132.0,0.99601109819670746703036714810501870373,0.890144223650153157486194172173147334
0.30999999999999999777955395074968691915,3.3058743373571994797008223893011779554e-141,132.0,0.9960113039336330422685109341254634426,0.89013650821264121086058230509869182372
0.31500000000000000222044604925031308085,3.3223234515545019718164929775851356059e-141,132.0,0.99601150958542609289427997474743843895,0.89012877358453856480479789575429795589
0.32000000000000000666133814775093924254,3.338850989338111397386904620010820435e-141,132.0,0.99601171515193904135798942659032701295,0.89012101975731329494314915556407562697
0.32500000000000001110223024625156540424,3.3554573139344803922221339566540021088e-141,132.0,0.99601192063302411157377022772911878643,0.89011324672243426731821192870852904401
0.33000000000000001554312234475219156593,3.3721427902546442436189400826318491965e-141,132.0,0.99601212602853332862473237156313101334,0.89010545447137114073278163840732016045
0.33500000000000001998401444325281772763,3.3889077849023683304701325364716361875e-141,132.0,0.99601233133831851846762709971262225411,0.8900976429955943690604719136838984445
0.34000000000000002442490654175344388932,3.4057526661823376115902635725508572363e-141,132.0,0.99601253656223130763700708045433567514,0.89008981228657520352485006553662815456
0.34499999999999997335464740899624302983,3.4226778041083882021197811932761175128e-141,132.0,0.99601274170012312294660662729006018982,0.89008196233578569503425832559538218523
0.34999999999999997779553950749686919153,3.4396835704117823967219061365564203691e-141,132.0,0.9960129467518451912016040381798561905,0.89007409313469869604887182631215337751
0.35499999999999998223643160599749535322,3.4567703385495245495197889059100571542e-141,132.0,0.99601315171724853888760517979476982606,0.89006620467478786328769664900263650426
0.35999999999999998667732370449812151492,3.473938483712721800950746201350364207e-141,132.0,0.9960133565961839918818971450864107397,0.89005829694752765953235905405379470718
0.36499999999999999111821580299874767661,3.491188382834987068535105452625042374e-141,132.0,0.99601356138850217515280632550846485029,0.89005036994439335583432073119541298989
0.36999999999999999555910790149937383831,3.5085204146008856618708209771615998048e-141,132.0,0.99601376609405351246082679427317760367,0.89004242365686103360292550671359312114
0.375,3.5259349594544255703631691384507076112e-141,132.0,0.99601397071268822605924008806625339772,0.89003445807640758666121239011576123417
0.38000000000000000444089209850062616169,3.5434323996075916609782039590051152583e-141,132.0,0.9960141752442563363942254386371232071,0.8900264731945107232693846536319064018
0.38500000000000000888178419700125232339,3.5610131190489240246351332113352583716e-141,132.0,0.99601437968860766180445950377632309484,0.89001846900264896811582458151233326318
0.39000000000000001332267629550187848508,3.5786775035521407111869839856158511909e-141,132.0,0.99601458404559181822020464528238605552,0.89001044549230166427554347033466252485
0.39500000000000001776356839400250464678,3.5964259406848050942809142644334686336e-141,132.0,0.99601478831505821886188479960716806142,0.89000240265494897513595640646400329748
0.40000000000000002220446049250313080847,3.6142588198170381087393415850370374133e-141,132.0,0.99601499249685607393814798495089757881,0.88999434048207188628987129242199778787
0.40500000000000002664535259100375697017,3.6321765321302756044607502129656158454e-141,132.0,0.99601519659083439034341448665644578565,0.88998625896515220739558154021464803108
0.40999999999999997557509345824655611068,3.6501794706260708618573253684858972244e-141,132.0,0.99601540059684197135264532805435617555,0.88997815809567257409399697461155532946
0.41499999999999998001598555674718227237,3.6682680301349437166986665898798610015e-141,132.0,0.99601560451472741632691764057745360448,0.8899700378651164494426461896863384655
0.41999999999999998445687765524780843407,3.686442607325273542030837876126232132e-141,132.0,0.99601580834433912039583458334121698386,0.88996189826496812621604239165493855145
0.42499999999999998889776975374843459576,3.7047036007122403341164926763889355668e-141,132.0,0.99601601208552527416206728694994053067,0.88995373928671272827354798467293845581
0.42999999999999999333866185224906075746,3.7230514106668111575947356009243425313e-141,132.0,0.99601621573813386339405158029101319642,0.88994556092183621234315531211501532221
0.43499999999999999777955395074968691915,3.7414864394247733995115374186585662877e-141,132.0,0.99601641930201266872043001641701652958,0.88993736316182536968187620962865249537
0.44000000000000000222044604925031308085,3.7600090910958148865491441618083876176e-141,132.0,0.99601662277700926532397281551188115288,0.88992914599816782770245970544364878119
0.44500000000000000666133814775093924254,3.7786197716726511206043510629962638225e-141,132.0,0.99601682616297102263497675126534244332,0.88992090942235205156632688112859460594
0.45000000000000001110223024625156540424,3.797318889040199889296332106186921511e-141,132.0,0.99601702945974510402414100502026783852,0.88991265342586734574261185850393167375
0.45500000000000001554312234475219156593,3.8161068529848035094239172504220894667e-141,132.0,0.99601723266717846649491901009350245106,0.88990437800020385553319783164031912857
0.46000000000000001998401444325281772763,3.8349840752034989628398442410474011007e-141,132.0,0.99601743578511786037534530670268685428,0.88989608313685256856363701679259314932
0.46500000000000002442490654175344388932,3.8539509693133361856656330514265190438e-141,132.0,0.99601763881340982900933642595903088793,0.88988776882730531623984334774542577154
0.46999999999999997335464740899624302983,3.8730079508607445611587655522182577081e-141,132.0,0.99601784175190070844521224862313115847,0.88987943506305477526307809568485358161
0.47499999999999997779553950749686919153,3.8921554373309491515463560969474774778e-141,132.0,0.99601804460043662713495327739845382018,0.88987108183559446864754490685958017201
0.47999999999999998223643160599749535322,3.9113938481574337580503744338273873909e-141,132.0,0.99601824735886350561039927742091918302,0.88986270913641876762887333138156891101
0.48499999999999998667732370449812151492,3.9307236047314553074183358998365288892e-141,132.0,0.99601845002702705618144969990583340018,0.88985431695702289261291251491763663899
0.48999999999999999111821580299874767661,3.9501451304116066621868589892991187706e-141,132.0,0.99601865260477278262246635040081987839,0.88984590528890291455203385315091308616
0.49499999999999999555910790149937383831,3.9696588505334293919623750132234633897e-141,132.0,0.99601885509194597986039772383425228339,0.88983747412355575619412308482731843189
0.50,3.9892651924190765660034593029275871599e-141,132.0,0.9960190574883917336623704422590063644,0.88982902345247919329656571160186409494
0.50500000000000000444089209850062616169,4.008964585387025839989343527877643571e-141,132.0,0.99601925979395492032274679781658439369,0.88982055326717185580511423473464267441
0.51000000000000000888178419700125232339,4.0287574607618431113940944251562444735e-141,132.0,0.99601946200848020634964740143525319513,0.88981206355913322899752565973056970593
0.51500000000000001332267629550187848508,4.0486442518839970194299022703530082775e-141,132.0,0.99601966413181204815093793576004669266,0.8898035543198636545918576817831069426
0.52000000000000001776356839400250464678,4.0686253941197245670759693184703365095e-141,132.0,0.99601986616379469171967900879230624647,0.88979502554086433181931192737208095089
0.52500000000000002220446049250313080847,4.088701324870948144271681135481238435e-141,132.0,0.99602006810427217231903810269185711909,0.88978647721363731846151259058105360107
0.53000000000000002664535259100375697017,4.1088724835852442329241395209122907939e-141,132.0,0.99602026995308831416666261016593630169,0.88977790932968553185210876664224016016
0.53500000000000003108624468950438313186,4.1291393117658640759607922537075371546e-141,132.0,0.99602047171008673011851294883558595205,0.88976932188051274984258874988843837331
0.54000000000000003552713678800500929356,4.1495022529818065942478702145051486164e-141,132.0,0.99602067337511082135215474193239753025,0.88976071485762361173219452869355614541
0.54500000000000003996802888650563545525,4.1699617528779438367946949589727618414e-141,132.0,0.99602087494800377704950905163622368643,0.88975208825252361916182467611782914976
0.55000000000000004440892098500626161695,4.1905182591851992512727083278645816958e-141,132.0,0.99602107642860857407905964931775837961,0.88974344205671913697181380184242044862
0.55500000000000004884981308350688777864,4.2111722217307790634963593485060254993e-141,132.0,0.99602127781676797667751630489870976741,0.88973477626171739402347669858250621904
0.56000000000000005329070518200751394033,4.2319240924484570561408220601161961871e-141,132.0,0.99602147911232453613093307548664483768,0.8897260908590264839843052845098820264
0.56499999999999994670929481799248605967,4.2527743253889125745453848388817967222e-141,132.0,0.99602168031512059045081400286209425929,0.88971738584015536627021450609824703812
0.56999999999999995115018691649311222136,4.2737233767301248353442926614741261598e-141,132.0,0.99602188142499826407200667192331423002,0.88970866119661386598411252849124844605
0.57499999999999995559107901499373838305,4.2947717047878168831739173364718890604e-141,132.0,0.99602208244179946750537375498978140405,0.88969991691991267575112557253944298649
0.57999999999999996003197111349436454475,4.3159197700259587516589133463606531105e-141,132.0,0.99602228336536589703459351976407532504,0.8896911530015633555845612455283935713
0.58499999999999996447286321199499070644,4.337168035067323188215002758065330216e-141,132.0,0.99602248419553903439006911446618325404,0.889682369433078333680762363261941251
0.58999999999999996891375531049561686814,4.3585169647040970163401525763975564147e-141,132.0,0.99602268493216014642675531973310857961,0.88967356620597090698386912119734197083
0.59499999999999997335464740899624302983,4.3799670259085479754621530191041115036e-141,132.0,0.99602288557507028480143310295700519172,0.88966474331175524171344994818924216089
0.59999999999999997779553950749686919153,4.4015186878437473419915210267780755352e-141,132.0,0.99602308612411028564943093861159947761,0.8896559007419463738548889178629940633
0.60499999999999998223643160599749535322,4.4231724218743486369452281411438393821e-141,132.0,0.99602328657912076926079185602032043653,0.88964703848806020961241756769345484924
0.60999999999999998667732370449812151492,4.4449287015774227272334984891216849227e-141,132.0,0.9960234869399421397558851739186425776,0.88963815654161352582467895167538031977
0.61499999999999999111821580299874767661,4.4667880027533496294389049184723918658e-141,132.0,0.9960236872064145847604618790576457561,0.88962925489412397034271172903746534407
0.61999999999999999555910790149937383831,4.4887508034367673266642736775039649502e-141,132.0,0.99602388737837807508015260398569950669,0.88962033353711006237024206877564628193
0.625,4.5108175839075779107835551656969092392e-141,132.0,0.99602408745567236437440715703047668012,0.88961139246209119276617112786410585873
0.63000000000000000444089209850062616169,4.5329888267020113641978953719000851204e-141,132.0,0.9960242874381369888298745553841813085,0.88960243166058762430914583984614466642
0.63500000000000000888178419700125232339,4.5552650166237472969777152507394653267e-141,132.0,0.99602448732561126683322251007092772566,0.88959345112412049192410073011333524979
0.64000000000000001332267629550187848508,4.5776466407550949570607394786295281383e-141,132.0,0.9960246871179342986433953094466217553,0.88958445084421180287065845455177961752
0.64500000000000001776356839400250464678,4.6001341884682318329756782173920719406e-141,132.0,0.99602488681494496606330904574845900062,0.88957543081238443689327673937046838658
0.65000000000000002220446049250313080847,4.622728151436501170371722564410088106e-141,132.0,0.99602508641648193211098312707325923413,0.88956639102016214633302938183030284315
0.65500000000000002664535259100375697017,4.6454290236457687254552335840449036237e-141,132.0,0.99602528592238364069010701502128919846,0.88955733145906955620090895426489820291
0.66000000000000003108624468950438313186,4.6682373014058390802670539312408065508e-141,132.0,0.99602548533248831626004112609497700865,0.88954825212063216421253883722743990807
0.66500000000000003552713678800500929356,4.6911534833619318465768182681393656598e-141,132.0,0.9960256984687023344452421700669116744,0.88953915299637634078418219181321170203
0.67000000000000003996802888650563545525,4.7141780705062180870245525520780575837e-141,132.0,0.99602593286396180164827730309488418397,0.88953003407782932898993546619654446419
0.67500000000000004440892098500626161695,4.737311566189417284004801896033339509e-141,132.0,0.99602616719888661288718454910380050686,0.88952089535651924447999401718543606284
0.68000000000000004884981308350688777864,4.7605544761324551886645815742904284683e-141,132.0,0.99602640147335451663988776194786078977,0.88951173682397507535987741413854135504
0.68500000000000005329070518200751394033,4.7839073084381828842736758201282882708e-141,132.0,0.99602663568724309495169631413844128275,0.88950255847172668203050197990920442932
0.68999999999999994670929481799248605967,4.8073705736031568779052975593930390411e-141,132.0,0.99602686984042976318611534778576589006,0.88949336029130479719344894498972954177
0.69499999999999995115018691649311222136,4.8309447845294836893386216647357729031e-141,132.0,0.99602710393279176980123639682426594823,0.88948414227424102479499130199429224923
0.69999999999999995559107901499373838305,4.8546304565367214562209020695065128037e-141,132.0,0.99602733796420619607372229086613669969,0.88947490441206784097347679121232551286
0.70499999999999996003197111349436454475,4.8784281073738493171433215363151585237e-141,132.0,0.99602757193454995587437047711700878984,0.88946564669631859292514266820353873827
0.70999999999999996447286321199499070644,4.9023382572312971078339256188780256416e-141,132.0,0.99602780584369979541726192148071208696,0.88945636911852749875075782623216598467
0.71499999999999996891375531049561686814,4.9263614287530388373018235792358930401e-141,132.0,0.99602803969153229301369297755666772311,0.88944707167022964705841679573758619477
0.71999999999999997335464740899624302983,4.9504981470487497719594692005038074091e-141,132.0,0.9960282734779238588256895202005207485,0.88943775434296099652639357416761929968
0.72499999999999997779553950749686919153,4.9747489397060274774902390371366942691e-141,132.0,0.99602850720275073461910255829555532247,0.88942841712825837542594276761268341286
0.72999999999999998223643160599749535322,4.9991143368026771702195560489354968122e-141,132.0,0.99602874086588899351628453979277039579,0.88941906001765948110393552007552162085
0.73499999999999998667732370449812151492,5.0235948709190617317507370750627133136e-141,132.0,0.99602897446721453974834556048434227098,0.88940968300270287942521770140166370716
0.73999999999999999111821580299874767661,5.0481910771505167426416483148655778449e-141,132.0,0.99602920800660310840698868637855164218,0.88940028607492800417457782088168637483
0.74499999999999999555910790149937383831,5.072903493119830892925209474019469472e-141,132.0,0.99602944148393026519592359794410039384,0.88939086922587515641821213031917652236
0.75,5.0977326589897921293158705773197437335e-141,132.0,0.9960296748990714061818577628880772506,0.88938143244708550382457437793958055311
0.75500000000000000444089209850062616169,5.1226791174757999009954722057200206181e-141,132.0,0.99602990825190175754506434252464466571,0.88937197573010107994449767289632869978
0.76000000000000000888178419700125232339,5.147743413858543867935467142971729648e-141,132.0,0.99603014154229637532952603518080276469,0.88936249906646478345047591931323741473
0.76500000000000001332267629550187848508,5.1729260959967494377884066734419194945e-141,132.0,0.99603037477013014519265405847133163055,0.88935300244772037733499227878769325728
0.77000000000000001776356839400250464678,5.1982277143399904994699561165872827956e-141,132.0,0.99603060793527778215458147065721268166,0.88934348586541248806778212106897679983
0.77500000000000002220446049250313080847,5.2236488219415697236535801799025504766e-141,132.0,0.99603084103761383034703002968047436016,0.88933394931108660471191792422175847505
0.78000000000000002664535259100375697017,5.2491899744714668025135084345843100715e-141,132.0,0.996031074077012662761749786843489061,0.88932439277628907799860358798774753675
0.78500000000000003108624468950438313186,5.2748517302293550031777342525425785664e-141,132.0,0.99603130705334848099853061047225791008,0.88931481625256711936056562727014934151
0.79000000000000003552713678800500929356,5.3006346501576864114916969912628517932e-141,132.0,0.9960315399664953150127848332711504015,0.88930521973146879992392871668743087477
0.79500000000000003996802888650563545525,5.3265392978548462448450276949147654505e-141,132.0,0.99603177281632702286270021544090701352,0.8892956032045430494584630619763445555
0.80000000000000004440892098500626161695,5.3525662395883766149783842390260885532e-141,132.0,0.99603200560271729045596241399245774058,0.88928596666333965528609107967064886324
0.80500000000000004884981308350688777864,5.3787160443082701238650443509193534794e-141,132.0,0.99603223832553963129604614704624827491,0.88927631009940926114754087294291384745
0.81000000000000005329070518200751394033,5.4049892836603336779526464872673793939e-141,132.0,0.99603247098466738622807424026029082064,0.88926663350430336602703399877362757422
0.81499999999999994670929481799248605967,5.4313865319996223207366515048119800561e-141,132.0,0.9960327035799737231790797970895418083,0.88925693686957432315042611948785770109
0.81999999999999995115018691649311222136,5.457908366403946995705335580566441136e-141,132.0,0.99603293611133163692365576081065853,0.88924722018677533786394676248802152987
0.82499999999999995559107901499373838305,5.4845553666874478326787299710075408202e-141,132.0,0.99603316857861394879752478970446013814,0.88923748344746046762416599259911623339
0.82999999999999996003197111349436454475,5.5113281154142450743998684967270165119e-141,132.0,0.99603340098169330646232170394346044524,0.88922772664318461979290548720424929724
0.83499999999999996447286321199499070644,5.538227197912159254701623104945967668e-141,132.0,0.99603363332044218364411432961103238485,0.88921794976550355046549652647119729716
0.83999999999999996891375531049561686814,5.5652532022865045382518491772090783215e-141,132.0,0.99603386559473287987665267524922430075,0.88920815280597386304131141759100733465
0.84499999999999997335464740899624302983,5.5924067194339550381127611484003333518e-141,132.0,0.9960340978044375202441802541311334185,0.88919833575615300675154194907293453546
0.84999999999999997779553950749686919153,5.6196883430564845144065877053003017605e-141,132.0,0.99603432994942805512380672609811485541,0.88918849860759927514411245801403900405
0.85499999999999998223643160599749535322,5.6470986696753798596917768107215446651e-141,132.0,0.99603456202957625992744103112271514024,0.88917864135187180452561510794416299882
0.85999999999999998667732370449812151492,5.6746382986453287789801727050306677336e-141,132.0,0.99603479404475373484328418507512902329,0.88916876398053057236015499035908403788
0.86499999999999999111821580299874767661,5.702307832168582074665758129175991899e-141,132.0,0.99603502599483190457688090648417869226,0.8891588664851363956249926793977327232
0.86999999999999999555910790149937383831,5.7301078753091909489898341239094453031e-141,132.0,0.99603525787968201809172924139329669019,0.88914894885725092912287188629481130603
0.875,5.7580390360073197390359862973935752164e-141,132.0,0.99603548969917514834944735171774885084,0.88913901108843666375091987824927630706
0.88000000000000000444089209850062616169,5.7861019250936345016309504072871037202e-141,132.0,0.99603572145318219204949663081135273126,0.8891290531702569247260083451932770831
0.88500000000000000888178419700125232339,5.8142971563037678679246320478398637138e-141,132.0,0.99603595314157386936846030824922124684,0.88911907509427586976646241762658511891
0.89000000000000001332267629550187848508,5.8426253462928605898341463301959512044e-141,132.0,0.99603618476422072369887670412758201574,0.8891090768520584872300055591996107955
0.89500000000000001776356839400250464678,5.8710871146501802029629154501882480948e-141,132.0,0.99603641632099312138762629147248086758,0.88909905843517059420782807908508602256
0.90000000000000002220446049250313080847,5.899683083913817233046687304034389155e-141,132.0,0.9960366478117612514738717236361644911,0.88908901983517883457466703137568113182
0.90500000000000002664535259100375697017,5.9284138795854593754339097905642343536e-141,132.0,0.99603687923639512542654998184314333912,0.88907896104365067699478529178350952715
0.91000000000000003108624468950438313186,5.9572801301452440795783066854055786591e-141,132.0,0.99603711059476457688141579632735232571,0.88906888205215441288373762579892765912
0.91500000000000003552713678800500929356,5.9862824670666899730068461528837205557e-141,132.0,0.99603734188673926137763549277744510849,0.88905878285225915432581158719153269999
0.92000000000000003996802888650563545525,6.0154215248317075617266668527471007347e-141,132.0,0.99603757311218865609393041407906828849,0.88904866343553483194703111130705529857
0.92500000000000004440892098500626161695,6.0446979409456896465500245953468010741e-141,132.0,0.99603780427098205958426906561095594242,0.88903852379355219274361069403119628577
0.93000000000000004884981308350688777864,6.0741123559526818973470406154653576886e-141,132.0,0.99603803536298859151310713061585340198,0.88902836391788279786574807455660931173
0.93500000000000005329070518200751394033,6.1036654134506340297820674114207462433e-141,132.0,0.99603826638807719239017450042761301532,0.88901818380009902035664336820342700769
0.93999999999999994670929481799248605967,6.1333577601067313707971750369647095918e-141,132.0,0.99603849734611662329968090929800776113,0.88900798343177404307335118852664730723
0.94499999999999995115018691649311222136,6.1631900456728112245450507104225832865e-141,132.0,0.99603872823697546565470612804854843563,0.88899776280448185542949231260908603153
0.94999999999999995559107901499373838305,6.1931629230008545938096715590558088386e-141,132.0,0.99603895906052212089985309375084510121,0.88898752190979725235824190769149563983
0.95499999999999996003197111349436454475,6.2232770480585668977980753270329966109e-141,132.0,0.9960391898166248102647290991040568312,0.88897726073929583096560968748806901215
0.95999999999999996447286321199499070644,6.2535330799450382620740372337293762848e-141,132.0,0.99603942050515157449132596396178514442,0.88896697928455398827018035074088832967
0.96499999999999996891375531049561686814,6.2839316809064877904007861778225776462e-141,132.0,0.99603965112597027356607109719761735597,0.88895667753714891867113996730303638505
0.96999999999999997335464740899624302983,6.3144735163520916235542214641377304189e-141,132.0,0.99603988167894858645141953786155293297,0.88894635548865861137074529680174142967
0.97499999999999997779553950749686919153,6.3451592548698952505939347085680493351e-141,132.0,0.99604011216395401081698610635217850833,0.88893601313066184775112424175721867086
0.97999999999999998223643160599749535322,6.3759895682428105407676812898392918811e-141,132.0,0.99604034258085386277021679455486575992,0.88892565045473819870529567284295125451
0.98499999999999998667732370449812151492,6.4069651314646979669296038944138261311e-141,132.0,0.99604057292951527658659852211774849961,0.88891526745246802192229690064424625107
0.98999999999999999111821580299874767661,6.4380866227565344940735911392417167606e-141,132.0,0.99604080320980520443940638425478064362,0.88890486411543245912630710580516097854
0.99499999999999999555910790149937383831,6.4693547235826676093207614303213548705e-141,132.0,0.99604103342159041612898751467877710604,0.88889444043521343326965507785046901967
1.0,6.500770118667155972454301278809594323e-141,132.0,0.99604126356473749881158068547698459539,0.88888399640339364567959965223036112428
