value,sup,dur,Y,S
0.0,5.5474251251521926860010104247181720687e-26,103.0,0.99602698802487803874679567260338182595,0.28090309102460491188487503241782473502
0.0050000000000000001040834085586084256647,5.594993640374293946020988515236579138e-26,103.0,0.99602735201589415729060871601273238531,0.28084861235458504083629236074965455982
0.010000000000000000208166817117216851329,5.6429866301126304487614595081183645772e-26,103.0,0.99602771472617729681155967480285475641,0.28079404308400751483673832520654932894
0.014999999999999999444888487687421729788,5.6914080312366531376133428685782432408e-26,103.0,0.99602807615501789845278328463466302301,0.28073938319064428400896639077716791759
0.020000000000000000416333634234433702659,5.7402618185225467040509250255415647369e-26,103.0,0.99602843630170465292984340395017220786,0.2806846326523599460324791065599767296
0.02500000000000000138777878078144567553,5.7895520050317320245213793198853661717e-26,103.0,0.99602879516552449595404980432737377352,0.2806297914471115206051645963658532371
0.029999999999999998889776975374843459576,5.8392826424932838069357620098684006971e-26,103.0,0.99602915274576260364469573198015885047,0.28057485955294822290822865730629636172
0.035000000000000003330669073875469621271,5.8894578216903053865358320745495029878e-26,103.0,0.99602950904170238793034493779572056249,0.28051983694801123605098778465710554997
0.040000000000000000832667268468867405318,5.9400816728503023710690710123178213014e-26,103.0,0.996029864052625491934373495241592721,0.28046472361053348323723151763123933561
0.044999999999999998334665463062265189365,5.9911583660395993473980265140818786485e-26,103.0,0.99603021777781178535450270945154546165,0.28040951951883939815230095234773869119
0.050000000000000002775557561562891351059,6.0426921115618414722113578212097542425e-26,103.0,0.99603057021653935982563851149560857069,0.28035422465134469521817296490946650332
0.055000000000000000277555756156289135106,6.0946871603606253875349546169308381338e-26,103.0,0.9960309213680845242707188310369790185,0.28029883898655613900083844257695684135
0.059999999999999997779553950749686919153,6.1471478044263043982382119667689263104e-26,103.0,0.99603127123172180024389237195629254239,0.28024336250307131208325794323603563676
0.065000000000000002220446049250313080847,6.2000783772070113945771197182314251799e-26,103.0,0.99603161980672391725718631470216814122,0.28018779517957838279195260286836510076
0.070000000000000006661338147750939242542,6.2534832540239454900581844435307844434e-26,103.0,0.99603196709236180809554750965386532535,0.28013213699485587201896086211693772662
0.074999999999999997224442438437108648941,6.3073668524909682980248934310579543418e-26,103.0,0.99603231308790460412116441051468883317,0.28007638792777241899029223651517777247
0.080000000000000001665334536937734810635,6.3617336329385563650075298895381247048e-26,103.0,0.99603265779261963056842563331072543595,0.28002054795728654575247396411492463527
0.08500000000000000610622663543836097233,6.4165880988421546683892155199065206763e-26,103.0,0.99603300120577240181750858925577963988,0.27996461706244642232091454382595562341
0.089999999999999996669330926124530378729,6.4719347972549812528372486389271419641e-26,103.0,0.99603334332662661666433135343466002007,0.27990859522238962963492894094475252184
0.095000000000000001110223024625156540424,6.5277783192453295256889944224829830645e-26,103.0,0.99603368415444415357810473997751354587,0.27985248241634292171339566848141127869
0.10000000000000000555111512312578270212,6.5841233003384151656302942825525152318e-26,103.0,0.99603402368848506593797951526689579578,0.2797962786236219884232267529194807725
0.10499999999999999611421941381195210852,6.6409744209628193146277378971991714045e-26,103.0,0.99603436192800757726584146900167120961,0.27973998382363121606891506846404520646
0.11000000000000000055511151231257827021,6.6983364069015761508229359002936636398e-26,103.0,0.99603469887226807644658752791615157418,0.27968359799586344720406041226425336384
0.11500000000000000499600361081320443191,6.7562140297479533900147793689181374009e-26,103.0,0.99603503452052111292747449861094945114,0.27962712111989974108399872021909584298
0.11999999999999999555910790149937383831,6.8146121073659791113151243300691601135e-26,103.0,0.99603536887201939191339880727390170764,0.2795705531754091319542825300780162757
0.125,6.8735355043557646374240296221738933453e-26,103.0,0.99603570192601376954953679491489092457,0.27951389414214838658284925565553466488
0.13000000000000000444089209850062616169,6.9329891325236736662431731352544290671e-26,103.0,0.99603603368175324808303397245423115149,0.27945714399996176246194891892116752687
0.13500000000000000888178419700125232339,6.992977951357393001978379575702587765e-26,103.0,0.99603636413848497102132231002557536996,0.27940030272878076370316042691483779953
0.14000000000000001332267629550187848508,7.0535069685059553041360643550809350758e-26,103.0,0.99603669329545421827309565570240346798,0.27934337030862389698737529628876003558
0.14499999999999999000799277837359113619,7.1145812402647679187213445907082263087e-26,103.0,0.996037040028504806498739244893938584,0.27928634671959642695244351783630109798
0.14999999999999999444888487687421729788,7.1762058720657037017543203492686351379e-26,103.0,0.99603739754594167347701178570281079021,0.27922923194189012928256014700397077636
0.15499999999999999888977697537484345958,7.2383860189723033762036211562340717323e-26,103.0,0.99603775376921062714738971279592999232,0.27917202595578304625634153846599311168
0.16000000000000000333066907387546962127,7.3011268861801514466929759419306881526e-26,103.0,0.99603810869760399225934156576741625443,0.27911472874163923843025729145169850598
0.16500000000000000777156117237609578297,7.3644337295224764549018279855286969261e-26,103.0,0.99603846233041231241037375635058753869,0.27905734027990853721191499314640736184
0.17000000000000001221245327087672194466,7.4283118559810340883780684299901149231e-26,103.0,0.99603881466692434537475523590365783577,0.2789998605511262964325775060848006954
0.17499999999999998889776975374843459576,7.4927666242023295616098247502150257749e-26,103.0,0.99603916570642705841818195232612776853,0.27894228953591314356271464719549216643
0.17999999999999999333866185224906075746,7.5578034450192391767300278220409735078e-26,103.0,0.99603951544820562361001974258451035424,0.2788846272149747286597885077985585746
0.18499999999999999777955395074968691915,7.6234277819780840889271008180772096733e-26,103.0,0.99603986389154341310387468375371952247,0.27882687356910147585104091861996532309
0.19000000000000000222044604925031308085,7.689645151871222485559842083825800086e-26,103.0,0.99604021103572199442542492862259075711,0.27876902857916833096740760245663006824
0.19500000000000000666133814775093924254,7.7564611252752145341623703834816204595e-26,103.0,0.99604055688002112573822674980318840407,0.27871109222613451012887130477207173078
0.20000000000000001110223024625156540424,7.8238813270946226220945121652560850036e-26,103.0,0.99604090142371875109916166616044243745,0.27865306449104324737263585536371667653
0.20499999999999998778754672912327805534,7.8919114371115072108812731858578345322e-26,103.0,0.99604124466609099569963098327108247653,0.27859494535502154197423778512337483152
0.20999999999999999222843882762390421703,7.9605571905406823204392663573836013043e-26,103.0,0.99604158660641216110387577655676482311,0.27853673479927990353277007399054353745
0.21499999999999999666933092612453037873,8.0298243785907874045679222785580258525e-26,103.0,0.99604192724395472045581976490022407279,0.27847843280511209966886044105379749072
0.22000000000000000111022302462515654042,8.0997188490312463047579075696863787672e-26,103.0,0.99604226657798931369250256576082743014,0.27842003935389489989090655454958310366
0.22500000000000000555111512312578270212,8.1702465067651714685894803316077895228e-26,103.0,0.99604260460778474273546435371285412204,0.27836155442708782047574996695286157511
0.23000000000000000999200722162640886381,8.2414133144082802502808732424373968912e-26,103.0,0.99604294133260796667148826069803699159,0.27830297800623286843714614987520355318
0.23499999999999998667732370449812151492,8.313225292873887800016845264912101989e-26,102.0,0.99604327675172409691889267001342558436,0.27824431007295428523846597730296761903
0.23999999999999999111821580299874767661,8.3856885219640449569587943476713087278e-26,102.0,0.99604361086439639239048992324571546098,0.2781855506089582883027523533766487461
0.24499999999999999555910790149937383831,8.4588091409668819147744089479509877561e-26,102.0,0.99604394366988625462525946806755407751,0.27812669959603281521470082982483381031
0.25,8.5325933492602331395456285584728889066e-26,102.0,0.9960442751674532229259334811612666299,0.27806775701604726410936552196288650272
0.25500000000000000444089209850062616169,8.6070474069216058355550633175790404115e-26,102.0,0.99604460535635496947450643937393252203,0.27800872285095223513969416047706830448
0.26000000000000000888178419700125232339,8.6821776353445633770099854903554133176e-26,102.0,0.99604493423584729443681355106472925144,0.27794959708277927107819861499597941763
0.26500000000000001332267629550187848508,8.7579904178615931187203223641171195169e-26,102.0,0.99604526180518412105427102807537117503,0.27789037969364059738654155364322417741
0.27000000000000001776356839400250464678,8.8344922003735291810090977230167083192e-26,102.0,0.99604558806361749072273659951621217506,0.27783107066572886176143867496736384938
0.27500000000000002220446049250313080847,8.9116894919856015986816249567241518499e-26,102.0,0.99604591301039755805844851383357798619,0.27777166998131687316531303896701614064
0.28000000000000002664535259100375697017,8.989588865650184027663106540677931783e-26,102.0,0.99604623664477258595100112027957945261,0.27771217762275734035017499438076912973
0.28499999999999997557509345824655611068,9.0681969588163121393598211084802678066e-26,102.0,0.99604655896598894059974377287338399527,0.27765259357248261054526294992212035523
0.28999999999999998001598555674718227237,9.1475204740860517841953684911140450641e-26,102.0,0.99604687997329108655500257941091796424,0.27759291781300440434586092897712681114
0.29499999999999998445687765524780843407,9.2275661798777784753735664236718258532e-26,102.0,0.99604719966592158171044178638502252273,0.27753315032691355673715892788163711401
0.29999999999999998889776975374843459576,9.3083409110964611503823214165676941848e-26,102.0,0.9960475180431210723180919868261126362,0.27747329109687975103146017063461571514
0.30499999999999999333866185224906075746,9.3898515698110134943123672746140447944e-26,102.0,0.9960478351041282879722887097534914676,0.27741334010565125564758370958815219539
0.30999999999999999777955395074968691915,9.4721051259387952620483523187127860975e-26,102.0,0.99604815084818003658397861386611642145,0.27735329733605465977409628895920624719
0.31500000000000000222044604925031308085,9.5551086179373408187188780279321858789e-26,102.0,0.99604846527451119934176449642419925529,0.27729316277099460858610911880253009516
0.32000000000000000666133814775093924254,9.6388691535033938683424797145851413913e-26,102.0,0.99604877838235472565964594314121545522,0.27723293639345353802440435097319237895
0.32500000000000001110223024625156540424,9.7233939102793282326613837135536213352e-26,102.0,0.99604909017094162811141228388377228231,0.27717261818649140914569188256690908892
0.33000000000000001554312234475219156593,9.8086901365670354446165243474725321038e-26,102.0,0.99604940063950097735164435730999801095,0.27711220813324544205283281363179618466
0.33500000000000001998401444325281772763,9.8947651520493608339110167423238296659e-26,102.0,0.99604970978725989702328142526286128682,0.27705170621692984941390145332708907121
0.34000000000000002442490654175344388932,9.9816263485191707057618715372286802215e-26,102.0,0.99605001761344355865170941477028849993,0.27699111242083556957899320089560081902
0.34499999999999997335464740899624302983,1.0069281190616133170781905678646718087e-25,102.0,0.99605032411727517652193096918486283905,0.2769304267283299999779776433018292462
0.34999999999999997779553950749686919153,1.0157737216571302963537656722520039906e-25,102.0,0.99605062929797600255916104866511786545,0.27686964912285672676365486170949245498
0.35499999999999998223643160599749535322,1.0247002038959581067720996517983124593e-25,102.0,0.99605093315476532116179731301935725521,0.27680877958793526081807607197314503341
0.35999999999999998667732370449812151492,1.0337083345460155015747266041889631125e-25,102.0,0.99605123568686044405477836601080195739,0.27674781810716076665614645661055890503
0.36499999999999999111821580299874767661,1.0427988899624992671473688487248354556e-25,102.0,0.99605153689347670511220533545502505947,0.27668676466420379433923919201418893864
0.36999999999999999555910790149937383831,1.0519726541655483691430312870937140721e-25,102.0,0.99605183677382745516962860708285137637,0.27662561924281001036749928225200970422
0.375,1.061230418918731707192316084145008206e-25,102.0,0.99605213532712405682254451274351820954,0.27656438182679992823322503237788392663
0.38000000000000000444089209850062616169,1.0705729838083685171796024126778807769e-25,102.0,0.99605243255257587921105682333049148636,0.2765030524000686386445129268719846537
0.38500000000000000888178419700125232339,1.0800011563236905626192883133242747085e-25,102.0,0.99605272844939029279065772786609027515,0.27644475285799147348838821072487457279
0.39000000000000001332267629550187848508,1.0895157519378553604235418700045373576e-25,102.0,0.99605302301677266408908281055560128678,0.27639235023320281515175203676674529884
0.39500000000000001776356839400250464678,1.0991175941898197913264845641591405514e-25,102.0,0.99605331625392635044919436731389189528,0.27633985244658506473955425117326079969
0.40000000000000002220446049250313080847,1.1088075147670835514341395454513225343e-25,102.0,0.99605363429542976147384194622349434843,0.27628725947268838783820690610890571347
0.40500000000000002664535259100375697017,1.1185863535893120088197136917067997327e-25,102.0,0.99605395531999558815053990852840855034,0.27623457128617762689537040330585550582
0.40999999999999997557509345824655611068,1.1284549588928480277299277403490244377e-25,102.0,0.99605427502059431080157145621048684697,0.2761817878618320731044041584714790727
0.41499999999999998001598555674718227237,1.1384141873161232023994765771327382354e-25,102.0,0.99605459339647822953844172254138240835,0.27612890917454523412108605430739665865
0.41999999999999998445687765524780843407,1.1484649039859767484405284102975593893e-25,102.0,0.99605491044689772148428339623541500601,0.27607593519932460641216123168057620425
0.42499999999999998889776975374843459576,1.1586079826048942495197842397625041885e-25,102.0,0.99605522617110123573177325840684014099,0.27602286591129144052221123657658125038
0.42999999999999999333866185224906075746,1.1688443055391747387921015649468092705e-25,102.0,0.99605554056833528826993890115947830141,0.27596970128568050805322213872833550582
0.43499999999999999777955395074968691915,1.1791747639080370061054416147356470107e-25,102.0,0.9960558536378444569011376840895389911,0.27591644129783986684975422642820526528
0.44000000000000000222044604925031308085,1.1896002576736753741583878428511885926e-25,102.0,0.99605616537887137614460733220252954182,0.27586308592323062498212080664604221484
0.44500000000000000666133814775093924254,1.2001216957322754138308836287445173675e-25,102.0,0.99605647579065673212654415472176164296,0.27580963513742670353455124639464302601
0.45000000000000001110223024625156540424,1.2107399960060001882730946672226102327e-25,102.0,0.9960567848724392574566646990484470335,0.2757560889161145982053659588909160594
0.45500000000000001554312234475219156593,1.2214560855359577361069236149342806979e-25,102.0,0.99605709262345572609120648825125699944,0.2757024472350931397262435572291715906
0.46000000000000001998401444325281772763,1.2322709005761606262867624825185265201e-25,102.0,0.9960573990429409481823233239135973245,0.27564871007027325310771286730646323643
0.46500000000000002442490654175344388932,1.2431853866884885407978470528333398544e-25,102.0,0.99605770413012776491383046894679983718,0.27559487739767771571805490891078215548
0.46999999999999997335464740899624302983,1.2542004988386648436051204013812877968e-25,102.0,0.99605800788424704331988991177676568836,0.27554094919344091480210605284475053246
0.47499999999999997779553950749686919153,1.2653172014932590796773953403455602924e-25,102.0,0.99605831030452767110679517476429240229,0.27548692543380860085279073226843552058
0.47999999999999998223643160599749535322,1.2765364687177249028135646685174515823e-25,102.0,0.99605861139019655142726224038209881817,0.27543280609513764582622698537221749162
0.48499999999999998667732370449812151492,1.2878592842754873435267112618586088284e-25,102.0,0.99605891114047859767462823462071248317,0.27537859115389579423333339294503048079
0.48999999999999999111821580299874767661,1.2992866417280891819904222918113428136e-25,102.0,0.99605920955459672824629007914438644482,0.2753242805866614160935812786090250147
0.49499999999999999555910790149937383831,1.3108195445364088867496258657347484149e-25,102.0,0.99605950663177186129660111113210400795,0.27526987437012325816817218280006735562
0.50,1.3224590061629618608751203886386680727e-25,102.0,0.99605980237122290947580004624417850033,0.27521537248108019407838403284681282669
0.50500000000000000444089209850062616169,1.3342060501752969947712982240123592058e-25,102.0,0.99606009677216677465492623707141903568,0.27516077489644097331668838312124675668
0.51000000000000000888178419700125232339,1.3460617103505006622503192973834002606e-25,102.0,0.99606038983381834263667500603606573526,0.27510608159322396915829297255248799408
0.51500000000000001332267629550187848508,1.358027030780820435514696120320251611e-25,102.0,0.99606068155539047785214665762549358493,0.27505129254855692548081565107951205121
0.52000000000000001776356839400250464678,1.3701030659804209353637356829534608813e-25,102.0,0.99606097193609401804344260004796229147,0.27499640773967670249984746014024531005
0.52500000000000002220446049250313080847,1.3822908809932843752776214749051067836e-25,102.0,0.99606126097513776893206183090135536254,0.27494142714392902142821431332584409481
0.53000000000000002664535259100375697017,1.3945915515022685020564388190807811996e-25,102.0,0.99606154867172849887305086523779554131,0.27488635073876820806679831014026843457
0.53500000000000003108624468950438313186,1.4070061639393347814207328495441209196e-25,102.0,0.99606183502507093349486000748612093458,0.27483117850175693533483122666565151036
0.54000000000000003552713678800500929356,1.4195358155969598244360840969034756102e-25,102.0,0.99606212003436775032485869105731697454,0.2747759104105659647476241601114750418
0.54500000000000003996802888650563545525,1.4321816147407431998277975391768026145e-25,102.0,0.99606240369881957340046243110196952657,0.27472054644297388684974865798714050571
0.55000000000000004440892098500626161695,1.4449446807232249282244988281516004819e-25,102.0,0.99606268601762496786582375681046378289,0.27466508657686686061173593524912108995
0.55500000000000004884981308350688777864,1.4578261440989261071328572744074058861e-25,102.0,0.99606296698998043455403930984281764607,0.27460953079023835179841197250049758392
0.56000000000000005329070518200751394033,1.47082714674062627002172299655125755e-25,102.0,0.99606324661508040455482511494250654979,0.27455387906118887031703739342645656217
0.56499999999999994670929481799248605967,1.4839488419568909465961457651612318425e-25,102.0,0.99606352489211723376144782855063545957,0.27449813136792570779238506851026995672
0.56999999999999995115018691649311222136,1.4971923946108650958521882458083587041e-25,102.0,0.99606380182028119743387768205157186088,0.27444228768876266794567966703870228055
0.57499999999999995559107901499373838305,1.5105589812403421130551156916164305615e-25,102.0,0.99606407739876048468550451315087559117,0.27438634800211980835875899998665572984
0.57999999999999996003197111349436454475,1.5240497901791284779891505126609361047e-25,102.0,0.99606435162674119301694806927416990571,0.27433031228652316887488262585629895296
0.58499999999999996447286321199499070644,1.5376660216797140851140181276246127119e-25,102.0,0.99606462450340732280415389889217706478,0.27427418052060450520699358877136153843
0.58999999999999996891375531049561686814,1.5514088880372645685534910458684707501e-25,102.0,0.99606489602794077177785957992901656633,0.27421795268310102033908461909232683816
0.59499999999999997335464740899624302983,1.5652796137149500699644814267619555183e-25,102.0,0.99606516619952132948818804593452028772,0.27416162875285509496597487049025719034
0.59999999999999997779553950749686919153,1.5792794354706253572511891221461967016e-25,102.0,0.99606543501732667175431854519250948068,0.27410520870881401698007167761970625457
0.60499999999999998223643160599749535322,1.5934096024848763740115987820960882334e-25,102.0,0.99606570248053235509918558069962292083,0.27404869253002971001374208382447790972
0.60999999999999998667732370449812151492,1.6076713764904484735739983321615525524e-25,102.0,0.996065968588311811169155990950375717,0.2739920801956584610459690515905022293
0.61499999999999999111821580299874767661,1.6220660319030717675243220180028524538e-25,102.0,0.99606623333983634113863414270029171164,0.27393537168496064708201732798676619033
0.61999999999999999555910790149937383831,1.6365948559536991967664829164844925092e-25,102.0,0.99606649673427511009954501734679923569,0.27387856697730046091488389136694240184
0.625,1.6512591488221731134232537919754646613e-25,102.0,0.99606675877079514143564478226370456037,0.27382166605214563597735775239998418947
0.63000000000000000444089209850062616169,1.6660602237723363443008099108461033422e-25,102.0,0.99606701944856131118160824734603764725,0.27376466888906717029356362031644721162
0.63500000000000000888178419700125232339,1.6809994072886038912322226789004395721e-25,102.0,0.99606727876673634236684241516446180438,0.2737075754677390495389135723577384187
0.64000000000000001332267629550187848508,1.6960780392140116104107841089283758454e-25,102.0,0.99606753672448079934397514048879781465,0.27365038576793796921744037905716511498
0.64500000000000001776356839400250464678,1.7112974728897584018501845255612173107e-25,102.0,0.99606779332095308210196772151506179061,0.27359309976954305596553553842411227985
0.65000000000000002220446049250313080847,1.7266590752962586313927393750157153911e-25,102.0,0.99606805090247206968955038752732444132,0.27353571745253558799116435660580358276
0.65500000000000002664535259100375697017,1.7421642271957217012568942689968159838e-25,102.0,0.99606833472369899454327346562272634383,0.27347823879699871465767957942519275702
0.66000000000000003108624468950438313186,1.7578143232762758809993126964932580485e-25,102.0,0.99606861719061596392471369204556590531,0.27342066378311717522140412659935097558
0.66500000000000003552713678800500929356,1.7736107722976537089935085505132002056e-25,102.0,0.99606889830243225545861080271387435702,0.27336299239117701673220240669156561726
0.67000000000000003996802888650563545525,1.7895549972384564751251289158004483593e-25,102.0,0.99606917805835507260025249786547586009,0.27330522460156531110630849420415520028
0.67500000000000004440892098500626161695,1.8056484354450154984028921851126545873e-25,102.0,0.99606945645758953916449199141663038522,0.2732473603947698713807281289403177763
0.68000000000000004884981308350688777864,1.8218925387818681186134856258683958286e-25,102.0,0.99606973349933869384007349814717647797,0.27318939975137896715858005011549086505
0.68500000000000005329070518200751394033,1.8382887737838665290384453673690860287e-25,102.0,0.99607000918280348468921662207641667496,0.27313134265208103925479060194584301926
0.68999999999999994670929481799248605967,1.8548386218099374184346419263922244872e-25,102.0,0.99607028350718276362633429300695042875,0.27307318907766441484394381810302740369
0.69499999999999995115018691649311222136,1.8715435791985131842998909164368794994e-25,102.0,0.99607055647167328091232182575843289809,0.27301493900901701536790033526283991451
0.69999999999999995559107901499373838305,1.8884051574246479624957281407897802233e-25,102.0,0.99607082807546967957307454902717022331,0.27295659242712607658712955519470780406
0.70499999999999996003197111349436454475,1.9054248832588448064872961383131248156e-25,102.0,0.99607109831776448986400879132217632692,0.27289814931307785495998829967928902373
0.70999999999999996447286321199499070644,1.9226042989276077171039671583275006842e-25,102.0,0.99607136719774812368909235957287695953,0.27283960964805733972327407290667985499
0.71499999999999996891375531049561686814,1.9399449622757401485871195099437267977e-25,101.0,0.99607163471460886901094207539735156593,0.27278097341334796294042714680431815615
0.71999999999999997335464740899624302983,1.9574484469304092788966349707789711382e-25,101.0,0.99607190086753288424583169506729163,0.27272224059033130881732822893799281471
0.72499999999999997779553950749686919153,1.9751163424669959267179177639501768982e-25,101.0,0.9960721656557041926435596641415220814,0.27266341116048682229548822392649563676
0.72999999999999998223643160599749535322,1.9929502545767502290603961962652413519e-25,101.0,0.99607242907830467665212596520124651526,0.27260448510539151693247379266530620659
0.73499999999999998667732370449812151492,2.0109518052362734275701222475375331037e-25,101.0,0.99607269113451407226716712379448212992,0.2725454624067196820794594616051941057
0.73999999999999999111821580299874767661,2.0291226328788463487277437616709229831e-25,101.0,0.99607295182350996336609824358094173505,0.2724863430462425893658439351552335535
0.74499999999999999555910790149937383831,2.0474643925676254030037411517068826519e-25,101.0,0.99607321114446777602691074675837361278,0.27242712700582819850091501625554514548
0.75,2.0659787561707271708307954245096113339e-25,101.0,0.99607346909656077283157430014354626537,0.27236781426744086240259414157388362809
0.75500000000000000444089209850062616169,2.0846674125382228889643394676124954848e-25,101.0,0.99607372567896004715399121077210637077,0.27230840481314103166333798690450362437
0.76000000000000000888178419700125232339,2.103532067681064399473051378729626805e-25,101.0,0.99607398089083451743245137756787007927,0.27224889862508495836332089347189737947
0.76500000000000001332267629550187848508,2.1225744449519633752680535085657611334e-25,101.0,0.99607423473135092142653568751013861303,0.27218929568552439924106800525223252984
0.77000000000000001776356839400250464678,2.1417962852282458907801312029817566445e-25,101.0,0.99607448719967381045841554579374947017,0.27212959597680631823175498940979567883
0.77500000000000002220446049250313080847,2.1611993470967046641661055785721449324e-25,101.0,0.99607473829496554363849602972715770637,0.27206979948137258838343603479465555301
0.78000000000000002664535259100375697017,2.1807854070404715583067931840003376661e-25,101.0,0.99607498801638628207534995554524366479,0.27200990618175969316150748545336656749
0.78500000000000003108624468950438313186,2.2005562596279331918884601379140917861e-25,101.0,0.99607523636309398306988994592210167377,0.27194991606059842715175996556125582813
0.79000000000000003552713678800500929356,2.2205137177037127790765237234218003597e-25,101.0,0.99607548333424439429372538375109962375,0.27188982910061359617241718738930311959
0.79500000000000003996802888650563545525,2.2406596125817415867341678263050592488e-25,101.0,0.99607572892899104795165093471131339138,0.27182964528462371680560480316974443093
0.80000000000000004440892098500626161695,2.260995794240443671849726978953913405e-25,101.0,0.99607597314648525492821311725731809442,0.27176936459554071535873766332355863136
0.80500000000000004884981308350688777864,2.2815241315200578388558803819331257788e-25,101.0,0.99607621598587609891830119394952594319,0.27170898701636962626635867576360031388
0.81000000000000005329070518200751394033,2.3022465123221210368921285328205790858e-25,101.0,0.99607645744631043054170845248104637493,0.27164851253020828994300712219546099282
0.81499999999999994670929481799248605967,2.3231648438111372341514990274751221135e-25,101.0,0.99607669752693286143629420298787492169,0.27158794112024705144377044951958916755
0.81999999999999995115018691649311222136,2.3442810526184593559197700760060016444e-25,101.0,0.99607693622688575836161602507358546551,0.27152727276976845186914884935165583275
0.82499999999999995559107901499373838305,2.3655970850484023899632611358026103027e-25,101.0,0.9960771735453092372330913670093278806,0.27146650746214693270465541175819933513
0.82999999999999996003197111349436454475,2.3871149072866223245463925785288631314e-25,101.0,0.99607740948134115719325103116672586044,0.27140564518084852620679862909547050423
0.83499999999999996447286321199499070644,2.4088365056107796365364101975509818315e-25,101.0,0.99607764403411711463998999199347588937,0.27134468590943055201519613965623875638
0.83999999999999996891375531049561686814,2.430763886603516082684775471593000718e-25,101.0,0.99607787720277043724380683229378802674,0.27128362963154131193623381100241226209
0.84499999999999997335464740899624302983,2.4528990773677706117746817018901409374e-25,101.0,0.99607810898643217794863022050740819862,0.27122247633091978425303506352522679379
0.84999999999999997779553950749686919153,2.4752441257444609863342023180459065809e-25,101.0,0.99607833938423110895617682210602329304,0.27116122599139531757266921990529021636
0.85499999999999998223643160599749535322,2.4978011005325580150721195666121458779e-25,101.0,0.99607856839529371569378482491996931364,0.27109987859688732422157071218976174216
0.85999999999999998667732370449812151492,2.520572091711579613443075590204215433e-25,101.0,0.99607879601874419076566704402232300697,0.27103843413140497320018383641857779604
0.86499999999999999111821580299874767661,2.5435592106665322298378127003911289978e-25,101.0,0.99607902225370442788752735672770172181,0.27097689257904688270789041345357267632
0.86999999999999999555910790149937383831,2.5667645904153274988710172734578706004e-25,101.0,0.9960792470992940158044840023054472744,0.27091525392400081224932019223449266531
0.875,2.5901903858387023111523648268724195128e-25,101.0,0.99607947055463023219224306415733118703,0.27085351815054335433318611644849269909
0.88000000000000000444089209850062616169,2.6138387739126708208251242348164814626e-25,101.0,0.99607969261882803754146523446447508126,0.27079168524303962577482866590233636197
0.88500000000000000888178419700125232339,2.6377119539435372480910959445047899211e-25,101.0,0.99607991329100006902526874266279518061,0.27072975518594295861369537808023350388
0.89000000000000001332267629550187848508,2.6618121478054986739613576345230324864e-25,101.0,0.99608013257025663434981110955689926343,0.27066772796379459065702335180958810496
0.89500000000000001776356839400250464678,2.6861416001808673686305507237831723325e-25,101.0,0.99608035045570570558789216842491257978,0.27060560356122335566103403199999938165
0.90000000000000002220446049250313080847,2.7107025788029425432202054589357819197e-25,101.0,0.99608056694645291299552057309709127616,0.2705433819629453731609908704293950935
0.90500000000000002664535259100375697017,2.7354973747015617672264860286898029944e-25,101.0,0.9960807881717244083836301676983854666,0.27048762029276902592906509360967369416
0.91000000000000003108624468950438313186,2.7605283024513626508930363646871672084e-25,101.0,0.99608103135247378276914835315071432946,0.27043436690166034946365241301275396697
0.91500000000000003552713678800500929356,2.785797700422785752964308196255278648e-25,101.0,0.99608127314632587484508341467432411152,0.27038101288724900427904193634291313677
0.92000000000000003996802888650563545525,2.8113079310358500399135410544989457485e-25,101.0,0.99608151355243936476017283880375986867,0.27032755822422342115116324517808769507
0.92500000000000004440892098500626161695,2.8370613810167325928378334394989520734e-25,101.0,0.99608175256997068576713304017906252076,0.27027400288740351722493850768415109472
0.93000000000000004884981308350688777864,2.863060461657184632826607543899742426e-25,101.0,0.99608199019807401827293923981583287768,0.27022034685174042690165079623919176021
0.93500000000000005329070518200751394033,2.8893076090768163147960667246904026301e-25,101.0,0.99608222643590128387281479530587573021,0.27016659009231623131210649837691221882
0.93999999999999994670929481799248605967,2.9158052844882825324321893125870604138e-25,101.0,0.99608246128260213936267535613292649061,0.27011273258434368758119734922235808278
0.94499999999999995115018691649311222136,2.9425559744654064979081417405731213302e-25,101.0,0.99608269473732397076119827502525342554,0.27005877430316595071280115854406284032
0.94999999999999995559107901499373838305,2.9695621912142658726194409354261537502e-25,101.0,0.99608292679921188726331894413945417876,0.27000471522425630604750658854119084745
0.95499999999999996003197111349436454475,2.9968264728472872296542925504996410149e-25,101.0,0.99608315746740871522939094722025912151,0.26995055532321788838443095756437968515
0.95999999999999996447286321199499070644,3.0243513836603744531796065966611215865e-25,101.0,0.99608338674105499213165677177417091921,0.26989629457578340570855938943563313952
0.96499999999999996891375531049561686814,3.0521395144131094181428741102019897989e-25,101.0,0.99608361461928896048932224377009930871,0.26984193295781486036175309794991223866
0.96999999999999997335464740899624302983,3.0801934826120596019706328917122875207e-25,101.0,0.99608384110124656178694786481179431602,0.26978747044530326886118400397798607327
0.97499999999999997779553950749686919153,3.1085159327972282834228584904017323523e-25,101.0,0.99608406618606143037610010487488773411,0.26973290701436838037425914912144382239
0.97999999999999998223643160599749535322,3.1371095368316834067835998139867800956e-25,101.0,0.99608428987286488736020548389423315598,0.26967824264125839385916283163971583451
0.98499999999999998667732370449812151492,3.1659769941944016177722232617931464841e-25,101.0,0.99608451216078593446255005476863261782,0.26962347730234967388020876216027224821
0.98999999999999999111821580299874767661,3.1951210322763644110122512670178087967e-25,101.0,0.99608473304895124787736667871582829606,0.26956861097414646510725881621035806063
0.99499999999999999555910790149937383831,3.2245444066799437676623502818924548953e-25,101.0,0.9960849525364851721039522613566767681,0.26951364363328060550852914558343888731
1.0,3.2542499015216151059637742148873948742e-25,101.0,0.99608517062250971376375689442954661903,0.26945857525651123824616849868608101695
