value,sup,dur,Y,S
0.0,1.2717154983523973577616032072525262253e-77,130.0,0.99599842013388866813848332049863127087,0.89091767499147710391311540508556538895
0.0050000000000000001040834085586084256647,1.2762010010518162975925876622850557753e-77,130.0,0.99599863416028425132092032381979347452,0.89090406162064413865984365174981447259
0.010000000000000000208166817117216851329,1.2807003953257252844723505550680212929e-77,130.0,0.995998848114233540827523675820386237,0.89089042933424624271127690907374206339
0.014999999999999999444888487687421729788,1.2852137187247554286340233101398165504e-77,130.0,0.99599906199560547603724635846263167676,0.89087677812541305938695632962432192905
0.020000000000000000416333634234433702659,1.2897410088982679947924237007765604397e-77,130.0,0.99599927580426882183097850038382431584,0.89086310798727285418819872001692499828
0.02500000000000000138777878078144567553,1.2942823035946980721684110849754725795e-77,130.0,0.99599948954009216833677058016647142842,0.89084941891295250353993270257212887483
0.029999999999999998889776975374843459576,1.2988376406618997967791013997499770759e-77,130.0,0.99599970320294393067507549022950745038,0.89083571089557748345963130876983791595
0.035000000000000003330669073875469621271,1.3034070580474931340743643335853860727e-77,130.0,0.99599991679269234870411875052077462408,0.8908219839282718581458644352125262734
0.040000000000000000832667268468867405318,1.3079905937992121663657538291579537561e-77,130.0,0.99600013030920548676254321869683064372,0.89080823800415826866980997001587273141
0.044999999999999998334665463062265189365,1.3125882860652550157128389736596965134e-77,130.0,0.99600034375235123341518220570276944893,0.89079447311635792139356276138234908696
0.050000000000000002775557561562891351059,1.3172001730946352716308289879859200249e-77,130.0,0.99600055712199730119558638749334696498,0.89078068925799057652453454085083380775
0.055000000000000000277555756156289135106,1.3218262932375349889393237323985114499e-77,130.0,0.99600077041801122634812208437836694702,0.89076688642217453662554345582648269686
0.059999999999999997779553950749686919153,1.3264666849456593193527256582508501043e-77,130.0,0.9960009836402603685723028127193873252,0.89075306460202663490778927440855128915
0.065000000000000002220446049250313080847,1.3311213867725926671767989677797736289e-77,130.0,0.99600119678861191076402333330652514684,0.8907392237906622236509839705282963637
0.070000000000000006661338147750939242542,1.335790437374156438339038654796217939e-77,130.0,0.99600140986293285875665834079255428685,0.89072536398119516255977140345812114804
0.074999999999999997224442438437108648941,1.3404738755087684015025998439629287901e-77,130.0,0.99600162286309004106261537766918787401,0.89071148516673780701765330188310655792
0.080000000000000001665334536937734810635,1.3451717400378036868782427907816418464e-77,130.0,0.99600183578895010861622534070917881687,0.89069758734040099617991609693569036427
0.08500000000000000610622663543836097233,1.3498840699259572654562929587780577577e-77,130.0,0.99600204864037953451058195771384492247,0.89068367049529404138756657777824902966
0.089999999999999996669330926124530378729,1.3546109042416081547042802264650655983e-77,130.0,0.99600226141724461373926688980235968415,0.89066973462452471418967164656152914324
0.095000000000000001110223024625156540424,1.3593522821571852402872995942099288129e-77,130.0,0.99600247411941146293763425817936563778,0.89065577972119923431955707537142861106
0.10000000000000000555111512312578270212,1.36410824294953460049057050933848038e-77,130.0,0.99600268674674602011834326695979025893,0.89064180577842225797412101390245966127
0.10499999999999999611421941381195210852,1.3688788260002885751675931919673265783e-77,130.0,0.99600289929911404441176846031162145011,0.89062781278929686569997584041409091496
0.11000000000000000055511151231257827021,1.37366407079623646773413153552347926e-77,130.0,0.99600311177638111580596696080809380213,0.89061380074692455023329763292636030953
0.11500000000000000499600361081320443191,1.3784640169296967658274902620386803048e-77,130.0,0.99600332417841263488089698877866195882,0.89059976964440520464406751808489499964
0.11999999999999999555910790149937383831,1.3832787040988911246806223398119054118e-77,130.0,0.99600353650507382254750598024194520393,0.89058571947483711008556525631013633659
0.125,1.388108172108320000686609111306438573e-77,130.0,0.99600374875622971978637322823517777586,0.89057165023131692349742026764716657779
0.13000000000000000444089209850062616169,1.392952460869139819704917679433645791e-77,130.0,0.99600396093174518738060700582988691457,0.89055756190693966561433442038280470602
0.13500000000000000888178419700125232339,1.3978116103995419399112655661522053859e-77,130.0,0.99600417303148490565419179701874136768,0.89054345449479870853929817896012486961
0.14000000000000001332267629550187848508,1.4026856608251332146103863323918342417e-77,130.0,0.99600438505531337420694441890862100135,0.89052932798798576346607437181757932578
0.14499999999999999000799277837359113619,1.4075746523793182137117278646669377469e-77,130.0,0.99600459700309491164843824752044158841,0.8905151823795908683956010180792373177
0.14999999999999999444888487687421729788,1.4124786254036832593237116643978381123e-77,130.0,0.99600480887469365533736372992153947516,0.89050101766270237541387940895432201608
0.15499999999999999888977697537484345958,1.4173976203483818739799893691655522704e-77,130.0,0.99600502066997356110867721496500071855,0.89048683383040693870942222056737283688
0.16000000000000000333066907387546962127,1.4223316777725221901090055514372336086e-77,130.0,0.9960052323887984030120682110488029907,0.8904726308757895017597351847970773607
0.16500000000000000777156117237609578297,1.4272808383445559197044816618450920782e-77,130.0,0.99600544403103177304409498727987697787,0.89045840879193328486437709954526543297
0.17000000000000001221245327087672194466,1.4322451428426690527210523519618908011e-77,130.0,0.99600565559653708088104781382574823702,0.89044416757191977255361855297477486241
0.17499999999999998889776975374843459576,1.4372246321551742352823143012239704467e-77,130.0,0.99600586708517755361018846902597581534,0.8904299072088287010303360912905840712
0.17999999999999999333866185224906075746,1.4422193472809049996041870773398559925e-77,130.0,0.99600607849681623546640831410372127809,0.89041562769573804516991570637418550414
0.18499999999999999777955395074968691915,1.4472293293296114366962639294480374117e-77,130.0,0.99600628983131598755669520038367506824,0.89040132902572400626579707712790475565
0.19000000000000000222044604925031308085,1.4522546195223578705884442776481106727e-77,130.0,0.99600650108853948759588833265272826468,0.8903870111918609989373925968957015812
0.19500000000000000666133814775093924254,1.4572952591919221255978011594372208585e-77,130.0,0.99600671226834922963610921492123955842,0.89037267418722163838748147906112308415
0.20000000000000001110223024625156540424,1.4623512897831965582614501947276681302e-77,130.0,0.99600692337060752379691268104049202705,0.89035831800487672753427851850449525766
0.20499999999999998778754672912327805534,1.4674227528535908041004909862434193583e-77,130.0,0.99600713439517649599381175265841597532,0.89034394263789524417709049928520916459
0.20999999999999999222843882762390421703,1.4725096900734364142754400097368630544e-77,130.0,0.99600734534191808767220314952114202668,0.89032954807934432771650411135664820573
0.21499999999999999666933092612453037873,1.4776121432263929656261640962321095549e-77,130.0,0.99600755621069405552912236016271714271,0.89031513432228926662631423398501468253
0.22000000000000000111022302462515654042,1.4827301542098562131475409791071197224e-77,130.0,0.9960077670013659712462558643262284759,0.89030070135979348508115947411060076267
0.22500000000000000555111512312578270212,1.4878637650353678688544131244062014375e-77,130.0,0.99600797771379522121663725356775489947,0.89028624918491852993654152729517353606
0.23000000000000000999200722162640886381,1.493013017829027181816411042838503439e-77,130.0,0.99600818834784300627205579489918685802,0.8902717777907240575825988590939985075
0.23499999999999998667732370449812151492,1.498177954831904268593201694134756694e-77,130.0,0.99600839890337034140883634969178873142,0.89025728717026782083182674291081458413
0.23999999999999999111821580299874767661,1.5033586184004553723423441671210402156e-77,130.0,0.99600860938023805551900183127299296062,0.89024277731660565535784920616662257614
0.24499999999999999555910790149937383831,1.508555051006939626402391967548075778e-77,130.0,0.99600881977830679110928616620390127176,0.89022824822279146689204996531852499099
0.25,1.5137672952398379018772629415945725198e-77,130.0,0.99600903009743700403137326636148233313,0.89021369988187721756923440046119561351
0.25500000000000000444089209850062616169,1.5189953938042733154935429298508001586e-77,130.0,0.99600924033748896320582779209443048579,0.89019913228691291262859620985315047436
0.26000000000000000888178419700125232339,1.5242393895224335757204118634371150518e-77,130.0,0.99600945049832275034673062811323642914,0.89018454543094658698752186625991684179
0.26500000000000001332267629550187848508,1.5294993253339951446786912270425585522e-77,130.0,0.99600966057979825968584917527981279394,0.89016993930702429176857297844944118915
0.27000000000000001776356839400250464678,1.534775244296549222010105343759533899e-77,130.0,0.99600987058177519769634159578298352892,0.8901553139081900807796010764301765134
0.27500000000000002220446049250313080847,1.5400671895860295568949842059605407074e-77,130.0,0.99601008050411308281599414746465764302,0.89014066922748599694694948705360099344
0.28000000000000002664535259100375697017,1.5453752044971420944239019803117338556e-77,130.0,0.99601029034667124516999074133630589883,0.89012600525795205870169711507155084385
0.28499999999999997557509345824655611068,1.5506993324437964033468432670626340682e-77,130.0,0.99601050010930882629088546566710070893,0.89011132199262624648202322499031137571
0.28999999999999998001598555674718227237,1.5560396169595392464565094055664312291e-77,130.0,0.99601070979188477884974843044406987138,0.89009661942454448837311789128647544529
0.29499999999999998445687765524780843407,1.5613961016979894127719408850770984782e-77,130.0,0.99601091939425786636355378044346486882,0.89008189754674064733038371610952289653
0.29999999999999998889776975374843459576,1.5667688304332749999901400416867911589e-77,130.0,0.99601112891628666292538567279031687347,0.8900671563522465067255447145530350604
0.30499999999999999333866185224906075746,1.5721578470604722673032670378917914314e-77,130.0,0.99601133835782955292252662336896533346,0.89005239583409175666033694262502589105
0.30999999999999999777955395074968691915,1.5775631955960464191929750884926888071e-77,130.0,0.99601154771874473075640212123197138531,0.89003761598530398007006319707969891881
0.31500000000000000222044604925031308085,1.5829849201782942675118352609539506911e-77,130.0,0.99601175699889020056205135585727174725,0.89002281679890863877987752002770867994
0.32000000000000000666133814775093924254,1.5884230650677887782003230301657590038e-77,130.0,0.99601196619812377592712317735685747425,0.89000799826792905951375552681292999114
0.32500000000000001110223024625156540424,1.5938776746478255090063326465178077005e-77,130.0,0.99601217531630307961039640798125032473,0.88999316038538641985610672801241999028
0.33000000000000001554312234475219156593,1.5993487934248709445928209023218287993e-77,130.0,0.99601238435328554325982362150123794962,0.88997830314429973416598516921419654694
0.33500000000000001998401444325281772763,1.6048364660290127354379601087209970571e-77,130.0,0.99601259330892840713009750528170832246,0.88996342653768583944385486545381543519
0.34000000000000002442490654175344388932,1.6103407372144118469511020774810505893e-77,130.0,0.99601280218308871979973891809198577288,0.88994853055855938115086666084466697963
0.34499999999999997335464740899624302983,1.6158616518597565638598999381149797988e-77,130.0,0.99601301097562333788538814577367564514,0.88993361519993279914630464739684875332
0.34999999999999997779553950749686919153,1.6213992549687187244667701185236719719e-77,130.0,0.99601321968638892576720502776782301508,0.88991868045481631274916625795505840497
0.35499999999999998223643160599749535322,1.6269535916704112713774544875461691598e-77,130.0,0.9960134283152419552906083834941479834,0.88990372631621790740827708521806408733
0.35999999999999998667732370449812151492,1.6325247072198483510892771752478362375e-77,130.0,0.99601363686203870549071510726304713508,0.88989461373255227458870125307571622341
0.36499999999999999111821580299874767661,1.6381126469984070500061629888133608794e-77,130.0,0.99601384532663526230470482202907953698,0.88988744917121774175781582386102546793
0.36999999999999999555910790149937383831,1.6437174565142911408168150674122204071e-77,130.0,0.99601405370888751828601938592496291424,0.88988026555100682249198595160268491093
0.375,1.6493391814029967845939285660480702085e-77,130.0,0.99601426200865117231807783594807362031,0.88987306286323960471986485583128111987
0.38000000000000000444089209850062616169,1.6549778674277801951944198118110449943e-77,130.0,0.99601447022578172932750586754184746392,0.88986584109923687980068857319597830008
0.38500000000000000888178419700125232339,1.6606335604801272725609136424799964523e-77,130.0,0.9960146783601344999968789470092817942,0.88985860025032014599563425864246953246
0.39000000000000001332267629550187848508,1.6663063065802252115451492163444112525e-77,130.0,0.99601488641156460047697815188663552592,0.88985134030781161191108397118544575612
0.39500000000000001776356839400250464678,1.6719961518774360928945375302540479068e-77,130.0,0.99601509437992695209855783259240461075,0.88984406126303419991368421904036816612
0.40000000000000002220446049250313080847,1.6777031426507724630638332572025896667e-77,130.0,0.99601530226507628108362418684970593519,0.88983676310731154951709145377632588044
0.40500000000000002664535259100375697017,1.6834273253093749095347703722611985163e-77,130.0,0.99601551006686711825622383655932467814,0.88982944583196802074029361866259520981
0.40999999999999997557509345824655611068,1.6891687463929915745091125455036361789e-77,130.0,0.99601571778515379875043582281157373094,0.88982210942832869751895443036512368366
0.41499999999999998001598555674718227237,1.6949274525724599965387188166100811524e-77,130.0,0.9960159254197904617294010675585046572,0.88981475388771939068054289609124316765
0.41999999999999998445687765524780843407,1.7007034906501903302227247778454983832e-77,130.0,0.99601613297063105008079865773491982232,0.88980737920146664170542532975674033603
0.42499999999999998889776975374843459576,1.7064969075606512255891630489521454375e-77,130.0,0.99601634043752931013489076610139257983,0.88979998536089772564480121021867613224
0.42999999999999999333866185224906075746,1.712307750370857418292556827728187631e-77,130.0,0.99601654782033879137054092146620290863,0.88979257235734065441659790724456975017
0.43499999999999999777955395074968691915,1.7181360662808594195109504092827441314e-77,130.0,0.99601675511891284612304338101755672889,0.88978514018212417999093611011033541278
0.44000000000000000222044604925031308085,1.7239819026242352487291323900716327184e-77,130.0,0.99601696233310462929145608153029170361,0.88977768882657779754639973289403470563
0.44500000000000000666133814775093924254,1.729845306868584216263792149537961188e-77,130.0,0.99601716946276709804543624441457903329,0.88977021828203174859699974806732339026
0.45000000000000001110223024625156540424,1.7357263266160227624087019854642957686e-77,130.0,0.99601737650775301153157770771743475155,0.88976272853981702408972132111339505579
0.45500000000000001554312234475219156593,1.741625009603682360100537118514600627e-77,130.0,0.99601758346791493057924905632713202071,0.88975521959126536747254354066128180327
0.46000000000000001998401444325281772763,1.7475414037042094880286347341129720984e-77,130.0,0.99601779034310521740593161976584873219,0.88974769142770927773282096102357774688
0.46500000000000002442490654175344388932,1.7534755569262676811348523529154824208e-77,130.0,0.99601799713317603532205640508708290554,0.88974014404048201240591609706001594833
0.46999999999999997335464740899624302983,1.7594275174150415992936516681980635299e-77,130.0,0.99601820383797934843304462008025609641,0.88973257742091759063808508054096212541
0.47499999999999997779553950749686919153,1.7653973334527435180406832044280269416e-77,130.0,0.99601841045736692135231826232562645463,0.88972499156035079579904025860720614361
0.47999999999999998223643160599749535322,1.7713850534591212566716598846788519731e-77,130.0,0.99601861699119031889085893537137593467,0.88971738645011717890470759634906058424
0.48499999999999998667732370449812151492,1.7773907259919688723492315606555416165e-77,130.0,0.99601882343930090576921164555288021498,0.88970976208155306116994108707103406138
0.48999999999999999111821580299874767661,1.7834143997476391365767624549337194811e-77,130.0,0.99601902980154984631750699954635337705,0.88970211844599553695064403442080659351
0.49499999999999999555910790149937383831,1.7894561235615581972099703501018301706e-77,130.0,0.99601923607778810417727206057716642345,0.88969445553478247657157497047326856808
0.5,1.7955159464087423671363588691514182839e-77,130.0,0.99601944226786644200273355968049156757,0.88968677333925252912362640461426315328
0.50500000000000000444089209850062616169,1.8015939174043170467577290862318881413e-77,130.0,0.99601964837163542116161251443365619297,0.88967907185074512523046495064361450549
0.51000000000000000888178419700125232339,1.8076900858040377874354949194373627991e-77,130.0,0.99601985438894540143540930567396302966,0.88967135106060047978442130838588239149
0.51500000000000001332267629550187848508,1.8138045010048135030831457058967039689e-77,130.0,0.99602006031964654071917826080596650132,0.88966361096015959465151850562425712969
0.52000000000000001776356839400250464678,1.8199372125452318371150000998877589514e-77,130.0,0.99602026616358879472079079038827980705,0.8896558515407642613455267363600781074
0.52500000000000002220446049250313080847,1.8260882701060866919853790226213805241e-77,130.0,0.99602047192062191665968612277191328711,0.88964807279375706367093306224959729242
0.53000000000000002664535259100375697017,1.8322577235109079285774928831961610814e-77,130.0,0.99602067759059545696510867963990256991,0.88964027471048138033471417558279014493
0.53500000000000003108624468950438313186,1.8384456227264932427266907392915949424e-77,130.0,0.99602088317335876297383113337156520368,0.88963245728228138752680035434820774333
0.54000000000000003552713678800500929356,1.8446520178634422261882575285462118624e-77,130.0,0.99602108866876097862736218522411720466,0.88962462050050206146911867277503171542
0.54500000000000003996802888650563545525,1.8508769591766926193856710321750073756e-77,130.0,0.99602129407665104416863810138957638065,0.88961676435648918093310346426059950726
0.55000000000000004440892098500626161695,1.8571204970660587633011438859482045657e-77,130.0,0.99602149939687769583819704204586798929,0.88960888884158932972556196778067029486
0.55500000000000004884981308350688777864,1.8633826820767722578963787847228789839e-77,130.0,0.99602170462928946556983521657782018942,0.88960099394714989914278302374255631911
0.56000000000000005329070518200751394033,1.86966356490002483447775808964167273e-77,130.0,0.99602190977373468068574389619628229978,0.88959307966451909039277662077990285863
0.56499999999999994670929481799248605967,1.8759631963735133093582263036734086456e-77,130.0,0.9960221148300614635865741275615014403,0.88958514598504591716191051586219746247
0.56999999999999995115018691649311222136,1.8822816274819874663959273285157079303e-77,130.0,0.99602231979811773146374325044294528333,0.88957719290008020726799167890550389048
0.57499999999999995559107901499373838305,1.8886189093577987766660198787632120299e-77,130.0,0.99602252467775119596568965465793573316,0.88956922040097260604320271337434172791
0.57999999999999996003197111349436454475,1.8949750932814527603804456190118152692e-77,130.0,0.99602272946880936290913811645412171806,0.8895612284790745779235201871936325662
0.58499999999999996447286321199499070644,1.9013502306821629014507372312636240226e-77,130.0,0.99602293417113953196707235410435819664,0.88955321712573840888587094033662793585
0.58999999999999996891375531049561686814,1.9077443731384069607151061743601709645e-77,130.0,0.99602313878458879636073673111499358487,0.88954518633231720867679704455031746917
0.59499999999999997335464740899624302983,1.9141575723784855557619198723202917656e-77,130.0,0.99602334330900404255111198054409832011,0.88953713609016491300846447677210187003
0.59999999999999997779553950749686919153,1.9205898802810830149811088495080403644e-77,130.0,0.99602354774423194992986396592489797549,0.88952906639063628572190281660772726903
0.60499999999999998223643160599749535322,1.9270413488758305135030968942909463411e-77,130.0,0.99602375209011899050976449230373760724,0.88952097722508692091736321994859946117
0.60999999999999998667732370449812151492,1.933512030343871498713100661443289336e-77,130.0,0.99602395634651142861458317891164204146,0.88951286858487324505168186320983843573
0.61499999999999999111821580299874767661,1.9400019770184294130571002692895924182e-77,130.0,0.99602416051325532056844940299393893362,0.8895047404613525190025359957707065796
0.61999999999999999555910790149937383831,1.9465112413853777218844404625856412222e-77,130.0,0.99602436459019651438468332232346805105,0.88949659284588284009947968199825604762
0.625,1.9530398760838122541008838483485624552e-77,130.0,0.99602456857718064945409498191960097414,0.88948842572982314412164625873509321174
0.63000000000000000444089209850062616169,1.95958793390662586343500462106442185e-77,130.0,0.99602477247405315623275050848763042696,0.88948023910453320726200447933495200604
0.63500000000000000888178419700125232339,1.9661554678010854181500841275587644254e-77,130.0,0.99602497628065925592920439408104713001,0.88947203296137364805805526123719668095
0.64000000000000001332267629550187848508,1.9727425308694111270631496318035866893e-77,130.0,0.99602517999684396019119686847279493128,0.88946380729170592928885590068532996973
0.64500000000000001776356839400250464678,1.9793491763693582097624857774052043214e-77,130.0,0.99602538362245207079181535770077113001,0.88945556208689235983825856551695140635
0.65000000000000002220446049250313080847,1.9859754577148009189448455616924493911e-77,130.0,0.99602558715732817931511902422760864,0.88944729733829609652424982498527554456
0.65500000000000002664535259100375697017,1.9926214284763189228236951813022621484e-77,130.0,0.99602579060131666684122538212512943192,0.88943901303728114589427792431715929619
0.66000000000000003108624468950438313186,1.9992871423817860555901459359249891561e-77,130.0,0.99602599395426170363085797865978447872,0.88943070917521236598645446117147651032
0.66500000000000003552713678800500929356,2.0059726533169614439387575353066765825e-77,130.0,0.9960261972160072488093541316168835961,0.88942238574345546805651707133648556524
0.67000000000000003996802888650563545525,2.0126780153260830177011416954981212509e-77,130.0,0.99602640038639705005013170965845940049,0.88941404273337701827043968189742909666
0.67500000000000004440892098500626161695,2.0194032826124634126612538843964078129e-77,130.0,0.99602660346527464325761394096219184854,0.88940568013634443936257684171784438451
0.68000000000000004884981308350688777864,2.02614850953908827365743553447827664e-77,130.0,0.99602680645248335224961123333693422029,0.88939729794372601225922859141180654125
0.68500000000000005329070518200751394033,2.0329137506292169661076600328510027945e-77,130.0,0.99602700934786628843915898695401647914,0.88938889614689087766751228804142684272
0.68999999999999994670929481799248605967,2.0396990605669855532386833263749763537e-77,130.0,0.9960272121512663505113082610672371066,0.88938047473720903781663842233777040519
0.69499999999999995115018691649311222136,2.0465044941980129520957086794325026873e-77,130.0,0.9960274148625262241218830256382713528,0.88937203370605135722864851936331087878
0.69999999999999995559107901499373838305,2.0533301065300080154900919154145091916e-77,130.0,0.99602761748148838155066097237315769597,0.88936357304478956532448272427290673966
0.70499999999999996003197111349436454475,2.0601759527333805614269424357027123329e-77,130.0,0.9960278200079950813990396748637285154,0.88935509274479625712540696676411517235
0.70999999999999996447286321199499070644,2.0670420881418540994660274413577154544e-77,130.0,0.9960280224418883682646348473165880722,0.88934659279744489485348927607767465672
0.71499999999999996891375531049561686814,2.0739285682530811654372037229298092936e-77,130.0,0.99602822478301007241983260117839223126,0.88933807319410980930992551677270662105
0.71999999999999997335464740899624302983,2.0808354487292611224315836734050984822e-77,130.0,0.99602842703120180948979050439451174769,0.88932953392616620121787573261522426771
0.72499999999999997779553950749686919153,2.0877627853977604364639380694449235562e-77,130.0,0.99602862918630498012988640782684472114,0.88932097498499014252969716453277410073
0.72999999999999998223643160599749535322,2.0947106342517354352352252403526489377e-77,130.0,0.99602883124816076970261400125939830395,0.88931239636195857769845996823798088629
0.73499999999999998667732370449812151492,2.1016790514507575584577503583553146401e-77,130.0,0.99602903321661014795392405931852947407,0.88930379804844932491363161751534788593
0.73999999999999999111821580299874767661,2.1086680933214411082393007886865913937e-77,130.0,0.99602923509149386868901033552841029474,0.88929518003584107730081594030068267184
0.74499999999999999555910790149937383831,2.1156778163580735080566747845967248671e-77,130.0,0.99602943687265246944753906061135258892,0.88928654231551340408543269656277340795
0.75,2.1227082772232480788833223519360147e-77,130.0,0.9960296385599262711783209990270806393,0.88927788487884675172022356962422154475
0.75500000000000000444089209850062616169,2.1297595327484993410703498916682726815e-77,130.0,0.99602984015315537791342501562486712244,0.88926920771722244497647040593443445908
0.76000000000000000888178419700125232339,2.136831639934940850614905308063203366e-77,130.0,0.99603004165217967644173210215763629789,0.88926051082202268799881150243447626067
0.76500000000000001332267629550187848508,2.1439246559539055784849586970925618028e-77,130.0,0.99603024305683883598192881127767884353,0.88925179418463056532354170553254587182
0.77000000000000001776356839400250464678,2.1510386381475888417047265556436557572e-77,130.0,0.99603044436697230785493904349950356627,0.88924305779643004286028205134207090859
0.77500000000000002220446049250313080847,2.1581736440296937949404557297450573837e-77,130.0,0.99603064558241932515579313047656209435,0.88923430164880596883690464322354066032
0.78000000000000002664535259100375697017,2.1653297312860794913619881015261814788e-77,130.0,0.99603084670301890242493315579511212202,0.88922552573314407470759842981801610621
0.78500000000000003108624468950438313186,2.1725069577754115215914693528535426969e-77,130.0,0.99603104772860983531895345234032246659,0.88921673004083097602396151466650481377
0.79000000000000003552713678800500929356,2.1797053815298152395867460915705396156e-77,130.0,0.99603124865903070028077521313685781797,0.88920791456325417326900559717682723795
0.79500000000000003996802888650563545525,2.1869250607555315843434162374270476925e-77,130.0,0.99603144949411985420925415040860179066,0.88919907929180205265395811412997571528
0.80000000000000004440892098500626161695,2.1941660538335755063361588929006474833e-77,130.0,0.99603165023371543412822013543987279287,0.88919022421786388687774762111301929366
0.80500000000000004884981308350688777864,2.2014284193203970076568730233578209519e-77,130.0,0.99603185087765535685494774965344711377,0.88918134933282983584905792422707389355
0.81000000000000005329070518200751394033,2.208712215948544804844300195975109829e-77,130.0,0.99603205142577731866805667514891662475,0.88917245462809094737083644414846956389
0.81499999999999994670929481799248605967,2.2160175026273324609882224960933961824e-77,130.0,0.99603225187791879497039098591391565882,0.88916354009503915798530486628106274206
0.81999999999999995115018691649311222136,2.2233443384435079703926347556313656723e-77,130.0,0.99603245223391703997357758933763400824,0.88915460572506729279082247354675106014
0.82499999999999995559107901499373838305,2.2306927826619243705652660585829619969e-77,130.0,0.9960326823764315158229555594124191545,0.88914565150956906720072392389847799818
0.82999999999999996003197111349436454475,2.2380628947262146348724624819677181598e-77,130.0,0.99603291777932101207670762014724402694,0.88913667743993908668516973829327525038
0.83499999999999996447286321199499070644,2.2454547342594684230924534010739966411e-77,130.0,0.99603315312156395377649041387758638956,0.88912768350757284746392934882280293019
0.83999999999999996891375531049561686814,2.2528683610649116713930926312324636395e-77,130.0,0.9960333884030372078331332269541094008,0.88911866970386673696320849461292910243
0.84499999999999997335464740899624302983,2.2603038351265888690245153178383995744e-77,130.0,0.99603362362361747319300916778860888636,0.88910963602021803423412849793791321998
0.84999999999999997779553950749686919153,2.267761216610048031027421661073394558e-77,130.0,0.99603385878318128059133665938188318466,0.88910058244802491033274270432345570503
0.85499999999999998223643160599749535322,2.275240565863028376297077457724854169e-77,130.0,0.99603409388160499230506190616806461031,0.88909150897868642866147534913281995815
0.85999999999999998667732370449812151492,2.2827419434161507203827537392616654481e-77,130.0,0.99603432891876480190532154668920896123,0.88908241560360254527186809263533675449
0.86499999999999999111821580299874767661,2.2902654099836105924422145439645049387e-77,130.0,0.99603456389453673400948470201550543835,0.88907330231417410912851944584853618451
0.86999999999999999555910790149937383831,2.2978110264638740858110041432698728296e-77,130.0,0.99603479880879664403277362822452127988,0.88906416910180286233410229052558338877
0.875,2.3053788539403764516866839112122964903e-77,130.0,0.99603503366142021793946217964742361092,0.88905501595789144031534467853028041642
0.88000000000000000444089209850062616169,2.3129689536822234454688255444213248329e-77,130.0,0.99603526845228297199365128798111845185,0.88904584287384337196985907850429193744
0.88500000000000000888178419700125232339,2.3205813871448954353364825729028592553e-77,130.0,0.99603550318126025250962066075270404227,0.88903664984106307977370522118710346045
0.89000000000000001332267629550187848508,2.3282162159709542826860371140675548317e-77,130.0,0.99603573784822723560175590100654503113,0.8890274368509558798495716790001702612
0.89500000000000001776356839400250464678,2.335873501990753004093754680363235376e-77,130.0,0.99603597245305892693405024846462672011,0.8890182038949279819954613005543983284
0.90000000000000002220446049250313080847,2.3435533072231482245090776216006045137e-77,130.0,0.99603620699563016146918014078763618686,0.88900895096438648967376560658614530461
0.90500000000000002664535259100375697017,2.3512556938762154314266485348211744938e-77,130.0,0.99603644147581560321715379193743134467,0.88899967805073939996061324047296386124
0.91000000000000003108624468950438313186,2.3589807243479670398272797765817288247e-77,130.0,0.99603667589348974498353198301119125375,0.88899038514539560345537755392794953411
0.91500000000000003552713678800500929356,2.366728461227073277720575135144644298e-77,130.0,0.99603691024852690811722025928358266298,0.88898107223976488415022839672241189156
0.92000000000000003996802888650563545525,2.3744989672935859021646658347154549871e-77,130.0,0.99603714454080124225783172555572061475,0.88897173932525791925961316834226769013
0.92500000000000004440892098500626161695,2.3822923055196647556815464231670571098e-77,130.0,0.9960373787701867250826196302685362142,0.88896238639328627900955217934565648834
0.93000000000000004884981308350688777864,2.3901085390703071730297878124423957234e-77,130.0,0.9960376129365571620529789271933836736,0.88895301343526242638663336085939743532
0.93500000000000005329070518200751394033,2.3979477313040802483399658720823284071e-77,130.0,0.99603784703978618616051600186431324791,0.88894362044259971684659135213162639522
0.93999999999999994670929481799248605967,2.4058099457738557978296753871730340966e-77,130.0,0.99603808107974725766748972054803758247,0.88893420740671239819158995986021594155
0.94499999999999995115018691649311222136,2.4136952462275490766718828426390023252e-77,130.0,0.99603831505631366387280056095887691225,0.88892477431901560936113451045641579485
0.94999999999999995559107901499373838305,2.4216036966088586402349469588699981763e-77,130.0,0.99603854896935851882557954872792970624,0.88891532117092538127278219315809913095
0.95499999999999996003197111349436454475,2.4295353610580108513950833804961607373e-77,130.0,0.99603878281875476309031081373864522643,0.88890584795385863553230855449619465296
0.95999999999999996447286321199499070644,2.4374903039125064267886844509794244536e-77,130.0,0.99603901660437516348553245583154813228,0.8888963546592331841472725107574032859
0.96499999999999996891375531049561686814,2.4454685897078700787097885017747559028e-77,130.0,0.99603925032609231282729809736986863916,0.88888684127846772899068695740946065906
0.96999999999999997335464740899624302983,2.4534702831784030886502022764492316657e-77,130.0,0.99603948398377862967220086423618127205,0.88887730780298186122346879577319686312
0.97499999999999997779553950749686919153,2.4614954492579388228459322727123712058e-77,130.0,0.99603971757730635805995896910570757124,0.88886775422419606067555336803059237773
0.97999999999999998223643160599749535322,2.4695441530806012002396152396464097977e-77,130.0,0.99603995110654756725556206916052030213,0.88885818053353169518555829049455815744
0.98499999999999998667732370449812151492,2.477616459981566123314952762836005696e-77,130.0,0.99604018457137415149097756872375696336,0.88884858672241101989888167472782293851
0.98999999999999999111821580299874767661,2.4857124354978258823057508979807856294e-77,130.0,0.99604041797165782970641603560410038262,0.88883897278225717652411972658660744799
0.99499999999999999555910790149937383831,2.4938321453689565433290442670755217559e-77,130.0,0.99604065130727014529115489824820431836,0.88882933870449419254768871458121460417
1.0,2.5019756555378883310389460052981141591e-77,130.0,0.99604088457808246582391958910242413298,0.88881968448054698040653630109176882525
