value,sup,dur,Y,S
0.0,1.8080946408476437631385062587953943134e-59,110.0,0.99602729027423965758661229124703808608,0.28093795624246362178730131223582590065
0.0050000000000000001040834085586084256647,1.8340587431426080008919429603613417877e-59,110.0,0.99602764810953859510395383335610333873,0.28088169949200683290796269294249054431
0.010000000000000000208166817117216851329,1.8604066011716401841888366573854695177e-59,110.0,0.99602800469026527712681904620837584553,0.28082536045861696387058535832158017514
0.014999999999999999444888487687421729788,1.8871440476842054425664140198271094788e-59,110.0,0.99602836001573078700935515110745709864,0.28076893912445337140371971062140014805
0.020000000000000000416333634234433702659,1.9142770065180013197325998658488682151e-59,110.0,0.9960287140852445624079972003951599882,0.28071243547174797404671143218903787818
0.02500000000000000138777878078144567553,1.9418114940593789845291540558807195595e-59,110.0,0.99602906689811439104281798494919591898,0.28065584948280507666187181595206599859
0.029999999999999998889776975374843459576,1.9697536207277858455517785249176016549e-59,109.0,0.99602941845364640644888474702932588887,0.28059918114000119430921368582639747921
0.035000000000000003330669073875469621271,1.9981095924846346454552370140450809692e-59,109.0,0.99602976875114508371775288493582931458,0.28054243042578487545811288768463982592
0.040000000000000000832667268468867405318,2.0268857123670107082428515805115000258e-59,109.0,0.9960301177899132352243862840530521548,0.28048559732267652529922710911630726278
0.044999999999999998334665463062265189365,2.0560883820466372878503956894296011859e-59,109.0,0.99603046556925200634908024787714288927,0.28042868181326822760693790916574842045
0.050000000000000002775557561562891351059,2.0857241034145245982205827461994679604e-59,109.0,0.99603081208846087118388599415250255765,0.28037168388022356684979451351137355632
0.055000000000000000277555756156289135106,2.1157994801917366813092740597977348829e-59,109.0,0.99603115734683762822816255227568196062,0.28031460350627744980870008784736814563
0.059999999999999997779553950749686919153,2.1463212195667177992279341341511657075e-59,109.0,0.99603150134367839607751068390582024966,0.28025744067423592599360912958238786133
0.065000000000000002220446049250313080847,2.177296133859626552202705155305976391e-59,109.0,0.99603184407827760909739854955999576039,0.28020019536697600828781748317327633331
0.070000000000000006661338147750939242542,2.2087311422141348387942280641588911693e-59,109.0,0.99603218554992801308628522391114043665,0.28014286756744549303619803113625993118
0.074999999999999997224442438437108648941,2.2406332723171563801575435168312988833e-59,109.0,0.99603252575792066092913790204430557681,0.28008545725866277942244626213498690443
0.080000000000000001665334536937734810635,2.2730096621469776389031436470383930543e-59,109.0,0.99603286470154490824267990561736014908,0.28002796442371668789874789215071654627
0.08500000000000000610622663543836097233,2.3058675617502708894206301283574405103e-59,109.0,0.99603320238008840900056738341984733888,0.27997038904576627966741185909366502919
0.089999999999999996669330926124530378729,2.3392143350484802930478645464902609128e-59,109.0,0.99603353879283711115593498123159137317,0.27991273110804067427237817720737324858
0.095000000000000001110223024625156540424,2.3730574616740779182573501818627946177e-59,109.0,0.99603387822619122153219844095976747047,0.27985499059383886673498398540830982818
0.10000000000000000555111512312578270212,2.4074045388371951897722483562121409997e-59,109.0,0.99603424246484240191824404786609790252,0.27979716748652954568489217609969466171
0.10499999999999999611421941381195210852,2.4422632832231465727631902639697127116e-59,109.0,0.99603460544208355773902878239891895076,0.27973926176955090961106962403796621461
0.11000000000000000055511151231257827021,2.4776415329213687809991230897208846992e-59,109.0,0.99603496715724423625556636000198589277,0.27968127342641048267345775915367719441
0.11500000000000000499600361081320443191,2.5135472493863078061901119962384885813e-59,109.0,0.99603532760965235341860230001937380569,0.27962320244068493153250910310962072839
0.11999999999999999555910790149937383831,2.5499885194307979803330137075953347876e-59,109.0,0.99603568679863418965463248361229189882,0.27956504879601988030917410086732165292
0.125,2.5869735572524841401091912369163435578e-59,109.0,0.99603604472351438564121470670646551569,0.27950681247612972512224362013475952666
0.13000000000000000444089209850062616169,2.6245107064938474612402429918067567875e-59,109.0,0.99603640138361593806264623763942880843,0.2794484934647974496664930588386682419
0.13500000000000000888178419700125232339,2.6626084423364081760654639560773700049e-59,109.0,0.99603675677826019536490374634711605016,0.27939009174587443876968957187439869643
0.14000000000000001332267629550187848508,2.7012753736296848970997512232515276744e-59,109.0,0.99603711090676685349484904402154246503,0.27933160730328029235467670699441045503
0.14499999999999999000799277837359113619,2.7405202450555022941167424495102578373e-59,109.0,0.99603746376845395162770042604173712766,0.27927304012100263916956675859990640299
0.14999999999999999444888487687421729788,2.7803519393282500087517544884443395122e-59,109.0,0.99603781536263786789347571810273350612,0.27921439018309694850144350356666803695
0.15499999999999999888977697537484345958,2.8207794794317016933468048512399129104e-59,109.0,0.99603816568863331507300905467405962965,0.27915565747368634475715218429932764618
0.16000000000000000333066907387546962127,2.8618120308930213722683225372662242169e-59,109.0,0.99603851474575333630268289188964280617,0.27909684197696141841466973297225982764
0.16500000000000000777156117237609578297,2.9034589040945875771644280728845570931e-59,109.0,0.99603886253330930075844186636841627633,0.27903794367718003822638502232604967355
0.17000000000000001221245327087672194466,2.9457295566242813316957236243764520114e-59,109.0,0.99603920905061089933082094613826671452,0.27897896255866716273033436506979779654
0.17499999999999998889776975374843459576,2.9886335956648935660906369087553472926e-59,109.0,0.99603955429696614028707820390073923665,0.27891989860581465172820666676308651186
0.17999999999999999333866185224906075746,3.0321807804233208971121482560965364111e-59,109.0,0.99603989827168134493188258508470966077,0.27886075180308107576782844575076583021
0.18499999999999999777955395074968691915,3.0763810246002253598530382331603587816e-59,109.0,0.9960402409740611432377921143803342338,0.27880152213499152855521937632480137918
0.19000000000000000222044604925031308085,3.1212443989008538989164698073951466819e-59,109.0,0.99604058240340846948381782213076888944,0.27874220958613743574470629874960084595
0.19500000000000000666133814775093924254,3.1667811335877171895174041724035356995e-59,109.0,0.99604092255902455787327329613789000061,0.27868281414117636502993576247145756745
0.20000000000000001110223024625156540424,3.213001621075844650450408904732081093e-59,109.0,0.99604126144020893814238795431564482539,0.27862333578483183557543226281553692887
0.20499999999999998778754672912327805534,3.2599164185713431167768193639950993347e-59,109.0,0.9960415990462594311558582963235364037,0.27856377450189312745318115496117482341
0.20999999999999999222843882762390421703,3.3075362507540014602798623360689410225e-59,109.0,0.99604193537647214450053222580944318989,0.27850413027721508910552677442995495956
0.21499999999999999666933092612453037873,3.3558720125046909392072861677470686425e-59,109.0,0.99604227043014146804909736415065249209,0.27844440309571794780103404521211380918
0.22000000000000000111022302462515654042,3.4049347716783333957699829984694826322e-59,109.0,0.99604260420656006953121962611298140259,0.27838459294238711647673160142035676059
0.22500000000000000555111512312578270212,3.4547357719232137647309541385057205095e-59,109.0,0.9960429367050188900839673178418008819,0.27832469980227300193113061424013500809
0.23000000000000000999200722162640886381,3.5052864355474324990232837206319886539e-59,109.0,0.99604326792480713979274365295173347644,0.27826472366049081239124695531803743994
0.23499999999999998667732370449812151492,3.556598366433305355271232140496539362e-59,109.0,0.99604359786521229321898613412678550864,0.27820466450222036512377355876000935514
0.23999999999999999111821580299874767661,3.6086833530005344326944949117182575807e-59,109.0,0.99604392652552008492557174835426354518,0.27814452231270589209525283128549596882
0.24499999999999999555910790149937383831,3.6615533712189828009959074770540062734e-59,109.0,0.99604425390501450497243646669513775983,0.27808429707725584868949749550431550213
0.25,3.7152205876719097347770295796067193018e-59,109.0,0.99604458000297779441900347654302813699,0.27802398878124271882054452323870612049
0.25500000000000000444089209850062616169,3.769697362670528580727467434038449737e-59,109.0,0.9960449048186904408058928525918635877,0.27796359741010282144713296472261281172
0.26000000000000000888178419700125232339,3.8249962534207704823952279509521432789e-59,109.0,0.99604522835143117362687950098977923633,0.27790312294933611649549261658205584905
0.26500000000000001332267629550187848508,3.8811300172431507148288322347121011309e-59,109.0,0.99604555060047695978922755565029326874,0.27784256538450601052986854384453792349
0.27000000000000001776356839400250464678,3.938111614846650454182087112909397e-59,109.0,0.9960458715651029990623643603119825467,0.27778192470123916217706469433482236215
0.27500000000000002220446049250313080847,3.9959542136575428820135078272342643973e-59,109.0,0.99604619124458271951485703519807593162,0.27772120088522528731131284923941025693
0.28000000000000002664535259100375697017,4.0546711912041088884558895527821545823e-59,109.0,0.99604650963818777293965449185959844378,0.27766039392221696400579606956550336399
0.28499999999999997557509345824655611068,4.1142761385582036312952123889129545985e-59,109.0,0.99604682674518803026404417385643961398,0.27759950379802943793365649197306331159
0.28999999999999998001598555674718227237,4.1747828638346568251910260781811055876e-59,109.0,0.99604714256485157696538111189702143068,0.27753853049854042416691849529507986626
0.29499999999999998445687765524780843407,4.2362053957494929606918393501714753186e-59,109.0,0.99604745709644470843977852232286848596,0.27748117972872950727428926660662464865
0.29999999999999998889776975374843459576,4.2985579872379984157509237554775004786e-59,109.0,0.99604777033923192539413419992881055802,0.27742869837365808902330345577519635335
0.30499999999999999333866185224906075746,4.3618551191336571828810836936650770783e-59,109.0,0.99604808229247592920861021748930839756,0.27737613084890762449018420975170488451
0.30999999999999999777955395074968691915,4.4261115039090090057077044494168776617e-59,109.0,0.99604839295543761729068012286855015162,0.27732347713215126630816546504660732728
0.31500000000000000222044604925031308085,4.4913420894794976598699608494457532848e-59,109.0,0.99604870232737607841717779707624093604,0.27727073720115699674584227522039728676
0.32000000000000000666133814775093924254,4.5575620630713966540427657725913573317e-59,109.0,0.99604901040754858806430973543112904438,0.2772179110337874629746103625680852611
0.32500000000000001110223024625156540424,4.6247868551549188525937968503510612458e-59,109.0,0.9960493171952106037255923738722923751,0.27716499860799981144578847987853990091
0.33000000000000001554312234475219156593,4.6930321434436360951705877779200609972e-59,109.0,0.99604962268961576021767594178526177777,0.27711199990184552138207639240040155295
0.33500000000000001998401444325281772763,4.762313856961354816778529835917050433e-59,109.0,0.99604992689001586497401618148383139407,0.27705891489347023738803652365746769477
0.34000000000000002442490654175344388932,4.8326481801776139612301133910844532317e-59,109.0,0.99605022979566089332635513270653606218,0.27700574356111360118432251916326887977
0.34499999999999997335464740899624302983,4.9040515572129913391789585852642994391e-59,109.0,0.99605053140579898377063068724491328574,0.27695248588310908306217156649931128438
0.34999999999999997779553950749686919153,4.9765406961154311925655856156816089765e-59,109.0,0.99605083171967643323733832780900506094,0.2768991418378838095133626725238852991
0.35499999999999998223643160599749535322,5.0501325732088104397601451574973648016e-59,109.0,0.99605113701590252300952994983046241128,0.27684571140395839591205090323626766281
0.35999999999999998667732370449812151492,5.1248444375150106518026639130843721191e-59,109.0,0.99605146455780089890510240644192776679,0.27679219455994677242776239645773801921
0.36499999999999999111821580299874767661,5.2006938152507572931245684215464842772e-59,109.0,0.9960517908084351206748521828235958466,0.27673859128455601204123659193862486758
0.36999999999999999555910790149937383831,5.2776985144005269539018984299766237509e-59,109.0,0.99605211576709685878985102666530583785,0.27668490155658615712229324961333104117
0.375,5.3558766293668407933865783365279676452e-59,109.0,0.99605243943307602018919184386628863886,0.27663112535493004516549289833377267887
0.38000000000000000444089209850062616169,5.4352465456992866299980414802217220431e-59,109.0,0.99605276180566074371255747391449409979,0.27657726265857313368859469687570552474
0.38500000000000000888178419700125232339,5.5158269449036359696910909207466080385e-59,109.0,0.99605308288413739552106516176732954147,0.27652331344659332429885064501165327274
0.39000000000000001332267629550187848508,5.5976368093324465538460945805741227753e-59,109.0,0.99605340266779056450634930577994979144,0.27646927769816078593221000498636316848
0.39500000000000001776356839400250464678,5.6806954271585657397326138343482470897e-59,109.0,0.99605372115590305768784492360295737199,0.27641515539253777727054268177309460712
0.40000000000000002220446049250313080847,5.765022397432975208709266862258210977e-59,109.0,0.99605403834775589559823413980543889827,0.27636094650907846834202516298756680625
0.40500000000000002664535259100375697017,5.8506376352284431381296885093259164602e-59,109.0,0.99605435424262830765701786026936454363,0.27630665102722876130986743524582554833
0.40999999999999997557509345824655611068,5.9375613768704751085884755230899058259e-59,109.0,0.99605466883979772752868913531319723703,0.27625226892652611105883758199936806956
0.41499999999999998001598555674718227237,6.0258141852570883939839563985130704443e-59,109.0,0.99605498213853978848639765998885037853,0.27619780018659934196033293901963965551
0.41999999999999998445687765524780843407,6.1154169552689410195815811610902491309e-59,109.0,0.99605529413812831872871221043748698743,0.27614324478716846988012330948871503696
0.42499999999999998889776975374843459576,6.2063909192714083476199630243564112253e-59,109.0,0.99605560483783533671929726006755041089,0.27608860270804451735883244681923171484
0.42999999999999999333866185224906075746,6.2987576527101942773749246816936457149e-59,109.0,0.99605591423693104649703823503094785694,0.27603387392912933102454370295452020412
0.43499999999999999777955395074968691915,6.3925390798021129242825875529580180248e-59,109.0,0.99605622233468383297756193832920777997,0.27597905843041539762226437268369491727
0.44000000000000000222044604925031308085,6.4877574793226990244656754936505138406e-59,109.0,0.99605652913036025724261338595129553409,0.2759241561919856592689514838683406515
0.44500000000000000666133814775093924254,6.5844354904923359009590944483524080112e-59,109.0,0.9960568346232250518172500905455400552,0.2758691671940133279395545346418310761
0.45000000000000001110223024625156540424,6.682596118962620001907322286916781126e-59,109.0,0.99605713881254111593481468441648208474,0.2758140914167616991895651180350763215
0.45500000000000001554312234475219156593,6.7822627429047117468874601285149966352e-59,109.0,0.99605744169756951078964662935807731426,0.27575892884058396511959776677595566171
0.46000000000000001998401444325281772763,6.8834591192014537056260671163869070888e-59,109.0,0.99605774327756945477749361598513924532,0.27570367944592302658756069514781632616
0.46500000000000002442490654175344388932,6.9862093897450689942508642034895301897e-59,109.0,0.99605804355179831872358310980273562125,0.27564834321331130467400940971840943877
0.46999999999999997335464740899624302983,7.0905380878422840514421303036320224082e-59,109.0,0.99605834251951162109500240224529999159,0.2755929201233705520221125373870511734
0.47499999999999997779553950749686919153,7.1964701447287611476314278503818612893e-59,109.0,0.99605864017996302321723356708980966142,0.27553741015681166036404311962985479527
0.47999999999999998223643160599749535322,7.3040308961947352222562178969146437784e-59,109.0,0.99605893653240432444505146454986733121,0.27548181329443447347169996123229123882
0.48499999999999998667732370449812151492,7.4132460893238244873658903369571560883e-59,109.0,0.99605923157608545735412886651770505064,0.27542612951712759323109149011282818253
0.48999999999999999111821580299874767661,7.524141889346978631886561881687257999e-59,109.0,0.99605952531025448290348400236165009458,0.27537035880586818807353274850250974386
0.49499999999999999555910790149937383831,7.6367448866135882344169217353562946767e-59,109.0,0.99605981773415758558867437104273926269,0.275314501141721800079462673422062613
0.5,7.7510821036818071110630551306426179897e-59,109.0,0.99606010884703906858236978020655639214,0.27525855650584215137555095056812385123
0.50500000000000000444089209850062616169,7.8671810025301773211901149678072625905e-59,109.0,0.99606039864814134886226388520050829545,0.27520252487947094983095987415032087525
0.51000000000000000888178419700125232339,7.9850694918926840779128227172361201211e-59,109.0,0.99606068713670495232628335027885036422,0.27514640624393769405866044957295708054
0.51500000000000001332267629550187848508,8.1047759347194060238663690827068873847e-59,109.0,0.99606097431196850889505360297211282131,0.27509020058065947772773572039269516692
0.52000000000000001776356839400250464678,8.2263291557649652492668864496611557672e-59,109.0,0.99606126017316874760158000071158302369,0.27503390787114079319263798464403512535
0.52500000000000002220446049250313080847,8.3497584493070210617082780047854986203e-59,109.0,0.99606154471954049166810307631057798216,0.27497752809697333444540018734437686195
0.53000000000000002664535259100375697017,8.4750935869970918790261797331727893483e-59,109.0,0.99606182795031665357008637580979101231,0.27492106123983579939683533470656435854
0.53500000000000003108624468950438313186,8.6023648258460307216259373865654326379e-59,109.0,0.99606210986472823008729524849140241416,0.27486450728149369149279127023529918578
0.54000000000000003552713678800500929356,8.731602916346521642919907504148876064e-59,109.0,0.99606239046200429734192479455327849495,0.2748078662037991206715615824007347119
0.54500000000000003996802888650563545525,8.8628391107350070702200205385217019438e-59,109.0,0.9960626697413720058237350210078064568,0.2747511379886906036685867769037833908
0.55000000000000004440892098500626161695,8.9961051713954994481292388392068856889e-59,109.0,0.99606294770205657540215110082707276934,0.27469432261819286367461314260890684963
0.55500000000000004884981308350688777864,9.1314333794077747969955645317699536272e-59,109.0,0.99606322434328129032528647419452431439,0.27463742007441662935350996795701930252
0.56000000000000005329070518200751394033,9.2688565432424908354457863467329987698e-59,109.0,0.99606349966426749420584637394027849709,0.27458043033955843322597892301915486781
0.56499999999999994670929481799248605967,9.4084080076058150612622653917818606059e-59,109.0,0.99606377366423458498779985043275762886,0.27452335339590041069375359357309485894
0.56999999999999995115018691649311222136,9.5501216624362167091072722316598659587e-59,109.0,0.99606404634240000993022301754283033813,0.27446618922581009210253959767245802356
0.57499999999999995559107901499373838305,9.6940319520560587976204256177069053959e-59,109.0,0.99606431769797926051708361115623910197,0.27440893781174020686530973152856166023
0.57999999999999996003197111349436454475,9.8401738844807835026443586460068119138e-59,109.0,0.99606458773018586741460431309239178374,0.2743515991362284743050667649093891779
0.58499999999999996447286321199499070644,9.9885830408884251176542034409240123319e-59,109.0,0.99606485643823139538482790677802385517,0.27429417318189740022907089254396907727
0.58999999999999996891375531049561686814,1.0139295585252299983785481962647963218e-58,109.0,0.99606512382132543819190371258084857496,0.27423665993145407164066008463959010572
0.59499999999999997335464740899624302983,1.0292348274139752396918830658802582778e-58,109.0,0.99606538987867561349495307917767925279,0.27417905936768995086152169070881058841
0.59999999999999997779553950749686919153,1.0447778466679890718339777727245795732e-58,109.0,0.99606565460948755772747023607437182891,0.27412137147348066907091175292203372491
0.60499999999999998223643160599749535322,1.0605624134703301025408930713715208332e-58,109.0,0.99606591801296492096321464989674507164,0.27406359623178581926835097115512700094
0.60999999999999998667732370449812151492,1.076592387305677973266397305574159162e-58,109.0,0.99606618008830936176855086392456449047,0.27400573362564874866635866782587279757
0.61499999999999999111821580299874767661,1.0928716910096181710484224665788160344e-58,109.0,0.99606644743350355780655013342074661523,0.27394778363819635051981842544511535908
0.61999999999999999555910790149937383831,1.1094043118360536546897179189770007995e-58,109.0,0.99606673615511944850953522182090027116,0.27388974625263885539860131248585422157
0.625,1.1261943025430642757679108326738281909e-58,109.0,0.99606702355429397392939265522441573859,0.27383162145226962191010477263416955355
0.63000000000000000444089209850062616169,1.1432457824975407970359281138771854903e-58,108.0,0.99606730963027606121057976379063158433,0.27377340922046492687839732766813938633
0.63500000000000000888178419700125232339,1.1605629387989262409223838298774390211e-58,108.0,0.99606759438231272777154144529179633008,0.27371510954068375498669123405369149392
0.64000000000000001332267629550187848508,1.1781500274224033411466243088712944278e-58,108.0,0.99606787780964907634657330419806288275,0.27365672239646758788989713678901093983
0.64500000000000001776356839400250464678,1.1960113743818730230180718388484677204e-58,108.0,0.9960681599115282900147254664047731908,0.27359824777144019280404658001164022289
0.65000000000000002220446049250313080847,1.214151376913075104928416485365766125e-58,108.0,0.99606844068719162721570487043896667976,0.27353968564930741057939996134529624252
0.65500000000000002664535259100375697017,1.2325745046772087970436587593912709513e-58,108.0,0.99606872013587841675273367866876503443,0.27348103601385694326408915484784924726
0.66000000000000003108624468950438313186,1.2512853009854170754788980445528521714e-58,108.0,0.99606899825682605278232129409803967195,0.27342229884895814116517557466969187909
0.66500000000000003552713678800500929356,1.270288384044505633553137622539263533e-58,108.0,0.9960692750492699897909073097568282694,0.27336347413856178941403590708540071501
0.67000000000000003996802888650563545525,1.2895884482242738583792899461537114471e-58,108.0,0.99606955051244373755833255849259151461,0.27330456186669989404301910136442842891
0.67500000000000004440892098500626161695,1.3091902653468421533959523112328794245e-58,108.0,0.99606982464557885610809527112583611092,0.27324556201748546758034947894260599732
0.68000000000000004884981308350688777864,1.3290986859983669278880968771580262944e-58,108.0,0.9960700974479049506443491904531078843,0.27318647457511231417028199449033974836
0.68500000000000005329070518200751394033,1.3493186408635417055159817512457246166e-58,108.0,0.99607036891864966647560032745809870095,0.27312729952385481422554676069126337966
0.68999999999999994670929481799248605967,1.3698551420832896083115050312059562744e-58,108.0,0.99607063905703868391907540500015360033,0.27306803684806770993601961604410200656
0.69499999999999995115018691649311222136,1.3907132846360630818331233642214659641e-58,108.0,0.99607090786229571322164883721771369246,0.27300868653218588374145176770760528165
0.69999999999999995559107901499373838305,1.4118982477431646573201650584644658268e-58,108.0,0.99607117533364248940738422064656494724,0.2729492485607241495186880403635282118
0.70499999999999996003197111349436454475,1.4334152962985262021535081089228359582e-58,108.0,0.99607144147029876717161199087400088239,0.27288972291827703017262080932889183684
0.70999999999999996447286321199499070644,1.4552697823233759903403417329411052774e-58,108.0,0.99607170627148231573145092847239918226,0.27283010958951854137164126967366855086
0.71499999999999996891375531049561686814,1.4774671464462404367201230980636784411e-58,108.0,0.99607196973640891366877807762229083189,0.27277040855920197354332692084674013615
0.71999999999999997335464740899624302983,1.5000129194087322815364761944246180533e-58,108.0,0.99607223186429234375958954554945721467,0.27271061981215967345254000987049828291
0.72499999999999997779553950749686919153,1.5229127235975857335582954150659059077e-58,108.0,0.99607249265434438778970755671811357428,0.27265074333330282536921909147065876997
0.72999999999999998223643160599749535322,1.5461722746034075037769832664138017288e-58,108.0,0.99607275210577482135678896869701772332,0.27259077910762123183317603119471748142
0.73499999999999998667732370449812151492,1.5697973828066212432881035536382260638e-58,108.0,0.99607301021779140865859028891984439555,0.27253072712018309402324083885492474577
0.73999999999999999111821580299874767661,1.5937939549910916413064672613634959941e-58,108.0,0.99607326698959989726744406319246038864,0.27247058735613479173812667346715230338
0.74499999999999999555910790149937383831,1.6181679959859233454446715920509738316e-58,108.0,0.99607352242040401289090133775487933836,0.27241035980070066299641720620431904441
0.75,1.6429256103359389395476357598894681053e-58,108.0,0.9960737765094054541184947269817121198,0.2723500444391827832631082637021933426
0.75500000000000000444089209850062616169,1.6680730040013494577225506170601064688e-58,108.0,0.99607402925580388715457644839888715452,0.27228964125696074431016529930782619633
0.76000000000000000888178419700125232339,1.6936164860871403300005249130791303159e-58,108.0,0.99607428065879694053718551560331033485,0.27222915023949143271858775350940844723
0.76500000000000001332267629550187848508,1.7195624706027052486427810760874959758e-58,108.0,0.9960745307175801998428981078929668916,0.27216857137230880802950076579523508663
0.77000000000000001776356839400250464678,1.74591747825227021785559472677448172e-58,108.0,0.99607477943134720237761496294472408667,0.27210790464102368055182398752441352349
0.77500000000000002220446049250313080847,1.7726881382566600070660171449108934227e-58,108.0,0.99607502679928943185323946571274613367,0.27204715003132348883409641802018543624
0.78000000000000002664535259100375697017,1.7998811902069693724645043311801954896e-58,108.0,0.99607527282059631305019993285893906316,0.27198630752897207680806524298699441479
0.78500000000000003108624468950438313186,1.8275034859507117468400042433755040225e-58,108.0,0.99607551749445520646576941746514636826,0.27192537711980947061167559447504794837
0.79000000000000003552713678800500929356,1.8555619915110286274876908008036998681e-58,108.0,0.99607576082005140294813618351184514615,0.27186435878975165509912697394302339185
0.79500000000000003996802888650563545525,1.884063789039553619901428037138743803e-58,108.0,0.99607600279656811831617782363676085688,0.27180325252479035004569078347432760839
0.80000000000000004440892098500626161695,1.9130160788035360248878829978740851972e-58,108.0,0.99607624342318648796489181700602637129,0.27174205831099278605501199386019142006
0.80500000000000004884981308350688777864,1.9424261812078399925477788657925400622e-58,108.0,0.99607648269908556145643514673714192018,0.27168077613450148017664644105082877285
0.81000000000000005329070518200751394033,1.9723015388524466122295132089803141397e-58,108.0,0.99607672062344229709672541820391698077,0.27161940598153401124161358337263068577
0.81499999999999994670929481799248605967,2.0026497186260971879458061677671136764e-58,108.0,0.99607695719543155649231780775051702165,0.27155794783838279628939466976062714276
0.81999999999999995115018691649311222136,2.0334784138367324697639761476216017681e-58,108.0,0.99607719241422609911896757877614240601,0.27149640169141485990243529233341559415
0.82499999999999995559107901499373838305,2.0647954463793804132563899501951916705e-58,108.0,0.99607742627899657682311081088708043915,0.27143476752707161693057409469618888194
0.82999999999999996003197111349436454475,2.0966087689421808759434486761969184891e-58,108.0,0.99607765878891152836127421116904343754,0.27137304533186864132039267355528519199
0.83499999999999996447286321199499070644,2.1289264672512245592727747602718649666e-58,108.0,0.99607788994313737389849610179830070233,0.2713112350923954415221943701075093104
0.83999999999999996891375531049561686814,2.1617567623549103002367881370513847004e-58,108.0,0.99607811974083840949728774648927010438,0.27124933679531523429859774760752917001
0.84499999999999997335464740899624302983,2.1951080129485330586793819590545878384e-58,108.0,0.99607834818117680159181821929757986986,0.27119320606573330363533437793584383427
0.84999999999999997779553950749686919153,2.2289887177398287919449041645940953344e-58,108.0,0.99607857526331258144727380609013668233,0.27113984101305170644388164742318440822
0.85499999999999998223643160599749535322,2.2634075178562158348091379064517291549e-58,108.0,0.99607880098640363960434274429994822315,0.27108638463546760787820328750707002024
0.85999999999999998667732370449812151492,2.2983731992944860830137435204006764047e-58,108.0,0.99607902534960572030877592114181668687,0.27103283691081099459070256254745577492
0.86499999999999999111821580299874767661,2.3338946954137132181220724920763351561e-58,108.0,0.99607924835207241592597396427224619708,0.27097919781702141014823352372329634803
0.86999999999999999555910790149937383831,2.3699810894721594148421609365136795127e-58,108.0,0.99607946999295516134055097192967655421,0.27092546733214775954352457579275242005
0.875,2.4066416172089764445381732195582635548e-58,108.0,0.99607969359403135036633772246308678779,0.27087164543434811268102969753473820891
0.88000000000000000444089209850062616169,2.4438856694715118355920682201196900058e-58,108.0,0.99607994131828675662914312036892068505,0.27081773210188950684324094952431743765
0.88500000000000000888178419700125232339,2.4817227948890457779036818076729680097e-58,108.0,0.99608018768743224774359999919777423703,0.27076372731314774814353972259043630438
0.89000000000000001332267629550187848508,2.5201627025937997705561418608876672865e-58,108.0,0.99608043270066855527776066940108530021,0.27070963104660721197170795463995428301
0.89500000000000001776356839400250464678,2.5592152649900736140585786532809185542e-58,108.0,0.99608067635719433930975117234340642662,0.27065544328086064243826427110757090621
0.90000000000000002220446049250313080847,2.598890520572383247253307170229574184e-58,108.0,0.99608091865620618303264583345206428738,0.27060116399460895082383368370611037499
0.90500000000000002664535259100375697017,2.6391986767934881296959307880321052008e-58,108.0,0.99608115959689858734496606318139607721,0.27054679316666101303980311200321725763
0.91000000000000003108624468950438313186,2.6801501129832133789543611327922202832e-58,108.0,0.99608139917846396542675564946384152242,0.27049233077593346610655857123482640395
0.91500000000000003552713678800500929356,2.721755383318988694813421941065937762e-58,108.0,0.99608163740009263730118460484513118587,0.27043777680145050365564339627732988807
0.92000000000000003996802888650563545525,2.7640252198490432449213704582380094781e-58,108.0,0.99608187426097282438163345029469359824,0.2703831312223436704622203444322959316
0.92500000000000004440892098500626161695,2.8069705355692131552006208266944183253e-58,108.0,0.99608210976029064400420963574197737888,0.2703283940178516560142638372216646231
0.93000000000000004884981308350688777864,2.850602427554336049718377478519002866e-58,108.0,0.99608234389723010394564761471140527637,0.27027356516732008712495196233801067098
0.93500000000000005329070518200751394033,2.8949321801452252251513839179700068457e-58,108.0,0.99608257667097309692654390700988654666,0.27021864465020131959477115983292806326
0.93999999999999994670929481799248605967,2.9399712681922335230592895717390291648e-58,108.0,0.99608280808069939509475512084287483516,0.27016363244605423015242415493782541284
0.94499999999999995115018691649311222136,2.9857313603564428417696595393737894291e-58,108.0,0.99608303812558664451967928439060141175,0.27010852853454400134797065654331665463
0.94999999999999995559107901499373838305,3.0322243224695133554303095596817482049e-58,108.0,0.99608326680481035962037203486704688401,0.27005333289544191773267697445771558966
0.95499999999999996003197111349436454475,3.0794622209532811121402581915599284686e-58,108.0,0.99608349411754391763021489949611544119,0.26999804550862514890193576774672047839
0.95999999999999996447286321199499070644,3.1274573263001776597320339803403659731e-58,108.0,0.9960837200629585530209353610504016235,0.26994266635407653772563768526336416206
0.96499999999999996891375531049561686814,3.1762221166155865951961774400357812378e-58,108.0,0.99608394464022335191681949626332527029,0.26988719541188438644774086246977520043
0.96999999999999997335464740899624302983,3.2257692812232656795013267834260932652e-58,108.0,0.99608416784850524649391374132524580639,0.26983163266224224188235088386664040076
0.97499999999999997779553950749686919153,3.2761117243349852539099306669793578813e-58,108.0,0.99608438968696900936416562400160734663,0.2697759780854486797131683006566798687
0.97999999999999998223643160599749535322,3.3272625687855551995801465488259741491e-58,108.0,0.9960846101547772479444531116757892608,0.2697202316619070879032035104655583186
0.98499999999999998667732370449812151492,3.3792351598344345993218273500638063519e-58,108.0,0.99608482925109039881045203360968077946,0.26966439337212544922170145096688337245
0.98999999999999999111821580299874767661,3.432043069035140596888843611063858699e-58,108.0,0.99608504697506672203529084392762689291,0.26960846319671612289526113068608351869
0.99499999999999999555910790149937383831,3.4857000981736957133525577702149029775e-58,108.0,0.99608526332586229551294179926085362374,0.26955244111639562539017751666918198407
1.0,3.5402202832773760802876312902124055102e-58,108.0,0.99608547830263100926629743163630466075,0.26949632711198441033307571867437365597
