value,sup,dur,Y,S
1.0,8.2066703180748318136483688871510043429e-77,108.0,0.99608517062250971376375689442954661903,0.26945857525651123824616849868608101657
0.98999999999999999111821580299874767661,8.1142182553211984917668913001429376795e-76,108.0,0.99556790951016415581867500212870336933,0.26840529949927130888578744084285494886
0.97999999999999998223643160599749535322,3.0643381310852122129506205112703361826e-74,108.0,0.99501489452301507169259138181353983791,0.26732271497665855031857298279988354386
0.96999999999999997335464740899624302983,3.3111322483453171496663916399581714893e-72,108.0,0.99443448609696604381174105240260557909,0.26606976248364858543353974960640339588
0.95999999999999996447286321199499070644,7.3504183134912485745328588937065640151e-70,108.0,0.9938338181037387507688730752507697199,0.26480669272132253036726710747407930015
0.94999999999999995559107901499373838305,2.4982144990185582273235487102952048181e-67,108.0,0.99321959536620753497959019878810414465,0.26360947578213388346942825753609085809
0.93999999999999994670929481799248605967,1.03820508856224681634183477966074688e-64,108.0,0.99259601675901161681379103645422876806,0.26231915718730493294897192188043295143
0.93000000000000004884981308350688777864,4.5112575354939684080674045991480965198e-62,108.0,0.99196664613738484438393016641853085372,0.26095412085632757891366721726218061942
0.92000000000000003996802888650563545525,1.8505543423087270445427875927650419701e-59,108.0,0.99133402145040706445965896227994766778,0.25967657366055292962647866647036383813
0.91000000000000003108624468950438313186,6.7273336574565054294010924157544875003e-57,108.0,0.9906999817546328540241582571634649991,0.25845741262843932506968600228970585495
0.90000000000000002220446049250313080847,2.0889883923021675299368989399015568303e-54,107.0,0.99006541838753936319103421856546036208,0.25719352268879990126776169549546981519
0.89000000000000001332267629550187848508,5.4340231704644985719979381399723908122e-52,107.0,0.98943237897101111801967404489093435196,0.25589390661724244104610998084401290049
0.88000000000000000444089209850062616169,1.1742802581720790358693409892667587001e-49,107.0,0.98880044629397441210221622401177546551,0.25456632005681436369450833521132794632
0.86999999999999999555910790149937383831,2.1052459872430879726553214331103785133e-47,107.0,0.98817048455499670982449719315191008789,0.25332353460672272889408858385011562845
0.85999999999999998667732370449812151492,3.1405380102077419072589507008109036388e-45,107.0,0.98754380868120281902790667077837359927,0.25215995993077393508401978745034208516
0.84999999999999997779553950749686919153,3.9199281028360932692223060270025724257e-43,107.0,0.98691971186105306669435389906811637303,0.25097709979733311758733769359264359054
0.83999999999999996891375531049561686814,4.1224021720386319996722164283701885786e-41,107.0,0.98629849302325207643342744202667164764,0.24977920875565188442362442226407400412
0.82999999999999996003197111349436454475,3.6808971901806578902086810260048864126e-39,106.0,0.98568078883469050068832335447446540407,0.24857001359162011926986047231361574908
0.81999999999999995115018691649311222136,2.8127286571689125188216145262692107668e-37,106.0,0.9850672283653456503842390965910702406,0.24735277686192782050014278597311225532
0.81000000000000005329070518200751394033,1.8539310910651916656849633028944353155e-35,106.0,0.98445715497142330921516933391608756843,0.2461303528875542384679367145322119255
0.80000000000000004440892098500626161695,1.0621251872416986716685475710507040237e-33,106.0,0.98385070347871208171751907708653743969,0.24500538698612917956487657061013584834
0.79000000000000003552713678800500929356,5.3279211365303991780272473781868089762e-32,106.0,0.98324798707983652114581940496884347978,0.2439314127215566845498498038726839366
0.78000000000000002664535259100375697017,2.3564476186855182758946495950925901798e-30,105.0,0.98264912997713564183116924013972277023,0.24285238507689770206116348619145177495
0.77000000000000001776356839400250464678,9.2494730378293446886545775894461026518e-29,105.0,0.98205520801959828667177519042890892232,0.24177012459019559124110450703192261547
0.76000000000000000888178419700125232339,3.2418837986006601261008032579455041715e-27,105.0,0.98146526538843493743814959748764830832,0.24068625274459483445785800203320733091
0.75,1.0204335990396962792728282176413146243e-25,105.0,0.98087936080670591758307870137293051031,0.23960221293777888498905089364633542107
0.73999999999999999111821580299874767661,2.8999730998482575161080266471965781009e-24,105.0,0.98029754495205851937223136625567715314,0.23851928919904395212319854742864807932
0.72999999999999998223643160599749535322,7.4778587758628088226916677760729120149e-23,104.0,0.97971986172941537419285618860445095233,0.23743862289528795776852827833743684185
0.71999999999999997335464740899624302983,1.7576494398269522741409856805216879376e-21,104.0,0.97914634930372034193833869273742377154,0.23636122764339971377245480997335101334
0.70999999999999996447286321199499070644,3.7819048245123686098883921498843047872e-20,104.0,0.97857704094412092904973534546196555479,0.23528800262432417228711514549939505429
0.69999999999999995559107901499373838305,7.4786983405098874208228921448500196072e-19,103.0,0.97801214022533724376149879495977072899,0.23432590054738082429254532573677023016
0.68999999999999994670929481799248605967,1.3641491870386002585184821023985956246e-17,103.0,0.97745216749295123465246456945913722043,0.23336947120868450425745832960506307591
0.68000000000000004884981308350688777864,2.3029133288227464940467279852729726237e-16,103.0,0.97689646823237380396826096790341005291,0.23241504997499365606826530753685891686
0.67000000000000003996802888650563545525,3.6092251287978251774810931038377112792e-15,102.0,0.97634506149822988580319541549859571869,0.23146332477014355538770092330001426824
0.66000000000000003108624468950438313186,5.2661928966170076920946374081792103737e-14,102.0,0.97579796399521431351373273777639177687,0.23051491686175075263256176365291964556
0.65000000000000002220446049250313080847,7.1719653980823236760258159875344638249e-13,102.0,0.97525519036157030289291247316027688706,0.22957038684689414576129263462251701848
0.64000000000000001332267629550187848508,9.1376681719421739844622277690809148275e-12,101.0,0.97471675341060460499901350001169393342,0.22863024008553140629054247947911890168
0.63000000000000000444089209850062616169,1.0913504952615302689459889944295302505e-10,101.0,0.97418266433747315279206395550763509058,0.22769493163430384780038196268668807335
0.61999999999999999555910790149937383831,1.2239550421781483156871543812469133101e-09,100.0,0.97365293289707305943228054199580255405,0.22676487072833788965685297125556324784
0.60999999999999998667732370449812151492,1.290671275734319980828722310723241567e-08,100.0,0.97312756755777510608646837895994122576,0.22584042485406024679944621080111261214
0.59999999999999997779553950749686919153,1.2807520012756233626287383607511141715e-07,99.0,0.97260657563485742359927394270299288204,0.22492192345187609033565224746999860173
0.58999999999999996891375531049561686814,1.1958663788293519716938705909257904413e-06,98.0,0.97208996340680461728205661877607369408,0.22400966128378296868717223453356302182
0.57999999999999996003197111349436454475,1.0475257699941451566993184933336053069e-05,98.0,0.97157773621707815595112436601015353535,0.2231039014975768003057283454747115153
0.56999999999999995115018691649311222136,6.8184553871516422068335181696977173838e-05,97.0,0.97106989856351368277524443666225374083,0.2222048784162192497367528803802048802
0.56000000000000005329070518200751394033,0.0002855212906644263561987978516506975118,96.0,0.97056691206783126070820302167676471404,0.22135314623182315116106037676119691834
0.55000000000000004440892098500626161695,0.00083223314434270785052017222700078600451,95.0,0.970068428689886324490528164136913692,0.22053643132681914017393273904214827656
0.54000000000000003552713678800500929356,0.0018579156885719142179701576831633410987,86.0,0.96957433458885405639897586702763664123,0.21972442694569773298823778522264442832
0.53000000000000002664535259100375697017,0.0034385963223805498932782793956167483355,64.0,0.96908463153245597463114147836221797902,0.21891736116736595027867199920866662455
0.52000000000000001776356839400250464678,0.005580880917167260993130520870808329283,42.0,0.96859932077625194733174194767879212973,0.21811544181177331666666342397383715874
0.51000000000000000888178419700125232339,0.0082483380273971995149588438459049341293,22.0,0.96786424785941138301537944998354193255,0.21731885798323290622904849477009893579
0.50,0.011375913203934505761876099373501821495,0.0,0.9676418788786216912963675548103511154,0.21652778149486925154383817829622395979
0.48999999999999999111821580299874767661,0.014904012351944474473834557723115073957,0.0,0.96716974805168130941021711140377590079,0.21574236818372052885945907800112791415
0.47999999999999998223643160599749535322,0.018761614676480422411065085624755881123,0.0,0.96670201021952810815934102843028017517,0.21496275912522232045358364826243437857
0.46999999999999997335464740899624302983,0.022899366182038323284747227912350425858,0.0,0.96623866463878183738124887043012534448,0.21418908175506683026036594194639969035
0.46000000000000001998401444325281772763,0.027270378193365903951846690956849301681,0.0,0.96577971025410503715710268742568810188,0.21342145090575929220902865363954312588
0.45000000000000001110223024625156540424,0.03183731285119717960901971445600751691,0.0,0.96532514572099557845114074837791774494,0.21265996976457738051178209091249788161
0.44000000000000000222044604925031308085,0.036564106928716277619997334525316498867,0.0,0.96487496942633614978918224561779602995,0.21190473075907517215595203157315151103
0.42999999999999999333866185224906075746,0.041428331379235377475765070545918865184,0.0,0.96442917950689450509849236220840291649,0.21115581637575592504461293292570804992
0.41999999999999998445687765524780843407,0.046419904434321868690801979406056111479,0.0,0.96398777386593596894912880056745672279,0.2104132999170641500132714666364829877
0.40999999999999997557509345824655611068,0.051469796795244252433233804712503447169,0.0,0.96355075018808109688050981523737966551,0.20967724620141294641961850489817775933
0.40000000000000002220446049250313080847,0.056622838408629843247339760716269218149,0.0,0.96311810595251607703607811924872324129,0.20894771221056431720077586227205601811
0.39000000000000001332267629550187848508,0.061833165835836984196110759987602312315,0.0,0.96268983844464078940482428365488247498,0.20822474768831489219710080319464724298
0.38000000000000000444089209850062616169,0.067109637207791510953239764274009117547,0.0,0.96226594476621908596476864331087592567,0.20750839569410452353201004728387115945
0.36999999999999999555910790149937383831,0.072415484392679218131917957029750815657,0.0,0.96184642184407726378929681408451910118,0.20679869311485765409028313032089171707
0.35999999999999998667732370449812151492,0.077802634281323605207232052418373016827,0.0,0.96143126643737989529999887887845024086,0.20609567113808537013876325855375278731
0.34999999999999997779553950749686919153,0.083167722266048845966895125642594125151,0.0,0.9610204751434966322946143309154281742,0.20539935568901700250777666128655787397
0.34000000000000002442490654175344388932,0.088588444709630477409944657185246628618,0.0,0.96061404440245935008311804019309468204,0.20470976783429246890870199343561183149
0.33000000000000001554312234475219156593,0.094062602719197669827105398192104939183,0.0,0.96021197049999581744617279523447418202,0.20402692415452835093455847208974357338
0.32000000000000000666133814775093924254,0.099509182494904325713521148083169306619,0.0,0.95981424956911399101205646609807632102,0.20335307385872719984287872350316738977
0.30999999999999999777955395074968691915,0.10498321134551116707418799009290530315,0.0,0.95942087759019980638853067350571077887,0.20271685016790930814374806652117613914
0.29999999999999998889776975374843459576,0.1104937414071925221632689256641985727,0.0,0.95903185038958125051062670283020538862,0.20208618863244462142418900223297041483
0.28999999999999998001598555674718227237,0.11603575295367465489282010356270727045,0.0,0.95864716363650229074697605298134058357,0.20146113065360298371710986666161910588
0.28000000000000002664535259100375697017,0.12153958592228462665097756226238180455,0.0,0.95826681283844215229639784709314984477,0.200841713502545703022224183583368886
0.27000000000000001776356839400250464678,0.12705761242530509755334564162108825479,0.0,0.95789079333470845638206013841530576029,0.20022797057242624416582709821834644103
0.26000000000000000888178419700125232339,0.13259819106508804032844811635888438015,0.0,0.95751910028822705822831290432651986563,0.19961993161099771265842023238383411491
0.25,0.1381583309136456443461620447763422481,0.0,0.95715172867544700200288813011175978146,0.19901762293468153885332835683194745132
0.23999999999999999111821580299874767661,0.14373540002645995463505797590045291327,0.0,0.9567886732742762492897164975607850452,0.19842106762497805969991578168491876905
0.23000000000000000999200722162640886381,0.14928653779762755988905396502777801563,0.0,0.95642992864996263126285454439366333417,0.1978302857080335537957069280067128582
0.22000000000000000111022302462515654042,0.15482648785950599300109739052940683143,0.0,0.95607548913883516029124145065088722129,0.19724529431811987588147300026954861904
0.20999999999999999222843882762390421703,0.16037916056698128259896563742985061135,0.0,0.9557253488298235488751817178022234877,0.19666610784573200513945169601893631193
0.20000000000000001110223024625156540424,0.16594287701125736520034261069420125731,0.0,0.95537950154367863548532085817901039693,0.1960927380709653887467938592688545334
0.19000000000000000222044604925031308085,0.171516142676575953553103005916575414,0.0,0.95503794080982369445253798376493421046,0.19552519428279904808850851107301678196
0.17999999999999999333866185224906075746,0.17709762599613200296625246731238977645,0.0,0.95470065984077638031540137094881804892,0.19496348338488179616821345627261874518
0.17000000000000001221245327087672194466,0.18268613937978295572739266230700713141,0.0,0.9543676581774770242841223755873543679,0.19440760998839750655791343828272253518
0.16000000000000000333066907387546962127,0.18824636908206394437662024803658366376,0.0,0.95403908417664011630200105041072398,0.19385757649257118537730981235088100059
0.14999999999999999444888487687421729788,0.19379137273313959816754612296366388957,0.0,0.95371476476057690732061121235752589519,0.19331338315337033902090256048468961009
0.14000000000000001332267629550187848508,0.19934182051411375727034281297209561675,0.0,0.95339469179590508823444921569089785606,0.1927750281409555950672876601283345026
0.13000000000000000444089209850062616169,0.20489687890105228373890364087090026026,0.0,0.95307885666667794835381365766376877575,0.1922425075864405706221036926610658133
0.11999999999999999555910790149937383831,0.2104557947275190088251186534738401888,0.0,0.95276725023348886097437073480476119168,0.1917158156185331149561625804323601979
0.11000000000000000055511151231257827021,0.21601788668700809021776279617484230001,0.0,0.95245986279022308648854910858512125114,0.19119494439064785051919728614117282097
0.10000000000000000555111512312578270212,0.22158253781215117334103934782026143457,0.0,0.95215668401857572242046282418009352924,0.19067988409910299646760344053078089236
0.089999999999999996669330926124530378729,0.22714918882170268400355430992030117503,0.0,0.95185770294048909872860421384426317302,0.19017062299304199814029117356198705866
0.080000000000000001665334536937734810635,0.23271733223715931286481113861805156411,0.0,0.9515629078686993161022621204730890585,0.18966714737675186127374419024557545702
0.070000000000000006661338147750939242542,0.23827733274043656354611845974222664508,0.0,0.95127228635561950308328414410557516137,0.18916944160508443394754306496937951375
0.059999999999999997779553950749686919153,0.2438003416318631441827981518088753329,0.0,0.95098582514082622599540401981192434454,0.18867748807272328119653413773791364779
0.050000000000000002775557561562891351059,0.24932431393948159226554100211728491534,0.0,0.95070351009745468985976501031180466678,0.18819126719807615291745780613057735678
0.040000000000000000832667268468867405318,0.25484885760468824968489039546197420626,0.0,0.9504253261778472823851799943761073226,0.1877107574026102856403327830194601948
0.029999999999999998889776975374843459576,0.26037361382099072001272996706905486255,0.0,0.95015125735883790049156954372495538939,0.187235935086483702503923034532045241
0.020000000000000000416333634234433702659,0.26589825419059631074931797662516112623,0.0,0.94988128658709052821538312818668462842,0.18676677460135895696547450576318051858
0.010000000000000000208166817117216851329,0.27142247819028576660678777341687603327,0.0,0.94961539572494393161553115416340222613,0.18630324822131521208486863123098200303
0.0,0.27694601091171930811750353132640033272,0.0,0.94935356549724420309390938658212374082,0.18584532611279878829744581270382336717
