value,sup,dur,Y,S
1.0,1.0406141808413487611985241247385430791e-43,104.0,0.99608517062250971376375689442954662054,0.2694585752565112382461684986860810162
0.98999999999999999111821580299874767661,9.5415614049512188346809716578831336848e-43,104.0,0.99556790951016415581867500212870337234,0.26840529949927130888578744084285494886
0.97999999999999998223643160599749535322,3.3260001015622880433608550193721568757e-41,104.0,0.99501489452301507169259138181353984017,0.26732271497665855031857298279988354649
0.96999999999999997335464740899624302983,3.3006969109500431004337390072268832032e-39,103.0,0.99443448609696604381174105240260557533,0.266069762483648585433539749606403394
0.95999999999999996447286321199499070644,6.6936574998596756985347674322804901511e-37,103.0,0.99383381810373875076887307525076971915,0.26480669272132253036726710747407929601
0.94999999999999995559107901499373838305,2.0663631657680934843090655787674591412e-34,103.0,0.9932195953662075349795901987881041469,0.26360947578213388346942825753609085545
0.93999999999999994670929481799248605967,7.7514846404983531712131618695108920831e-32,103.0,0.99259601675901161681379103645422876731,0.26231915718730493294897192188043295406
0.93000000000000004884981308350688777864,3.019849081754618134768549769573205672e-29,102.0,0.99196664613738484438393016641853085522,0.26095412085632757891366721726218062093
0.92000000000000003996802888650563545525,1.1024419107082305573468255725100460053e-26,102.0,0.99133402145040706445965896227994766552,0.25967657366055292962647866647036383625
0.91000000000000003108624468950438313186,3.53760483918367185629220163743760928e-24,102.0,0.9906999817546328540241582571634649991,0.25845741262843932506968600228970585645
0.90000000000000002220446049250313080847,9.6085559134791369562377463095370307039e-22,101.0,0.99006541838753936319103421856546036283,0.25719352268879990126776169549546981294
0.89000000000000001332267629550187848508,2.1639569843951942107978403517011658727e-19,101.0,0.9894323789710111180196740448909343497,0.25589390661724244104610998084401289937
0.88000000000000000444089209850062616169,4.0016114981993962298825993842046220028e-17,101.0,0.98880044629397441210221622401177546852,0.25456632005681436369450833521132794933
0.86999999999999999555910790149937383831,6.0567218413608063320149737481167967399e-15,100.0,0.9881704845549967098244971931519100909,0.25332353460672272889408858385011562507
0.85999999999999998667732370449812151492,7.5073115247494561237995792942919124922e-13,100.0,0.98754380868120281902790667077837360303,0.25215995993077393508401978745034208479
0.84999999999999997779553950749686919153,7.636328222867232909164588608890206751e-11,99.0,0.98691971186105306669435389906811637529,0.25097709979733311758733769359264358979
0.83999999999999996891375531049561686814,6.3853031676150767409258563185699798592e-09,98.0,0.98629849302325207643342744202667164839,0.24977920875565188442362442226407400168
0.82999999999999996003197111349436454475,4.3815410894104147787399201560295101911e-07,97.0,0.98568078883469050068832335447446540558,0.24857001359162011926986047231361574645
0.81999999999999995115018691649311222136,2.1894663875608578148441473529611335455e-05,97.0,0.98506722836534565038423909659107023759,0.24735277686192782050014278597311225343
0.81000000000000005329070518200751394033,0.00030299111100990706772303044621622992384,95.0,0.98445715497142330921516933391608756391,0.24613035288755423846793671453221193001
0.80000000000000004440892098500626161695,0.0013670751055821588994905407851976880098,94.0,0.98385070347871208171751907708653743969,0.24500538698612917956487657061013584965
0.79000000000000003552713678800500929356,0.0034008240962015205714425992739142717312,64.0,0.98324798707983652114581940496884347903,0.24393141272155668454984980387268393491
0.78000000000000002664535259100375697017,0.0062421549980436284221028000856746646843,36.0,0.98264912997713564183116924013972277851,0.24285238507689770206116348619145177645
0.77000000000000001776356839400250464678,0.0096658885898055036607061749306276214355,9.0,0.98015053191796010866555449602836518734,0.24177012459019559124110450703192261604
0.76000000000000000888178419700125232339,0.013501451211116060904555005600673242223,0.0,0.98146526538843493743814959748764830832,0.24068625274459483445785800203320733053
0.75,0.017615409650588096737827040110649269287,0.0,0.98087936080670591758307870137293050806,0.23960221293777888498905089364633541881
0.73999999999999999111821580299874767661,0.021933219847255744444846195652462706048,0.0,0.98029754495205851937223136625567715615,0.23851928919904395212319854742864808158
0.72999999999999998223643160599749535322,0.026389804426480430889167163575101039778,0.0,0.9797198617294153741928561886044509576,0.23743862289528795776852827833743684091
0.71999999999999997335464740899624302983,0.030955073489750270505741467294030442268,0.0,0.97914634930372034193833869273742376703,0.23636122764339971377245480997335101278
0.70999999999999996447286321199499070644,0.035604872105758463775040926782143071141,0.0,0.97857704094412092904973534546196555103,0.23528800262432417228711514549939505128
0.69999999999999995559107901499373838305,0.040299237641378735434012725733434866746,0.0,0.978012140225337243761498794959770732,0.23432590054738082429254532573677023242
0.68999999999999994670929481799248605967,0.045040882488227481456303209615746135719,0.0,0.97745216749295123465246456945913722194,0.23336947120868450425745832960506307403
0.68000000000000004884981308350688777864,0.049829333304570030092831218141348007558,0.0,0.9768964682323738039682609679034100514,0.23241504997499365606826530753685891348
0.67000000000000003996802888650563545525,0.05462708559839306269439655374009282359,0.0,0.97634506149822988580319541549859571794,0.23146332477014355538770092330001426956
0.66000000000000003108624468950438313186,0.05945766948730119053392159008066599989,0.0,0.97579796399521431351373273777639177386,0.2305149168617507526325617636529196435
0.65000000000000002220446049250313080847,0.064309091270215264094912414059124589775,0.0,0.97525519036157030289291247316027688857,0.22957038684689414576129263462251702205
0.64000000000000001332267629550187848508,0.069154174681003126843170347903730093668,0.0,0.97471675341060460499901350001169393342,0.22863024008553140629054247947911890318
0.63000000000000000444089209850062616169,0.0740298048011703353530931650812295479,0.0,0.97418266433747315279206395550763508983,0.22769493163430384780038196268668807222
0.61999999999999999555910790149937383831,0.078917812300085285170013373761164226394,0.0,0.97365293289707305943228054199580255631,0.22676487072833788965685297125556324934
0.60999999999999998667732370449812151492,0.083785465222503825567531209576029561694,0.0,0.97312756755777510608646837895994122501,0.22584042485406024679944621080111261459
0.59999999999999997779553950749686919153,0.088672812366577366453856068068375423997,0.0,0.97260657563485742359927394270299287527,0.2249219234518760903356522474699986038
0.58999999999999996891375531049561686814,0.093576689657117127526194819293907772633,0.0,0.97208996340680461728205661877607369935,0.22400966128378296868717223453356302031
0.57999999999999996003197111349436454475,0.098485944593062366821449571251202846089,0.0,0.97157773621707815595112436601015352708,0.22310390149757680030572834547471151248
0.56999999999999995115018691649311222136,0.10336881475872173847425489373834496179,0.0,0.97106989856351368277524443666225375136,0.22220487841621924973675288038020488096
0.56000000000000005329070518200751394033,0.10826349775710396266682443914425728401,0.0,0.97056691206783126070820302167676471479,0.2213531462318231511610603767611969174
0.55000000000000004440892098500626161695,0.11316831147644414166035767249380940913,0.0,0.97006842868988632449052816413691369425,0.22053643132681914017393273904214827807
0.54000000000000003552713678800500929356,0.11808182494225847469258421472270985648,0.0,0.96957433458885405639897586702763663822,0.2197244269456977329882377852226444287
0.53000000000000002664535259100375697017,0.12300281463766802426470853765971946072,0.0,0.969084631532455974631141478362217973,0.21891736116736595027867199920866662568
0.52000000000000001776356839400250464678,0.12789436239840580299008133756977235255,0.0,0.96859932077625194733174194767879213124,0.2181154418117733166666634239738371561
0.51000000000000000888178419700125232339,0.13278745532530346120401500167268206597,0.0,0.96811840310650573134272075636185690515,0.21731885798323290622904849477009893523
0.50,0.13768640188049676819626930455763949138,0.0,0.96764187887862169129636755481035111465,0.21652778149486925154383817829622395941
0.48999999999999999111821580299874767661,0.14259042121591749045742691379027022065,0.0,0.96716974805168130941021711140377589929,0.21574236818372052885945907800112791433
0.47999999999999998223643160599749535322,0.14749882500603237748957800678451699738,0.0,0.96670201021952810815934102843028017216,0.21496275912522232045358364826243437932
0.46999999999999997335464740899624302983,0.15241100376683465929761112883982853362,0.0,0.96623866463878183738124887043012534373,0.21418908175506683026036594194639968884
0.46000000000000001998401444325281772763,0.15732641544192254422106352937098196868,0.0,0.96577971025410503715710268742568810489,0.21342145090575929220902865363954312626
0.45000000000000001110223024625156540424,0.16221071243626672442242126802038642801,0.0,0.96532514572099557845114074837791774343,0.21265996976457738051178209091249788123
0.44000000000000000222044604925031308085,0.16709599413403871647242236060572414609,0.0,0.96487496942633614978918224561779602919,0.21190473075907517215595203157315151065
0.42999999999999999333866185224906075746,0.17198389230300873005783559085978288787,0.0,0.96442917950689450509849236220840291649,0.21115581637575592504461293292570804898
0.41999999999999998445687765524780843407,0.17687400401506299396458604859792639945,0.0,0.96398777386593596894912880056745671828,0.21041329991706415001327146663648298732
0.40999999999999997557509345824655611068,0.1817659628204647622500144471890984972,0.0,0.96355075018808109688050981523737966325,0.20967724620141294641961850489817776102
0.40000000000000002220446049250313080847,0.18665943429701145173856144660461833406,0.0,0.96311810595251607703607811924872323903,0.20894771221056431720077586227205602319
0.39000000000000001332267629550187848508,0.19155411222983283310470725668794253954,0.0,0.96268983844464078940482428365488248251,0.20822474768831489219710080319464724542
0.38000000000000000444089209850062616169,0.1964497153235195160709144140334321416,0.0,0.96226594476621908596476864331087592341,0.20750839569410452353201004728387116039
0.36999999999999999555910790149937383831,0.2013459843647573578452792633595367154,0.0,0.96184642184407726378929681408451909666,0.20679869311485765409028313032089171556
0.35999999999999998667732370449812151492,0.206213115441064495160119255962347962,0.0,0.96143126643737989529999887887845023936,0.20609567113808537013876325855375278807
0.34999999999999997779553950749686919153,0.21107850885622483737946540702611113461,0.0,0.96102047514349663229461433091542817119,0.20539935568901700250777666128655787435
0.34000000000000002442490654175344388932,0.21594431024693126643871403905226497275,0.0,0.96061404440245935008311804019309468054,0.20470976783429246890870199343561182866
0.33000000000000001554312234475219156593,0.22081030115232643660008172788854833945,0.0,0.96021197049999581744617279523447418277,0.20402692415452835093455847208974357338
0.32000000000000000666133814775093924254,0.2256762773548763547238901341299686575,0.0,0.95981424956911399101205646609807631801,0.20335307385872719984287872350316738996
0.30999999999999999777955395074968691915,0.23054204750775962167454462585714805505,0.0,0.95942087759019980638853067350571077511,0.20271685016790930814374806652117613801
0.29999999999999998889776975374843459576,0.23540743192567699983113415246981926381,0.0,0.95903185038958125051062670283020538336,0.20208618863244462142418900223297041445
0.28999999999999998001598555674718227237,0.2402722615179392322996310289830025631,0.0,0.95864716363650229074697605298134058281,0.20146113065360298371710986666161910626
0.28000000000000002664535259100375697017,0.24513637684578236211147034122001591848,0.0,0.95826681283844215229639784709314984628,0.20084171350254570302222418358336888656
0.27000000000000001776356839400250464678,0.24999962728847146155868772077563214872,0.0,0.95789079333470845638206013841530576481,0.20022797057242624416582709821834644122
0.26000000000000000888178419700125232339,0.25486187030496260397064490455590084443,0.0,0.95751910028822705822831290432651986714,0.19961993161099771265842023238383411378
0.25,0.25971489355596350065224814870692105111,0.0,0.95715172867544700200288813011175978446,0.19901762293468153885332835683194745151
0.23999999999999999111821580299874767661,0.26454591931652146150011845047761501007,0.0,0.95678867327427624928971649756078504144,0.19842106762497805969991578168491877036
0.23000000000000000999200722162640886381,0.26937577891007437669539159031272865435,0.0,0.95642992864996263126285454439366333643,0.19783028570803355379570692800671285632
0.22000000000000000111022302462515654042,0.27420434118336357227992968753695940159,0.0,0.95607548913883516029124145065088721978,0.1972452943181198758814730002695486181
0.20999999999999999222843882762390421703,0.27903148111782253164265850015808817302,0.0,0.9557253488298235488751817178022234877,0.19666610784573200513945169601893631061
0.20000000000000001110223024625156540424,0.28385707942737350608722005067617498775,0.0,0.95537950154367863548532085817901039167,0.19609273807096538874679385926885453208
0.19000000000000000222044604925031308085,0.28868102220267929332510885174873719361,0.0,0.95503794080982369445253798376493421046,0.19552519428279904808850851107301678253
0.17999999999999999333866185224906075746,0.29350320059739674173059196375822618193,0.0,0.95470065984077638031540137094881805043,0.19496348338488179616821345627261874537
0.17000000000000001221245327087672194466,0.29832351055251489049709198103895154373,0.0,0.95436765817747702428412237558735436715,0.19440760998839750655791343828272253518
0.16000000000000000333066907387546962127,0.30314185255531719720821826936024674686,0.0,0.95403908417664011630200105041072398,0.19385757649257118537730981235088100435
0.14999999999999999444888487687421729788,0.30795813142989548108123034434599222896,0.0,0.95371476476057690732061121235752589368,0.19331338315337033902090256048468960934
0.14000000000000001332267629550187848508,0.31277225615647186155776814110582988545,0.0,0.95339469179590508823444921569089785907,0.19277502814095559506728766012833450128
0.13000000000000000444089209850062616169,0.31758413971706060009395976369594593841,0.0,0.95307885666667794835381365766376877274,0.19224250758644057062210369266106581311
0.11999999999999999555910790149937383831,0.32239369896523199643370544633688743152,0.0,0.95276725023348886097437073480476119092,0.19171581561853311495616258043236019752
0.11000000000000000055511151231257827021,0.32720085451793106702634775637850629645,0.0,0.95245986279022308648854910858512125114,0.19119494439064785051919728614117281871
0.10000000000000000555111512312578270212,0.33199400238958979973674974775956249022,0.0,0.95215668401857572242046282418009352773,0.19067988409910299646760344053078089274
0.089999999999999996669330926124530378729,0.33676925567883978796978869837013072163,0.0,0.9518577029404890987286042138442631685,0.1901706229930419981402911735619870581
0.080000000000000001665334536937734810635,0.34154196408630184401852917213704845433,0.0,0.95156290786869931610226212047308905699,0.18966714737675186127374419024557545702
0.070000000000000006661338147750939242542,0.34631205329703860703740436162873222663,0.0,0.95127228635561950308328414410557516739,0.18916944160508443394754306496937951394
0.059999999999999997779553950749686919153,0.35107945279066647442865682404847020066,0.0,0.95098582514082622599540401981192435131,0.18867748807272328119653413773791364816
0.050000000000000002775557561562891351059,0.35584409582193935655970839218229046046,0.0,0.95070351009745468985976501031180466678,0.1881912671980761529174578061305773564
0.040000000000000000832667268468867405318,0.36060591941330553966495927479173791116,0.0,0.95042532617784728238517999437610732411,0.1877107574026102856403327830194601931
0.029999999999999998889776975374843459576,0.36536486435787157296670669226607699604,0.0,0.95015125735883790049156954372495539014,0.18723593508648370250392303453204524119
0.020000000000000000416333634234433702659,0.37012087523121788702666756392273820322,0.0,0.94988128658709052821538312818668462766,0.18676677460135895696547450576318051839
0.010000000000000000208166817117216851329,0.37487390041051623354961218652988315639,0.0,0.94961539572494393161553115416340222537,0.18630324822131521208486863123098200284
0.0,0.37962389209940247977477943010301511363,0.0,0.94935356549724420309390938658212374157,0.18584532611279878829744581270382336679
