value,sup,dur,Y,S
1.0,7.5683825683497171666437808426727363966e-61,129.0,0.99604126356473749881158068547698459464,0.88888399640339364567959965223036112879
0.98999999999999999111821580299874767661,3.1065874781274411967533685418406123365e-59,129.0,0.99547623164808995066424219535637884681,0.88825844847958815442878646465367735218
0.97999999999999998223643160599749535322,5.4677367354795623753210324501968977124e-57,129.0,0.9948935781472093259464538799449304422,0.88753403954574105292025513060968347355
0.96999999999999997335464740899624302983,2.8997534116915495236019844274936980652e-54,129.0,0.99429923885530743048020175786617892126,0.88726052521106193803442017482305208448
0.95999999999999996447286321199499070644,3.174246316684080194713157246598326999e-51,129.0,0.99369550498179167167374330365621456986,0.88695929305297709027050584985405932399
0.94999999999999995559107901499373838305,5.1833518866810568757833327858580559806e-48,129.0,0.99308506669087180155738058660601258031,0.88658486958698367258951813241652301815
0.93999999999999994670929481799248605967,9.8983183007096752423021255235272176293e-45,129.0,0.992469923090955287398967049734645602,0.88615215734667768782396935183024637928
0.93000000000000004884981308350688777864,1.8707025246732619227311673059509541771e-41,129.0,0.99185283022370902817660293369574920975,0.88567302008554781498665735701176217915
0.92000000000000003996802888650563545525,3.143353458588041104321575549921615484e-38,129.0,0.99123644064313994188495110935732798918,0.88515695448959138674192290052756183007
0.91000000000000003108624468950438313186,4.4016112076647641670655027355724608358e-35,129.0,0.99061887123874760116453262658439510222,0.88461160217772279403867941465000471045
0.90000000000000002220446049250313080847,4.9541402178786636879761437832224851225e-32,129.0,0.99000073128427632264037832291256491752,0.884043142011228014832485021164137882
0.89000000000000001332267629550187848508,4.40428498977243487370700911269954795e-29,129.0,0.98938249866936067125108905052092396271,0.88345659243948461243071734961694069545
0.88000000000000000444089209850062616169,3.0754256829483522808530378438249043482e-26,129.0,0.98876455406399989213207525917231210418,0.88285604593127295369450568001548365926
0.86999999999999999555910790149937383831,1.6394916996757812140674534952839441538e-23,129.0,0.98814720527975531595137082070688975201,0.8823297828619064826502779281457826165
0.85999999999999998667732370449812151492,4.3201785061534252213828370088875746354e-21,129.0,0.987530704812542922022190131743466084,0.88199957574975435210857829474583148943
0.84999999999999997779553950749686919153,4.8562769619044144796118500857863826432e-19,129.0,0.98691845622437224092947847670311008186,0.88165081083817537033268775683990541236
0.83999999999999996891375531049561686814,2.3380413502760694327852829020788876984e-17,128.0,0.98630776398229697818488131646735068085,0.88128602561096829651618340062039357738
0.82999999999999996003197111349436454475,5.0026286672711143235762072191285649395e-16,128.0,0.9856984128385913640985777891093089713,0.88090741511556967964627283468576662143
0.81999999999999995115018691649311222136,5.3645863245683174524237379075549058421e-15,128.0,0.98509052707713732612268167373995110523,0.88051688366364542891089983572681965274
0.81000000000000005329070518200751394033,3.5087588224438257343826071602175537358e-14,128.0,0.98448421523193066692775508869196309882,0.8801160877888430086853656749233913206
0.80000000000000004440892098500626161695,1.672940967166824658182870380517213813e-13,128.0,0.98387957299544145855003840688599046956,0.87970647209970571804932603915807420467
0.79000000000000003552713678800500929356,6.4822296671262742968889440577987902632e-13,128.0,0.98327668549304061878931463797488109783,0.87928929933009884824775450451480411658
0.78000000000000002664535259100375697017,2.1725195273606393288737692391322010874e-12,128.0,0.98267562907887858980614025459626057694,0.87886567562821193687464801795962144054
0.77000000000000001776356839400250464678,6.527110647407139818639137490076218958e-12,118.0,0.98207647276689951615613492214904846182,0.87843657192064175177717277792916425826
0.76000000000000000888178419700125232339,1.7994988692222353483398181674807389573e-11,108.0,0.98147927938100819254698563388081956658,0.8780028420270291272592640252558196241
0.75,4.6197832323842353531535998162370978576e-11,99.0,0.98088410648709139365836583730656740142,0.87756523807328562969364939467199666106
0.73999999999999999111821580299874767661,1.1134068007288382828486947519867443808e-10,91.0,0.98029100715412833379435354151504766893,0.87712442365008067821774948375546941884
0.72999999999999998223643160599749535322,2.5404870443852247741201556843827758368e-10,84.0,0.97970003058029456539900733258670306206,0.87668098508223703120858543243359015092
0.71999999999999997335464740899624302983,5.5368763283829632981892373048660666445e-10,78.0,0.97911122261158650489277188332674739687,0.87623544110961455969617549127044765865
0.70999999999999996447286321199499070644,1.163486122537316679736011769401842576e-09,72.0,0.97852462617424496720549031050555445966,0.87578825122757011649397075898606668383
0.69999999999999995559107901499373838305,2.3351525706703306431171798881091396831e-09,68.0,0.97794028163755497805871061129505785305,0.87533982289254960178619025403836909498
0.68999999999999994670929481799248605967,4.5557325702418945084317258304365363859e-09,64.0,0.97735822712003337241372909987547959189,0.87489051776376220022883479818900286317
0.68000000000000004884981308350688777864,8.5801924691080266774401022628648642055e-09,60.0,0.976778498749289847439273389644015908,0.87444065712361539531115387153559878441
0.67000000000000003996802888650563545525,1.5784757576078494995488260715340423854e-08,57.0,0.97620281369664111762022957424669812014,0.8739905265964031056280732866866973242
0.66000000000000003108624468950438313186,2.8050035390400540875931005600703895419e-08,53.0,0.97562953205354304928319952939488778521,0.87354038026565225736065017721678795324
0.65000000000000002220446049250313080847,4.9184305750753343737876136629235420188e-08,50.0,0.9750586014896437210084179022179095256,0.87309044427476335362846615086102408483
0.64000000000000001332267629550187848508,8.3200543676452451320273932082877147318e-08,48.0,0.97449005173589755210494782705001744597,0.87264091998250667382557848082876182938
0.63000000000000000444089209850062616169,1.385357330026115467600840235533790449e-07,46.0,0.97392391144845144939370257972115029694,0.87219198673405980020913997469174791778
0.61999999999999999555910790149937383831,2.2799556133062212156847238331572531625e-07,44.0,0.97336020831033274647239987908443786566,0.87174380429919565904623010012996730744
0.60999999999999998667732370449812151492,3.6191552791002414884105890879336693127e-07,42.0,0.97279896912061571903115703847740692449,0.87129651502163159371508977463549964564
0.59999999999999997779553950749686919153,5.6884898911371913516469376287267117886e-07,40.0,0.97224021987289968268482253974263851248,0.87085024571716932243111841242537946145
0.58999999999999996891375531049561686814,8.8560837402057405567976480111399461381e-07,39.0,0.97168398582462540736590512090368517698,0.87040510935288207666393081793860900253
0.57999999999999996003197111349436454475,1.3412608766280814988476741911243043995e-06,37.0,0.97113029155850708397380319950030462917,0.86996120653506702953084578405590851031
0.56999999999999995115018691649311222136,2.0022422043485225039221358688641300784e-06,36.0,0.97057916103715285413337152229042669617,0.86951862682983797820932192780237132185
0.56000000000000005329070518200751394033,2.9646697187344497734329087613484873065e-06,35.0,0.97003061765177898035737145747858586488,0.86907744993697010574089767020278414941
0.55000000000000004440892098500626161695,4.3498931686346048369503285988891750675e-06,33.0,0.96948468426578397451024684800488637468,0.86870254978657287989944179052710643717
0.54000000000000003552713678800500929356,6.1989826727049974810841120275092685437e-06,32.0,0.96894138325383405842465646465653936849,0.86835855453860963108644122332628174136
0.53000000000000002664535259100375697017,8.77217231620618373709504450502951975e-06,31.0,0.96840073653701526359299507716915457567,0.86801332316682514776560883898598057751
0.52000000000000001776356839400250464678,1.2328712749665582483255062477534951e-05,29.0,0.96786276561452752363728168658696974719,0.86766699612303591902904928501188292512
0.51000000000000000888178419700125232339,1.7211766268397793453598740901854935216e-05,28.0,0.96732749159232867763262663627110222801,0.86731970433830762910134285988048564036
0.50,2.341592123096705084194929727157739341e-05,28.0,0.96679493520907962007926885433300281127,0.86697156998794320157388422066840689498
0.48999999999999999111821580299874767661,3.1609323707647601574703138794816597135e-05,27.0,0.96626511685969384528426222344679058216,0.866622707189926411576875495110714141
0.47999999999999998223643160599749535322,4.2420072661449734667154182120090511854e-05,26.0,0.96573805661675390220991581121504917739,0.86627322264331232627205577991696990831
0.46999999999999997335464740899624302983,5.6601524417285136472575497889480605016e-05,25.0,0.96521377425002257809667283911365410089,0.8659232162123536990155177734036843552
0.46000000000000001998401444325281772763,7.4548505239390819859512257698331014606e-05,25.0,0.96469228924424697350289706639774159494,0.86557278146153361600626915906293681436
0.45000000000000001110223024625156540424,9.6482440158218525069762848672975894713e-05,24.0,0.96417362081542817522062330673960134221,0.86522200614612839213722248260773497136
0.44000000000000000222044604925031308085,0.00012423151894030482856087340498981712301,23.0,0.96365778792570740813090865333279510208,0.86487097266244174135936850385424430037
0.42999999999999999333866185224906075746,0.00015915432575787799350711385468179433997,23.0,0.96314480929700055335616020170423699628,0.86451975846142345666700557999278152928
0.41999999999999998445687765524780843407,0.00020287720582437744426975891099626566989,22.0,0.96263470342349666140829640692640636077,0.86416843642900657357028071921571214358
0.40999999999999997557509345824655611068,0.00025516021565546181132355704436096793053,20.0,0.9621274885831218167440571084127758032,0.86381707523616004559669214167397760992
0.40000000000000002220446049250313080847,0.00031648373539172974444655903414711406302,20.0,0.9616231828480573500599515352117974853,0.86346573966135432339941981086293616359
0.39000000000000001332267629550187848508,0.00039077570875330289326671040506166886129,19.0,0.96112180409439054913922943275426073164,0.86311449088787032138871835792853111727
0.38000000000000000444089209850062616169,0.00048034646154122073858446971119241084663,19.0,0.9606233700109665897509149729486459346,0.8627633867781442587322388419160606667
0.36999999999999999555910790149937383831,0.0005878180986311187150178102968325563459,18.0,0.96012789810750196773176300924413239326,0.86241248212712820618710241241984321801
0.35999999999999998667732370449812151492,0.00071331306949090118114363923867124333649,18.0,0.95963540572201245474281405096716574835,0.8620618288964561328429244191442828939
0.34999999999999997779553950749686919153,0.00085182397483182501590025918777315396763,17.0,0.95914591002760203525621430981447824366,0.86171147643103498667685464337002690484
0.34000000000000002442490654175344388932,0.0010131354869544990482846322500045911477,17.0,0.95865942803865353459063965187854800129,0.86136147165952775431461207742965464155
0.33000000000000001554312234475219156593,0.0012001636728495752827286431867820272202,15.0,0.95817597661645649477011283438891717068,0.86101185928005844994841381153790565418
0.32000000000000000666133814775093924254,0.0014160381643018620998710461973200900084,15.0,0.95769557247430333612824385726074414267,0.86066268193234592080942896129064179151
0.30999999999999999777955395074968691915,0.0016640884735403033944414464170810265677,15.0,0.95721823218208065792544973158119631567,0.86031398035736252551908719227743155472
0.29999999999999998889776975374843459576,0.0019306333987117433919020381751781697449,14.0,0.95674397217037896070494499173686685204,0.85996579354551403452336982581687900599
0.28999999999999998001598555674718227237,0.0022216105558402155390562453777289077061,14.0,0.95627280873414072482842344606069271751,0.85961815887424708182765362310046387843
0.28000000000000002664535259100375697017,0.0025474448029537620538911246975071360721,13.0,0.95580475803586383925301100394947972373,0.85927111223590927752405286969875267157
0.27000000000000001776356839400250464678,0.002910855023312817033029232162360422301,12.0,0.95533983610837468375673226705586725108,0.85892468815661365415763044389686999395
0.26000000000000000888178419700125232339,0.0033145606762403876606864586884126754568,11.0,0.95487805885718281197208424642619926715,0.85857891990679273104614602197904821014
0.25,0.0037612506258429173978622441161671576375,11.0,0.95441944206242691343439754068590867788,0.85823383960406724684108138928092525062
0.23999999999999999111821580299874767661,0.004227965790367955100178363874097851784,11.0,0.95396400138041985404526784278457779726,0.85788947830900012836064328447844939143
0.23000000000000000999200722162640886381,0.0047153254005301492186939443902723856497,10.0,0.95351175234479875947922522816407973948,0.85754586611425671743020969018180144091
0.22000000000000000111022302462515654042,0.0052434786026495035167098804614509565155,9.0,0.95306271036728450514957012132754081031,0.85720303222764731041939160087359631101
0.20999999999999999222843882762390421703,0.0058139586773589484749918839544004041585,8.0,0.95261689073805354614973469177260710556,0.85686100504948718849557107700283746617
0.20000000000000001110223024625156540424,0.00642816137432069956645309090489198746,8.0,0.95217430862572366803188608418750966633,0.85651981224467206434786321797592491887
0.19000000000000000222044604925031308085,0.0070873291182959922958048202568126827752,6.0,0.95173497907695409834792972373091094876,0.85617948080983299263534897116503419309
0.17999999999999999333866185224906075746,0.007792537235126282529621105383954725412,6.0,0.95129891701565936664346208165032968209,0.85584003713590387899468555009686193333
0.17000000000000001221245327087672194466,0.0085024272054182620132568062365233719743,5.0,0.95086614625602780018268593206241012202,0.85550150706640649045296041969897341503
0.16000000000000000333066907387546962127,0.0092261338533319182525843353386983450972,3.0,0.95043824609312937538332958873009104621,0.85516391595173213828231178667729201456
0.14999999999999999444888487687421729788,0.0099890229296966903034545562999640793483,1.0,0.95001370280302681257675881752375206522,0.85482728869967566604577403699631075055
0.14000000000000001332267629550187848508,0.010791285740298052527640836186085467098,0.0,0.94959252966628523322438386740501570477,0.85449164982245582581409041017854300957
0.13000000000000000444089209850062616169,0.011632983918786630576936423400576258106,0.0,0.94917473981557216744545501381507682851,0.85415702348043645588377917213130847215
0.11999999999999999555910790149937383831,0.012514051635698610324895265058077743784,0.0,0.94876034623280298077272869010400726535,0.85382343352274484219803128220849331121
0.11000000000000000055511151231257827021,0.013434299161296548436433304115738075979,0.0,0.94834936174588300773493894394086181875,0.85349090352496710508229146001584361349
0.10000000000000000555111512312578270212,0.014393417663141054674476923810081022009,0.0,0.94794179902504210165671511750445122538,0.85315945682408534959320489046888842567
0.089999999999999996669330926124530378729,0.015372532284849219695305280788539929436,0.0,0.94753767057875713503956369832123254826,0.85282911655080743573007874276357035634
0.080000000000000001665334536937734810635,0.016318595128983580811031958652274234648,0.0,0.94713698874925791848336606032908678263,0.85249990565942751214563589004669864912
0.070000000000000006661338147750939242542,0.017295665781935401695261461458282441779,0.0,0.94673976570761202536983552579319883667,0.85217184695534379951747169891515189339
0.059999999999999997779553950749686919153,0.018303204859262054153138640462755750191,0.0,0.94634601344838413886825745759362495248,0.85184496312034944102211682193741187113
0.050000000000000002775557561562891351059,0.019340618853809457257358794152993934246,0.0,0.94595574378386572609355302858573279729,0.85151927673580243752723169991197980007
0.040000000000000000832667268468867405318,0.020407265690199737016698977736565225558,0.0,0.94556896833787113740471306437583815883,0.85119481030377172128368796207365455718
0.029999999999999998889776975374843459576,0.02150246031591478720480870788110748259,0.0,0.94518569853909662805837288502306400016,0.85087158626624823242564728932994913974
0.020000000000000000416333634234433702659,0.022625480259539860306862819147536543327,0.0,0.94480594561403924856225322646459882397,0.85054962702250234346447717197829685651
0.010000000000000000208166817117216851329,0.023775571093766628073411594985441129121,0.0,0.94442972057947312661609018479703775339,0.85022895494466214133009107789042582287
0.0,0.024951951748308865281783013357524366584,0.0,0.94405703423448130705301357202079750973,0.84990959239158082794286561521731899822
