value,sup,dur,Y,S
1.0,3.2542499015216151059637742148873948742e-25,101.0,0.99608517062250971376375689442954661903,0.26945857525651123824616849868608101695
0.98999999999999999111821580299874767661,2.7220527341530724579928871976141325011e-24,101.0,0.99556790951016415581867500212870336933,0.26840529949927130888578744084285494886
0.97999999999999998223643160599749535322,8.5514812385228622417756200907887039976e-23,100.0,0.99501489452301507169259138181353983867,0.26732271497665855031857298279988354724
0.96999999999999997335464740899624302983,7.5438808021244357560601152203302679599e-21,100.0,0.99443448609696604381174105240260557608,0.2660697624836485854335397496064033955
0.95999999999999996447286321199499070644,1.3384362231266619915373875880817928879e-18,99.0,0.99383381810373875076887307525076972065,0.26480669272132253036726710747407929751
0.94999999999999995559107901499373838305,3.5467410589393080887186910445886587797e-16,99.0,0.9932195953662075349795901987881041454,0.26360947578213388346942825753609085658
0.93999999999999994670929481799248605967,1.1155929435555897642032193108342771114e-13,98.0,0.99259601675901161681379103645422876806,0.26231915718730493294897192188043295331
0.93000000000000004884981308350688777864,3.5352067910167836603552309365458425616e-11,98.0,0.99196664613738484438393016641853085296,0.26095412085632757891366721726218062017
0.92000000000000003996802888650563545525,1.0062096226883782537779467310816182399e-08,97.0,0.99133402145040706445965896227994766101,0.25967657366055292962647866647036383738
0.91000000000000003108624468950438313186,2.347712261561261721225790262149307776e-06,96.0,0.99069998175463285402415825716346500061,0.25845741262843932506968600228970585156
0.90000000000000002220446049250313080847,0.00015929541727516971162219439115401348209,95.0,0.9900654183875393631910342185654603666,0.25719352268879990126776169549546981594
0.89000000000000001332267629550187848508,0.0012460966938878876666335191208995366898,94.0,0.98943237897101111801967404489093435271,0.25589390661724244104610998084401289899
0.88000000000000000444089209850062616169,0.0035565160810710346846441055736142409966,68.0,0.98880044629397441210221622401177546928,0.25456632005681436369450833521132795009
0.86999999999999999555910790149937383831,0.0067165734360083571993306912122126517974,35.0,0.98816609486196290283774071083022225132,0.25332353460672272889408858385011562958
0.85999999999999998667732370449812151492,0.010397563031738798562674681075561359042,0.0,0.98754380868120281902790667077837359927,0.25215995993077393508401978745034208479
0.84999999999999997779553950749686919153,0.014386981397315832328955676912301019791,0.0,0.98691971186105306669435389906811637379,0.25097709979733311758733769359264359129
0.83999999999999996891375531049561686814,0.018584172796085263610633106143712835138,0.0,0.98629849302325207643342744202667164388,0.24977920875565188442362442226407400337
0.82999999999999996003197111349436454475,0.022907677995614204466018308515167301074,0.0,0.98568078883469050068832335447446540859,0.24857001359162011926986047231361574589
0.81999999999999995115018691649311222136,0.027324575266233965900251044877183419473,0.0,0.98506722836534565038423909659107023609,0.24735277686192782050014278597311225155
0.81000000000000005329070518200751394033,0.03181228261359335583388869780550194279,0.0,0.98445715497142330921516933391608756466,0.24613035288755423846793671453221192926
0.80000000000000004440892098500626161695,0.036335942017907276901541576674423838047,0.0,0.98385070347871208171751907708653743744,0.24500538698612917956487657061013584928
0.79000000000000003552713678800500929356,0.040898329916032364213812304548310400829,0.0,0.98324798707983652114581940496884348128,0.24393141272155668454984980387268393773
0.78000000000000002664535259100375697017,0.045499779760714658034179787577173506218,0.0,0.982649129977135641831169240139722777,0.24285238507689770206116348619145177382
0.77000000000000001776356839400250464678,0.05010489199874575872329549072382779537,0.0,0.98205520801959828667177519042890892759,0.24177012459019559124110450703192261773
0.76000000000000000888178419700125232339,0.054741532293915165009811239535896953782,0.0,0.98146526538843493743814959748764830982,0.24068625274459483445785800203320733317
0.75,0.059386000599770599078026047673806226159,0.0,0.98087936080670591758307870137293050204,0.23960221293777888498905089364633542107
0.73999999999999999111821580299874767661,0.064036023877873699829772781063762072347,0.0,0.9802975449520585193722313662556771569,0.2385192891990439521231985474286480797
0.72999999999999998223643160599749535322,0.068711337090830021617965713235542252756,0.0,0.97971986172941537419285618860445095083,0.2374386228952879577685282783374368379
0.71999999999999997335464740899624302983,0.0733806218616683081861405438656852014,0.0,0.97914634930372034193833869273742376703,0.23636122764339971377245480997335101372
0.70999999999999996447286321199499070644,0.078051575169413303383978873797068895273,0.0,0.97857704094412092904973534546196555554,0.23528800262432417228711514549939505354
0.69999999999999995559107901499373838305,0.082739477226674764379551924215580246941,0.0,0.97801214022533724376149879495977072523,0.23432590054738082429254532573677023035
0.68999999999999994670929481799248605967,0.087441884751419394878006471112793514414,0.0,0.97745216749295123465246456945913722118,0.23336947120868450425745832960506307516
0.68000000000000004884981308350688777864,0.092120694434557163793209020814360900511,0.0,0.97689646823237380396826096790341005441,0.23241504997499365606826530753685891742
0.67000000000000003996802888650563545525,0.096807794927012988872867107806965375348,0.0,0.97634506149822988580319541549859572019,0.23146332477014355538770092330001426843
0.66000000000000003108624468950438313186,0.10150561802523471097551867413949499732,0.0,0.97579796399521431351373273777639177386,0.23051491686175075263256176365291964368
0.65000000000000002220446049250313080847,0.10621282616356095623088223334490462698,0.0,0.97525519036157030289291247316027688932,0.22957038684689414576129263462251701942
0.64000000000000001332267629550187848508,0.11092058580973971333835440791963105271,0.0,0.97471675341060460499901350001169393417,0.22863024008553140629054247947911890375
0.63000000000000000444089209850062616169,0.11560732650038338247402709509162263306,0.0,0.97418266433747315279206395550763509058,0.22769493163430384780038196268668807335
0.61999999999999999555910790149937383831,0.12030141565801607930183757014313860975,0.0,0.97365293289707305943228054199580255781,0.2267648707283378896568529712555632469
0.60999999999999998667732370449812151492,0.12500201368707419212287210882659341067,0.0,0.97312756755777510608646837895994122125,0.22584042485406024679944621080111261515
0.59999999999999997779553950749686919153,0.12970838001754028339348384348167913708,0.0,0.97260657563485742359927394270299288053,0.22492192345187609033565224746999860155
0.58999999999999996891375531049561686814,0.13441985793111776256757469513408042776,0.0,0.97208996340680461728205661877607369859,0.22400966128378296868717223453356301881
0.57999999999999996003197111349436454475,0.13912671172566674842651288915880340659,0.0,0.97157773621707815595112436601015353084,0.22310390149757680030572834547471151474
0.56999999999999995115018691649311222136,0.14381393380982627626988069037833629694,0.0,0.97106989856351368277524443666225375061,0.22220487841621924973675288038020487889
0.56000000000000005329070518200751394033,0.14850532623799655124953738810876836816,0.0,0.97056691206783126070820302167676471329,0.22135314623182315116106037676119691665
0.55000000000000004440892098500626161695,0.15320041646376487201068975823322869964,0.0,0.97006842868988632449052816413691369125,0.22053643132681914017393273904214827769
0.54000000000000003552713678800500929356,0.15789877563264769377941757312737775095,0.0,0.96957433458885405639897586702763663973,0.21972442694569773298823778522264442908
0.53000000000000002664535259100375697017,0.16260001308955500285573450676876603859,0.0,0.969084631532455974631141478362217973,0.21891736116736595027867199920866662643
0.52000000000000001776356839400250464678,0.16730377171008787214389015550071982148,0.0,0.96859932077625194733174194767879212823,0.21811544181177331666666342397383715761
0.51000000000000000888178419700125232339,0.1720097239155446950938553966473762142,0.0,0.96811840310650573134272075636185689989,0.21731885798323290622904849477009893673
0.50,0.17669420407360298827534505304321518196,0.0,0.96764187887862169129636755481035111841,0.21652778149486925154383817829622395979
0.48999999999999999111821580299874767661,0.18137378663408019336499978556870898498,0.0,0.96716974805168130941021711140377590004,0.21574236818372052885945907800112791377
0.47999999999999998223643160599749535322,0.18605513555262959433643914612969373341,0.0,0.96670201021952810815934102843028017066,0.21496275912522232045358364826243437988
0.46999999999999997335464740899624302983,0.19073798672572361358644528729655164584,0.0,0.96623866463878183738124887043012534373,0.21418908175506683026036594194639968903
0.46000000000000001998401444325281772763,0.19542209435349586873709124326629668845,0.0,0.96577971025410503715710268742568810264,0.21342145090575929220902865363954312645
0.45000000000000001110223024625156540424,0.20010722909821751720645387490835894634,0.0,0.96532514572099557845114074837791774419,0.21265996976457738051178209091249788311
0.44000000000000000222044604925031308085,0.20479317646837195355037370175169922216,0.0,0.9648749694263361497891822456177960322,0.2119047307590751721559520315731515099
0.42999999999999999333866185224906075746,0.20947973539658882548961650635551116588,0.0,0.96442917950689450509849236220840291348,0.21115581637575592504461293292570805161
0.41999999999999998445687765524780843407,0.21416671698471440564524971382454510191,0.0,0.96398777386593596894912880056745672279,0.21041329991706415001327146663648298619
0.40999999999999997557509345824655611068,0.21884636405545795495696187707108919484,0.0,0.96355075018808109688050981523737966777,0.2096772462014129464196185048981777582
0.40000000000000002220446049250313080847,0.22350594387276373372948359610960925573,0.0,0.96311810595251607703607811924872324279,0.20894771221056431720077586227205602263
0.39000000000000001332267629550187848508,0.22816571303798917753164830455049242643,0.0,0.96268983844464078940482428365488248326,0.20822474768831489219710080319464724486
0.38000000000000000444089209850062616169,0.23282550623177034288141799553588026741,0.0,0.96226594476621908596476864331087592492,0.20750839569410452353201004728387116039
0.36999999999999999555910790149937383831,0.23748516663728359716423404646732706869,0.0,0.96184642184407726378929681408451910043,0.20679869311485765409028313032089171612
0.35999999999999998667732370449812151492,0.24214454525129013735237290166914810615,0.0,0.96143126643737989529999887887845024086,0.20609567113808537013876325855375278618
0.34999999999999997779553950749686919153,0.24680350026611195845941016762894083511,0.0,0.96102047514349663229461433091542817646,0.20539935568901700250777666128655787378
0.34000000000000002442490654175344388932,0.25146189651447044559671668851198685554,0.0,0.96061404440245935008311804019309468355,0.2047097678342924689087019934356118281
0.33000000000000001554312234475219156593,0.25611960497021277832524778588979936411,0.0,0.96021197049999581744617279523447418202,0.20402692415452835093455847208974357375
0.32000000000000000666133814775093924254,0.26077650229888583265683358904468486765,0.0,0.95981424956911399101205646609807632102,0.20335307385872719984287872350316738902
0.30999999999999999777955395074968691915,0.26543247045291945360156554006195473742,0.0,0.95942087759019980638853067350571078188,0.20271685016790930814374806652117613669
0.29999999999999998889776975374843459576,0.27008739630686831617123070580348631236,0.0,0.95903185038958125051062670283020538712,0.20208618863244462142418900223297041746
0.28999999999999998001598555674718227237,0.27473536752097830973982710852412360862,0.0,0.95864716363650229074697605298134057905,0.20146113065360298371710986666161910569
0.28000000000000002664535259100375697017,0.27936215964626386079469307930503615144,0.0,0.95826681283844215229639784709314984402,0.20084171350254570302222418358336888694
0.27000000000000001776356839400250464678,0.28398775023747301542664140261766960874,0.0,0.9578907933347084563820601384153057633,0.20022797057242624416582709821834643934
0.26000000000000000888178419700125232339,0.28861203304375052997700808048874733047,0.0,0.95751910028822705822831290432651986413,0.19961993161099771265842023238383411096
0.25,0.29323490570717065416632815139108435182,0.0,0.95715172867544700200288813011175978522,0.19901762293468153885332835683194745433
0.23999999999999999111821580299874767661,0.29785626954912983291603580744230101772,0.0,0.95678867327427624928971649756078504595,0.19842106762497805969991578168491877168
0.23000000000000000999200722162640886381,0.30247602937971721254057481297222213304,0.0,0.95642992864996263126285454439366333793,0.19783028570803355379570692800671285688
0.22000000000000000111022302462515654042,0.3070940933283718711446008877764932537,0.0,0.95607548913883516029124145065088721527,0.19724529431811987588147300026954861641
0.20999999999999999222843882762390421703,0.31171037269433338994967657310363128141,0.0,0.95572534882982354887518171780222348695,0.1966661078457320051394516960189363108
0.20000000000000001110223024625156540424,0.31632478181556256754253535017852304809,0.0,0.95537950154367863548532085817901039693,0.19609273807096538874679385926885453227
0.19000000000000000222044604925031308085,0.32093723795495322637119097940010400726,0.0,0.95503794080982369445253798376493421046,0.19552519428279904808850851107301677764
0.17999999999999999333866185224906075746,0.32554766120277782061409005900567449185,0.0,0.95470065984077638031540137094881804817,0.1949634833848817961682134562726187465
0.17000000000000001221245327087672194466,0.33015597439441103876338019452382503418,0.0,0.95436765817747702428412237558735436639,0.194407609988397506557913438282722535
0.16000000000000000333066907387546962127,0.33476210304245759475954064944435145725,0.0,0.95403908417664011630200105041072398076,0.19385757649257118537730981235088100228
0.14999999999999999444888487687421729788,0.33936597528247555132148318005923567076,0.0,0.95371476476057690732061121235752589142,0.19331338315337033902090256048468960972
0.14000000000000001332267629550187848508,0.343967057059934707882054637525371037,0.0,0.95339469179590508823444921569089786132,0.19277502814095559506728766012833450091
0.13000000000000000444089209850062616169,0.34854185650013018186457645782939377298,0.0,0.95307885666667794835381365766376877199,0.19224250758644057062210369266106581367
0.11999999999999999555910790149937383831,0.35311424935050890714438540034030209746,0.0,0.95276725023348886097437073480476118791,0.19171581561853311495616258043236019771
0.11000000000000000055511151231257827021,0.35768416673408188663661272484672897265,0.0,0.95245986279022308648854910858512125114,0.19119494439064785051919728614117282135
0.10000000000000000555111512312578270212,0.36225154246738406821272588046779300445,0.0,0.95215668401857572242046282418009352472,0.19067988409910299646760344053078089387
0.089999999999999996669330926124530378729,0.3668163130707495378727628341916972546,0.0,0.95185770294048909872860421384426316549,0.19017062299304199814029117356198705791
0.080000000000000001665334536937734810635,0.37137841778806330889262643442927108714,0.0,0.9515629078686993161022621204730890585,0.18966714737675186127374419024557545721
0.070000000000000006661338147750939242542,0.375937798615185470101406543894645956,0.0,0.95127228635561950308328414410557516513,0.1891694416050844339475430649693795145
0.059999999999999997779553950749686919153,0.380494400336208569381325511434327004,0.0,0.95098582514082622599540401981192434905,0.18867748807272328119653413773791364553
0.050000000000000002775557561562891351059,0.38504817056666947860202164958331706848,0.0,0.95070351009745468985976501031180466452,0.18819126719807615291745780613057735584
0.040000000000000000832667268468867405318,0.38959905980279367529940760589232579265,0.0,0.95042532617784728238517999437610732486,0.1877107574026102856403327830194601963
0.029999999999999998889776975374843459576,0.39414702147580451483919292904893599989,0.0,0.95015125735883790049156954372495538713,0.18723593508648370250392303453204524119
0.020000000000000000416333634234433702659,0.3986920120102850416296901537684109599,0.0,0.94988128658709052821538312818668462766,0.18676677460135895696547450576318051726
0.010000000000000000208166817117216851329,0.40323399088553607987174343348623024575,0.0,0.94961539572494393161553115416340222913,0.1863032482213152120848686312309820034
0.0,0.40777292069883426060487042115102861031,0.0,0.94935356549724420309390938658212374383,0.18584532611279878829744581270382336623
