value,sup,dur,Y,S
1.0,3.5402202832773760802876312902124055102e-58,108.0,0.99608547830263100926629743163630466075,0.26949632711198441033307571867437365597
0.98999999999999999111821580299874767661,3.5009200146089406044542322621142253809e-57,108.0,0.99556815703229039630766999975594041099,0.26838275348369996996376589813484655742
0.97999999999999998223643160599749535322,1.3561155452989222785051296603744447009e-55,108.0,0.99501527551154911383245899397600382521,0.26733458907936763201235977908034913646
0.96999999999999997335464740899624302983,1.5321926679201263610005120177844838371e-53,107.0,0.99443481621949359950032595400656430258,0.26611590271354301037808898729195307615
0.95999999999999996447286321199499070644,3.6006813320045358291074792262797078666e-51,107.0,0.99383407964458695423157777482315383017,0.26477893907963142313338479488963616213
0.94999999999999995559107901499373838305,1.3036120647919437292417331221551906294e-48,107.0,0.99322003560550354736662845687490425851,0.26361259454421054787158054248246934315
0.93999999999999994670929481799248605967,5.7801781036753972360508961764701693714e-46,107.0,0.99259636327806273299128484905431866901,0.26235243873456802570255173958712972286
0.93000000000000004884981308350688777864,2.6753752105837851805062851376653759702e-43,107.0,0.99196718556798525098984037050333936473,0.26101662929976351509248799822615639101
0.92000000000000003996802888650563545525,1.1646132687095037454949941843769505268e-40,107.0,0.99133442635977493265597840174087753185,0.25965030822477495509371781906256011817
0.91000000000000003108624468950438313186,4.4697990741529917001861218237103252298e-38,106.0,0.99070058391498239809731972902408905984,0.25845743476431830740548814407666925833
0.90000000000000002220446049250313080847,1.4566200434842978681844000576409025271e-35,106.0,0.99006600011381022193436620185591125381,0.25721894533796125950734535713653221401
0.89000000000000001332267629550187848508,3.9505870941528982526401355961239649821e-33,106.0,0.98943299142643790018741068713560313239,0.25594377219597892906981105526923596894
0.88000000000000000444089209850062616169,8.8399900232020002512235804053505599713e-31,106.0,0.98880126152675198810788699600025293654,0.2546396276359580708062826353169062987
0.86999999999999999555910790149937383831,1.6293744139487788493617741953355892584e-28,105.0,0.98817125088722139603098727833651953707,0.25331316226754768205218587586582558754
0.85999999999999998667732370449812151492,2.4806398962137849488376165502789047487e-26,105.0,0.98754456497055125193217854168667747564,0.25215283478235407379323413510470899635
0.84999999999999997779553950749686919153,3.136081849889481431120522834452297128e-24,105.0,0.98692067009619095387960516375081754869,0.25099073680418921541068373034353743432
0.83999999999999996891375531049561686814,3.3144124132543454458509096227693646203e-22,104.0,0.98629965789842605546687059839724624888,0.24981279693037155359083135825773208477
0.82999999999999996003197111349436454475,2.9499588678099131868409491226688137854e-20,104.0,0.98568177038957143710636037121256443238,0.24862274146700170293140805213729522349
0.81999999999999995115018691649311222136,2.2278058755766715243915307164564217429e-18,104.0,0.98506824338986564864678301491863692513,0.24742383976017476737691680460889920608
0.81000000000000005329070518200751394033,1.4380653325910604321147162607629716408e-16,103.0,0.98445837134821034210647766980465662905,0.24621895856115625058501843977032492317
0.80000000000000004440892098500626161695,7.9898168558542678399154217643137456443e-15,103.0,0.98385212469779711822091307846742833665,0.24501060995866403881524133591587609104
0.79000000000000003552713678800500929356,3.8452382605404550746827925938590853817e-13,102.0,0.98324961634922195180298567535247066857,0.24392449748060584136696438789874164037
0.78000000000000002664535259100375697017,1.6120958616065934070829328966390919521e-11,102.0,0.98265094173354294724511823770322159259,0.24286163623202143671364657809235757734
0.77000000000000001776356839400250464678,5.9153055728072740425914744254089486522e-10,101.0,0.9820565732560662227794529618595087746,0.2417949238212828350191088787440013969
0.76000000000000000888178419700125232339,1.9060082680872655593180711098274017102e-08,101.0,0.98146683029199011339365959770469205267,0.24072599413615132535543886530330753586
0.75,5.39782547130256096893735902363054967e-07,100.0,0.98088112784249033900745858162966863305,0.239656304734364197827147309375107557
0.73999999999999999111821580299874767661,1.2847076240268209454563702010984385425e-05,99.0,0.98029951637316279425920803060507683362,0.23858715511882777957036302253483078377
0.72999999999999998223643160599749535322,0.00014213924072586394942087487882918094573,98.0,0.9797220395849151193644457853315354402,0.2375197030772913276103995604209587784
0.71999999999999997335464740899624302983,0.0006917819369338071362979372942498193522,97.0,0.97914873544512904584276016668613365953,0.23645497929222624885425129754611016065
0.70999999999999996447286321199499070644,0.0019503527674076514013863851217528392195,84.0,0.97857963703043801820304376062148035139,0.23539390040615676322458499324963740751
0.69999999999999995559107901499373838305,0.0039816972892504535105847188100073642272,56.0,0.9780147732203127205795832274835857677,0.23433728070870992783067558466484033952
0.68999999999999994670929481799248605967,0.0066922743874121017349916353554533977896,34.0,0.97745433577005230440281786178587179858,0.23337006983169394285063078346601677033
0.68000000000000004884981308350688777864,0.0099537369892981052370229108235822498105,4.0,0.97413129224560874224746983006493313076,0.23242746901881490372258374460632033347
0.67000000000000003996802888650563545525,0.01362829607588459366704097770980835275,0.0,0.97634762769957983392832956178728574239,0.23148713744431235203096217374667929984
0.66000000000000003108624468950438313186,0.017628042996497397967198515379411534699,0.0,0.97580073063767163586642388756478153789,0.23054970835171939129720944215769495967
0.65000000000000002220446049250313080847,0.021874211710120051615979050325829505033,0.0,0.97525815818053349904770005263250457476,0.22961575443167601608717238681810181683
0.64000000000000001332267629550187848508,0.02630709560308707128122167612706617609,0.0,0.97471992295112037773541318071252433346,0.22868579316620548672065501060562426663
0.63000000000000000444089209850062616169,0.030878458391216924052602898704802170568,0.0,0.97418603595123629311128477016668869433,0.22776029168825150509683549731745034656
0.61999999999999999555910790149937383831,0.035560447184040479663986080405162913093,0.0,0.97365650673853502267757351006103744708,0.22683967120194447285715835283266917994
0.60999999999999998667732370449812151492,0.040318290915274422883763375788175896389,0.0,0.97313134357935248566423545261820242194,0.22592431100476364982619396558394957352
0.59999999999999997779553950749686919153,0.045155441601648341895149903886287985022,0.0,0.9726105535812224551226420176605516476,0.22501455214884540372115828804494065241
0.58999999999999996891375531049561686814,0.050054107575085003324929943775586597484,0.0,0.97209414280823110497379481682086991188,0.22411070077512907158835667459410157662
0.57999999999999996003197111349436454475,0.05497804491758647153976299758390007248,0.0,0.9715821163818076553963547944231060443,0.22321303115080406764334149528317339919
0.56999999999999995115018691649311222136,0.059954801347899084768064185889187261898,0.0,0.97107447856909827749920332882780825486,0.22232178843759805797943576334999329497
0.56000000000000005329070518200751394033,0.064950293838340848650026516228801900935,0.0,0.97057123286070560592332611934341612022,0.22143719121580054763470087544699059671
0.55000000000000004440892098500626161695,0.069963149338470770364061868305690627876,0.0,0.97007238203927896147333857702080920342,0.22055943378652455950933178966094686242
0.54000000000000003552713678800500929356,0.075020865118979824285248964571914538861,0.0,0.96957839564069565907384342486912315563,0.21974116493816783242068790799325171224
0.53000000000000002664535259100375697017,0.080063504526360917183452727993070650945,0.0,0.96908887308756794395361088759007225575,0.21894188571893915139421758273199485648
0.52000000000000001776356839400250464678,0.085121825740022418601466208322170600316,0.0,0.96860374075482806371912442518730764216,0.21814748950221962343801379581999727855
0.51000000000000000888178419700125232339,0.090208473104811070379115015357987165221,0.0,0.96812299911855717676130378619726620468,0.2173581728745700572026747854806854151
0.5,0.095312453818232709563644767724498758442,0.0,0.96764664820613553995744343588280502322,0.21657411494050551704719998177631952744
0.48999999999999999111821580299874767661,0.10038300035294849424090908576775720578,0.0,0.96717468762907113553632488263086128111,0.21579547862664027864565409471019872525
0.47999999999999998223643160599749535322,0.10547276414812947326686426484356100176,0.0,0.96670711661224838707275372322178290148,0.21502241188696158574569308023817732235
0.46999999999999997335464740899624302983,0.11057885285531738504181600870376915412,0.0,0.96624393401996738602424955025612150206,0.21425504881694504101053092694986419149
0.46000000000000001998401444325281772763,0.11569880994867216474547533943445199422,0.0,0.96578513837908628867606859909900390702,0.21349351068358545128933942825808128059
0.45000000000000001110223024625156540424,0.12081517794575909578287103686818094872,0.0,0.96533072789953013451530461867764925912,0.2127379068778305245180684611470475772
0.44000000000000000222044604925031308085,0.1259063217951718262553181171444634177,0.0,0.964880700492386955064815853408379791,0.21198833579536693975280424760274160716
0.42999999999999999333866185224906075746,0.13100771945572061093895643156780872278,0.0,0.9644350537857753235129566095313722025,0.21124488565121473224810505159373916406
0.41999999999999998445687765524780843407,0.13611792714329987041528570427213132267,0.0,0.96399378513863582709051971282468043296,0.2105076352331335775664776506881688444
0.40999999999999997557509345824655611068,0.14123568965520590683350978793853197066,0.0,0.96355689165257124720906573616436320901,0.20977665459842956198432669021298218429
0.40000000000000002220446049250313080847,0.14635991244639193620414509526177715375,0.0,0.9631243701818361096863282390520463947,0.20905200571837068969824299579746953259
0.39000000000000001332267629550187848508,0.15148963805761383976354591210793818284,0.0,0.9626962173415551100642642492742543863,0.20833374307407070395556562436112539287
0.38000000000000000444089209850062616169,0.15658495889577428851022216133803368439,0.0,0.96227242951423143885181016572523258046,0.20762191420738140202281444363559603656
0.36999999999999999555910790149937383831,0.16168072352219047105028090968544597471,0.0,0.96185300285458970871212505144224707506,0.2069165602300408144793914748689378598
0.35999999999999998667732370449812151492,0.16678083028984707741353692651800290471,0.0,0.96143793329278407478834840586582583822,0.20621771629405676555192209577462528705
0.34999999999999997779553950749686919153,0.17188462312458613606988431961727908005,0.0,0.961027216535989747286862497050494721,0.20552541202605998027562188777105857616
0.34000000000000002442490654175344388932,0.17699151519248094261633080111665913203,0.0,0.96062084806838548391295701840863730852,0.204839671928136631013532822920391738
0.33000000000000001554312234475219156593,0.1821009800154219412008306520763297539,0.0,0.96021882314952560983165760482854663864,0.20416051574744523766854946113245054303
0.32000000000000000666133814775093924254,0.18721254384850742831037729428594463586,0.0,0.95982113681109267895483478604208301685,0.20348795881673587262421066011849386589
0.30999999999999999777955395074968691915,0.19232577913119523559199142239645266729,0.0,0.9594277838520158308547723924041669577,0.20282201236771903329395348040638426661
0.29999999999999998889776975374843459576,0.19742636699294403712895672766827255456,0.0,0.95903875883193547937267225695064143569,0.20216268381907661874267317843675676268
0.28999999999999998001598555674718227237,0.20250457564041570590503352728396571558,0.0,0.95865405606299190871692255138096978519,0.20150997704076662059702595565967798141
0.28000000000000002664535259100375697017,0.20758404080241942197644773036063509834,0.0,0.95827366959991385738673623954988954397,0.20088499319264066131873718359229515635
0.27000000000000001776356839400250464678,0.21266442803133347896383800543430050207,0.0,0.95789759322838316381032293250077354214,0.2002748759896319778954489992952701365
0.26000000000000000888178419700125232339,0.21774543034715479174294998753801376463,0.0,0.95752582045165315643463747384057212143,0.1996703023842456757228936142808366554
0.25,0.22282676533475487267442750320643073303,0.0,0.95715834447540154749431486733740710649,0.19907129933941396516854915723353370242
0.23999999999999999111821580299874767661,0.22790817260624273510879452517866391692,0.0,0.9567951581908034289251782935179382006,0.19847789029638908764833761861495914481
0.23000000000000000999200722162640886381,0.23298941157991104920042322971931003916,0.0,0.95643625415581632848224660964254679423,0.19789009535074989824128680404349273324
0.22000000000000000111022302462515654042,0.2380702595341178635711836386287941579,0.0,0.95608162457467734544354498976808138313,0.19730793141313908735205859054292913074
0.20999999999999999222843882762390421703,0.24315050990032086765046527642096550227,0.0,0.955731261275622106342808043198796196,0.19673141235557243749293321471752451689
0.20000000000000001110223024625156540424,0.24822997076448310223212239917014606715,0.0,0.95538515568684657929734036361776528662,0.19616054914412710623265562785161528844
0.19000000000000000222044604925031308085,0.2533047221060673252728041282480916289,0.0,0.9550432988107457349528844018456035919,0.19559534995878729397051600330857411538
0.17999999999999999333866185224906075746,0.25834913822219310071296785069018871668,0.0,0.9547056811964774868485533376689549462,0.1950358203012022580272721172927509085
0.17000000000000001221245327087672194466,0.26339260104751048737259809711206344832,0.0,0.95437229291091619617358751241283466826,0.19448196309109306699673893489956962478
0.16000000000000000333066907387546962127,0.26843494340560107073730666101795438718,0.0,0.95404312350807724025277017498227970739,0.19393377875203044053518631540971971617
0.14999999999999999444888487687421729788,0.27347600875964356870933558491965011286,0.0,0.95371816199711248829877239436917513181,0.19339126528729589365821104241322573684
0.14000000000000001332267629550187848508,0.27851565044350267524019970781219612061,0.0,0.95339739680899581899406402731875538514,0.1928544183465317091460907357570718326
0.13000000000000000444089209850062616169,0.28355373098129026877320109280002285402,0.0,0.95308081576203790677828913817586318299,0.19232323128388159336665013354912131097
0.11999999999999999555910790149937383831,0.28859012148528528345818888238209814396,0.0,0.9527684060263900691404564708638387488,0.1917976952083225479921730841820110654
0.11000000000000000055511151231257827021,0.29362470112328193884054154912444805,0.0,0.95246015408771772495909865192155097225,0.1912777990268889336640906526769228931
0.10000000000000000555111512312578270212,0.29865735664745646718148273929937814869,0.0,0.95215604571024472670754629013692247239,0.19076352948149143232115459024491811663
0.089999999999999996669330926124530378729,0.30368798197772442104772322403793031343,0.0,0.95185606589939006665374218407492154375,0.19025487118003585452803785699098737663
0.080000000000000001665334536937734810635,0.30871647783332313333451874721352102284,0.0,0.95156019886423791341663682207573045837,0.18975180662254894133207333017603190308
0.070000000000000006661338147750939242542,0.31374275140701439507859657130055069845,0.0,0.95126842798010021845888649834720045296,0.18925431622301981007181835808327885367
0.059999999999999997779553950749686919153,0.31876671607687548213597047214787868648,0.0,0.95098078489545762683902229148233701959,0.1887623783276658885672370743958282507
0.050000000000000002775557561562891351059,0.32378829115114583061950084905350350476,0.0,0.9506972921319351503052842839348926047,0.18827596923033039142835858546522688829
0.040000000000000000832667268468867405318,0.32879154766204464186407344203800955147,0.0,0.95041783968234148959224533138891081011,0.18779506318571408410562651050765477102
0.029999999999999998889776975374843459576,0.33377810728490966637630567279744526168,0.0,0.95014240740038013954410361922384453098,0.18731963242113670451340926542058847421
0.020000000000000000416333634234433702659,0.33876219366710149864971896611595731844,0.0,0.94987097412541750731714292310772128893,0.1868496471475123978911156372425669302
0.010000000000000000208166817117216851329,0.3437437366436291567388492141992990644,0.0,0.94960351765151287005584710778557069627,0.18638507557020852629738317632569821919
0.0,0.34872267158759860348201977248214467766,0.0,0.94934001469870154014142780089427303148,0.18592588390043779957634976528275266123
