value,sup,dur,Y,S
1.0,7.9116448586434504474822005224197578248e-38,129.0,0.99604126356473749881158068547698459163,0.88888399640339364567959965223036112503
0.98999999999999999111821580299874767661,3.1937536493276493417616766519813602035e-36,129.0,0.99547623164808995066424219535637885057,0.88825844847958815442878646465367735594
0.97999999999999998223643160599749535322,5.5269503190374593883566090155570002993e-34,128.0,0.99489357814720932594645387994493045122,0.88753403954574105292025513060968346828
0.96999999999999997335464740899624302983,2.8813888142317899691259088517656881084e-31,128.0,0.99429923885530743048020175786617892577,0.88726052521106193803442017482305207169
0.95999999999999996447286321199499070644,3.0998688418279169196151095757738789086e-28,128.0,0.99369550498179167167374330365621457362,0.8869592930529770902705058498540593285
0.94999999999999995559107901499373838305,4.9645602945747103292472344507108348701e-25,128.0,0.99308506669087180155738058660601257881,0.88658486958698367258951813241652300235
0.93999999999999994670929481799248605967,5.5946418722902415253336839432453710045e-22,128.0,0.9924699230909552873989670497346456035,0.88615215734667768782396935183024637777
0.93000000000000004884981308350688777864,2.3754408731955363454075836166780076046e-19,128.0,0.99185283022370902817660293369574921352,0.88567302008554781498665735701176218066
0.92000000000000003996802888650563545525,3.1884327936215220531367072101234881012e-17,128.0,0.99123644064313994188495110935732799219,0.88515695448959138674192290052756183007
0.91000000000000003108624468950438313186,1.3080354559125150000865881428203157441e-15,128.0,0.99061887123874760116453262658439510222,0.88461160217772279403867941465000469465
0.90000000000000002220446049250313080847,2.05434946091212765782625831102508886e-14,128.0,0.99000073128427632264037832291256491451,0.88404314201122801483248502116413789103
0.89000000000000001332267629550187848508,1.7803774656197874479570217204047415991e-13,128.0,0.98938249866936067125108905052092396347,0.88345659243948461243071734961694070297
0.88000000000000000444089209850062616169,1.0874775021029342475346736529498929792e-12,128.0,0.98876455406399989213207525917231210794,0.88285604593127295369450568001548365926
0.86999999999999999555910790149937383831,5.2798846185739048862027045695248747916e-12,117.0,0.98814720527975531595137082070688975577,0.88232978286190648265027792814578261349
0.85999999999999998667732370449812151492,2.1694466278469679718547691241758925332e-11,103.0,0.98753070481254292202219013174346608551,0.88199957574975435210857829474583149018
0.84999999999999997779553950749686919153,7.8522017123707286951666776198827699898e-11,92.0,0.98691845622437224092947847670311008186,0.88165081083817537033268775683990540258
0.83999999999999996891375531049561686814,2.5411197543132161880077375028610427487e-10,82.0,0.9863077639822969781848813164673506801,0.88128602561096829651618340062039357964
0.82999999999999996003197111349436454475,7.5313683921679689694950543158158157739e-10,73.0,0.9856984128385913640985777891093089683,0.8809074151155696796462728346857666297
0.81999999999999995115018691649311222136,2.0705633087267780611060844994571396273e-09,67.0,0.98509052707713732612268167373995110598,0.88051688366364542891089983572681965349
0.81000000000000005329070518200751394033,5.2852045634548139453067458267541510062e-09,61.0,0.98448421523193066692775508869196310183,0.88011608778884300868536567492339131458
0.80000000000000004440892098500626161695,1.2685990114348003517820403644510821839e-08,56.0,0.98387957299544145855003840688599046655,0.87970647209970571804932603915807420919
0.79000000000000003552713678800500929356,2.9104799807508089741452464580567581356e-08,52.0,0.9832766854930406187893146379748811016,0.87928929933009884824775450451480411809
0.78000000000000002664535259100375697017,6.2774857710387996626260506775973713608e-08,49.0,0.98267562907887858980614025459626057694,0.87886567562821193687464801795962144731
0.77000000000000001776356839400250464678,1.3081225987008611639201182566095248783e-07,46.0,0.98207647276689951615613492214904845881,0.87843657192064175177717277792916425224
0.76000000000000000888178419700125232339,2.591661782523954209652133511064002027e-07,43.0,0.98147927938100819254698563388081956357,0.87800284202702912725926402525581961733
0.75,5.0056143565028369607722024397866141044e-07,41.0,0.98088410648709139365836583730656740443,0.87756523807328562969364939467199665429
0.73999999999999999111821580299874767661,9.1871305727402907976366194927130921611e-07,38.0,0.98029100715412833379435354151504767344,0.87712442365008067821774948375546941207
0.72999999999999998223643160599749535322,1.6566235906681157092085461445557321852e-06,36.0,0.97970003058029456539900733258670306507,0.87668098508223703120858543243359015544
0.71999999999999997335464740899624302983,2.8668871424021071264076188551837447941e-06,35.0,0.97911122261158650489277188332674739687,0.87623544110961455969617549127044766617
0.70999999999999996447286321199499070644,4.8355445983964196614624533184246868077e-06,32.0,0.97852462617424496720549031050555446192,0.87578825122757011649397075898606666878
0.69999999999999995559107901499373838305,8.0367602686362080166204918780675406121e-06,31.0,0.97794028163755497805871061129505784854,0.87533982289254960178619025403836909649
0.68999999999999994670929481799248605967,1.2762875017838703779654618705721528662e-05,29.0,0.97735822712003337241372909987547958738,0.87489051776376220022883479818900285865
0.68000000000000004884981308350688777864,1.9995072838634971602707920922696785767e-05,28.0,0.97677849874928984743927338964401591252,0.87444065712361539531115387153559878742
0.67000000000000003996802888650563545525,3.0935543731632346374776117732486529326e-05,27.0,0.97620281369664111762022957424669811939,0.87399052659640310562807328668669732872
0.66000000000000003108624468950438313186,4.5932911813896319784163912953099841527e-05,26.0,0.9756295320535430492831995293948877822,0.87354038026565225736065017721678794346
0.65000000000000002220446049250313080847,6.7405013543969244131499028459664268707e-05,25.0,0.97505860148964372100841790221790952334,0.8730904442747633536284661508610240901
0.64000000000000001332267629550187848508,9.784232054055890575871183416313502163e-05,24.0,0.97449005173589755210494782705001744672,0.87264091998250667382557848082876182938
0.63000000000000000444089209850062616169,0.00013775369278663291151044166846298322285,23.0,0.97392391144845144939370257972115030371,0.87219198673405980020913997469174792154
0.61999999999999999555910790149937383831,0.00019063864822959162757830805743453455175,21.0,0.97336020831033274647239987908443786942,0.87174380429919565904623010012996729841
0.60999999999999998667732370449812151492,0.00026128317481285513630962151580644800284,21.0,0.97279896912061571903115703847740692825,0.8712965150216315937150897746354996351
0.59999999999999997779553950749686919153,0.00035244545525521033052610755362462066608,20.0,0.97224021987289968268482253974263851399,0.87085024571716932243111841242537945618
0.58999999999999996891375531049561686814,0.00046266850193491061240276625247695925181,19.0,0.97168398582462540736590512090368517999,0.87040510935288207666393081793860899426
0.57999999999999996003197111349436454475,0.00060210899152508654466358615499040538647,19.0,0.97113029155850708397380319950030462616,0.86996120653506702953084578405590851708
0.56999999999999995115018691649311222136,0.00077683190434121369033138645765089655478,18.0,0.97057916103715285413337152229042669842,0.8695186268298379782093219278023713226
0.56000000000000005329070518200751394033,0.0009820467579988696430610989580305161183,17.0,0.97003061765177898035737145747858586412,0.8690774499369701057408976702027841449
0.55000000000000004440892098500626161695,0.0012202522404777075357597208093231725723,16.0,0.9694846842657839745102468480048863807,0.86870254978657287989944179052710643942
0.54000000000000003552713678800500929356,0.0015046820714535706118624514360482388463,15.0,0.96894138325383405842465646465653936924,0.86835855453860963108644122332628174286
0.53000000000000002664535259100375697017,0.0018413744009345716490420702595653520407,15.0,0.96840073653701526359299507716915457191,0.8680133231668251477656088389859805888
0.52000000000000001776356839400250464678,0.00221491394415420071885903388728572732,14.0,0.96786276561452752363728168658696974343,0.86766699612303591902904928501188291685
0.51000000000000000888178419700125232339,0.0026260071508592595708806504666844921991,13.0,0.96732749159232867763262663627110222951,0.86731970433830762910134285988048564487
0.50,0.003093389489461279613887314515216995982,12.0,0.96679493520907962007926885433300281504,0.86697156998794320157388422066840689347
0.48999999999999999111821580299874767661,0.0036209169929173056317108804980094903135,11.0,0.9662651168596938452842622234467905784,0.86662270718992641157687549511071414401
0.47999999999999998223643160599749535322,0.0042067513301183441758955646199591360562,11.0,0.96573805661675390220991581121504917739,0.86627322264331232627205577991696991885
0.46999999999999997335464740899624302983,0.0048001653225335532955539434626542799319,10.0,0.96521377425002257809667283911365409939,0.86592321621235369901551777340368435219
0.46000000000000001998401444325281772763,0.005449319756428861496584777072505802341,9.0,0.96469228924424697350289706639774159569,0.86557278146153361600626915906293681812
0.45000000000000001110223024625156540424,0.0061555075512536711004064444742330389672,8.0,0.96417362081542817522062330673960133845,0.86522200614612839213722248260773497286
0.44000000000000000222044604925031308085,0.0069196138928880946176535580930107824406,8.0,0.96365778792570740813090865333279509832,0.86487097266244174135936850385424428984
0.42999999999999999333866185224906075746,0.0077421081621176123703642687300724420661,6.0,0.96314480929700055335616020170423699252,0.86451975846142345666700557999278153304
0.41999999999999998445687765524780843407,0.0085533304598582279828776635270105275231,5.0,0.96263470342349666140829640692640635927,0.86416843642900657357028071921571213756
0.40999999999999997557509345824655611068,0.009401121013074355260491435551987537638,3.0,0.9621274885831218167440571084127758032,0.86381707523616004559669214167397762045
0.40000000000000002220446049250313080847,0.010295883029761699401336720944782582424,0.0,0.96162318284805735005995153521179748755,0.86346573966135432339941981086293616434
0.39000000000000001332267629550187848508,0.011236838246551305901914868313516551383,0.0,0.96112180409439054913922943275426073239,0.86311449088787032138871835792853112253
0.38000000000000000444089209850062616169,0.012223004967522260566864641492218715606,0.0,0.96062337001096658975091497294864593083,0.86276338677814425873223884191606066594
0.36999999999999999555910790149937383831,0.01325322210249650967906418446516792106,0.0,0.96012789810750196773176300924413239326,0.86241248212712820618710241241984321725
0.35999999999999998667732370449812151492,0.01429937620518195400544733119407534383,0.0,0.95963540572201245474281405096716574083,0.86206182889645613284292441914428290217
0.34999999999999997779553950749686919153,0.015319351771283033071711368778119425676,0.0,0.95914591002760203525621430981447823313,0.86171147643103498667685464337002689807
0.34000000000000002442490654175344388932,0.016372894467074750160309276365745196187,0.0,0.95865942803865353459063965187854799979,0.86136147165952775431461207742965464832
0.33000000000000001554312234475219156593,0.017458806261020905224855913936509887286,0.0,0.95817597661645649477011283438891716541,0.86101185928005844994841381153790565418
0.32000000000000000666133814775093924254,0.018575850440879075086661982636387719499,0.0,0.95769557247430333612824385726074413816,0.86066268193234592080942896129064179226
0.30999999999999999777955395074968691915,0.019722764691644976458140003172793789113,0.0,0.95721823218208065792544973158119631642,0.86031398035736252551908719227743155548
0.29999999999999998889776975374843459576,0.02089827305726107430318296641378362825,0.0,0.95674397217037896070494499173686685655,0.85996579354551403452336982581687900449
0.28999999999999998001598555674718227237,0.022101096711343462044287009935149183435,0.0,0.95627280873414072482842344606069271676,0.8596181588742470818276536231004638664
0.28000000000000002664535259100375697017,0.023329963502839293732062426171261912037,0.0,0.95580475803586383925301100394947972222,0.85927111223590927752405286969875266329
0.27000000000000001776356839400250464678,0.024549613823575891761968332319747272529,0.0,0.95533983610837468375673226705586725258,0.85892468815661365415763044389686999546
0.26000000000000000888178419700125232339,0.02573544390185778773719790892699435174,0.0,0.9548780588571828119720842464261992679,0.85857891990679273104614602197904820714
0.25,0.026941131374562912809638106728200164564,0.0,0.95441944206242691343439754068590867863,0.85823383960406724684108138928092524836
0.23999999999999999111821580299874767661,0.028165768430514927625518720944608465347,0.0,0.95396400138041985404526784278457779801,0.85788947830900012836064328447844938842
0.23000000000000000999200722162640886381,0.029408470944433235652204670681312536142,0.0,0.95351175234479875947922522816407973948,0.85754586611425671743020969018180143865
0.22000000000000000111022302462515654042,0.030668380596460241724611231416108933792,0.0,0.95306271036728450514957012132754081031,0.85720303222764731041939160087359631327
0.20999999999999999222843882762390421703,0.031944666509185275346137880650584416348,0.0,0.9526168907380535461497346917726071018,0.85686100504948718849557107700283746617
0.20000000000000001110223024625156540424,0.033236526450359151365028582759107296396,0.0,0.95217430862572366803188608418750966407,0.85651981224467206434786321797592491887
0.19000000000000000222044604925031308085,0.034543187648849194219792680654091270145,0.0,0.95173497907695409834792972373091094876,0.85617948080983299263534897116503419384
0.17999999999999999333866185224906075746,0.035863907269861769759214927553487581992,0.0,0.95129891701565936664346208165032968059,0.85584003713590387899468555009686193784
0.17000000000000001221245327087672194466,0.037197972593273313403461801231524084831,0.0,0.95086614625602780018268593206241012052,0.85550150706640649045296041969897340826
0.16000000000000000333066907387546962127,0.038544700936249930672909516984221495541,0.0,0.95043824609312937538332958873009104922,0.85516391595173213828231178667729201306
0.14999999999999999444888487687421729788,0.039903439358361688783284049001761124705,0.0,0.95001370280302681257675881752375206672,0.85482728869967566604577403699631074679
0.14000000000000001332267629550187848508,0.041273564184245805796856817974263233867,0.0,0.94959252966628523322438386740501570401,0.85449164982245582581409041017854300807
0.13000000000000000444089209850062616169,0.042587822624953924211936914293080120421,0.0,0.9491747398155721674454550138150768255,0.8541570234804364558837791721313084744
0.11999999999999999555910790149937383831,0.043902079656286526364617388057221889604,0.0,0.94876034623280298077272869010400725933,0.85382343352274484219803128220849331497
0.11000000000000000055511151231257827021,0.045225624726230719211327124984893097329,0.0,0.94834936174588300773493894394086181875,0.85349090352496710508229146001584361876
0.10000000000000000555111512312578270212,0.046558023964163975901513184983188973355,0.0,0.94794179902504210165671511750445122388,0.85315945682408534959320489046888843244
0.089999999999999996669330926124530378729,0.04789886178644840414396177418642033558,0.0,0.94753767057875713503956369832123254601,0.85282911655080743573007874276357035183
0.080000000000000001665334536937734810635,0.04924774029786363363478535716011101705,0.0,0.94713698874925791848336606032908678338,0.85249990565942751214563589004669865138
0.070000000000000006661338147750939242542,0.050604278668971567468966021793906219621,0.0,0.94673976570761202536983552579319883291,0.85217184695534379951747169891515190618
0.059999999999999997779553950749686919153,0.051968112497441840699544260360249837425,0.0,0.94634601344838413886825745759362494947,0.85184496312034944102211682193741186737
0.050000000000000002775557561562891351059,0.053338893160300501828514648004334957082,0.0,0.94595574378386572609355302858573279729,0.85151927673580243752723169991197979104
0.040000000000000000832667268468867405318,0.054716287163091954215847853317500939536,0.0,0.94556896833787113740471306437583815958,0.85119481030377172128368796207365455718
0.029999999999999998889776975374843459576,0.056099975491063245689078209941946963274,0.0,0.94518569853909662805837288502306399866,0.85087158626624823242564728932994913824
0.020000000000000000416333634234433702659,0.05748965296668698691588331550251018617,0.0,0.94480594561403924856225322646459882473,0.8505496270225023434644771719782968535
0.010000000000000000208166817117216851329,0.058885027617129739006764615624046650846,0.0,0.94442972057947312661609018479703775489,0.85022895494466214133009107789042582814
0.0,0.060285820054641731773061648508443328371,0.0,0.94405703423448130705301357202079751274,0.84990959239158082794286561521731900123
