value,max_sup,t_max_sup,t_1e_2,t_1e_3,t_1e_4,t_1e_5,t_1e_6,t_1e_7,t_1e_8,t_1e_9,t_1e_10,dur,Y,S
0.0,4.6120556325914124935916387531684474077e-157,470.0,44.0,47.0,50.0,52.0,54.0,56.0,58.0,60.0,62.0,785.0,0.99608517062250971376375689442954661678,0.2694585752565112382461684986860810177
0.010000000000000000208166817117216851329,1.8109743453404267235336641853857160049e-156,469.0,45.0,48.0,51.0,53.0,55.0,57.0,59.0,60.0,62.0,783.0,0.99601607835234439415194593174178093678,0.26456307845102472509486855726197986398
0.020000000000000000416333634234433702659,7.3273076344775165266666159158784782066e-156,469.0,45.0,48.0,51.0,53.0,55.0,57.0,59.0,61.0,63.0,782.0,0.99594452128558202866390508488454606399,0.25974652206570374569204831430818003054
0.029999999999999998889776975374843459576,3.0541861821960754236823641104600528934e-155,468.0,46.0,49.0,52.0,54.0,56.0,58.0,60.0,62.0,64.0,779.0,0.99587054077525025269419674583731305309,0.25486125112202307032693933410166933074
0.040000000000000000832667268468867405318,1.3122452098764481905967056496920144166e-154,468.0,46.0,50.0,52.0,55.0,57.0,59.0,61.0,62.0,64.0,778.0,0.99579394039478784805987269676186641986,0.25014438418986831913477092100321815325
0.050000000000000002775557561562891351059,5.8181260000910290087905898815151154626e-154,467.0,47.0,50.0,53.0,55.0,57.0,59.0,61.0,63.0,65.0,776.0,0.99571453812600526854265453428934311055,0.24543534049877424416436608950523876198
0.059999999999999997779553950749686919153,2.6604923009344675074853314195113521933e-153,467.0,47.0,51.0,54.0,56.0,58.0,60.0,62.0,64.0,66.0,774.0,0.99563221374090199585518031235993483268,0.24070055775647048212646262668678555883
0.070000000000000006661338147750939242542,1.2575775214184636101698736372352914982e-152,466.0,48.0,51.0,54.0,57.0,59.0,61.0,63.0,65.0,66.0,772.0,0.99554683702597260294315654378904445296,0.23606426141829289010604749803351710431
0.080000000000000001665334536937734810635,6.135375572320659139329310820987958884e-152,466.0,48.0,52.0,55.0,57.0,59.0,61.0,63.0,65.0,67.0,770.0,0.99545826666602144682029988448802456528,0.231501228113645388710479066988737943
0.089999999999999996669330926124530378729,3.099401924996226981838040380790131092e-151,466.0,49.0,53.0,56.0,58.0,60.0,62.0,64.0,66.0,68.0,768.0,0.99536634895014100115158654824233141765,0.22693941195956692497629851448470316194
0.10000000000000000555111512312578270212,1.6178291557389392381355530781815073602e-150,465.0,50.0,53.0,56.0,59.0,61.0,63.0,65.0,67.0,69.0,766.0,0.99527091626719404193350300327020943511,0.22239395035658019126908211923260437759
0.11000000000000000055511151231257827021,8.755951599460244828008001009186331229e-150,465.0,50.0,54.0,57.0,59.0,62.0,64.0,66.0,68.0,70.0,764.0,0.99517178535114763228755517242809948094,0.21787736997790438355033875539293058837
0.11999999999999999555910790149937383831,4.9064979718141753012105419539540672767e-149,464.0,51.0,55.0,58.0,60.0,62.0,65.0,67.0,69.0,70.0,762.0,0.99506875522794225552537639932301971815,0.21347051987575279020348478986399984244
0.13000000000000000444089209850062616169,2.8538940486798223596663005220875351535e-148,464.0,52.0,56.0,59.0,61.0,63.0,65.0,67.0,69.0,71.0,759.0,0.99496160480479414723536435261884737356,0.20909535366085884645792647061532248642
0.14000000000000001332267629550187848508,1.7226056950940022786053503125141839477e-147,463.0,53.0,56.0,59.0,62.0,64.0,66.0,68.0,70.0,72.0,756.0,0.99485034681814459019032102784509782469,0.20475042335455833469146812985022988246
0.14999999999999999444888487687421729788,1.0805893808716027774694811374433249764e-146,463.0,53.0,57.0,60.0,63.0,65.0,67.0,69.0,71.0,73.0,755.0,0.99473458747030686413507869998512735288,0.20044044425007782927642946495695203494
0.16000000000000000333066907387546962127,7.0525094471697065371218723974987558374e-146,462.0,54.0,58.0,61.0,64.0,66.0,68.0,70.0,72.0,74.0,752.0,0.99461398120574952021404261925718461268,0.19616799303462656814244463374739518728
0.17000000000000001221245327087672194466,4.789807931853472614210100172496815937e-145,462.0,55.0,59.0,62.0,65.0,67.0,69.0,71.0,73.0,75.0,750.0,0.99448820272296541059155906007807488945,0.1919336065305987120282370673184201501
0.17999999999999999333866185224906075746,3.3947946356781491930095274893869499842e-144,462.0,56.0,60.0,63.0,66.0,68.0,70.0,72.0,74.0,76.0,747.0,0.9943573459441468022856292607631955815,0.18773587981529153292431021802326049748
0.19000000000000000222044604925031308085,2.5072156946416704032685623419415029723e-143,461.0,57.0,61.0,64.0,67.0,69.0,71.0,73.0,75.0,77.0,744.0,0.99422083734664034076253930569040549103,0.18357156368557453242181745527288536251
0.20000000000000001110223024625156540424,1.9368638959792237204049142370177343573e-142,461.0,58.0,62.0,65.0,68.0,70.0,72.0,74.0,77.0,79.0,742.0,0.99407817562740514362994008833640344244,0.1794356620307886996188497599470713302
0.20999999999999999222843882762390421703,1.5652642415600650594407781619669158113e-141,460.0,59.0,63.0,66.0,69.0,71.0,73.0,76.0,78.0,80.0,739.0,0.99392957529378989797239354973106726336,0.17539457599359070850878050741894137203
0.22000000000000000111022302462515654042,1.3249685021374538059218348455526753975e-140,460.0,60.0,64.0,67.0,70.0,72.0,75.0,77.0,79.0,81.0,736.0,0.99377396214964243323401842113320912807,0.17137828978857171353112389135544914621
0.23000000000000000999200722162640886381,1.17790288322144945881503633885053567e-139,460.0,61.0,65.0,68.0,71.0,74.0,76.0,78.0,80.0,82.0,734.0,0.99361155632897456927620863662838992222,0.16737460930375338993845953987580486275
0.23999999999999999111821580299874767661,1.1000996753063427906705602105971787493e-138,459.0,62.0,66.0,70.0,72.0,75.0,77.0,79.0,82.0,84.0,731.0,0.9934415207448965492413621456900424226,0.16341106003995315506254601366547242818
0.25,1.0817146291625800709534829172200947296e-137,459.0,63.0,67.0,71.0,74.0,76.0,79.0,81.0,83.0,85.0,728.0,0.9932633096108983009056100021858456929,0.1595180659626835801600350642236956839
0.26000000000000000888178419700125232339,1.12267342783444134881465034879935204e-136,459.0,64.0,69.0,72.0,75.0,78.0,80.0,82.0,84.0,86.0,726.0,0.99307672151146535121337574725961867624,0.15561484134158657743815121334233198877
0.27000000000000001776356839400250464678,1.2321761370890290068432310270753966389e-135,459.0,65.0,70.0,74.0,76.0,79.0,81.0,84.0,86.0,88.0,723.0,0.99288112301910854531718110416788763723,0.15180564174034344737166407905878560865
0.28000000000000002664535259100375697017,1.4316553933156469569500319520058506686e-134,458.0,67.0,72.0,75.0,78.0,81.0,83.0,85.0,87.0,90.0,719.0,0.99267574479757224227352412722684249436,0.14800163983246147018555954088114937932
0.28999999999999998001598555674718227237,1.7666769146766945963234706824900560886e-133,458.0,68.0,73.0,77.0,79.0,82.0,85.0,87.0,89.0,91.0,716.0,0.99245992427641933130403226511341000359,0.14422514847202460423766331285798438656
0.29999999999999998889776975374843459576,2.3216788653666563959902541955083773967e-132,458.0,70.0,75.0,78.0,81.0,84.0,86.0,89.0,91.0,93.0,713.0,0.99223288173039790075130442418891599851,0.14052139319308500299823322820495048966
0.30999999999999999777955395074968691915,3.2580752475906037325778302359897112149e-131,458.0,71.0,76.0,80.0,83.0,86.0,88.0,90.0,93.0,95.0,710.0,0.99199415166687265763493504663060226495,0.13684342616828807699837625612782489184
0.32000000000000000666133814775093924254,4.8972439613197890716912837910588575776e-130,458.0,73.0,78.0,82.0,85.0,87.0,90.0,92.0,95.0,97.0,706.0,0.99174258024339446688054554953145062406,0.13319827092273159889615061650616079396
0.33000000000000001554312234475219156593,7.9112528877605658681424440508833665729e-129,458.0,75.0,80.0,83.0,87.0,89.0,92.0,94.0,97.0,99.0,703.0,0.99147684651743591790217655694215089659,0.12958607844451051408029541776205648419
0.34000000000000002442490654175344388932,1.3787802179428607357241257824455544415e-127,458.0,76.0,82.0,85.0,89.0,91.0,94.0,97.0,99.0,101.0,700.0,0.99119672847626894863891654860243194871,0.12600202724406945426564843812409814352
0.34999999999999997779553950749686919153,2.6035847173541309161209082512976773402e-126,458.0,78.0,84.0,88.0,91.0,94.0,96.0,99.0,101.0,104.0,696.0,0.99090031170166583751526068895466112612,0.12248728999226552756561189262331604237
0.35999999999999998667732370449812151492,5.3430616010510162200290504690410055035e-125,459.0,81.0,86.0,90.0,93.0,96.0,99.0,101.0,104.0,106.0,692.0,0.990586452745443738188900247162460435,0.11898145722280454177293490940355256101
0.36999999999999999555910790149937383831,1.1998044675864852680820737305467979457e-123,459.0,83.0,88.0,92.0,96.0,99.0,101.0,104.0,106.0,109.0,688.0,0.99025380446972573596461507076288128675,0.11553042612065488186253325169359272691
0.38000000000000000444089209850062616169,2.9629063076398920202504412290294110842e-122,460.0,85.0,91.0,95.0,98.0,101.0,104.0,107.0,109.0,111.0,685.0,0.98990064261609952158923882351993518675,0.11210384114806919517643082837676014327
0.39000000000000001332267629550187848508,8.0984058851878983419037284915911353998e-121,460.0,88.0,93.0,98.0,101.0,104.0,107.0,109.0,112.0,114.0,680.0,0.98952486547129922341187766801497732352,0.10871454599267937725433481239749059682
0.40000000000000002220446049250313080847,2.4653905373167559210613758137438048539e-119,461.0,90.0,96.0,100.0,104.0,107.0,110.0,113.0,115.0,118.0,677.0,0.98912517946619288705503443799225692611,0.10536101446209129247947339474862888229
0.40999999999999997557509345824655611068,8.4348079746122870250438139285677098138e-118,462.0,93.0,99.0,104.0,107.0,110.0,113.0,116.0,118.0,121.0,673.0,0.98869860364808476759409805833591909432,0.10202958660016799342395551670368313993
0.41999999999999998445687765524780843407,3.2725993404240957192464363380168391369e-116,463.0,96.0,103.0,107.0,111.0,114.0,117.0,119.0,122.0,125.0,668.0,0.98824253889341833202715382608084211795,0.098753712383972101692792804492061565324
0.42999999999999999333866185224906075746,1.4550078064243250970012319424739638305e-114,465.0,100.0,106.0,111.0,114.0,118.0,121.0,123.0,126.0,129.0,663.0,0.98775430544950488737586125379173558827,0.09550219864637425869587020534440591044
0.44000000000000000222044604925031308085,7.4969030937235916292114231698503960934e-113,466.0,103.0,110.0,114.0,118.0,122.0,125.0,127.0,130.0,133.0,659.0,0.98723010086373440550941399914081415352,0.092275488876026013872634410678408133226
0.45000000000000001110223024625156540424,4.544989142516495784623994878839227003e-111,468.0,107.0,114.0,119.0,123.0,126.0,129.0,132.0,135.0,137.0,655.0,0.98666660889899260310539272609525661683,0.089097431402850333923806319082355069527
0.46000000000000001998401444325281772763,3.2953911816751182575502673685708282413e-109,470.0,112.0,119.0,123.0,127.0,131.0,134.0,137.0,140.0,142.0,649.0,0.9860586168454289759886611195016979282,0.085941900942138604628900868239600367965
0.46999999999999997335464740899624302983,2.915155038478878533038251899579248574e-107,473.0,117.0,124.0,129.0,133.0,136.0,139.0,142.0,145.0,148.0,643.0,0.98540121643858728022396059968058853899,0.082816630635056521646687556024828834264
0.47999999999999998223643160599749535322,3.2184541615844078028648627339726063103e-105,475.0,122.0,129.0,134.0,138.0,142.0,145.0,148.0,151.0,154.0,638.0,0.98468872616686614040538530792219817815,0.079723254308126465902055902929121967374
0.48999999999999999111821580299874767661,4.5616912936971960320487488772624336996e-103,479.0,128.0,135.0,140.0,145.0,148.0,152.0,155.0,158.0,161.0,632.0,0.98391283440441600475669852048710732299,0.076655242398575814585097210338484077441
0.5,8.6077866517643882640691194685240007409e-101,483.0,134.0,142.0,147.0,152.0,155.0,159.0,162.0,165.0,168.0,627.0,0.98306572637053373442577711194568978779,0.073620511740750359022170901581803585638
0.51000000000000000888178419700125232339,2.256156606094760748134124176147429369e-98,487.0,141.0,149.0,155.0,159.0,163.0,167.0,170.0,173.0,176.0,621.0,0.98213699365410980738131786787972109573,0.070609909687671027126095240791506642848
0.52000000000000001776356839400250464678,8.694824340072894042076226813970735684e-96,492.0,150.0,158.0,164.0,168.0,172.0,176.0,179.0,182.0,186.0,613.0,0.98111379450050261336954291989667857736,0.067622370275999116249087834987609999331
0.53000000000000002664535259100375697017,5.2923151046327487947256899504141135818e-93,498.0,159.0,168.0,174.0,178.0,182.0,186.0,190.0,193.0,196.0,606.0,0.97998046818492637621147056746550982391,0.06465464716368979296663690002920912885
0.54000000000000003552713678800500929356,5.6008922423642715035340561607863221101e-90,506.0,170.0,179.0,185.0,190.0,194.0,198.0,201.0,205.0,208.0,597.0,0.97871785948375209933249875803774031286,0.061712271893220029449709584368199994861
0.55000000000000004440892098500626161695,1.1764628212518269155359807418856834741e-86,514.0,182.0,192.0,198.0,203.0,207.0,211.0,215.0,218.0,222.0,589.0,0.97730071346555809782460111945908053379,0.058785959447872127476923980594298662559
0.56000000000000005329070518200751394033,5.9242109003949294952539481479058382227e-83,524.0,197.0,207.0,213.0,218.0,223.0,227.0,231.0,234.0,238.0,578.0,0.97569636091045477847813404835451612972,0.055871035193285798377770421790066738134
0.56999999999999995115018691649311222136,9.4443626613481761973292737555561709334e-79,536.0,214.0,225.0,231.0,237.0,242.0,246.0,250.0,254.0,257.0,566.0,0.97386006192106179581416136686284817217,0.052966689976607072150767406429046876098
0.57999999999999996003197111349436454475,7.3386566417422617571846896036436060453e-74,550.0,235.0,246.0,253.0,259.0,264.0,268.0,273.0,276.0,280.0,551.0,0.97172807791712318550034607242707657412,0.050064402470642459609150291733484857866
0.58999999999999996891375531049561686814,5.645759647171994355357020872851061099e-68,567.0,261.0,273.0,281.0,287.0,292.0,296.0,301.0,305.0,309.0,532.0,0.96920443597150423204092660440512807151,0.047159785066295103319842586334145059053
0.59999999999999997779553950749686919153,1.4657684981744393791600058057131870413e-60,587.0,295.0,307.0,315.0,322.0,327.0,332.0,337.0,341.0,345.0,505.0,0.96612636776448283577753527010115339792,0.044240129227731235569599984742234129122
0.60999999999999998667732370449812151492,1.1929045778331405150821210584639358689e-50,610.0,340.0,353.0,361.0,368.0,374.0,379.0,384.0,389.0,393.0,464.0,0.96217877119892242550951734282309838001,0.041300114199121514660787533848228720657
0.61999999999999999555910790149937383831,1.6378899583319419848431048387084341415e-36,636.0,402.0,417.0,427.0,434.0,441.0,447.0,452.0,457.0,462.0,398.0,0.9565998515205241372827213933419819668,0.038339472671322378486456646433315753707
0.63000000000000000444089209850062616169,3.8882776812601457972692334057722928111e-16,659.0,501.0,519.0,531.0,540.0,549.0,558.0,566.0,574.0,582.0,265.0,0.94685327120645158601831296499005768553,0.035395166741603800156401509388529822528
0.64000000000000001332267629550187848508,0.046547905527719816463659784771047342927,683.0,0.0,0.0,0.0,0.0,0.0,0.0,0.0,0.0,0.0,0.0,0.92089884061088811591334271711173498548,0.032287191414552684186270195061593169749
0.65000000000000002220446049250313080847,0.46450391098294156533825401860305783413,875.0,0.0,0.0,0.0,0.0,0.0,0.0,0.0,0.0,0.0,0.0,0.84618981743064096995841133892181463995,0.025633408433385675248320834563596854624
0.66000000000000003108624468950438313186,0.94104492215590737748537564447352091813,173.0,0.0,0.0,0.0,0.0,0.0,0.0,0.0,0.0,0.0,0.0,0.051482062140310346791916254253965817786,0.00060010140827459776983887243591768638854
0.67000000000000003996802888650563545525,0.9539253911290705002301190692762378853,121.0,0.0,0.0,0.0,0.0,0.0,0.0,0.0,0.0,0.0,0.0,0.040224556200598064834674768576986923339,0.00040642293689682771893527740992881429831
0.68000000000000004884981308350688777864,0.96120758549643147551019869010250259203,98.0,0.0,0.0,0.0,0.0,0.0,0.0,0.0,0.0,0.0,0.0,0.03386533020998461574775069311309338237,0.00040336776545476319806043125963388431376
0.68999999999999994670929481799248605967,0.96613859107624869591711765785428969279,85.0,0.0,0.0,0.0,0.0,0.0,0.0,0.0,0.0,0.0,0.0,0.029560013131584557159113192452600158112,0.00040031259401269874118925457786211576454
0.69999999999999995559107901499373838305,0.96976895865092046936758504454475668637,75.0,0.0,0.0,0.0,0.0,0.0,0.0,0.0,0.0,0.0,0.0,0.026391052729321497966983216035675686917,0.00039725742257063420379017716295452254621
0.70999999999999996447286321199499070644,0.9725824045265873006723085008681570357,68.0,0.0,0.0,0.0,0.0,0.0,0.0,0.0,0.0,0.0,0.0,0.023935151040225726066763987139756762126,0.000394202251128569653508960327793237605
0.71999999999999997335464740899624302983,0.97484073467075036231012508677527608475,62.0,0.0,0.0,0.0,0.0,0.0,0.0,0.0,0.0,0.0,0.0,0.021964304801920998622803805108414720282,0.0003911470796865051640721319755238968046
0.72999999999999998223643160599749535322,0.97670068741564682696205999690716582962,58.0,0.0,0.0,0.0,0.0,0.0,0.0,0.0,0.0,0.0,0.0,0.02034047631202568345948855069641530267,0.00038809190824444066904632491474687031397
0.73999999999999999111821580299874767661,0.97826345224356651828110892731026765401,54.0,0.0,0.0,0.0,0.0,0.0,0.0,0.0,0.0,0.0,0.0,0.01897670047871748579867996585642243736,0.00038503673680237611741154295851044534935
0.75,0.97959858159741510309364929002588287867,51.0,0.0,0.0,0.0,0.0,0.0,0.0,0.0,0.0,0.0,0.0,0.01781147149132725586007998245264539407,0.0003819815653603115985683439213747496092
0.76000000000000000888178419700125232339,0.98075302708153984679456066268074244393,48.0,0.0,0.0,0.0,0.0,0.0,0.0,0.0,0.0,0.0,0.0,0.016803912244568495450392367842515342394,0.00037892639391824707549233015989956078313
0.77000000000000001776356839400250464678,0.98176358264205910827331608430717967466,45.0,0.0,0.0,0.0,0.0,0.0,0.0,0.0,0.0,0.0,0.0,0.015922567772297561980452022376053215561,0.00037587122247618258317365334127280568107
0.78000000000000002664535259100375697017,0.98265535345471340908986453819629143216,43.0,0.0,0.0,0.0,0.0,0.0,0.0,0.0,0.0,0.0,0.0,0.015144161762834783978654827820821909933,0.00037281605103411803636630728399599064815
0.79000000000000003552713678800500929356,0.98344962200529841700264696971223353859,41.0,0.0,0.0,0.0,0.0,0.0,0.0,0.0,0.0,0.0,0.0,0.014451109251554571491419068264742590183,0.00036976087959205348854443710168609276802
0.80000000000000004440892098500626161695,0.9841623637691954521904945872279678071,39.0,0.0,0.0,0.0,0.0,0.0,0.0,0.0,0.0,0.0,0.0,0.013829449708845849153100652220749362764,0.00036670570814998896961647781553988440586
0.81000000000000005329070518200751394033,0.98480374261394520020310973670088593104,38.0,0.0,0.0,0.0,0.0,0.0,0.0,0.0,0.0,0.0,0.0,0.013269076444826042571058529349609102429,0.00036365053670792446221449396547917271539
0.81999999999999995115018691649311222136,0.98538724504236388123860537272648929083,36.0,0.0,0.0,0.0,0.0,0.0,0.0,0.0,0.0,0.0,0.0,0.012760598265553166557334357207509397895,0.00036059536526585999594142680127319420418
0.82999999999999996003197111349436454475,0.98591750024894244863348253936340851746,35.0,0.0,0.0,0.0,0.0,0.0,0.0,0.0,0.0,0.0,0.0,0.012297500948145915945533187585104058564,0.00035754019382379545241659124583393363591
0.83999999999999996891375531049561686814,0.98640369769163447775026202380471802885,34.0,0.0,0.0,0.0,0.0,0.0,0.0,0.0,0.0,0.0,0.0,0.011872978596526684776000331676632727262,0.00035448502238173096546212975819076789806
0.84999999999999997779553950749686919153,0.98685085978908964404180752969589553992,33.0,0.0,0.0,0.0,0.0,0.0,0.0,0.0,0.0,0.0,0.0,0.011482635658733606519414211310263919558,0.00035142985093966644534752698589738865462
0.85999999999999998667732370449812151492,0.98726338878681245689277341074272369447,32.0,0.0,0.0,0.0,0.0,0.0,0.0,0.0,0.0,0.0,0.0,0.011122620914722377573508567684707281558,0.00034837467949760192299132562523828829832
0.86999999999999999555910790149937383831,0.98764516347866164181644172171312921245,31.0,0.0,0.0,0.0,0.0,0.0,0.0,0.0,0.0,0.0,0.0,0.010789542682904277122509432586441734856,0.00034531950805553736900196689366472600012
0.88000000000000000444089209850062616169,0.9879996213381294386763926602530362133,30.0,0.0,0.0,0.0,0.0,0.0,0.0,0.0,0.0,0.0,0.0,0.010480396866135896382354532569830100056,0.00034226433661347286916601570154112780963
0.89000000000000001332267629550187848508,0.98832982880836374501678055425069872985,29.0,0.0,0.0,0.0,0.0,0.0,0.0,0.0,0.0,0.0,0.0,0.010192505424393500333205390105906013352,0.00033920916517140833798264812102691481909
0.90000000000000002220446049250313080847,0.98863854204702337248979661011393796723,28.0,0.0,0.0,0.0,0.0,0.0,0.0,0.0,0.0,0.0,0.0,0.0099234632612676717643558534354797865802,0.00033615399372934381173715526224948708006
0.91000000000000003108624468950438313186,0.98892750539914667808269020861516532533,28.0,0.0,0.0,0.0,0.0,0.0,0.0,0.0,0.0,0.0,0.0,0.0096710918236318265078965881381019864804,0.00033309882228727929587272476214237756848
0.92000000000000003996802888650563545525,0.98919729924919332563610620285948232654,27.0,0.0,0.0,0.0,0.0,0.0,0.0,0.0,0.0,0.0,0.0,0.0094352785679025949611748775790184716592,0.00033004365084521478435300966964178340403
0.93000000000000004884981308350688777864,0.98945186163366199941599002501921285778,26.0,0.0,0.0,0.0,0.0,0.0,0.0,0.0,0.0,0.0,0.0,0.009213700374218202705264984146886850357,0.00032698847940315024380619000541334879795
0.93999999999999994670929481799248605967,0.98969205533815126820156797193643278358,26.0,0.0,0.0,0.0,0.0,0.0,0.0,0.0,0.0,0.0,0.0,0.0090038188551363417902513349149800284505,0.00032393330796108575231040566454940603829
0.94999999999999995559107901499373838305,0.98991728208206579719519972704915388005,25.0,0.0,0.0,0.0,0.0,0.0,0.0,0.0,0.0,0.0,0.0,0.0088072886403994089232107516112897856751,0.00032087813651902122680921374239553881112
0.95999999999999996447286321199499070644,0.99013208432695827796538591795839289713,24.0,0.0,0.0,0.0,0.0,0.0,0.0,0.0,0.0,0.0,0.0,0.0086206154878017100956671434313173779344,0.0003178229650769567107775866441623514261
0.96999999999999997335464740899624302983,0.99033329795151366582806139417434677438,24.0,0.0,0.0,0.0,0.0,0.0,0.0,0.0,0.0,0.0,0.0,0.0084441711153388858987251881415722504665,0.00031476779363489220006005698968709483466
0.97999999999999998223643160599749535322,0.99052604885467425615081938736007042882,23.0,0.0,0.0,0.0,0.0,0.0,0.0,0.0,0.0,0.0,0.0,0.0082768492295184596219370937778928842954,0.00031171262219282769671243395416413395804
0.98999999999999999111821580299874767661,0.99070723769452192479198988052836971423,23.0,0.0,0.0,0.0,0.0,0.0,0.0,0.0,0.0,0.0,0.0,0.0081179354839116235394752110796038043558,0.00030865745075076316457887188633605501519
1.0,0.99088169854622770047896544789373777002,22.0,0.0,0.0,0.0,0.0,0.0,0.0,0.0,0.0,0.0,0.0,0.0079666873989340740317666836302366012352,0.00030560227930869864029761129662129999336
