value,sup,dur,Y,S
-3.0,3.5402202832773761090644414292500946961e-58,108.0,0.99608547830263100926478655757643718634,0.26949632711198441032591405762210129801
-2.9500000000000001776356839400250464678,3.7125881608017321465155105993767397964e-58,108.0,0.99607662978699882442875635531588879477,0.26945420717899940789048589194003373031
-2.8999999999999999111821580299874767661,3.9150271652793352272911818963712819786e-58,108.0,0.99606671956589056624030295896962360795,0.26940661154378636559285809560055152824
-2.8500000000000000888178419700125232339,4.154068822009102063084376743685756184e-58,108.0,0.99605568666547539088527932093918876961,0.26935278550074649797346048745009580433
-2.7999999999999998223643160599749535322,4.4380318525468309312366104435269848733e-58,108.0,0.99604359073285013737797213663397690445,0.26929186005096428690107110980218736476
-2.75,4.7776216935468897716710667469592308686e-58,108.0,0.99603005171843963576187416241570708111,0.26922283229374576597794766594106256513
-2.7000000000000001776356839400250464678,5.1867687170997852936776810212583431384e-58,108.0,0.99601490169708253450734495270473060842,0.2691445419955338557059067218125924745
-2.6499999999999999111821580299874767661,5.6838154945392373781710223392983552092e-58,108.0,0.99599795422899254087281157325954239143,0.26905564351457696815251994533087149062
-2.6000000000000000888178419700125232339,6.2932218277609165339120492577495965118e-58,108.0,0.99597946466467621384731200411237961251,0.26895457207381777588238878292435704007
-2.5499999999999998223643160599749535322,7.0480496449613373621131950087545616214e-58,108.0,0.99595882130488583074676129207257935194,0.26883950314635290937661823399076183141
-2.5,7.9936417850618434202008118627152252747e-58,108.0,0.99593575116292947437993067074169980837,0.26870830343841086993235613692655585241
-2.4500000000000001776356839400250464678,9.1931604579318816868465707447391610102e-58,108.0,0.9959104595261109568933624547656153293,0.26855847161337735088862326333813779204
-2.3999999999999999111821580299874767661,1.0736076564362057978704222671344265772e-57,108.0,0.99588240021203697809669334938822808448,0.26838706648445577771536521081335237883
-2.3500000000000000888178419700125232339,1.2751434889147398272288086317027104153e-57,108.0,0.99585113510382455089590878679669717312,0.26819061989874934549445963426128385993
-2.2999999999999998223643160599749535322,1.5429014362377161574213732266658467702e-57,107.0,0.9958170394486346353732165518773154219,0.26796503092584292644553511266219597277
-2.25,1.9053839543924609480467163359216314849e-57,107.0,0.99577901606006033333528676809530762156,0.2677099083949659088636957286628478761
-2.2000000000000001776356839400250464678,2.4063827430861203403169041398732848687e-57,107.0,0.99573736448874038569827168372184941088,0.26750352485396809037402419477352354038
-2.1499999999999999111821580299874767661,3.1148588900839757375300817668937288497e-57,107.0,0.9956912504995184389471630713550245861,0.26726094696397109337088315660793909215
-2.1000000000000000888178419700125232339,4.1423536443142691468728712677551613144e-57,107.0,0.99564058785718827386176391142985013409,0.26697499644035992528489610531423194971
-2.0499999999999998223643160599749535322,5.6746056336823748867344040888194717343e-57,107.0,0.99558471717871300177651022225315170153,0.26663694190036206416424952357933305671
-2.0,8.0308666830731048999225575044079056532e-57,107.0,0.99552332007329427164721220200960925357,0.26623615024327558303748333116405312002
-1.9499999999999999555910790149937383831,1.1779186119981767894035030265443082424e-56,107.0,0.9954556821602946644905780757308738478,0.26575966131284063637546372710039648191
-1.8999999999999999111821580299874767661,1.7969258759421603191991566814017150906e-56,107.0,0.99538140172691142768571551596078858953,0.26528353827935290691898332667696808607
-1.8500000000000000888178419700125232339,2.8622864985262047039717862980699530025e-56,107.0,0.99529954803350204260594273701999564399,0.26480708944428916825796713158743816353
-1.8000000000000000444089209850062616169,4.78153098255546408557960922887233841e-56,107.0,0.99520965049266970143503914578645498783,0.26421676681676466231803098396134113717
-1.75,8.4182825678935004866258913417292957634e-56,106.0,0.99511054835089589584189417744005899819,0.26348526583531906582889972254336650072
-1.6999999999999999555910790149937383831,1.5706587714221712528716908964776510699e-55,106.0,0.99500145258578229330495461730129001232,0.26284036140825806846038912282951472365
-1.6499999999999999111821580299874767661,3.1250381863076319750916332570677616345e-55,106.0,0.99488123743022264032772043874006190163,0.2620271933960000033375470379262063388
-1.6000000000000000888178419700125232339,6.677720418416954687110633037734485937e-55,106.0,0.99474805519611683525607012619836611819,0.26115080828263655290407042486321127819
-1.5500000000000000444089209850062616169,1.5449887699051846997650101433308811245e-54,105.0,0.9946015763076655459325712558332162661,0.26018195488675573174401342818368912631
-1.5,3.9065882659988406260135884681481346204e-54,105.0,0.99443875675935911301976384103215036743,0.25915777534469725582529256657250165569
-1.4499999999999999555910790149937383831,1.091262358405882036572921134338072906e-53,105.0,0.99425762176154179383179055942904284947,0.25797547266819581392046957635389819919
-1.3999999999999999111821580299874767661,3.4101306818692436948891052378460013557e-53,104.0,0.99405613797849027366493456131599427153,0.25670146907416907625937315622053645368
-1.3500000000000000888178419700125232339,1.2097951070092526476804933373512931673e-52,104.0,0.9938311235352824096207473831718413654,0.25538514721757115610491767214813734353
-1.3000000000000000444089209850062616169,4.9578922319884445465646554451836114951e-52,103.0,0.99357832114697325951295811961516162733,0.2539994328935402852523784865801550494
-1.25,2.3961566447471093194733742876129706417e-51,102.0,0.99329383130805363506917040298143122438,0.2525656459113388414418828904691613848
-1.1999999999999999555910790149937383831,1.4001553286127976274374524444626164091e-50,102.0,0.99297155239914503322756832676801919563,0.25099344096931675206468586207507121567
-1.1499999999999999111821580299874767661,1.0195806138473096478126303302130353319e-49,101.0,0.99260282165247798398397007518826004776,0.24949394039645763598392952430942773449
-1.1000000000000000888178419700125232339,9.6033625342209497678581145220787529366e-49,100.0,0.9921807038478141499123245800936808675,0.24804292550234522594979853680918689025
-1.0500000000000000444089209850062616169,1.2256413391052099880475108388007203563e-47,98.0,0.99169151448802951818671570358180339975,0.24672634685980069080559507469257535467
-1.0,2.2482175974850369526631893675609204416e-46,97.0,0.99112047938894806001991246410532294326,0.24569191542479223905547347570444069409
-0.94999999999999995559107901499373838305,6.3963334688666060537508165247116964748e-45,95.0,0.99044482141803741571173546275783329589,0.24506900237341449799254151823081840754
-0.90000000000000002220446049250313080847,3.1215248853978830815062225694536185277e-43,93.0,0.98963880153391729720410649466135228959,0.24499354419064753105809972945760098732
-0.84999999999999997779553950749686919153,2.9957518766628131276430783694999901285e-41,90.0,0.98865897752465763722891041035663031094,0.24548132046410289531030314299946332354
-0.80000000000000004440892098500626161695,6.8486600715403967419627300637435611936e-39,87.0,0.98744776030637916821020048179986600085,0.24629747982739643087130754679320269145
-0.75,4.93428924267924299116737249794932123e-36,82.0,0.98591957574770729564481615366595375567,0.24700848781834213680874234522447061337
-0.69999999999999995559107901499373838305,1.7212321649000750430905509978559713716e-32,77.0,0.98393864326819875852617346693233994382,0.24713685070248335683760454576830865686
-0.65000000000000002220446049250313080847,5.8429238700790247233959455708096619133e-28,69.0,0.98128207817229307197305936159925621466,0.24616256327714072084855904484890074545
-0.59999999999999997779553950749686919153,6.353490630078513955973277846933484302e-22,58.0,0.97755849331931972682403802772907046776,0.24366162817478502442701734031963408641
-0.55000000000000004440892098500626161695,1.3184627343146589442531690090884674379e-13,40.0,0.97102353573574502599640762696127784335,0.23606146094310710489860730409189045755
-0.5,0.00042997815308744042634071465248266334842,10.0,0.92734379278627557954575873829486592008,0.14367860848681926142383447568141611059
-0.45000000000000001110223024625156540424,0.24670290445963274835715673665867116911,0.0,0.6671265535980800242462875390380758136,0.036758742577053209806002696365524337307
-0.40000000000000002220446049250313080847,0.74438329213152768229804909086990000288,0.0,0.2248856026456438938764484735684460149,0.0047949065273183890326482949727379288675
-0.34999999999999997779553950749686919153,0.92085721204570339708752684868297859813,0.0,0.069089137906313226884636545045416110586,0.0012188445027783090194852501724136429964
-0.29999999999999998889776975374843459576,0.95134725573004773708792587865563774583,0.0,0.04247225019764986157815913975896800097,0.0010670782993303422993820293734917666745
-0.25,0.96437407769235328371221947554135421858,0.0,0.031102164134540165914780008507206190752,0.0009909154276349164548034249325423743303
-0.20000000000000001110223024625156540424,0.97198273433078316384455752155099574484,0.0,0.024460428643874913698492324800473492893,0.0009392600079398910999474342445874576857
-0.14999999999999999444888487687421729788,0.97716829287784611506119793086492413184,0.0,0.019935432160263335634166805118623729406,0.00090352569162658963977174430469042170261
-0.10000000000000000555111512312578270212,0.98112144707280573255673209859225453884,0.0,0.01648413636199361434566464057622053727,0.00088580442240051084206701394018049722485
-0.050000000000000002775557561562891351059,0.98446126319610738026940234035523434178,0.0,0.013570391334959495378907345021090619869,0.00088580442240051084206701394018049722485
0.0,0.98756204843174852082729626854579725426,0.0,0.01086326417411367130027264243533310078,0.00088580442240051084206701394018049722485
