value,sup,dur,Y,S
-3.0,7.5683825683497176357341439933215971656e-61,129.0,0.99604126356473749881203366665397023425,0.88888399640339364567147462592666600395
-2.9500000000000001776356839400250464678,1.0795760440721711871468800916045817283e-60,129.0,0.99604390397371016121668931513896415055,0.88883616814594712937134703766917561687
-2.8999999999999999111821580299874767661,1.5797106525647435427954820561073995354e-60,129.0,0.99604683169160123729045757733006472809,0.88878202156573119444286554662728267674
-2.8500000000000000888178419700125232339,2.3737311597569368247932509124577047827e-60,129.0,0.99605007334549131765663132088119107109,0.88872066192361489934771823924374393359
-2.7999999999999998223643160599749535322,3.6663408377956730044195409033980046497e-60,129.0,0.99605365686081043442222238799466633946,0.88865105370718034187956569754250026835
-2.75,5.8256643867863713042642950175243443834e-60,129.0,0.99605761120208840127725446660427626419,0.88857199545463078534692555398087951381
-2.7000000000000001776356839400250464678,9.5293247875723230240095150992220984344e-60,129.0,0.99606196600541066039479082953166902055,0.88848208950836904139337710380200006183
-2.6499999999999999111821580299874767661,1.6054082434672987932686862120924704323e-59,129.0,0.99606675108006689701496537549498928545,0.88837970559075706411041976462134226114
-2.6000000000000000888178419700125232339,2.7861797241339952642236896691951449075e-59,129.0,0.99607199575482968700559451460814626099,0.88826293684387704201415564648253399271
-2.5499999999999998223643160599749535322,4.9808059876430535624125450492803328776e-59,129.0,0.99607772804286262235761427803740395273,0.88812954666801667676909926523936677448
-2.5,9.1681368902043903536654490394723110053e-59,129.0,0.99608397359875308387383775360734111382,0.88797690431798374076444274710710699104
-2.4500000000000001776356839400250464678,1.7362958302262611876039553434768443035e-58,129.0,0.99609075444193853641240576772196213314,0.88780190675774727958744756841546390954
-2.3999999999999999111821580299874767661,3.3793874717661608647676626184959007836e-58,129.0,0.99609808742316401045498444173047999189,0.88760088371509684775623201920939644611
-2.3500000000000000888178419700125232339,6.749564933595006612398858566924682536e-58,129.0,0.99610598241478011989649794908666923732,0.88736948219863450279832703652091844767
-2.2999999999999998223643160599749535322,1.3808281845376340602288625959385010305e-57,129.0,0.99611444021164562894596698323660934513,0.88710252591545556189000027735376198857
-2.25,2.8873583282406266758580475008128218871e-57,129.0,0.99612345013673493416427234274107993846,0.88679384403114883465563069097631917285
-2.2000000000000001776356839400250464678,6.1563746247921388908277479050017977991e-57,129.0,0.99613377156832336988526664214596649669,0.88643606251128980993472566633658174157
-2.1499999999999999111821580299874767661,1.3350826121138462225297806705301977737e-56,129.0,0.99614460143426627134557147448887022567,0.8860203498369631093389403946187556982
-2.1000000000000000888178419700125232339,2.9370764750033390339944177570530965855e-56,129.0,0.99615587485319574850992851353838029473,0.88574188902578970974225735410404742084
-2.0499999999999998223643160599749535322,6.5377185173711221093315687329168666647e-56,129.0,0.99616750532055302206315610009288727874,0.8855193928430640372468521477152848211
-2.0,1.4688649871616163422617421278404521019e-55,129.0,0.99617938104258389645688590593643679486,0.88523843381508826263965877482759050173
-1.9499999999999999555910790149937383831,3.3237607966220625427212656003271217741e-55,129.0,0.99619136182364307975618906280184665613,0.88488432515904906622673436241849354769
-1.8999999999999999111821580299874767661,7.5607812015106250481633459306948098231e-55,129.0,0.99620327566904486799098774334848337603,0.88443882926145917428590102141875329466
-1.8500000000000000888178419700125232339,1.7265395524905847806363317262570414198e-54,129.0,0.99621491491270263241109528667446743236,0.88387933383179648206919699799531581708
-1.8000000000000000444089209850062616169,3.9542350805069124182563481058117287993e-54,129.0,0.99622603157904242410633819091203067521,0.88317784519697044112128150008110566823
-1.75,9.0797332547514910207435074584740405083e-54,129.0,0.99623633156751764489320589803151074889,0.88229975942339061396454194205707229667
-1.6999999999999999555910790149937383831,2.0908521007003475313914503471249848319e-53,129.0,0.99624546710051459790176703687876754478,0.88179718988551097849784164000487480602
-1.6499999999999999111821580299874767661,4.8329425563780721696593344810037570601e-53,129.0,0.996253026689102905951414323449586448,0.88120563726470016871193231835934638551
-1.6000000000000000888178419700125232339,1.1231432224188471981270781286112088343e-52,129.0,0.99625852162082835557957653073467239556,0.8803584450053568389003041295464201642
-1.5500000000000000444089209850062616169,2.6302973660003065611684621975276540339e-52,128.0,0.99626136761446121293456134994386164658,0.87918352882936602477104589680904181786
-1.5,6.2267815244724732472968930974718881147e-52,128.0,0.99626085974220447031427143697432265897,0.8780895414718552408482502299810179772
-1.4499999999999999555910790149937383831,1.4959231386552865961717757915771059928e-51,128.0,0.99625712051876510602600790051477152476,0.87708288085322553297689023665157789595
-1.3999999999999999111821580299874767661,3.6645903795053065217801587318414352022e-51,128.0,0.99624984050075391686933936574183818492,0.87553006310505303604653422529597223688
-1.3500000000000000888178419700125232339,9.2071051745741122499847019123937203998e-51,128.0,0.99623674264376775241530603244192489909,0.87373709238503783045263485675468356088
-1.3000000000000000444089209850062616169,2.3888896475313649048462568227032256115e-50,128.0,0.99621636047263460196836823462679329024,0.87200247551264244557055525548265001392
-1.25,6.453483575753786161445160873230183585e-50,127.0,0.99618679986916304817744612686852792349,0.86929515308800520731285918989976235668
-1.1999999999999999555910790149937383831,1.8328175677217917804982384797628139884e-49,127.0,0.99614704725225221676107915817297882136,0.86677776659499888094213814931995976976
-1.1499999999999999111821580299874767661,5.5354146775421476393578939251822127341e-49,127.0,0.99609825596842296797623158341779608372,0.86305680497146001442864167647765755876
-1.1000000000000000888178419700125232339,1.8022156467430726322177856883443195185e-48,127.0,0.99603234252582619609242539078410450849,0.85916983401962429031911889613569197691
-1.0500000000000000444089209850062616169,6.4293063973487781020165645003732292716e-48,126.0,0.99594983058309949263880012029099532879,0.85385227468690304145262862784169804487
-1.0,2.5629259265884586753095368822510758519e-47,126.0,0.99584473698989398490210276543163734712,0.84781335351735412216049523826761390762
-0.94999999999999995559107901499373838305,1.1691039701413111956468414959867346187e-46,125.0,0.99571435961938795974618189587200563036,0.84050276808065442705402095471290862294
-0.90000000000000002220446049250313080847,6.2830941510382900951724245510459168501e-46,125.0,0.99554848779059515823536628952777715256,0.83156359790435673993298387846543749847
-0.84999999999999997779553950749686919153,4.124616375416704904065121951692638723e-45,124.0,0.99534011434665877760522389339920415761,0.82084773951680152407535605165644193149
-0.80000000000000004440892098500626161695,3.4607820836423739995865299863365194214e-44,123.0,0.9950777705128014788500266173581235857,0.8080064315155805858357893197147113956
-0.75,3.9321636465479650667937596088123739568e-43,122.0,0.99474232119379713942071482196575420425,0.79284472172946456396685119828050025333
-0.69999999999999995559107901499373838305,6.5201810305388923746478821658809006086e-42,121.0,0.9943115999007874069263739306336472778,0.7748477594702129307028798166969330011
-0.65000000000000002220446049250313080847,1.7418334333255059819827159656165599556e-40,119.0,0.99374846315622933356652645909018741449,0.75402692488907528756927662422186719575
-0.59999999999999997779553950749686919153,8.5691392285480831525598138771496473361e-39,117.0,0.99299725523948321317460991197086209005,0.72947788889620509278302082449732296769
-0.55000000000000004440892098500626161695,9.3483888449081161614641070038732853561e-37,115.0,0.99197637934169528190577661091130405058,0.70109949381322124682510991399284804772
-0.50,2.9538550571142530421539260798933120475e-34,111.0,0.99053209861424600837234843401896708554,0.66796595928504036964253747576489321218
-0.45000000000000001110223024625156540424,4.0380844170462839283301129629440078768e-31,106.0,0.98840978724134214527673640946102498718,0.62957063927173592952300244759080554296
-0.40000000000000002220446049250313080847,4.5439311931769598123792969499705372833e-27,98.0,0.98507681043251476490398468046204494319,0.58540491968510634575643422677221376017
-0.34999999999999997779553950749686919153,1.3369110763734011500787938057970892991e-21,85.0,0.97932603939778414511006818260766038522,0.53445344749765292100603316707892028022
-0.29999999999999998889776975374843459576,1.541002301573873045557420175231064807e-13,60.0,0.96771628999869827823260027140282548101,0.4757676662796192999961535929431488289
-0.25,0.047317214905767375795846500924856728246,0.0,0.88398418123064845870967478384546273295,0.19532515316932384057646835824910367135
-0.20000000000000001110223024625156540424,0.91509011601825105268973763288702074213,0.0,0.077838248320310263653815630712624909066,0.0014083038207615787603235765904495264471
-0.14999999999999999444888487687421729788,0.97121759187311029064043951843080013605,0.0,0.026384240929810504259668320135695797847,0.00074147023255243609767081590688198789356
-0.10000000000000000555111512312578270212,0.98296561126996630914778114517210089973,0.0,0.015618272650214046010355162257998374026,0.0005886050328070655295263114656199338139
-0.050000000000000002775557561562891351059,0.98891168629697581933884720489599918344,0.0,0.010168851191441973404231699893391103562,0.00050632381856915889801845222176434169233
0.0,0.99325576116402988608120874082465236603,0.0,0.0061876160624149775415941294519334017121,0.00044289804860082490491606955652101978412
