value,sup,dur,Y,S
-3.0,1.3117066601152218518725923487960692468e-111,113.0,0.996085170622509713762241466663232428,0.26945857525651123823935484721207985073
-2.9500000000000001776356839400250464678,1.389600210640743817199172681273882727e-111,113.0,0.99607629570624749837771362094501064426,0.26941847665819379470606450689205620423
-2.8999999999999999111821580299874767661,1.4821858215005420750773509897925620288e-111,113.0,0.99606635655366216063376046726005840719,0.26937310486606203174209686858318702107
-2.8500000000000000888178419700125232339,1.5929926225138040659914003690118443465e-111,113.0,0.99605544789978408626493166143851629689,0.26932171851847901304163154328644724298
-2.7999999999999998223643160599749535322,1.7266265266840663589275434116387253629e-111,113.0,0.9960433165173591162816978121097716574,0.26926346067136351652008963441857408692
-2.75,1.8891735874416032853191012414437274285e-111,113.0,0.99602973902589682017743039523624126411,0.26919733828782386515680897864303736754
-2.7000000000000001776356839400250464678,2.0887830880451561878570229004712555809e-111,113.0,0.99601454745230288006174302564118672127,0.2691221976068911882737897252222363742
-2.6499999999999999111821580299874767661,2.3365236827468066789924191530083363715e-111,113.0,0.9959976874589934017683602542518045594,0.26903669448655381373782135939699301348
-2.6000000000000000888178419700125232339,2.6476615938729260474727335518923642307e-111,113.0,0.99597917329982191604811210913040763665,0.26893925860897322293469276622833121618
-2.5499999999999998223643160599749535322,3.0436033519473362530106083386234305721e-111,113.0,0.99595847717228865597053045660703513525,0.26882805018107842239230190483974204136
-2.5,3.5549058069548977815796337736136032596e-111,113.0,0.9959353515627387032204364262824796129,0.26870090745148838052667334035902192573
-2.4500000000000001776356839400250464678,4.2260369905382856912340613654100239936e-111,113.0,0.9959101549055262152728717963949687228,0.26855528298286463780042158469726916545
-2.3999999999999999111821580299874767661,5.123075513302326011659490321746232132e-111,113.0,0.99588203223970689260629712690251004983,0.26838816615333945431029540777724760033
-2.3500000000000000888178419700125232339,6.3464643923329117218895182199155252337e-111,113.0,0.99585085240090564658182882824054913633,0.26819598879558975022536383634618262911
-2.2999999999999998223643160599749535322,8.0526917997440785912961325547530187766e-111,113.0,0.99581668647902788964544167607700081554,0.26797451019959710565328098866285942762
-2.25,1.049219491413359258992034125540237821e-110,113.0,0.99577859423183070853506950016528960091,0.2677186768859971160532089767749590912
-2.2000000000000001776356839400250464678,1.4077671274108472166835501226440217135e-110,113.0,0.99573700941380656369116588878887361626,0.26746849618216712145517605475198023981
-2.1499999999999999111821580299874767661,1.9511323915207875436709568373594485094e-110,112.0,0.99569082594908657979457657026715612146,0.26723408069669199116475412721665781442
-2.1000000000000000888178419700125232339,2.8030555756289283722664868359913682032e-110,112.0,0.99564021446359348216696540554928998857,0.26695556142662322515273444523797166317
-2.0499999999999998223643160599749535322,4.1901335252221587525466533781779229342e-110,112.0,0.9955842803831874197645288151599826064,0.26662368594044009235160304030470403413
-2.0,6.5452253241911054650311342838272746185e-110,112.0,0.99552291437030283999672504881141230532,0.26622713171254909006148617266327106443
-1.9499999999999999555910790149937383831,1.0734594300627123263785658421390760231e-109,112.0,0.99545522912113135813736244876749686944,0.26575203636683085402408274495533903655
-1.8999999999999999111821580299874767661,1.8583232012146314203289592762079764326e-109,112.0,0.99538095177700809352625047761301276835,0.26526873036802641374325293739305969047
-1.8500000000000000888178419700125232339,3.4160713880841251686515424954308842072e-109,112.0,0.99529907989066585640302023608957368694,0.26479505255836495196309541426451009724
-1.8000000000000000444089209850062616169,6.7132035552059101893234080547213837745e-109,112.0,0.99520914084871848794455431946085315387,0.26420114283263195967552736029277679074
-1.75,1.4211652936690042757347947030650125132e-108,112.0,0.99511006302175817825260272719029117071,0.26346687545734267814297533627644285691
-1.6999999999999999555910790149937383831,3.2691993746231707266805472055765108119e-108,111.0,0.99500084356018161273030191564813478366,0.26283391401750877829927902641324551917
-1.6499999999999999111821580299874767661,8.253316099368342461907787191638254891e-108,111.0,0.99488069902131135545242856540422927807,0.2619966729682363243369857969776581537
-1.6000000000000000888178419700125232339,2.3128820173922387116457878621764262198e-107,111.0,0.99474744129852819189053888091179081858,0.26115486612094158206119154459789475844
-1.5500000000000000444089209850062616169,7.2900210519585615101493844966917538021e-107,111.0,0.99460082660288363986461652651602808144,0.26013602521902589829970270284171637971
-1.5,2.62414322701995305581463688927623287e-106,111.0,0.9944381470949730471075517712625070325,0.25914572031987440226873497186661488728
-1.4499999999999999555910790149937383831,1.098196350514313456136617236905534774e-105,110.0,0.99425719797654538068690818880496368264,0.2579977784146444628049985095018423685
-1.3999999999999999111821580299874767661,5.4566127353329107193852669510517428688e-105,110.0,0.99405559731100843577302752943140297368,0.25674685318373166258781226573861095017
-1.3500000000000000888178419700125232339,3.3000585059516516208705270332610275934e-104,109.0,0.99383041078422197336604519464846778343,0.25542540840314472733100824951996329502
-1.3000000000000000444089209850062616169,2.5025693402295920917407390245506460604e-103,109.0,0.99357790662333449103019287040286231942,0.25403298962836929848004916177798997723
-1.25,2.4665250156651934544698431123716381413e-102,108.0,0.99329316171700363745980718501895177401,0.25252305265663156626903076539139261481
-1.1999999999999999555910790149937383831,3.3005655135349918483269818665363707526e-101,108.0,0.99296945495789568550126335952090819373,0.25104122663953656545285808490091299061
-1.1499999999999999111821580299874767661,6.3281146827642248223089260966083941509e-100,107.0,0.9926022077655221826255371531850334153,0.24952243778491956947461038425336414216
-1.1000000000000000888178419700125232339,1.8592678245384619202140322324436089648e-98,106.0,0.9921796374003322246926773374760032389,0.2480386711058461771431639558704750461
-1.0500000000000000444089209850062616169,9.1161077899459446919430423837970435419e-97,105.0,0.99169023342056482137155848911578949085,0.24674072815542707633510662535036115341
-1.0,8.3258815328690495222801889206977892711e-95,104.0,0.99111834309870884186086999066493857269,0.24568876229479125402690175264813272166
-0.94999999999999995559107901499373838305,1.6370482275818851157752748693049674295e-92,102.0,0.99044304027389312417956439475086846408,0.24507277194506490922067442560124238683
-0.90000000000000002220446049250313080847,8.422236668844236112001256716414997893e-90,101.0,0.98963565985726595131520231708751995618,0.24499153101958021452619801185035613768
-0.84999999999999997779553950749686919153,1.4859215801755385673102643461169578356e-86,99.0,0.98865394150885544573489617183902726788,0.24547045714871535165408731508741255237
-0.80000000000000004440892098500626161695,1.3251603674553309551589807609645013857e-82,96.0,0.98744307981402363992343914602099093855,0.2463071206080531851511786667447968227
-0.75,1.067060438699396934900098301375903653e-77,92.0,0.98591382966434687853936248257852579911,0.24703383964917834461150022773514395619
-0.69999999999999995559107901499373838305,1.9322701630411045843036921994323619909e-71,88.0,0.98392873290269899361352839131235731596,0.24715077739133434595502888629717842204
-0.65000000000000002220446049250313080847,3.6119487917936867556172074159101346738e-63,82.0,0.9812684467065773555776110717718558936,0.24617350797618246031849167390355985777
-0.59999999999999997779553950749686919153,1.0196772994192630548906705485194973759e-51,73.0,0.97753499705688823625463072799145105747,0.2436664276063016080057994933690801729
-0.55000000000000004440892098500626161695,3.1064894103621643248259078892885309684e-35,60.0,0.96683068269841645625942125145225810671,0.22175424583470273236960568865198365748
-0.50,3.6273213540331289502432096948324453694e-14,36.0,0.8867247514616195246828953109636696642,0.10540728302316368790393166609071157689
-0.45000000000000001110223024625156540424,0.093033612091804158111096275767066155612,0.0,0.5217571449598600929362472762443646649,0.022357243605083996690598066747725158951
-0.40000000000000002220446049250313080847,0.74340603176728751071474116222044003248,0.0,0.13631848005175467244891462563565466591,0.002577127111592971707954528074623827919
-0.34999999999999997779553950749686919153,0.92334203458292259169295544102294703834,0.0,0.040158485916470528966389105972035398074,0.00069197683777599021809094667668316428833
-0.29999999999999998889776975374843459576,0.95321614262689926730722920875648846432,0.0,0.024514291902273615711460944539740303988,0.00060363877446773143981224100150425191844
-0.25,0.96590236735698685473274888847162971314,0.0,0.017871921346925417822033026585026565263,0.00055994920506199229903391419104290410776
-0.20000000000000001110223024625156540424,0.97326641640572335840869437871118047944,0.0,0.014016127342287750795657270365910577613,0.00053043374278714742353316978752638596884
-0.14999999999999999444888487687421729788,0.97825996643670897666123799941847134758,0.0,0.011400797808072506516085190346466817196,0.0005099767392550164368074586908775056838
-0.10000000000000000555111512312578270212,0.98205486292684166601062697254098760851,0.0,0.009412766375702228302366404631137823018,0.00049167678149981527637914090733275484135
-0.050000000000000002775557561562891351059,0.9852510587266719639149944140069127276,0.0,0.0077389437328514426957824381341681401666,0.00046960362228409073045274692634447389234
0.0,0.98821370894143471883862949486966775711,0.0,0.006187616062414977541594129451933401765,0.00044289804860082490491606955652101978522
