value,sup,dur,Y,S
-3.0,8.2066703180748318860297701094507957996e-77,108.0,0.996085170622509713762241466663232428,0.2694585752565112382393548472120798511
-2.9500000000000001776356839400250464678,8.6412578030706807824018014890356814441e-77,108.0,0.99607629570624749837771362094501064351,0.26941847665819379470606450689205620385
-2.8999999999999999111821580299874767661,9.154240371221743920937377026605270935e-77,108.0,0.9960663565536621606337604672600584102,0.26937310486606203174209686858318701995
-2.8500000000000000888178419700125232339,9.763414065575580587230135771643608281e-77,108.0,0.9960554478997840862649316614385162999,0.26932171851847901304163154328644724336
-2.7999999999999998223643160599749535322,1.049168727344393689063255730067903578e-76,108.0,0.99604331651735911628169781210977166041,0.26926346067136351652008963441857408504
-2.75,1.1368883401423072039345769016417132407e-76,108.0,0.99602973902589682017743039523624126636,0.26919733828782386515680897864303736566
-2.7000000000000001776356839400250464678,1.2434299074104394268157146881537381932e-76,108.0,0.99601454745230288006174302564118672202,0.26912219760689118827378972522223637382
-2.6499999999999999111821580299874767661,1.3740386244744029160021959127775543817e-76,108.0,0.99599768745899340176836025425180456166,0.26903669448655381373782135939699301386
-2.6000000000000000888178419700125232339,1.5358132662470394009691267996660806673e-76,108.0,0.99597917329982191604811210913040763891,0.26893925860897322293469276622833121392
-2.5499999999999998223643160599749535322,1.7385052052358391358630037998449623682e-76,108.0,0.99595847717228865597053045660703512848,0.26882805018107842239230190483974204324
-2.5,1.9957256725977385080169397408892371954e-76,108.0,0.9959353515627387032204364262824796129,0.26870090745148838052667334035902192648
-2.4500000000000001776356839400250464678,2.3268039676261429657552521872056858976e-76,108.0,0.99591015490552621527287179639496872205,0.26855528298286463780042158469726916583
-2.3999999999999999111821580299874767661,2.7597050804657018953041786019967452977e-76,108.0,0.99588203223970689260629712690251005134,0.26838816615333945431029540777724759732
-2.3500000000000000888178419700125232339,3.335709778813074040768081027324249876e-76,108.0,0.99585085240090564658182882824054913557,0.26819598879558975022536383634618262836
-2.2999999999999998223643160599749535322,4.1170967501268684157675585406819881034e-76,108.0,0.99581668647902788964544167607700081479,0.267974510199597105653280988662859431
-2.25,5.2000696607115296614491295434248137376e-76,108.0,0.99577859423183070853506950016528960467,0.26771867688599711605320897677495909309
-2.2000000000000001776356839400250464678,6.7371017423656290619116197824012239066e-76,108.0,0.99573700941380656369116588878887361551,0.26746849618216712145517605475198023944
-2.1499999999999999111821580299874767661,8.9766968422242614609273665359401846849e-76,108.0,0.9956908259490865797945765702671561192,0.2672340806966919911647541272166578148
-2.1000000000000000888178419700125232339,1.2336405357377778759967901523365563492e-75,108.0,0.99564021446359348216696540554928999008,0.26695556142662322515273444523797166317
-2.0499999999999998223643160599749535322,1.7541573561840195579773618734642732395e-75,108.0,0.99558428038318741976452881515998260865,0.26662368594044009235160304030470403
-2.0,2.5899003408544387262050490112064664596e-75,108.0,0.99552291437030283999672504881141230607,0.26622713171254909006148617266327106593
-1.9499999999999999555910790149937383831,3.9859067568934521706025342083826755193e-75,108.0,0.99545522912113135813736244876749686794,0.26575203636683085402408274495533903692
-1.8999999999999999111821580299874767661,6.4222737392051750779888774590992923263e-75,107.0,0.9953809517770080935262504776130127691,0.26526873036802641374325293739305969085
-1.8500000000000000888178419700125232339,1.0886262439266623744829528475982704578e-74,107.0,0.99529907989066585640302023608957368844,0.26479505255836495196309541426451009536
-1.8000000000000000444089209850062616169,1.9519385534877343715933158439279549391e-74,107.0,0.99520914084871848794455431946085315237,0.26420114283263195967552736029277679111
-1.75,3.7249560740013819400063606112064697441e-74,107.0,0.99511006302175817825260272719029117146,0.26346687545734267814297533627644285766
-1.6999999999999999555910790149937383831,7.6184631634923635180739252391688667804e-74,107.0,0.99500084356018161273030191564813478442,0.26283391401750877829927902641324551578
-1.6499999999999999111821580299874767661,1.6832347496601165266377824429763620219e-73,107.0,0.99488069902131135545242856540422928108,0.26199667296823632433698579697765816009
-1.6000000000000000888178419700125232339,4.0540267157037744733392143727679098056e-73,106.0,0.99474744129852819189053888091179081708,0.26115486612094158206119154459789475731
-1.5500000000000000444089209850062616169,1.0755122641071596430791174108645514757e-72,106.0,0.99460082660288363986461652651602807692,0.26013602521902589829970270284171638046
-1.5,3.1809738378142287851787475182705254154e-72,106.0,0.99443814709497304710755177126250703325,0.25914572031987440226873497186661488276
-1.4499999999999999555910790149937383831,1.0636650777823409875261811917868494549e-71,105.0,0.99425719797654538068690818880496368565,0.25799777841464446280499850950184236925
-1.3999999999999999111821580299874767661,4.0876756520425894994231730676822753373e-71,105.0,0.99405559731100843577302752943140297518,0.2567468531837316625878122657386109528
-1.3500000000000000888178419700125232339,1.8407050648162866240392978386137614879e-70,104.0,0.99383041078422197336604519464846778117,0.25542540840314472733100824951996329464
-1.3000000000000000444089209850062616169,9.93876721390981938799299131940752605e-70,104.0,0.99357790662333449103019287040286232093,0.2540329896283692984800491617779899776
-1.25,6.6150149618554816207182513154594908414e-69,103.0,0.99329316171700363745980718501895177702,0.25252305265663156626903076539139261218
-1.1999999999999999555910790149937383831,5.6123192400514077895400523231151755502e-68,102.0,0.99296945495789568550126335952090819222,0.25104122663953656545285808490091298985
-1.1499999999999999111821580299874767661,6.324555220327042250697133225194240511e-67,101.0,0.9926022077655221826255371531850334153,0.24952243778491956947461038425336414197
-1.1000000000000000888178419700125232339,9.9629978032780277817946439970727910061e-66,100.0,0.99217963740033222469267733747600323438,0.24803867110584617714316395587047504592
-1.0500000000000000444089209850062616169,2.3400040515376134652658397511722141752e-64,99.0,0.9916902334205648213715584891157894931,0.2467407281554270763351066253503611536
-1.0,8.9007642324544587433813418755074504063e-63,98.0,0.99111834309870884186086999066493857345,0.24568876229479125402690175264813272335
-0.94999999999999995559107901499373838305,6.1099503001975080587026388812873507214e-61,96.0,0.99044304027389312417956439475086846483,0.24507277194506490922067442560124238777
-0.90000000000000002220446049250313080847,8.7510546727528330447740044164207767138e-59,94.0,0.98963565985726595131520231708751995242,0.24499153101958021452619801185035613787
-0.84999999999999997779553950749686919153,3.1941941070016298141874687564623141385e-56,91.0,0.98865394150885544573489617183902726938,0.24547045714871535165408731508741255256
-0.80000000000000004440892098500626161695,3.9521726201846596850379785178500450448e-53,87.0,0.9874430798140236399234391460209909408,0.2463071206080531851511786667447968212
-0.75,2.5333024815647367348769822735035438461e-49,83.0,0.98591382966434687853936248257852580061,0.24703383964917834461150022773514395676
-0.69999999999999995559107901499373838305,1.6328490108656421898825560074747473561e-44,77.0,0.98392873290269899361352839131235731521,0.24715077739133434595502888629717842091
-0.65000000000000002220446049250313080847,3.1740717046767196349724733518027329587e-38,70.0,0.98126844670657735557761107177185589135,0.24617350797618246031849167390355985645
-0.59999999999999997779553950749686919153,1.231923347552216942291167305935422334e-29,58.0,0.97753499705688823625463072799145105747,0.24366642760630160800579949336908017478
-0.55000000000000004440892098500626161695,1.2842162043253204765264101426906530429e-17,41.0,0.96683068269841645625942125145225810747,0.22175424583470273236960568865198365579
-0.50,0.00018578331659438380016140687415625506643,11.0,0.88672475146161952468289531096366966872,0.10540728302316368790393166609071157868
-0.45000000000000001110223024625156540424,0.35010734153864318512094837123539092327,0.0,0.52175714495986009293624727624436466565,0.022357243605083996690598066747725158857
-0.40000000000000002220446049250313080847,0.82794943641561822019480870515029767256,0.0,0.13631848005175467244891462563565466892,0.0025771271115929717079545280746238279249
-0.34999999999999997779553950749686919153,0.94888821312133733001314908813135096943,0.0,0.040158485916470528966389105972035398262,0.00069197683777599021809094667668316428246
-0.29999999999999998889776975374843459576,0.96880182734123906141465115056215043772,0.0,0.024514291902273615711460944539740304082,0.0006036387744677314398122410015042519155
-0.25,0.97725866426570858429534844812231868471,0.0,0.017871921346925417822033026585026565052,0.00055994920506199229903391419104290410849
-0.20000000000000001110223024625156540424,0.98216602637673754645516323600705660448,0.0,0.014016127342287750795657270365910577554,0.00053043374278714742353316978752638596664
-0.14999999999999999444888487687421729788,0.98549716252830545433559270615485882749,0.0,0.011400797808072506516085190346466817267,0.00050997673925501643680745869087750568453
-0.10000000000000000555111512312578270212,0.98802668836565016149553679985061702463,0.0,0.0094127663757022283023664046311378229239,0.00049167678149981527637914090733275484135
-0.050000000000000002775557561562891351059,0.99015803220571038831840932602028234534,0.0,0.0077389437328514426957824381341681401666,0.00046960362228409073045274692634447389271
0.0,0.9921332198481894261897617178480372679,0.0,0.0061876160624149775415941294519334017767,0.00044289804860082490491606955652101978522
