value,sup,dur,Y,S
-3.0,7.9116448586434509359332898324475421188e-38,129.0,0.99604126356473749881203366665397023274,0.88888399640339364567147462592666599718
-2.9500000000000001776356839400250464678,1.1269398294912800040599438197748922288e-37,129.0,0.99604390397371016121668931513896415281,0.88883616814594712937134703766917562665
-2.8999999999999999111821580299874767661,1.6463923173167151282421917261978217597e-37,129.0,0.99604683169160123729045757733006472433,0.88878202156573119444286554662728267975
-2.8500000000000000888178419700125232339,2.4695102539710305805532185395881664014e-37,129.0,0.9960500733454913176566313208811910756,0.8887206619236148993477182392437439396
-2.7999999999999998223643160599749535322,3.8066280282977363049725206670798465156e-37,129.0,0.99605365686081043442222238799466634171,0.88865105370718034187956569754250026684
-2.75,6.0349601923780891332941527083512831641e-37,129.0,0.99605761120208840127725446660427626494,0.88857199545463078534692555398087951155
-2.7000000000000001776356839400250464678,9.8467351566956514981990244220120508849e-37,129.0,0.99606196600541066039479082953166901829,0.88848208950836904139337710380200006409
-2.6499999999999999111821580299874767661,1.6541762262475384123833539531642153734e-36,129.0,0.9960667510800668970149653754949892832,0.88837970559075706411041976462134225889
-2.6000000000000000888178419700125232339,2.861671838578350615562110017664921754e-36,129.0,0.99607199575482968700559451460814625948,0.88826293684387704201415564648253399497
-2.5499999999999998223643160599749535322,5.0974640985501313525447503076782367894e-36,129.0,0.99607772804286262235761427803740395197,0.88812954666801667676909926523936677147
-2.5,9.3451809601487311752036291555860466289e-36,129.0,0.99608397359875308387383775360734111231,0.88797690431798374076444274710710698502
-2.4500000000000001776356839400250464678,1.7618411887292673521137740370025193951e-35,129.0,0.9960907544419385364124057677219621339,0.88780190675774727958744756841546390879
-2.3999999999999999111821580299874767661,3.411731393885765679616080088439940835e-35,128.0,0.99609808742316401045498444173047999415,0.88760088371509684775623201920939644159
-2.3500000000000000888178419700125232339,6.7753764924328767403204502002254750791e-35,128.0,0.99610598241478011989649794908666923581,0.88736948219863450279832703652091845219
-2.2999999999999998223643160599749535322,1.3772437424340890245567055544056701961e-34,128.0,0.99611444021164562894596698323660934964,0.88710252591545556189000027735376198932
-2.25,2.8591655867194416990805698431195208197e-34,128.0,0.9961234501367349341642723427410799362,0.88679384403114883465563069097631916457
-2.2000000000000001776356839400250464678,6.0470179163076328622672491791516479801e-34,128.0,0.99613377156832336988526664214596649669,0.88643606251128980993472566633658173706
-2.1499999999999999111821580299874767661,1.2994587563601519180582234356685392968e-33,128.0,0.99614460143426627134557147448887022717,0.88602034983696310933894039461875570648
-2.1000000000000000888178419700125232339,2.8295159493019142871558616112473588349e-33,128.0,0.99615587485319574850992851353838029623,0.88574188902578970974225735410404742009
-2.0499999999999998223643160599749535322,6.2259600815875760356277148945358715219e-33,128.0,0.99616750532055302206315610009288727949,0.88551939284306403724685214771528481658
-2.0,1.3807453068011535160208494490240273154e-32,128.0,0.99617938104258389645688590593643679561,0.88523843381508826263965877482759050248
-1.9499999999999999555910790149937383831,3.078925281619944260698887423170716412e-32,128.0,0.99619136182364307975618906280184666215,0.88488432515904906622673436241849354769
-1.8999999999999999111821580299874767661,6.8891584552982840026381968355094091342e-32,128.0,0.99620327566904486799098774334848337528,0.88443882926145917428590102141875329692
-1.8500000000000000888178419700125232339,1.5441577806559029924246462066174407757e-31,128.0,0.99621491491270263241109528667446743085,0.88387933383179648206919699799531582686
-1.8000000000000000444089209850062616169,3.4630325046254576464952428897187732925e-31,128.0,0.99622603157904242410633819091203067972,0.88317784519697044112128150008110566296
-1.75,7.7654989380480931647935676740221025151e-31,128.0,0.99623633156751764489320589803151074814,0.88229975942339061396454194205707230193
-1.6999999999999999555910790149937383831,1.7409413719093714678543431476084423311e-30,128.0,0.99624546710051459790176703687876754629,0.88179718988551097849784164000487480827
-1.6499999999999999111821580299874767661,3.9040382218690268924882208083400930152e-30,128.0,0.99625302668910290595141432344958645101,0.88120563726470016871193231835934639077
-1.6000000000000000888178419700125232339,8.766819195919611085939967721349537015e-30,128.0,0.99625852162082835557957653073467239481,0.88035844500535683890030412954642016344
-1.5500000000000000444089209850062616169,1.9748350015939410331651240078534792909e-29,128.0,0.99626136761446121293456134994386164357,0.87918352882936602477104589680904181485
-1.5,4.4733635629261780865344528141569916348e-29,128.0,0.99626085974220447031427143697432265897,0.87808954147185524084825022998101797795
-1.4499999999999999555910790149937383831,1.0221440935894778763358107349661758679e-28,127.0,0.99625712051876510602600790051477152627,0.8770828808532255329768902366515778937
-1.3999999999999999111821580299874767661,2.3651101670429145063214217399801092208e-28,127.0,0.99624984050075391686933936574183818417,0.87553006310505303604653422529597223011
-1.3500000000000000888178419700125232339,5.5679372623608089536879667690919875914e-28,127.0,0.99623674264376775241530603244192489984,0.87373709238503783045263485675468355486
-1.3000000000000000444089209850062616169,1.3411524647958180315080922340510107148e-27,127.0,0.99621636047263460196836823462679329475,0.87200247551264244557055525548265001467
-1.25,3.3272623880671629944823002949376025658e-27,127.0,0.99618679986916304817744612686852792273,0.86929515308800520731285918989976235217
-1.1999999999999999555910790149937383831,8.5688205651891441276106718170895114129e-27,126.0,0.99614704725225221676107915817297882287,0.86677776659499888094213814931995977502
-1.1499999999999999111821580299874767661,2.31198705784041058998322639414880856e-26,126.0,0.99609825596842296797623158341779608748,0.86305680497146001442864167647765755651
-1.1000000000000000888178419700125232339,6.6070311856180590094430587655004459435e-26,126.0,0.99603234252582619609242539078410450548,0.85916983401962429031911889613569198368
-1.0500000000000000444089209850062616169,2.0257270404140862320580760042532883536e-25,125.0,0.99594983058309949263880012029099532578,0.85385227468690304145262862784169803734
-1.0,6.7666081256713956293913385717043441548e-25,125.0,0.99584473698989398490210276543163734938,0.84781335351735412216049523826761390536
-0.94999999999999995559107901499373838305,2.5081673695144148407132519902322106355e-24,124.0,0.99571435961938795974618189587200563713,0.84050276808065442705402095471290862294
-0.90000000000000002220446049250313080847,1.0547923760452005827569055959682402375e-23,124.0,0.99554848779059515823536628952777715406,0.83156359790435673993298387846543749922
-0.84999999999999997779553950749686919153,5.1703508045201479201129043425299680098e-23,123.0,0.99534011434665877760522389339920415761,0.82084773951680152407535605165644193149
-0.80000000000000004440892098500626161695,3.0535429843625094226280635597789276194e-22,122.0,0.99507777051280147885002661735812358646,0.80800643151558058583578931971471139937
-0.75,2.2320434864358882570116544492235354031e-21,121.0,0.99474232119379713942071482196575419973,0.7928447217294645639668511982805002443
-0.69999999999999995559107901499373838305,2.1103214665595036819381777977410479484e-20,119.0,0.99431159990078740692637393063364728006,0.77484775947021293070287981669693300411
-0.65000000000000002220446049250313080847,2.7191587242080341555103943775657393973e-19,118.0,0.99374846315622933356652645909018741449,0.75402692488907528756927662422186719349
-0.59999999999999997779553950749686919153,5.1135045960721455798188775069432892505e-18,115.0,0.99299725523948321317460991197086209155,0.72947788889620509278302082449732296544
-0.55000000000000004440892098500626161695,1.5369556318737047298788431137883591898e-16,112.0,0.99197637934169528190577661091130404682,0.70109949381322124682510991399284804923
-0.50,8.2859015756495268801730168604061869061e-15,108.0,0.99053209861424600837234843401896708704,0.66796595928504036964253747576489320541
-0.45000000000000001110223024625156540424,9.3760406112074997857430618677202517956e-13,103.0,0.98840978724134214527673640946102498718,0.62957063927173592952300244759080554221
-0.40000000000000002220446049250313080847,2.721566722716278008901397222744057105e-10,94.0,0.9850768104325147649039846804620449447,0.58540491968510634575643422677221376167
-0.34999999999999997779553950749686919153,2.4901238423837364863422386169499846948e-07,79.0,0.97932603939778414511006818260766038446,0.53445344749765292100603316707892028022
-0.29999999999999998889776975374843459576,0.00046715518592791130668368472943915857163,49.0,0.96771628999869827823260027140282548101,0.47576766627961929999615359294314883153
-0.25,0.084883279735285920131358398611756926026,0.0,0.88398418123064845870967478384546273671,0.19532515316932384057646835824910367398
-0.20000000000000001110223024625156540424,0.91894957218525115648091234767988971673,0.0,0.077838248320310263653815630712624909912,0.0014083038207615787603235765904495264838
-0.14999999999999999444888487687421729788,0.97252539031026864963150340624845097698,0.0,0.02638424092981050425966832013569579773,0.00074147023255243609767081590688198789209
-0.10000000000000000555111512312578270212,0.98373921395441799774072273739276850567,0.0,0.015618272650214046010355162257998373897,0.00058860503280706552952631146561993381316
-0.050000000000000002775557561562891351059,0.98941521270548107369239423236189133524,0.0,0.01016885119144197340423169989339110362,0.00050632381856915889801845222176434169233
0.0,0.99356210749764686077096481452481866395,0.0,0.0061876160624149775415941294519334017532,0.00044289804860082490491606955652101978486
