value,sup,dur,Y,S
-3.0,2.5019756555378884865904214360062850588e-77,130.0,0.9960408845780824658243777233527996821,0.88881968448054698039915003092034888363
-2.9500000000000001776356839400250464678,3.5728580446166054466966001822682586204e-77,130.0,0.99604355499805218806879787092747519076,0.88877619467367638754612029194464222607
-2.8999999999999999111821580299874767661,5.2344668023809135074675730644315143221e-77,130.0,0.99604651593343996441025116470364581902,0.88872693537970218058536718804433830839
-2.8500000000000000888178419700125232339,7.8761501152005882531495529457690001697e-77,130.0,0.99604979429805766649760780352081600377,0.88867108384841364249210240525384040033
-2.7999999999999998223643160599749535322,1.2183270109738819023809800942621819833e-76,130.0,0.99605341831716901135590325019654953785,0.88860768663261668632778774416919976654
-2.75,1.9390659028033476033516922772752591206e-76,130.0,0.99605741726611023848124990378091061611,0.88853563597306731825314319933481807591
-2.7000000000000001776356839400250464678,3.1776049533988119868288863998137140105e-76,130.0,0.99606182110007847685563919640761257981,0.88845364138816599916718194982804114442
-2.6499999999999999111821580299874767661,5.3640934757421323156386898818099958833e-76,130.0,0.99606665995265957455651684438985828394,0.88836019541591925473597228593618466355
-2.6000000000000000888178419700125232339,9.3300516209224592686149864427740646587e-76,130.0,0.99607196347872579510160815067361004019,0.88825353221705760227183102801633265509
-2.5499999999999998223643160599749535322,1.6720107312883383569085337744781198127e-75,130.0,0.99607776001605227369900570923980001159,0.88813157745596541913029334920815398622
-2.5,3.0859998317978667512445555456793676723e-75,130.0,0.99608407553971281089530411339859682119,0.88799188751877011218349712661782032265
-2.4500000000000001776356839400250464678,5.8618711451445448245239117192393128783e-75,130.0,0.99609093238437690582354649092215012268,0.88783157569188931165808507074693059078
-2.3999999999999999111821580299874767661,1.1446781449177305500616181741201107854e-74,130.0,0.99609834771236853222167787893096452251,0.88764722239332394188894652366092273318
-2.3500000000000000888178419700125232339,2.294580850717688437403672925243413297e-74,130.0,0.99610633170997796727561586064255896064,0.88743476590384354871325716200321465099
-2.2999999999999998223643160599749535322,4.7131867151871224405294020211376310419e-74,130.0,0.99611488550102277436597897471690765587,0.8871893692633881625231470181219608008
-2.25,9.8993399341499127451225768989817720534e-74,130.0,0.9961239987746266500069667738792728379,0.88690525805308246893126529165771010551
-2.2000000000000001776356839400250464678,2.121116580698504365032140397483554225e-73,130.0,0.99613364713265531041576541196569371086,0.88657552264434825502575649793767719358
-2.1499999999999999111821580299874767661,4.6249604653182274558149841136507444241e-73,130.0,0.99614404642831502749969346401521796181,0.88619187712770037620542587539360555693
-2.1000000000000000888178419700125232339,1.0235953362263627121019041646640398345e-72,130.0,0.99615537503727086344539623312250887744,0.88574436549292414041279807107262243551
-2.0499999999999998223643160599749535322,2.2936935670333856804363889873165666727e-72,130.0,0.99616706161086273789452989024121749065,0.88534723457531649100326295022296093319
-2.0,5.1916440262578559530106909762151028909e-72,130.0,0.99617899483916359220542460600734533144,0.8851071578455107966978155882620528142
-1.9499999999999999555910790149937383831,1.1844708786407575756150602767322321562e-71,130.0,0.99619103549578575542349527788782355296,0.88480044000458807378051727526152669362
-1.8999999999999999111821580299874767661,2.7191730264689408142942175438186551004e-71,129.0,0.99620301322407416653015436521292316154,0.88441003144236371053461192303709792413
-1.8500000000000000888178419700125232339,6.2730616269095007008888633509884063231e-71,129.0,0.99621472289387476245772201848261167834,0.88391475555533095356527222908007467038
-1.8000000000000000444089209850062616169,1.4531729805601102952844329376729265954e-70,129.0,0.99622592025304973440890395599545135303,0.88328835922222772196855443203012650347
-1.75,3.3796363770973276084246879141901059099e-70,129.0,0.99623631648574013837608064554388649257,0.88249835503063777046923713893474916431
-1.6999999999999999555910790149937383831,7.8946886306096360568840087349584102763e-70,129.0,0.9962455711558739981101848590577363051,0.8815922846531742327786913439425229744
-1.6499999999999999111821580299874767661,1.854413043599960808013462783176817887e-69,129.0,0.99625328284948156471778963974317982018,0.88110089210243979733391857339488547089
-1.6000000000000000888178419700125232339,4.388260762649423041972046945095121721e-69,129.0,0.99625897661160461125519821068531287589,0.88037372053696450184764760816799825777
-1.5500000000000000444089209850062616169,1.0488973363523504915299887551081263918e-68,129.0,0.99626208696413238916732180222562360059,0.87934326417799541630540213016630331972
-1.5,2.5410996119558700083460880668182828363e-68,129.0,0.99626193482449427197178689003311281987,0.87792549776752850063497786517768793697
-1.4499999999999999555910790149937383831,6.2666132553680807210900795417676871038e-68,129.0,0.99625769591521906442972219117313124027,0.87698943722681950238689741764471889077
-1.3999999999999999111821580299874767661,1.5814592274201823042265881820134606244e-67,129.0,0.99624852408141953621996596099507251213,0.8756447309078272095292618027984880769
-1.3500000000000000888178419700125232339,4.1101138038509167088602719395578612426e-67,129.0,0.99623587315604620389997177480376360895,0.87364782474491240464883120613143130171
-1.3000000000000000444089209850062616169,1.1084264131218238850446267672024515821e-66,128.0,0.99621617423103385084153597847492145181,0.87193771293700889904031388792314999267
-1.25,3.1298071426449324955932277412598721544e-66,128.0,0.99618764369534008275359318930152081262,0.86955445125042561325232307848503645728
-1.1999999999999999555910790149937383831,9.3521460370448788540131635450050279116e-66,128.0,0.99614795226352632293178810559038313973,0.86660650052923741594419475004653916617
-1.1499999999999999111821580299874767661,2.9949032961278812289694539352701625223e-65,128.0,0.99609710524407036717259868111768836699,0.86330855993499288640174610919105806932
-1.1000000000000000888178419700125232339,1.0434849694761856522102419744686000437e-64,128.0,0.99603338304898706961465787855640767741,0.85902060447136967490222506069236946485
-1.0500000000000000444089209850062616169,4.0279557664437687029662009132063973142e-64,127.0,0.99594829452594637992877418450699141299,0.85396384900708979786509704074636882468
-1.0,1.7606902554833771746450672645736542041e-63,127.0,0.99584605089282889298219876131280224958,0.84794116621834353895659557850649555768
-0.94999999999999995559107901499373838305,8.9510467903805838419679633108104599179e-63,126.0,0.99571281075617258596149332838688186612,0.84038431643578531969488512721130964894
-0.90000000000000002220446049250313080847,5.4694955865827294203931836974287315258e-62,126.0,0.99554793042314590902762577673439937964,0.83130323566434738209679605286706854485
-0.84999999999999997779553950749686919153,4.1853757251997091773381747945316210375e-61,125.0,0.99534071491450529121073971215617412479,0.82058862102722492133804057616369251931
-0.80000000000000004440892098500626161695,4.2247392893266941319748351005289716761e-60,124.0,0.99507723597074524440813407879170374492,0.80797324177200831558390392277430752157
-0.75,6.0140044159657048230908633364722568252e-59,124.0,0.99474163796873860448423201613736899293,0.7929359752005159691138728381946673758
-0.69999999999999995559107901499373838305,1.3178154839169669617719035829385947613e-57,122.0,0.99431181817308153909519947977561806261,0.77502981333899393538530576972781683496
-0.65000000000000002220446049250313080847,4.9981983419573912753510248667560469746e-56,121.0,0.99374895059922982988287332188802400875,0.7541021449609785967691342371873734537
-0.59999999999999997779553950749686919153,3.8555744472003192633706967910219860799e-54,119.0,0.99299852557894272120789193496463651083,0.72947835536089621239067333392456173895
-0.55000000000000004440892098500626161695,7.6056100564359636928268788061045913349e-52,117.0,0.99197793636136080345089300660352465508,0.70107172554156396422246169829283902582
-0.5,5.3822136917516990763990655028948924606e-49,114.0,0.99053770261499701722230478922128509656,0.66794224224099560740994531601660874266
-0.45000000000000001110223024625156540424,2.3165739511829235398189074613607490172e-45,110.0,0.98841496950071114322084782122778420795,0.62959994284919649035381993358276584219
-0.40000000000000002220446049250313080847,1.475740166124683337196867181134767441e-40,103.0,0.98508387430793512650680404559258936853,0.58545124113287491761885792450001001592
-0.34999999999999997779553950749686919153,7.6079833082537068081250881550765947176e-34,93.0,0.97934930315182029502326998459540398268,0.53448966336356396209834608752620143258
-0.29999999999999998889776975374843459576,2.011496524666357694726128961439063087e-23,72.0,0.96778410291691813628356585971022108209,0.47577027486081024849513869810251892613
-0.25,0.00047283349207663793620408939070283120387,12.0,0.92059024681223549986863626910280002477,0.30823829839313546453800958071863527848
-0.20000000000000001110223024625156540424,0.84756953823681535629265052408530251421,0.0,0.13309230106812782051440244338056720771,0.0027517808560459442896509854174032247782
-0.14999999999999999444888487687421729788,0.94772731747986761691682326236100076235,0.0,0.045633223290467043466497020371995704969,0.0013090192127717196901236286714542928223
-0.10000000000000000555111512312578270212,0.9688200467448234489829878124439368185,0.0,0.027223237599246600526062321184035500492,0.0010413905630795159526504484766861165088
-0.050000000000000002775557561562891351059,0.97961810706205766108687129790686228616,0.0,0.017797960337866328723613068319488781824,0.00089708563596827844983983128001791383035
0.0,0.98756204843174852082729626854579725803,0.0,0.010863264174113671300272642435333100815,0.00088580442240051084206701394018049722485
