value,sup,dur,Y,S
-3.0,1.306891378762685759244274867703374535e-100,130.0,0.99604126356473749881203366665397023425,0.88888399640339364567147462592666600395
-2.9500000000000001776356839400250464678,1.8681105050358583503387487982896082792e-100,130.0,0.99604390397371016121668931513896415131,0.88883616814594712937134703766917561461
-2.8999999999999999111821580299874767661,2.7400065395269050207706870501865115565e-100,130.0,0.99604683169160123729045757733006472734,0.88878202156573119444286554662728267975
-2.8500000000000000888178419700125232339,4.1281539949438099582859063362756926373e-100,130.0,0.99605007334549131765663132088119107109,0.88872066192361489934771823924374393208
-2.7999999999999998223643160599749535322,6.3951177064770854683592008785831858989e-100,130.0,0.99605365686081043442222238799466634397,0.88865105370718034187956569754250027211
-2.75,1.0195556666271394673392827785958532065e-99,130.0,0.99605761120208840127725446660427626043,0.88857199545463078534692555398087951381
-2.7000000000000001776356839400250464678,1.6739996704846785987812183506145364759e-99,130.0,0.99606196600541066039479082953166902055,0.88848208950836904139337710380200006334
-2.6499999999999999111821580299874767661,2.8320861947108150930279950130264757354e-99,130.0,0.99606675108006689701496537549498928395,0.88837970559075706411041976462134226114
-2.6000000000000000888178419700125232339,4.9383581524985147765263566040157403648e-99,130.0,0.99607199575482968700559451460814625948,0.88826293684387704201415564648253399421
-2.5499999999999998223643160599749535322,8.875200420193579493249216354156637634e-99,130.0,0.99607772804286262235761427803740395423,0.88812954666801667676909926523936677599
-2.5,1.6434205680785349365705243145743672654e-98,130.0,0.99608397359875308387383775360734111081,0.88797690431798374076444274710710698879
-2.4500000000000001776356839400250464678,3.1332842888993694604343317409758752999e-98,130.0,0.9960907544419385364124057677219621354,0.8878019067577472795874475684154639118
-2.3999999999999999111821580299874767661,6.1444321426142457168824491032165738254e-98,130.0,0.99609808742316401045498444173047999114,0.88760088371509684775623201920939643934
-2.3500000000000000888178419700125232339,1.2376317185344672885286181119429069822e-97,130.0,0.99610598241478011989649794908666924032,0.88736948219863450279832703652091844993
-2.2999999999999998223643160599749535322,2.5561253363453680619011026100406102319e-97,130.0,0.99611444021164562894596698323660934437,0.88710252591545556189000027735376199459
-2.25,5.4023451664562720135517475187475112212e-97,130.0,0.99612345013673493416427234274107993771,0.88679384403114883465563069097631916608
-2.2000000000000001776356839400250464678,1.1657969698810692591189715860780988602e-96,130.0,0.99613377156832336988526664214596649669,0.88643606251128980993472566633658173932
-2.1499999999999999111821580299874767661,2.5625519375651021481997931705422546743e-96,130.0,0.99614460143426627134557147448887022943,0.88602034983696310933894039461875570197
-2.1000000000000000888178419700125232339,5.7237400016652949824481214181993407932e-96,130.0,0.99615587485319574850992851353838029774,0.88574188902578970974225735410404741633
-2.0499999999999998223643160599749535322,1.2960404857246156399703720294475501136e-95,130.0,0.99616750532055302206315610009288727723,0.88551939284306403724685214771528481508
-2.0,2.9684956453741690774910548084289412661e-95,130.0,0.99617938104258389645688590593643679561,0.88523843381508826263965877482759049947
-1.9499999999999999555910790149937383831,6.8643982031457617165247210254608913925e-95,130.0,0.99619136182364307975618906280184666064,0.88488432515904906622673436241849354243
-1.8999999999999999111821580299874767661,1.600117507875279922202885875948992417e-94,130.0,0.99620327566904486799098774334848337378,0.88443882926145917428590102141875329917
-1.8500000000000000888178419700125232339,3.7560067424064184383559434846035236478e-94,130.0,0.99621491491270263241109528667446743386,0.8838793338317964820691969979953158261
-1.8000000000000000444089209850062616169,8.8737952602085854756614824612020874123e-94,130.0,0.99622603157904242410633819091203067671,0.88317784519697044112128150008110566748
-1.75,2.1103578833451478636819814343061425328e-93,130.0,0.99623633156751764489320589803151074814,0.88229975942339061396454194205707229667
-1.6999999999999999555910790149937383831,5.056134270786674430280266801414888146e-93,130.0,0.99624546710051459790176703687876754554,0.88179718988551097849784164000487480677
-1.6499999999999999111821580299874767661,1.2222734269679411072748010815483909181e-92,130.0,0.99625302668910290595141432344958644951,0.88120563726470016871193231835934638776
-1.6000000000000000888178419700125232339,2.9882560122704662410022124598656372543e-92,130.0,0.99625852162082835557957653073467239255,0.88035844500535683890030412954642015893
-1.5500000000000000444089209850062616169,7.4121334570696602630365420064593490098e-92,130.0,0.99626136761446121293456134994386164582,0.87918352882936602477104589680904181711
-1.5,1.8728906590566461230356965996612117843e-91,130.0,0.99626085974220447031427143697432266197,0.87808954147185524084825022998101797645
-1.4499999999999999555910790149937383831,4.8452865959455816476710952234277138255e-91,129.0,0.99625712051876510602600790051477152551,0.87708288085322553297689023665157789144
-1.3999999999999999111821580299874767661,1.2913096189456426095397173496766575779e-90,129.0,0.99624984050075391686933936574183818643,0.87553006310505303604653422529597223312
-1.3500000000000000888178419700125232339,3.571438518389944488010639287798247246e-90,129.0,0.99623674264376775241530603244192489909,0.87373709238503783045263485675468355561
-1.3000000000000000444089209850062616169,1.0341101696156957472623240764424198674e-89,129.0,0.99621636047263460196836823462679329325,0.87200247551264244557055525548265001392
-1.25,3.1675582953651827422375562032475439672e-89,129.0,0.99618679986916304817744612686852792499,0.86929515308800520731285918989976235518
-1.1999999999999999555910790149937383831,1.0391768998061510322719959924492009269e-88,129.0,0.99614704725225221676107915817297882287,0.86677776659499888094213814931995977954
-1.1499999999999999111821580299874767661,3.705618178223875913019071822341755001e-88,128.0,0.99609825596842296797623158341779608598,0.86305680497146001442864167647765756027
-1.1000000000000000888178419700125232339,1.4618273529401715690817827709396329386e-87,128.0,0.99603234252582619609242539078410450473,0.85916983401962429031911889613569198443
-1.0500000000000000444089209850062616169,6.5165796157369027256656950612037770605e-87,128.0,0.99594983058309949263880012029099532428,0.8538522746869030414526286278416980411
-1.0,3.3684690008771864702629749926839965053e-86,127.0,0.99584473698989398490210276543163735088,0.84781335351735412216049523826761390536
-0.94999999999999995559107901499373838305,2.0838637819159687311931761257326318313e-85,127.0,0.99571435961938795974618189587200563261,0.84050276808065442705402095471290861918
-0.90000000000000002220446049250313080847,1.6045897717115519785417189181171204996e-84,126.0,0.99554848779059515823536628952777715406,0.83156359790435673993298387846543749772
-0.84999999999999997779553950749686919153,1.6155572696233217727735206555747891792e-83,126.0,0.99534011434665877760522389339920415987,0.82084773951680152407535605165644192923
-0.80000000000000004440892098500626161695,2.26493659218507281936293961513636843e-82,125.0,0.9950777705128014788500266173581235857,0.8080064315155805858357893197147113956
-0.75,4.797695719678697172559524775662562571e-81,124.0,0.99474232119379713942071482196575420048,0.79284472172946456396685119828050024505
-0.69999999999999995559107901499373838305,1.7110897521996196013120284497208657773e-79,123.0,0.99431159990078740692637393063364727705,0.77484775947021293070287981669693300035
-0.65000000000000002220446049250313080847,1.1903102088106543951543888483848023681e-77,122.0,0.99374846315622933356652645909018741525,0.75402692488907528756927662422186719951
-0.59999999999999997779553950749686919153,1.9842819778510690495729470314639298118e-75,120.0,0.99299725523948321317460991197086209155,0.72947788889620509278302082449732296168
-0.55000000000000004440892098500626161695,1.0688824499628326991449998979305853631e-72,118.0,0.99197637934169528190577661091130404757,0.70109949381322124682510991399284804923
-0.50,2.9329828493545720944478937705580434948e-69,115.0,0.99053209861424600837234843401896708629,0.66796595928504036964253747576489320842
-0.45000000000000001110223024625156540424,8.5828218357450150861431545806039701856e-65,110.0,0.98840978724134214527673640946102498643,0.62957063927173592952300244759080554823
-0.40000000000000002220446049250313080847,9.9909930054603419977690086196240650458e-59,104.0,0.9850768104325147649039846804620449447,0.58540491968510634575643422677221375791
-0.34999999999999997779553950749686919153,7.0450723306368090135212520095928807017e-50,94.0,0.97932603939778414511006818260766038522,0.53445344749765292100603316707892028172
-0.29999999999999998889776975374843459576,4.9344096283393626324784266993106778258e-35,73.0,0.96771628999869827823260027140282548101,0.47576766627961929999615359294314883115
-0.25,0.00013659260117607380893215972412948961963,12.0,0.8839841812306484587096747838454627337,0.19532515316932384057646835824910367286
-0.20000000000000001110223024625156540424,0.90093921929490075802094821335857159276,0.0,0.077838248320310263653815630712624907373,0.0014083038207615787603235765904495264191
-0.14999999999999999444888487687421729788,0.96642360320488077911995245632872651259,0.0,0.02638424092981050425966832013569579733,0.00074147023255243609767081590688198789429
-0.10000000000000000555111512312578270212,0.98012824444283685382189090207986821168,0.0,0.015618272650214046010355162257998374062,0.00058860503280706552952631146561993380655
-0.050000000000000002775557561562891351059,0.98706592598517695041684761100714218502,0.0,0.010168851191441973404231699893391103703,0.00050632381856915889801845222176434169233
0.0,0.99213321984818942618976171784803726565,0.0,0.0061876160624149775415941294519334017826,0.00044289804860082490491606955652101978412
