value,sup,dur,Y,S
-3.0,3.2542499015216151275603840699441350815e-25,101.0,0.99608517062250971376224146666323243251,0.26945857525651123823935484721207984922
-2.9500000000000001776356839400250464678,3.3829932309433107236799737746137191192e-25,101.0,0.99607629570624749837771362094501064501,0.26941847665819379470606450689205620461
-2.8999999999999999111821580299874767661,3.532681930926563117332511418749607514e-25,101.0,0.99606635655366216063376046726005840719,0.26937310486606203174209686858318702295
-2.8500000000000000888178419700125232339,3.7074522526105244594940078956984603245e-25,101.0,0.99605544789978408626493166143851629463,0.26932171851847901304163154328644724298
-2.7999999999999998223643160599749535322,3.9124575493776946586645414754837224081e-25,101.0,0.9960433165173591162816978121097716589,0.26926346067136351652008963441857408616
-2.75,4.1541742732832230141234422015206001997e-25,101.0,0.99602973902589682017743039523624126787,0.26919733828782386515680897864303736528
-2.7000000000000001776356839400250464678,4.4408170545191295102416910617795095891e-25,101.0,0.99601454745230288006174302564118672729,0.26912219760689118827378972522223637457
-2.6499999999999999111821580299874767661,4.7829078463738711889746867183029304872e-25,101.0,0.99599768745899340176836025425180456241,0.26903669448655381373782135939699301348
-2.6000000000000000888178419700125232339,5.1940652572600093959451258273235290309e-25,101.0,0.99597917329982191604811210913040764041,0.26893925860897322293469276622833121317
-2.5499999999999998223643160599749535322,5.6921125334579204883743746177628537228e-25,101.0,0.99595847717228865597053045660703513601,0.26882805018107842239230190483974204136
-2.5,6.3006528413738854362292882636181885886e-25,101.0,0.99593535156273870322043642628247961515,0.26870090745148838052667334035902192497
-2.4500000000000001776356839400250464678,7.0513395389297904912923301147374470674e-25,101.0,0.9959101549055262152728717963949687213,0.26855528298286463780042158469726916395
-2.3999999999999999111821580299874767661,7.9871955892848394036476426908119583453e-25,101.0,0.99588203223970689260629712690251005284,0.2683881661533394543102954077772475992
-2.3500000000000000888178419700125232339,9.1675420085218389776265866118317503445e-25,100.0,0.99585085240090564658182882824054914009,0.26819598879558975022536383634618262761
-2.2999999999999998223643160599749535322,1.0675435906872355890799456495108697346e-24,100.0,0.99581668647902788964544167607700081554,0.26797451019959710565328098866285943025
-2.25,1.2629093432108009189855494229882365624e-24,100.0,0.99577859423183070853506950016528960241,0.26771867688599711605320897677495909233
-2.2000000000000001776356839400250464678,1.5199762070193954509501901364724165504e-24,100.0,0.99573700941380656369116588878887361551,0.26746849618216712145517605475198023567
-2.1499999999999999111821580299874767661,1.8640245461878482223235193567048748533e-24,100.0,0.99569082594908657979457657026715612071,0.26723408069669199116475412721665781367
-2.1000000000000000888178419700125232339,2.3331409743991990562652572231983820705e-24,100.0,0.99564021446359348216696540554928999008,0.26695556142662322515273444523797166505
-2.0499999999999998223643160599749535322,2.9859756634196248145096753841822345674e-24,100.0,0.9955842803831874197645288151599826064,0.26662368594044009235160304030470403075
-2.0,3.9150023710182567614896018228894408052e-24,100.0,0.99552291437030283999672504881141231058,0.26622713171254909006148617266327106405
-1.9499999999999999555910790149937383831,5.2697890094397890261636427498459068328e-24,100.0,0.99545522912113135813736244876749686869,0.26575203636683085402408274495533903655
-1.8999999999999999111821580299874767661,7.2990094979057451986902784863019596368e-24,100.0,0.9953809517770080935262504776130127691,0.26526873036802641374325293739305968784
-1.8500000000000000888178419700125232339,1.0428642631791568775846100640234877565e-23,99.0,0.99529907989066585640302023608957368242,0.26479505255836495196309541426451009724
-1.8000000000000000444089209850062616169,1.5412409003112539810053628868738620699e-23,99.0,0.99520914084871848794455431946085315237,0.26420114283263195967552736029277679187
-1.75,2.3631693307896885645408205306641250498e-23,99.0,0.99511006302175817825260272719029116996,0.26346687545734267814297533627644286067
-1.6999999999999999555910790149937383831,3.7717082695804014192076988601790292445e-23,99.0,0.99500084356018161273030191564813478366,0.26283391401750877829927902641324551541
-1.6499999999999999111821580299874767661,6.2891702341326329776664048680975419767e-23,98.0,0.99488069902131135545242856540422928033,0.26199667296823632433698579697765816009
-1.6000000000000000888178419700125232339,1.1001057100562075361820702955331269259e-22,98.0,0.99474744129852819189053888091179082009,0.26115486612094158206119154459789475656
-1.5500000000000000444089209850062616169,2.0278961226516666398651624210482713352e-22,98.0,0.99460082660288363986461652651602808219,0.26013602521902589829970270284171637896
-1.5,3.9596606713060175788597368131677400462e-22,97.0,0.99443814709497304710755177126250703325,0.25914572031987440226873497186661488351
-1.4499999999999999555910790149937383831,8.2374237228264620716139388728134225642e-22,97.0,0.99425719797654538068690818880496368565,0.25799777841464446280499850950184237038
-1.3999999999999999111821580299874767661,1.8378407839562728470192929399549690818e-21,96.0,0.99405559731100843577302752943140297292,0.25674685318373166258781226573861095243
-1.3500000000000000888178419700125232339,4.4307257968996446389688530565124747525e-21,95.0,0.99383041078422197336604519464846778192,0.25542540840314472733100824951996329577
-1.3000000000000000444089209850062616169,1.1642449892563770835213664434922174735e-20,95.0,0.99357790662333449103019287040286232093,0.25403298962836929848004916177798997798
-1.25,3.367840361107085439841890707250376634e-20,94.0,0.99329316171700363745980718501895177702,0.25252305265663156626903076539139261181
-1.1999999999999999555910790149937383831,1.0850231260521058509500466900709101166e-19,93.0,0.99296945495789568550126335952090818921,0.25104122663953656545285808490091299211
-1.1499999999999999111821580299874767661,3.9465435391664558480595022410934741935e-19,91.0,0.9926022077655221826255371531850334153,0.24952243778491956947461038425336414197
-1.1000000000000000888178419700125232339,1.6469115701640499705164470225518362491e-18,90.0,0.99217963740033222469267733747600323739,0.24803867110584617714316395587047504404
-1.0500000000000000444089209850062616169,8.0377564652181115733863013491170640136e-18,88.0,0.99169023342056482137155848911578949085,0.24674072815542707633510662535036115341
-1.0,4.6953809077190278925985141711632182135e-17,86.0,0.99111834309870884186086999066493857269,0.24568876229479125402690175264813272147
-0.94999999999999995559107901499373838305,3.3774185080951798018390542626194272341e-16,84.0,0.99044304027389312417956439475086846558,0.24507277194506490922067442560124238701
-0.90000000000000002220446049250313080847,3.0987376960265017861281992080309612894e-15,81.0,0.98963565985726595131520231708751995919,0.24499153101958021452619801185035613599
-0.84999999999999997779553950749686919153,3.7924609248764694312436044399416688821e-14,77.0,0.98865394150885544573489617183902726938,0.24547045714871535165408731508741255294
-0.80000000000000004440892098500626161695,6.5645690392548682087621384658663275403e-13,73.0,0.98744307981402363992343914602099094005,0.24630712060805318515117866674479682176
-0.75,1.7396603994451461318858480718739777547e-11,67.0,0.98591382966434687853936248257852579986,0.24703383964917834461150022773514395582
-0.69999999999999995559107901499373838305,7.8934373609514021523116814209934532651e-10,59.0,0.98392873290269899361352839131235731445,0.2471507773913343459550288862971784226
-0.65000000000000002220446049250313080847,7.186670908855231628685216256289675468e-08,48.0,0.98126844670657735557761107177185589285,0.24617350797618246031849167390355985645
-0.59999999999999997779553950749686919153,1.5211523285032882545542502177374634386e-05,33.0,0.97753499705688823625463072799145105672,0.24366642760630160800579949336908017309
-0.55000000000000004440892098500626161695,0.0034563031583242208863469814694315682381,8.0,0.96683068269841645625942125145225810747,0.22175424583470273236960568865198365654
-0.50,0.08285967056046939652472713233921498492,0.0,0.88672475146161952468289531096366966496,0.10540728302316368790393166609071157624
-0.45000000000000001110223024625156540424,0.4636575624388179561296334071386684894,0.0,0.52175714495986009293624727624436466415,0.022357243605083996690598066747725158622
-0.40000000000000002220446049250313080847,0.85897495507652994937345795005562031618,0.0,0.13631848005175467244891462563565466911,0.0025771271115929717079545280746238279807
-0.34999999999999997779553950749686919153,0.95818029073879621410199609545415360308,0.0,0.040158485916470528966389105972035398356,0.00069197683777599021809094667668316428172
-0.29999999999999998889776975374843459576,0.97447242541347019729908160615023544096,0.0,0.024514291902273615711460944539740303847,0.00060363877446773143981224100150425191844
-0.25,0.98139110951469104653182692605507507876,0.0,0.017871921346925417822033026585026565287,0.00055994920506199229903391419104290410482
-0.20000000000000001110223024625156540424,0.98540764939978693432617526874221329736,0.0,0.014016127342287750795657270365910577718,0.00053043374278714742353316978752638597252
-0.14999999999999999444888487687421729788,0.98813173607831225426379357178184263694,0.0,0.011400797808072506516085190346466817279,0.0005099767392550164368074586908775056838
-0.10000000000000000555111512312578270212,0.99020239981032631378989183868349821914,0.0,0.0094127663757022283023664046311378229004,0.00049167678149981527637914090733275484209
-0.050000000000000002775557561562891351059,0.99194627158322811828233918264743097322,0.0,0.0077389437328514426957824381341681401724,0.00046960362228409073045274692634447389308
0.0,0.9935621074976468607709648145248186647,0.0,0.0061876160624149775415941294519334017415,0.00044289804860082490491606955652101978486
