value,sup,dur,Y,S
-3.0,1.3578493499014939991258708349277027777e-15,106.0,0.98963385907192845647395040144045936753,0.25455557242274219969086488143820036606
-2.9500000000000001776356839400250464678,1.4496071520159303316980231640166391436e-13,106.0,0.98863236081278346818934217084703732639,0.2530197299033619206379300283781760096
-2.8999999999999999111821580299874767661,1.0470288762270137122994102774409169317e-11,105.0,0.98747586146483548377390104786396405269,0.25133822249200216821960469325505377173
-2.8500000000000000888178419700125232339,5.1557330363223332578805496734304476884e-10,99.0,0.98614128304534748475448024465685619352,0.24950391707905916521485906303423333324
-2.7999999999999998223643160599749535322,1.7443114652504678177388247310115463447e-08,86.0,0.98459857498596198011924280149096221369,0.24751070634672895694285701074687413033
-2.75,4.0767839007702469020548024883890310409e-07,74.0,0.98281838808301111541209801846396949233,0.24535373968026263681993572354436355284
-2.7000000000000001776356839400250464678,6.6135877708120445740617195025826800001e-06,61.0,0.98075475407730079829387954246153812893,0.24302961689634593034347225696363134732
-2.6499999999999999111821580299874767661,7.3700096084104157402074015063696001775e-05,49.0,0.97837314547696701672522596848852766737,0.24053651691502352733239481588379873317
-2.6000000000000000888178419700125232339,0.00055780460597077622029033137454517646322,36.0,0.97561512280713916002352417701619038644,0.23787422743936489850861272084360049729
-2.5499999999999998223643160599749535322,0.0027802369344316441271342462615292137614,24.0,0.9724170411660708159198251420252191563,0.23504403501600002655856516078580802457
-2.5,0.0091773027412105189082644044116178718165,6.0,0.96815127388629880211642853942059223365,0.23204842743332936282421897246710123069
-2.4500000000000001776356839400250464678,0.021536769897588723826781116165512681827,0.0,0.9644081697922317407738179589241088893,0.22889055223216169741737909986010392361
-2.3999999999999999111821580299874767661,0.039783747192403829169534925020060567811,0.0,0.95942625794925124875745418344734192592,0.22557336625890945645838620962122936983
-2.3500000000000000888178419700125232339,0.062846877494405194247499473164507402126,0.0,0.9536437804288588312921780733477830378,0.22209840204692951531365467642694555837
-2.2999999999999998223643160599749535322,0.090010874347202468663885717485721200199,0.0,0.94693593132476290476648412846110193655,0.21846406814326113739785285772765116212
-2.25,0.1205701899301125517472296101334413749,0.0,0.93916025395780533677100003127191141236,0.21466339372224263818122862069635871902
-2.2000000000000001776356839400250464678,0.15423407262233268405175889068044590178,0.0,0.93013712588824347378153452850525866428,0.21084888659939937056142050712508540757
-2.1499999999999999111821580299874767661,0.19076482129770333792877445553537946065,0.0,0.91965634370092873956966987332425485178,0.20695075661887348671544104938371688971
-2.1000000000000000888178419700125232339,0.22993772525407176345763456046069430795,0.0,0.90748765216358408523077296255201114137,0.2029019333534558249626175395429541975
-2.0499999999999998223643160599749535322,0.27163753260162058266027941712567992227,0.0,0.89343290349934287892715883739652665216,0.1989407651134848777802929652144369517
-2.0,0.3158333093865117195117472175129659923,0.0,0.87710636584484940626783581491969597173,0.19494864081934765569892366188380338288
-1.9499999999999999555910790149937383831,0.36225830177759823198370653509700539431,0.0,0.85825252720771231210035461092691215707,0.19098519099614044885897221166176891188
-1.8999999999999999111821580299874767661,0.41064335582860544721850342578932951332,0.0,0.8364937789625757549194624815623398856,0.18707683327920910274273831260589769941
-1.8500000000000000888178419700125232339,0.46071603357700483669693389455241371386,0.0,0.81138967590672398205478501624488960909,0.18326586094354050334322306247391761466
-1.8000000000000000444089209850062616169,0.51220595278329498157601643111088299161,0.0,0.78248771166116901632334546010733286554,0.17948885922682113201232503535467922173
-1.75,0.56422020199312463096045266593742848832,0.0,0.74937434746643754830131820336697173441,0.1756305261827229005622654511842115926
-1.6999999999999999555910790149937383831,0.61653998003902871272830918329620823695,0.0,0.7114727320383843976622687406008934622,0.17140216345995842090230398967091663472
-1.6499999999999999111821580299874767661,0.66827674815012892603444365077561127122,0.0,0.66834883597144695302318455018624481948,0.16630355342708002694146067395227574781
-1.6000000000000000888178419700125232339,0.71871497798816004530121070012764711484,0.0,0.6195592845746672067046080005759301438,0.15968263513917248102587326502112905869
-1.5500000000000000444089209850062616169,0.76675450681448820329795865482394050698,0.0,0.56454385746046183673025071458693107824,0.15079667405725172850777033171498879128
-1.5,0.81163623320164657438635213728544086603,0.0,0.50300389794343875926997860359572826416,0.13883953216899411100583011128221443133
-1.4499999999999999555910790149937383831,0.85249468359343530577355549694378344849,0.0,0.4347282207218755256143733138866959166,0.12310465498593497685549238406043752931
-1.3999999999999999111821580299874767661,0.88881805411029424832848154620556474805,0.0,0.3596117773807879745486655803145993875,0.10294733877240084136964728617776253072
-1.3500000000000000888178419700125232339,0.92064221107514445705249378606865436957,0.0,0.27769513961024701293223487809653822815,0.0783866945564205366173664739700802856
-1.3000000000000000444089209850062616169,0.94896391342670627182874162287422445797,0.0,0.18935808500956420454859498010835073588,0.050746762504126180891111303024217475949
-1.25,0.97465783646433517427636945428007930737,0.0,0.097572712963322970602834419323907767022,0.023815458262269864518202175151512701833
-1.1999999999999999555910790149937383831,0.99422894730724913956821127399886895264,0.0,0.022315178070590505766301112926642296036,0.0050479198389915458639714769465730328015
-1.1499999999999999111821580299874767661,0.99600119357236897295209134109696345268,0.0,0.00968693996788740256389147146705068609,0.001463322849095114387540737236482029888
-1.1000000000000000888178419700125232339,0.99671834310991967082212015129311693796,0.0,0.0071696195478448052884230670823061117218,0.00096975291753472233463545752890223911091
-1.0500000000000000444089209850062616169,0.99722454437777545405578212882312600794,0.0,0.0056746076746592688652352047656807570918,0.00076412962635273153928433351027007301001
-1.0,0.99760721287879583365022772862857175418,0.0,0.0046553781534620785362050114913307034493,0.00065423906227918118984749920421167673604
-0.94999999999999995559107901499373838305,0.99790621157015401989556737331383738273,0.0,0.0039179526369296053367017242387436806113,0.00058986178517427492439936928556677485202
-0.90000000000000002220446049250313080847,0.99815148996552367449078606084920138343,0.0,0.0033506903680595735995042770937960733695,0.00055075362817860018781541803900174622883
-0.84999999999999997779553950749686919153,0.99835052540495240168720760457810780344,0.0,0.0029059350446090170734379721547494654986,0.00052684178748295767644976857897467911061
-0.80000000000000004440892098500626161695,0.99851619733770074353902930100265995001,0.0,0.0025550641222248393032833975034376195496,0.00051286195076618005517383132364251185241
-0.75,0.998656273500244815018484660607971152,0.0,0.0022725798492429057126249654173007244729,0.00050207188468059374469541941482723484141
-0.69999999999999995559107901499373838305,0.99879975893820645691853352088651431394,0.0,0.0020308985763564695113547090149758940175,0.00049016154875671884484609781933459081492
-0.65000000000000002220446049250313080847,0.99889467299874734979895474336457737068,0.0,0.0018314413823985846572174484469096670897,0.00047700271162869557502788623834255495695
-0.59999999999999997779553950749686919153,0.9989852139590308821340039074174868668,0.0,0.0016678081884450904314605253791847385541,0.00046243898156295132019004424801714661464
-0.55000000000000004440892098500626161695,0.99908117735494828223852720965310626095,0.0,0.0015314512392526393486468957314169243139,0.00044627468697525786906469215532423376904
-0.50,0.99918162169445853242250853432716812347,0.0,0.0013824685206730932818304263519894656024,0.00042825952725835778858726055141193191459
-0.45000000000000001110223024625156540424,0.99928519563777693107643536348080862797,0.0,0.0013168333858658607069671087453206205399,0.00040806792489075335166776743188897193813
-0.40000000000000002220446049250313080847,0.99933314164937210414070717378467021064,0.0,0.001239668410030100075340144284726368167,0.00038527213972369855261048068403667771917
-0.34999999999999997779553950749686919153,0.99938833489674873207464105394630141457,0.0,0.0011491346347310660172340224739638834036,0.00035930877581729824161749862323826880403
-0.29999999999999998889776975374843459576,0.99945215465793110592618788163033063654,0.0,0.0010432547966072291435496776039432103599,0.000329439741398470990868806139602508424
-0.25,0.99952524000248624800081422596023270636,0.0,0.00092000047488606071342010008418220134269,0.0002947117522971975637275786015297832856
-0.20000000000000001110223024625156540424,0.99960782834905501179510216132496750034,0.0,0.00077745056615512968782694129710476183264,0.00025392437128500977779294832677180740257
-0.14999999999999999444888487687421729788,0.99969942864767414870167764415505197394,0.0,0.00061405945672160575120815246092307234953,0.00020562751219995283379011115229533542552
-0.10000000000000000555111512312578270212,0.99979831942105723830809707626239177436,0.0,0.00042909139701755306744092511758283486147,0.00014818894244440889104338749430822175871
-0.050000000000000002775557561562891351059,0.99990078916972681897355498832978898504,0.0,0.00022330380165674141980235825541221906723,8.0006646896497238142852281330780280344e-05
0.0,1.0,0.0,4.3603318489632528630709013861529642911e-255,1.629674028550015757572749393074670403e-255
