value,sup,dur,Y,S
-3.0,1.4217855348533681261235187243844860019e-06,70.0,0.9899108139539025337202325679143996903,0.25510355504489948730099173536156799119
-2.9500000000000001776356839400250464678,1.4907273883673004072795070741608907466e-05,58.0,0.98894930570344230909986855716667066759,0.25362288921626594551358562837527731646
-2.8999999999999999111821580299874767661,0.00011428355216381118693943385701714480757,47.0,0.98783596991136163512381450851667534726,0.25200755776458765149581331925128410708
-2.8500000000000000888178419700125232339,0.00062993022218536990297894086544759368662,37.0,0.98655479877085366718707481520165496658,0.25024115323544700898655120973074089555
-2.7999999999999998223643160599749535322,0.0024431772473602895540002971826821030367,25.0,0.9850693819444057892992912045925640026,0.2483166787880013832667277490328109056
-2.75,0.0067745148001438027252933851575430699071,13.0,0.9828949845607656711255518821370693315,0.24622822478768798067214487459169503582
-2.7000000000000001776356839400250464678,0.014349409903306025404134990606063696004,0.0,0.98137588200084171330043094987755764732,0.24397117644717914209285397246330258547
-2.6499999999999999111821580299874767661,0.025071585403025809449667299576945430119,0.0,0.97908016625852464887668158083826692846,0.24154236949113911404055515421864611224
-2.6000000000000000888178419700125232339,0.03853341415893210324732384834423584893,0.0,0.97642750683300724904095154333634942254,0.23894016234730334922480568520867986031
-2.5499999999999998223643160599749535322,0.054472476280999510486276341907063093827,0.0,0.97335010246553233000376413195780038532,0.23616438681524916396850239785987737353
-2.5,0.072566271432832051142480600402601174397,0.0,0.96977949629704829930975934522826788391,0.23321613195922501646253075403767071294
-2.4500000000000001776356839400250464678,0.092687625611646900161303879206721650525,0.0,0.96563638170977891019198028175653303606,0.23009730808711392521922715413366875879
-2.3999999999999999111821580299874767661,0.11486043270072053954351241004311211407,0.0,0.96082880279508926171278037107400556072,0.22680992921365977401594554233222875196
-2.3500000000000000888178419700125232339,0.13920885626855477409067956240686351956,0.0,0.95524992907216752732159706757698399531,0.22335504370104253689934531981565056515
-2.2999999999999998223643160599749535322,0.1655303278183049989378322594542478696,0.0,0.94877522798728923808311589905825256709,0.2197312345524019368602910101557668371
-2.25,0.19413867896842970635210569644072179234,0.0,0.94125876860129337844017904072226305801,0.21593260443418261849952015649268433398
-2.2000000000000001776356839400250464678,0.22476027354193185815244494158963602927,0.0,0.93252825618925506941979359703083863898,0.21215939783280167614824330475979843549
-2.1499999999999999111821580299874767661,0.25775302063625962627893333330560739202,0.0,0.92237820260519100425170462604347240035,0.20823316634619937598582713112055595235
-2.1000000000000000888178419700125232339,0.29300766431612240838821204251270064522,0.0,0.91056856966927900866475140994466660753,0.20415439634423678769329123348704015988
-2.0499999999999998223643160599749535322,0.33030126563116710293462183990836752283,0.0,0.89692576339019842815535527513042065875,0.20015306201615403511586252736287349712
-2.0,0.36980592967343315891335420226255805263,0.0,0.8810207570834161878956129586836424683,0.19608805285372801680953586701123268103
-1.9499999999999999555910790149937383831,0.41138677893425695610079685047716514677,0.0,0.86268478560469939485977559262866021438,0.19203758687918171056598853657567084202
-1.8999999999999999111821580299874767661,0.454874922662331260458666041388992891,0.0,0.84141933609638972647443481332654294155,0.18804610632674980382474088833712045593
-1.8500000000000000888178419700125232339,0.50007046753528661942149035098786189398,0.0,0.81683715213390438507928667838984524323,0.18407396288994246668609708468005626438
-1.8000000000000000444089209850062616169,0.54643246649539125646324955463369656436,0.0,0.78849744732864165029312222196803039365,0.18018187423450744980208313488735678007
-1.75,0.59379242065987988945995823312262962015,0.0,0.75587068311971097736739526739420546108,0.17621113965756696890696164193629875798
-1.6999999999999999555910790149937383831,0.6415181421807017961305747847587335108,0.0,0.71847038480672271202570872946683381146,0.17187933991992452021140268203318857728
-1.6499999999999999111821580299874767661,0.68906155264361988508125554742612813254,0.0,0.67570432433831666549032493959200035309,0.16672536852560067424228822195417215022
-1.6000000000000000888178419700125232339,0.7357021091023845841512380419470411339,0.0,0.62712142838211665615037147810012339804,0.16008439363584555261510394195616205032
-1.5500000000000000444089209850062616169,0.78051240738972063767777480893207035197,0.0,0.57210915423665485546733880578398049261,0.15122147174966110885393839818964323997
-1.5,0.82270189422305306352791177618766983806,0.0,0.51031875766837504585046658037784657744,0.13935675928027099792590763849134609263
-1.4499999999999999555910790149937383831,0.86144297998286873573479990934186542319,0.0,0.44149153521884735498364321276549419588,0.12372821459302529356775919493465596188
-1.3999999999999999111821580299874767661,0.89603502593106937187983371193324564361,0.0,0.36548696635786126318152646051831006815,0.10373242835618837334742584582513540207
-1.3500000000000000888178419700125232339,0.92630194002891861294337002528385647777,0.0,0.28249435631837518506619571700719586374,0.079323812488727856245545568779289461676
-1.3000000000000000444089209850062616169,0.95278351132947140681352109396065112674,0.0,0.1932310716641584039794656895971080197,0.051779155143293616846803782885155391544
-1.25,0.97623181263005870912116612204819490169,0.0,0.1012590642499125762854991853860062508,0.024868182800039553962614812113065881833
-1.1999999999999999555910790149937383831,0.99341141806679435421315927377653994193,0.0,0.026820601293041156183422889513164491765,0.006118799909856516410003106519046598559
-1.1499999999999999111821580299874767661,0.9949075131553948892199387491168724174,0.0,0.013745400939697711424938882412021947422,0.0021030726905171418862585844306782611515
-1.1000000000000000888178419700125232339,0.99585258448573520645059752727215154051,0.0,0.010120689377019293305884512159895717199,0.001411393346299924996565029798526168954
-1.0500000000000000444089209850062616169,0.99653251041808673524822884845007726673,0.0,0.0079449284612073175402241460390249693537,0.0011245924882248953760910413085767305833
-1.0,0.99703500575818508245045410081766302056,0.0,0.0064677244170593246725415797515312987934,0.00097658396883848566697986224685254837583
-0.94999999999999995559107901499373838305,0.99743203683596587904234632407584425068,0.0,0.0053837085961106795508512492147583306495,0.00089457442915152634673065520190731507658
-0.90000000000000002220446049250313080847,0.99775149184376851701405309970333212428,0.0,0.0045665399816239416177828735853639291706,0.00085156143765460676985957209747538053473
-0.84999999999999997779553950749686919153,0.9979950930031003125102373447521532377,0.0,0.0039203433907263835941373793634531387489,0.0008351108735879378548229914719092207973
-0.80000000000000004440892098500626161695,0.99822715402908483510449145144094110711,0.0,0.003401944233135469661903764248420052392,0.00082681443366904338837957455376594527447
-0.75,0.99837866949258674695199756908919971895,0.0,0.002971293008982983178815208091043502202,0.00081703795574659472024038170701028523923
-0.69999999999999995559107901499373838305,0.99853644384565477472505958021887674255,0.0,0.002614055650630752915497959043026337195,0.00080550357064345688483918321983474926731
-0.65000000000000002220446049250313080847,0.99867735231308056573796199659519491867,0.0,0.0023316022763470602572781646870835124516,0.00079187958123212582635068823798038917578
-0.59999999999999997779553950749686919153,0.99876390474187389662835181331979291688,0.0,0.002065582764945870901076045874827116871,0.00077576864350112334638166989212477000726
-0.55000000000000004440892098500626161695,0.9988598794584590335807419008179031475,0.0,0.0018678575597418285535553769336420487994,0.00075669209892637362039094379147146863718
-0.5,0.99896490812929108378206288168128444161,0.0,0.0016903110950958466579131743105694543666,0.00073406858892739698557398853922551111113
-0.45000000000000001110223024625156540424,0.99907805805492261368610817344693247465,0.0,0.0014962069305492351706145155842132819253,0.00070718416084869993743046743014588855228
-0.40000000000000002220446049250313080847,0.99919772061963575453476119103961616646,0.0,0.0013972438068123390067589452585320082812,0.00067514986760117915814343594912000560011
-0.34999999999999997779553950749686919153,0.99924474565556188540303218666383723277,0.0,0.0013045008922085396454691053974941397504,0.00063684149139473296456418065128214341074
-0.29999999999999998889776975374843459576,0.9992957918215044221627075776519910425,0.0,0.0011909294575910302490665049233791863367,0.00059081495215745652973613956375422212026
-0.25,0.99936037273534804398257366033224160985,0.0,0.0010533089824304110323157748351514393792,0.00053519144156441235412748846805203308167
-0.20000000000000001110223024625156540424,0.99944184894494643604461142876553373666,0.0,0.00088890442567593524511065056176250826389,0.0004675112708939799865158259850325028376
-0.14999999999999999444888487687421729788,0.99954388800043163491708206682981715839,0.0,0.00069637447373851105568334262843236861882,0.00038457117339480169359196648112472613671
-0.10000000000000000555111512312578270212,0.99966997515173568234496034670172481688,0.0,0.00047737645487352020402934994065267527125,0.000282299521954318708709908037828810091
-0.050000000000000002775557561562891351059,0.99982236079347799184916001967532740453,0.0,0.00023932014188836102966740336891934193091,0.00015581411193290309533707874141815703063
0.0,0.99999999999999999999999999999999999774,0.0,4.3603318489632528630709013861529642911e-255,8.1483701427500787878637469653733520151e-256
