value,sup,dur,Y,S
-3.0,3.6926995170886714543601973581870331505e-21,119.0,0.9947050677760039441328280526476187296,0.88325923102864874080773804090156995787
-2.9500000000000001776356839400250464678,6.6173827371988640325870471235877091279e-20,110.0,0.99448922028774626054606453251360969096,0.88262662990465126089979392272748217416
-2.8999999999999999111821580299874767661,1.054808463936274204189055282763941265e-18,102.0,0.99423606774670331978470579582303202093,0.88192738164637544342181996135256056066
-2.8500000000000000888178419700125232339,1.5131037255376208073483109612717988802e-17,94.0,0.99394528037003610289398517748010811149,0.88115544729988166100511101170232829782
-2.7999999999999998223643160599749535322,1.9816570325629854769849195001733022367e-16,87.0,0.99360100318557757395231684429506167696,0.88030435535239843860576554265371055164
-2.75,2.3864936384806088743427449834806417654e-15,80.0,0.99320655732394940555305345911927810914,0.87936715211751375703288371644657069261
-2.7000000000000001776356839400250464678,2.6680444759140200695805262816612174482e-14,74.0,0.99274293695636395630199906835996531245,0.87833632842857330161959417730837522326
-2.6499999999999999111821580299874767661,2.786949722524280466026002039316571505e-13,68.0,0.99220611886532641092154405998148645935,0.87720371282506900465410481309809745763
-2.6000000000000000888178419700125232339,2.7123926014371905601519268224845726931e-12,62.0,0.99158240477726756988169289680171184257,0.87596031891288656631582279954191943955
-2.5499999999999998223643160599749535322,2.4685065257841130249325459994003798283e-11,57.0,0.99085150587489728044958732074985966644,0.87459613178411667708542595338949139644
-2.5,2.0959586684959296099934394888492797736e-10,52.0,0.99001276093479290508081470108285672578,0.87309981533852361222180162658579675687
-2.4500000000000001776356839400250464678,1.6701638887664843666096463601924611619e-09,47.0,0.98901394257697191082118832056545786374,0.87145831912650877207281729941056413396
-2.3999999999999999111821580299874767661,1.2215513414039888661043015980841136516e-08,41.0,0.98788484733539178776631097083217741046,0.86965636003840159765513354972828913895
-2.3500000000000000888178419700125232339,8.2268782578871381012177653033560648765e-08,37.0,0.98654071520460862350923648223590908835,0.86767575094924623849426580758340531047
-2.2999999999999998223643160599749535322,5.0891184362155181911943757211063348187e-07,33.0,0.98498607273170108616065916831829359372,0.86549454549672639029456683917926524918
-2.25,2.866910856360416884104869745847209509e-06,30.0,0.98317621386029109843868660942016341764,0.86308596577313482863211595092143159052
-2.2000000000000001776356839400250464678,1.456952187255448365049100259481278583e-05,25.0,0.98101733613304349073025098508685933063,0.86041707810939341490344831506390655978
-2.1499999999999999111821580299874767661,6.6063590219638015186835237881265304089e-05,22.0,0.97856436880253198643224206587185820795,0.85744718149235401456915108547625073419
-2.1000000000000000888178419700125232339,0.00026333903066602677511489298048744633763,19.0,0.97565533025709129562019513916804041702,0.85412587338056342232217474793269230543
-2.0499999999999998223643160599749535322,0.00089875327267326451277253010249900951285,15.0,0.97218849522824543408110068548520105726,0.85039075805173845030554620063113065741
-2.0,0.0026142602963837458958416221501109140593,11.0,0.9682336987590354857620183801375449846,0.84616476127650809507286295322540869509
-1.9499999999999999555910790149937383831,0.0064218450505555588581349037948352907163,7.0,0.96355477238951383480137465970255558167,0.84135300834194644968320491294258786601
-1.8999999999999999111821580299874767661,0.013401183399301139842777442176198502364,0.0,0.95799506011066599444288226722896223383,0.83583920370818040571432295439903437766
-1.8500000000000000888178419700125232339,0.024313400864797120361332044406986823864,0.0,0.95140607723081775186283076822882390777,0.82994262414502208861531376836526270524
-1.8000000000000000444089209850062616169,0.039288494591009770735658671985481118963,0.0,0.94385529748487302881573891898884478374,0.82320656508553524106756546832240366131
-1.75,0.058073030513126611627470273137763892202,0.0,0.93491522058513008076325810690952769568,0.81531978273215164514049147302803130946
-1.6999999999999999555910790149937383831,0.081271076030650487365069165131241522593,0.0,0.92435041610281495926944744579183231887,0.80604600550172343377935960611458611726
-1.6499999999999999111821580299874767661,0.10786036980915725658736067655818797753,0.0,0.91189182485706940619553459564618072397,0.7951022290041017734403712521890122616
-1.6000000000000000888178419700125232339,0.13831196824445127273401753383413496505,0.0,0.89723055874066889327744356758940349867,0.78214671185256483724949811818801099332
-1.5500000000000000444089209850062616169,0.17294625231908420117438191240723227367,0.0,0.88000746186342412629333065078614201288,0.767729313997362828422537209723253051
-1.5,0.21163282175842558062254584185483334426,0.0,0.85979474222698902937801141089801798678,0.75062795603776781450765634672751782321
-1.4499999999999999555910790149937383831,0.25430896678134414738916431609127848441,0.0,0.83606337940519885690514328000002650329,0.73023257980329739404315834609984163263
-1.3999999999999999111821580299874767661,0.30104367818735022597412420342618960353,0.0,0.80812599273671468465322467774211297925,0.70635803763676272966228708561495126613
-1.3500000000000000888178419700125232339,0.35211540596781780789994426687089617215,0.0,0.77562809735466055670277789165511444499,0.67898176625088801706829224423817567662
-1.3000000000000000444089209850062616169,0.40742173612157986999049268844992090579,0.0,0.73810962783896295102191122428502694183,0.64625392890566326223094019635462828732
-1.25,0.46526344736377951522900336948728400166,0.0,0.6943345514998596531962359709326347492,0.60857032253086945318361486466078619991
-1.1999999999999999555910790149937383831,0.52658424846884152275490998125680094605,0.0,0.64388530151416818947844438786316584129,0.56457687545786145563192607324341780532
-1.1499999999999999111821580299874767661,0.59021366582211894265711383221907601935,0.0,0.58652176670931596367208584353332146253,0.51298167135233729353407476431792690998
-1.1000000000000000888178419700125232339,0.6554279295392394411702148254759539667,0.0,0.52092973582960522775867522046911584869,0.45358115402401019073408263971658345792
-1.0500000000000000444089209850062616169,0.72023588882594346414306205925114518077,0.0,0.44798171784552720211296961426505272805,0.3847316200996828753097315371192311042
-1.0,0.78440665861742594591088887673606999374,0.0,0.36648340962606207669416455208755503663,0.3064823519091820988134980058205215108
-0.94999999999999995559107901499373838305,0.84697146063213037793130613102766733004,0.0,0.2766999332603508923607801867562598176,0.22026882120206601288848638280332190905
-0.90000000000000002220446049250313080847,0.90706728949446642407664599580930712242,0.0,0.17901149536369359148271443473083109896,0.13108905776365015830174447118113272548
-0.84999999999999997779553950749686919153,0.96194600398277710820301657993054561021,0.0,0.07764120491451860544214479265475598037,0.050734554218656597424105165008338073121
-0.80000000000000004440892098500626161695,0.99712848244978539720229817848292828178,0.0,0.0058724835537785883757167792241966071011,0.0037346144279208867248354277094314406997
-0.75,0.99817155713672669626810142427968662475,0.0,0.0037731936428033567166543685477289574798,0.0014007671123290796059618008640850704211
-0.69999999999999995559107901499373838305,0.99845220230171699073990917949148792831,0.0,0.0029650838220842681693194237329337682248,0.0010215698364353100236486534871553719455
-0.65000000000000002220446049250313080847,0.99862537115242248938810575867954188155,0.0,0.0024678210407888718875912570501718644278,0.0008624060206284754347134636172910185713
-0.59999999999999997779553950749686919153,0.99876383553117486640147226042324211377,0.0,0.002132601099021981069993042606229790966,0.00078668711667205054326716883779746690634
-0.55000000000000004440892098500626161695,0.99885982066500398472164575757606814299,0.0,0.001865038495002258418326193844487495656,0.00075669209892637362039094379147146863718
-0.5,0.99896486038840532208711513776280534718,0.0,0.0016881272670240632943496240233113071292,0.00073406858892739698557398853922551111113
-0.45000000000000001110223024625156540424,0.99907802140198925868910431095498002773,0.0,0.0014945894934373696862337993351426035789,0.00070718416084869993743046743014588855228
-0.40000000000000002220446049250313080847,0.99919769440286247619770314296073855258,0.0,0.0013972438068123390067589452585320082812,0.00067514986760117915814343594912000560011
-0.34999999999999997779553950749686919153,0.99924474565556188540303218666383723277,0.0,0.0013045008922085396454691053974941397504,0.00063684149139473296456418065128214341074
-0.29999999999999998889776975374843459576,0.9992957918215044221627075776519910425,0.0,0.0011909294575910302490665049233791863367,0.00059081495215745652973613956375422212026
-0.25,0.99936037273534804398257366033224160985,0.0,0.0010533089824304110323157748351514393792,0.00053519144156441235412748846805203308167
-0.20000000000000001110223024625156540424,0.99944184894494643604461142876553373666,0.0,0.00088890442567593524511065056176250826389,0.0004675112708939799865158259850325028376
-0.14999999999999999444888487687421729788,0.99954388800043163491708206682981715839,0.0,0.00069637447373851105568334262843236861882,0.00038457117339480169359196648112472613671
-0.10000000000000000555111512312578270212,0.99966997515173568234496034670172481688,0.0,0.00047737645487352020402934994065267527125,0.000282299521954318708709908037828810091
-0.050000000000000002775557561562891351059,0.99982236079347799184916001967532740453,0.0,0.00023932014188836102966740336891934193091,0.00015581411193290309533707874141815703063
0.0,0.99999999999999999999999999999999999774,0.0,4.3603318489632528630709013861529642911e-255,8.1483701427500787878637469653733520151e-256
