value,sup,dur,Y,S
-3.0,3.1830173266457940241409880860210125734e-16,88.0,0.9946950942026978828665611082579972859,0.88337922108205343434287603082472811283
-2.9500000000000001776356839400250464678,2.5995860188298331380375374376358750843e-15,82.0,0.99447867230289957182373882256570929999,0.88274976383186350692578893025765793004
-2.8999999999999999111821580299874767661,2.0485523821655030280590025798386087741e-14,75.0,0.99422288866703007946802311068323011338,0.88205337869348606394769515454501883803
-2.8500000000000000888178419700125232339,1.5715208995461753715511020521870551659e-13,70.0,0.99393130055219998403746849612536802504,0.88128389925303280453005360336993268148
-2.7999999999999998223643160599749535322,1.1619063684418241534590210019229279128e-12,64.0,0.99358654156763501300808712582377393173,0.88043470516783282126520288156451943377
-2.75,8.4232982142045170257950198042656937924e-12,59.0,0.99318812124310039160463026500804079239,0.87949867147254563529665684152626671548
-2.7000000000000001776356839400250464678,5.8322099235681885167462967421150592195e-11,53.0,0.99272411620134255503626455353602752865,0.87846809458908456014495477289135370049
-2.6499999999999999111821580299874767661,3.9071434801854536955695856672898212052e-10,49.0,0.99218170335679687229946452540927666799,0.87733458530325571429070535265934991215
-2.6000000000000000888178419700125232339,2.51683382828107215643080978528509994e-09,45.0,0.99155776310936437624729513114611780762,0.87608891645439736148194320570777338335
-2.5499999999999998223643160599749535322,1.5467695009684067573679515608167910696e-08,41.0,0.99081874222635975277845041267938362273,0.87472081026892499812026967746829577393
-2.5,8.994834641110574292159866744429656143e-08,37.0,0.9899799838363672855286557062313072703,0.87321864719501800224476851809906434714
-2.4500000000000001776356839400250464678,4.9062985724855050975715437975310625945e-07,33.0,0.98898163635459341049639911883417389312,0.8715690748292844107484467305904284087
-2.3999999999999999111821580299874767661,2.477646227263757230776162118376725565e-06,30.0,0.98784010076438034877518729083441813283,0.86975649216572474240938080550516159031
-2.3500000000000000888178419700125232339,1.1454118512441583926281076590573103107e-05,26.0,0.98649683742490674393606772617499029791,0.86776238108312556673638103765636429725
-2.2999999999999998223643160599749535322,4.8073806509042711595650450495868878685e-05,23.0,0.98492275779999298000721491518599164348,0.86556445390658407999445318213410202632
-2.25,0.00018052940757704434493913521543624409772,20.0,0.9831140261878237487877057535216043404,0.8631355832587207927882137561986014085
-2.2000000000000001776356839400250464678,0.000596463139254547295379598796176425126,16.0,0.98095736693347239243751390411513590619,0.86044247848421417684518380286678439765
-2.1499999999999999111821580299874767661,0.0017043634962055458142675023924096925906,12.0,0.97847154851609861600540004219946340129,0.85744407182321648353908355104644902996
-2.1000000000000000888178419700125232339,0.0041620432840969090566697955559316098365,9.0,0.97556452250743957370540926848636810892,0.85408957708145907067642193234737367279
-2.0499999999999998223643160599749535322,0.0086960210077719443419807672116228779371,3.0,0.97210120680114692657127478510770447166,0.85031618304889211908654955071791296399
-2.0,0.015823667506646286110236086039237627469,0.0,0.96808691523610996274537037154816482766,0.84604634148942024532909055048531413806
-1.9499999999999999555910790149937383831,0.025815351046160620636464020849533711942,0.0,0.96340891918380068235073496817458295731,0.84118460145339690159863486194308912765
-1.8999999999999999111821580299874767661,0.038740312628801864283521480344490297102,0.0,0.95785140111103273798848451746156547479,0.83588801420616574942640535694976098185
-1.8500000000000000888178419700125232339,0.054103597680953775980678048994780793497,0.0,0.95125846383212427198731923072550191101,0.83005586660418264012301940077990070403
-1.8000000000000000444089209850062616169,0.072715721673367632846957633994990060161,0.0,0.94358584841581038921523471127101503977,0.82326504923444565065168302628232339009
-1.75,0.093788694108832935843679194424941316471,0.0,0.93463458397395564746869697432152991499,0.81531624692141555085780711660647438098
-1.6999999999999999555910790149937383831,0.11776519117056494784877184746944375649,0.0,0.92405503248852302679033986176166192795,0.80597078607522646427064453764693920995
-1.6499999999999999111821580299874767661,0.14511643885173503042973190355261373195,0.0,0.91157568836054521245305985949429337516,0.79494204514162727520650912585367284459
-1.6000000000000000888178419700125232339,0.17585616397342237190551676978579562847,0.0,0.89688383678305092145068723422863031293,0.78231845095567047040572112359753719291
-1.5500000000000000444089209850062616169,0.20999598116947927028197701560859813188,0.0,0.87961441365189076339876145282756791199,0.76783912023137402093002514671334074014
-1.5,0.24756729600848053403495815403844893206,0.0,0.85933058581855573912543728924485986844,0.7506194521710896025670412811736426004
-1.4499999999999999555910790149937383831,0.2886547105913183309575392406339086665,0.0,0.83548958951968560431144551683398352793,0.73006171712973334651663480422066545333
-1.3999999999999999111821580299874767661,0.3334485489936384054932426393618366739,0.0,0.80738330201245520278499345707275596873,0.70653806157244231415313741966259058171
-1.3500000000000000888178419700125232339,0.38232079225393994209839141238893166846,0.0,0.77514831123895792186729504779225724689,0.67891435153894931117766351946792394953
-1.3000000000000000444089209850062616169,0.43545252371487255933282757511120713749,0.0,0.73734770343592513847364612509863342716,0.6464489228281554066211187654351352231
-1.25,0.49066554755870154661444314682014589075,0.0,0.69373885426582608085078320918169592713,0.60832721842410836594945229425269295736
-1.1999999999999999555910790149937383831,0.54919950791585888326185588332816150788,0.0,0.64335337840483511819744829362242558575,0.5643876786074520500710488599450516871
-1.1499999999999999111821580299874767661,0.60990769540054695815629053525794718108,0.0,0.58589405497601440191855112665299407865,0.51285261892091000259666366716211188542
-1.1000000000000000888178419700125232339,0.67189364070435697259301445805270579494,0.0,0.52056005979288429987579458009552154838,0.45352586648693315433842148135678596994
-1.0500000000000000444089209850062616169,0.73366455318782571657397139220107708415,0.0,0.44751846216216835814993742289339679491,0.38457666892147133176374925137415889284
-1.0,0.79481868698635091956956368037125331356,0.0,0.36597953232475370421897210227275615042,0.30629042732029528303533207448403358287
-0.94999999999999995559107901499373838305,0.8543716825275637682816951705820701535,0.0,0.27661864664116638158911133875598747476,0.22020394250940059924087126637694629905
-0.90000000000000002220446049250313080847,0.91153883297728415468879627349216793473,0.0,0.17897331536326501962204169839366456019,0.1310088206579396943184934255260792618
-0.84999999999999997779553950749686919153,0.96379236757931183245768451890409835522,0.0,0.077566279446915088004109702299798078153,0.050666487682970871801486898811652330725
-0.80000000000000004440892098500626161695,0.99735336796494883375095207348536984422,0.0,0.0056847101127995662675689243235407760091,0.0036127040755696840298984787464416759566
-0.75,0.99844954621776110819218875583947016287,0.0,0.0034173168037956413997170483487141555569,0.001299029996667158438306207193036446775
-0.69999999999999995559107901499373838305,0.99872925217580413995053114329900475064,0.0,0.0026254598446235952392588151549917233991,0.00090431893395887844080272262198837607683
-0.65000000000000002220446049250313080847,0.99889830724399167320551263024315420575,0.0,0.0021514138629128473478038405439416710069,0.000722927719719576476961805196072197255
-0.59999999999999997779553950749686919153,0.99901763921375178001138137993473926638,0.0,0.0018380558342538308641142055817575842574,0.00062122457926774397890133040734694342712
-0.55000000000000004440892098500626161695,0.99911586422323393470081450878851488317,0.0,0.0016093608805840619683940266392111888467,0.0005606236751706734478543792582244305337
-0.50,0.99921931949330867707262557986430875322,0.0,0.0014438714022427032094304067294946456184,0.00053040460454929062514351184369061083227
-0.45000000000000001110223024625156540424,0.99928569351889578432759105043280493702,0.0,0.0013139388265102512229042766544443967272,0.00049893051722052622875780013554814174829
-0.40000000000000002220446049250313080847,0.99933309738737254500083828905172458855,0.0,0.001237254147793348213971754285001679345,0.00046440094632746997392045232231647180237
-0.34999999999999997779553950749686919153,0.99938829680384897049062959115309292414,0.0,0.0011471938818089868999564518099890378695,0.00042636658935454168644093222559628550526
-0.29999999999999998889776975374843459576,0.99945212370305928506791847013166879358,0.0,0.0010417684372824839211658954398567545555,0.00038424738035783949038039660443898769355
-0.25,0.99952521678521208643855651360432669663,0.0,0.0009189348409278555942724954549785181932,0.00033730837277792450477785469831434661221
-0.20000000000000001110223024625156540424,0.99960781287609715582003743381403761318,0.0,0.00077675569661017263149313615349806711058,0.00028465557925376969797271510620299122738
-0.14999999999999999444888487687421729788,0.9996994201150530753915112552124415299,0.0,0.00061366849315721227517488143585112724022,0.00022528230085144815784831790126250462238
-0.10000000000000000555111512312578270212,0.99979831610260587319895828469738051587,0.0,0.00042892216621655497715635212041518219326,0.00015822355243544631254584885219164844952
-0.050000000000000002775557561562891351059,0.99990078862303430732785711223031536411,0.0,0.00022326424296396399868411199971403827291,8.2923304667290090340076253875998492046e-05
0.0,1.0,0.0,4.3603318489632528630709013861529642847e-255,1.6296740285500157575727493930746704046e-255
