value,sup,dur,Y,S
-3.0,0.035597606885303238921912898380477790087,0.0,0.98963385907192845647395040144045936978,0.25455557242274219969086488143820036644
-2.9500000000000001776356839400250464678,0.043351073969060497526747935879549492299,0.0,0.98863236081278346818934217084703732865,0.2530197299033619206379300283781760111
-2.8999999999999999111821580299874767661,0.051956447915165643932723813510664727501,0.0,0.98747586146483548377390104786396405118,0.25133822249200216821960469325505376947
-2.8500000000000000888178419700125232339,0.061504414967295928080889036206755197029,0.0,0.98614128304534748475448024465685619352,0.24950391707905916521485906303423333343
-2.7999999999999998223643160599749535322,0.072085537254370787395981330901550892404,0.0,0.98459857498596198011924280149096221595,0.24751070634672895694285701074687413089
-2.75,0.083609640479545403655372018008428375658,0.0,0.98281838808301111541209801846396949158,0.24535373968026263681993572354436355227
-2.7000000000000001776356839400250464678,0.09635457838094558589753018558078230895,0.0,0.98075475407730079829387954246153812968,0.24302961689634593034347225696363134751
-2.6499999999999999111821580299874767661,0.11025607030991098990826652928996696215,0.0,0.97837314547696701672522596848852766512,0.24053651691502352733239481588379873279
-2.6000000000000000888178419700125232339,0.12550034545465910812132632272747316885,0.0,0.97561512280713916002352417701619038193,0.23787422743936489850861272084360049503
-2.5499999999999998223643160599749535322,0.14209180546397723088861199070850493149,0.0,0.9724170411660708159198251420252191563,0.235044035016000026558565160785808024
-2.5,0.16023390287697367093918712788196078563,0.0,0.96870851943352795810728038349424079715,0.23204842743332936282421897246710123088
-2.4500000000000001776356839400250464678,0.1798365545904181817846858001633721559,0.0,0.96440816979223174077381795892410889306,0.22889055223216169741737909986010392399
-2.3999999999999999111821580299874767661,0.20124256262120386499355425385553934236,0.0,0.95942625794925124875745418344734192366,0.22557336625890945645838620962122937002
-2.3500000000000000888178419700125232339,0.22424980298092338116624199884225267717,0.0,0.95364378042885883129217807334778303705,0.222098402046929515313654676426945558
-2.2999999999999998223643160599749535322,0.24911740020949191373776781152331827397,0.0,0.94693593132476290476648412846110193806,0.21846406814326113739785285772765116269
-2.25,0.27596684406958824439637225295176915227,0.0,0.93916025395780533677100003127191141311,0.21466339372224263818122862069635871827
-2.2000000000000001776356839400250464678,0.30467602814450543091606272553189667314,0.0,0.93013712588824347378153452850525866428,0.21084888659939937056142050712508540644
-2.1499999999999999111821580299874767661,0.33529029859265189406913770922110891074,0.0,0.91965634370092873956966987332425485103,0.20695075661887348671544104938371688839
-2.1000000000000000888178419700125232339,0.36792054008340336547379250427122082281,0.0,0.90748765216358408523077296255201114438,0.20290193335345582496261753954295419694
-2.0499999999999998223643160599749535322,0.40251220137898100459671857800687837229,0.0,0.89343290349934287892715883739652665667,0.19894076511348487778029296521443695264
-2.0,0.43897715070497934790156474776584337653,0.0,0.87710636584484940626783581491969597023,0.19494864081934765569892366188380338345
-1.9499999999999999555910790149937383831,0.47719453791484007649893398657791419074,0.0,0.85825252720771231210035461092691215632,0.19098519099614044885897221166176891112
-1.8999999999999999111821580299874767661,0.51701431220193673680383044132089723078,0.0,0.83649377896257575491946248156233988635,0.18707683327920910274273831260589769866
-1.8500000000000000888178419700125232339,0.55826325719238693848762354944456434585,0.0,0.81138967590672398205478501624488960758,0.18326586094354050334322306247391761428
-1.8000000000000000444089209850062616169,0.60029068768841995178634720483676786617,0.0,0.78248771166116901632334546010733286855,0.1794888592268211320123250353546792223
-1.75,0.64315528756751292868432408063883999339,0.0,0.7493743474664375483013182033669717329,0.1756305261827229005622654511842115926
-1.6999999999999999555910790149937383831,0.68601765899354083014542448782011088016,0.0,0.71147273203838439766226874060089346145,0.17140216345995842090230398967091663434
-1.6499999999999999111821580299874767661,0.72841428703014052415281605146198972791,0.0,0.66834883597144695302318455018624482174,0.16630355342708002694146067395227574762
-1.6000000000000000888178419700125232339,0.76964422228261585123558719975163525419,0.0,0.6195592845746672067046080005759301453,0.15968263513917248102587326502112905907
-1.5500000000000000444089209850062616169,0.80907026700231291831166385278123499977,0.0,0.5645438574604618367302507145869310805,0.15079667405725172850777033171498879166
-1.5,0.84583850206594243019186578923083012674,0.0,0.50300389794343875926997860359572826341,0.13883953216899411100583011128221443133
-1.4499999999999999555910790149937383831,0.87926298110336298273599194974070381418,0.0,0.43472822072187552561437331388669591584,0.12310465498593497685549238406043752894
-1.3999999999999999111821580299874767661,0.9089904408606159439892365970243813989,0.0,0.35961177738078797454866558031459938863,0.10294733877240084136964728617776253138
-1.3500000000000000888178419700125232339,0.93506029379547513878952018436704309326,0.0,0.2776951396102470129322348780965382274,0.078386694556420536617366473970080285036
-1.3000000000000000444089209850062616169,0.95823500872569494767242488862017444633,0.0,0.18935808500956420454859498010835073588,0.05074676250412618089111130302421747562
-1.25,0.97926381755814317006853923753684121307,0.0,0.09757271296332297060283441932390776721,0.023815458262269864518202175151512701833
-1.1999999999999999555910790149937383831,0.99527816333484798163940285364315103673,0.0,0.022315178070590505766301112926642296177,0.0050479198389915458639714769465730327956
-1.1499999999999999111821580299874767661,0.99672352489831286239527853430170460145,0.0,0.0096869399678874025638914714670506860782,0.0014633228490951143875407372364820298894
-1.1000000000000000888178419700125232339,0.99730936363628140125650324916216357317,0.0,0.0071696195478448052884230670823061116689,0.00096975291753472233463545752890223911017
-1.0500000000000000444089209850062616169,0.99772057063267623298115496453693984458,0.0,0.0056746076746592688652352047656807570859,0.00076412962635273153928433351027007300781
-1.0,0.99803424436221048003741138903257606895,0.0,0.0046553781534620785362050114913307034435,0.00065423906227918118984749920421167673163
-0.94999999999999995559107901499373838305,0.99827476178023701138709027977035059236,0.0,0.0039179526369296053367017242387436806054,0.00058986178517427492439936928556677484982
-0.90000000000000002220446049250313080847,0.99846414753498542316709652971397969776,0.0,0.003350690368059573599504277093796073396,0.0005507536281786001878154180390017462303
-0.84999999999999997779553950749686919153,0.99862799417702488921535372518417297984,0.0,0.0029059350446090170734379721547494655015,0.00052684178748295767644976857897467911575
-0.80000000000000004440892098500626161695,0.99875194971298989006130344764127662517,0.0,0.002555064122224839303283397503437619532,0.00051286195076618005517383132364251185314
-0.75,0.99887887097794606775917293514753091603,0.0,0.0022725798492429057126249654173007244729,0.00050207188468059374469541941482723484141
-0.69999999999999995559107901499373838305,0.99895415302250023034656212932952823082,0.0,0.0020308985763564695113547090149758940058,0.00049016154875671884484609781933459081492
-0.65000000000000002220446049250313080847,0.99903518960226842210555145281449673336,0.0,0.0018314413823985846572174484469096670985,0.00047700271162869557502788623834255495695
-0.59999999999999997779553950749686919153,0.99912159992876278043235888299660146566,0.0,0.0016678081884450904314605253791847385453,0.00046243898156295132019004424801714661538
-0.55000000000000004440892098500626161695,0.99921075936526903956474459880819638496,0.0,0.0015314512392526393486468957314169243198,0.00044627468697525786906469215532423376941
-0.50,0.99924524269934839306200518919813112717,0.0,0.0013824685206730932818304263519894656009,0.00042825952725835778858726055141193191459
-0.45000000000000001110223024625156540424,0.99928574279922753276195688436613201421,0.0,0.0013168333858658607069671087453206205414,0.0004080679248907533516677674318889719385
-0.40000000000000002220446049250313080847,0.99933314164937210414070717378467020989,0.0,0.0012396684100301000753401442847263681685,0.00038527213972369855261048068403667771953
-0.34999999999999997779553950749686919153,0.99938833489674873207464105394630141758,0.0,0.0011491346347310660172340224739638834051,0.00035930877581729824161749862323826880329
-0.29999999999999998889776975374843459576,0.99945215465793110592618788163033063504,0.0,0.0010432547966072291435496776039432103584,0.00032943974139847099086880613960250842327
-0.25,0.99952524000248624800081422596023270486,0.0,0.00092000047488606071342010008418220134416,0.0002947117522971975637275786015297832856
-0.20000000000000001110223024625156540424,0.99960782834905501179510216132496750034,0.0,0.00077745056615512968782694129710476183117,0.0002539243712850097777929483267718074022
-0.14999999999999999444888487687421729788,0.99969942864767414870167764415505197394,0.0,0.00061405945672160575120815246092307234879,0.00020562751219995283379011115229533542552
-0.10000000000000000555111512312578270212,0.99979831942105723830809707626239177586,0.0,0.00042909139701755306744092511758283486183,0.00014818894244440889104338749430822175853
-0.050000000000000002775557561562891351059,0.99990078916972681897355498832978898353,0.0,0.00022330380165674141980235825541221906723,8.0006646896497238142852281330780280252e-05
0.0,1.0,0.0,4.3603318489632528630709013861529642911e-255,1.629674028550015757572749393074670403e-255
