value,sup,dur,Y,S
-3.0,3.3880310761936139223881454999781710418e-11,56.0,0.99469509420269788286656110825799729117,0.88337922108205343434287603082472810606
-2.9500000000000001776356839400250464678,1.5262546762132809264282256318010341348e-10,52.0,0.99447867230289957182373882256570929773,0.88274976383186350692578893025765793004
-2.8999999999999999111821580299874767661,6.9072500499868177336025209975917238009e-10,48.0,0.99422288866703007946802311068323011489,0.88205337869348606394769515454501883653
-2.8500000000000000888178419700125232339,3.122396205387288950405701951267924197e-09,45.0,0.99393130055219998403746849612536802504,0.8812838992530328045300536033699326732
-2.7999999999999998223643160599749535322,1.4006076238982665878710228560288971919e-08,41.0,0.99358654156763501300808712582377393098,0.88043470516783282126520288156451943527
-2.75,6.1876981108084036972606815610765324003e-08,38.0,0.99318812124310039160463026500804079164,0.87949867147254563529665684152626671698
-2.7000000000000001776356839400250464678,2.6694629627181064072045069036246279515e-07,35.0,0.99272411620134255503626455353602752715,0.87846809458908456014495477289135369146
-2.6499999999999999111821580299874767661,1.1138178992134096702426124724011897054e-06,31.0,0.99218170335679687229946452540927666724,0.87733458530325571429070535265934991215
-2.6000000000000000888178419700125232339,4.4459610147872602295808946591160396073e-06,28.0,0.99155776310936437624729513114611780461,0.87608891645439736148194320570777338184
-2.5499999999999998223643160599749535322,1.6768481331674774706569471765949039898e-05,25.0,0.99081874222635975277845041267938362499,0.87472081026892499812026967746829577167
-2.5,5.8912860285104914039959238932744468964e-05,23.0,0.9899799838363672855286557062313072718,0.87321864719501800224476851809906434714
-2.4500000000000001776356839400250464678,0.00018966219709575664599439949813051873975,19.0,0.98898163635459341049639911883417389387,0.87156907482928441074844673059042841021
-2.3999999999999999111821580299874767661,0.00054938376808924690289135381715901459652,17.0,0.98784010076438034877518729083441813133,0.86975649216572474240938080550516159332
-2.3500000000000000888178419700125232339,0.0014066851254477207658942842096622378967,13.0,0.9864968374249067439360677261749902949,0.86776238108312556673638103765636429575
-2.2999999999999998223643160599749535322,0.0031464442496521480138642232855525693299,11.0,0.98492275779999298000721491518599164273,0.86556445390658407999445318213410202481
-2.25,0.0061511979734535151317250657979403421488,8.0,0.9831140261878237487877057535216043404,0.86313558325872079278821375619860140398
-2.2000000000000001776356839400250464678,0.010666768303447058057473849556519062835,0.0,0.98095736693347239243751390411513590844,0.86044247848421417684518380286678439539
-2.1499999999999999111821580299874767661,0.016808496210099373254480007488672790633,0.0,0.97847154851609861600540004219946340505,0.85744407182321648353908355104644903071
-2.1000000000000000888178419700125232339,0.02469911782005376768780379555209978299,0.0,0.97556452250743957370540926848636810816,0.85408957708145907067642193234737367279
-2.0499999999999998223643160599749535322,0.034260651100551864900327662185314589626,0.0,0.97210120680114692657127478510770447241,0.85031618304889211908654955071791296174
-2.0,0.045428427590420003167350576935871556812,0.0,0.96808691523610996274537037154816482541,0.84604634148942024532909055048531413731
-1.9499999999999999555910790149937383831,0.058440715028493773354547138277149563312,0.0,0.96340891918380068235073496817458295882,0.84118460145339690159863486194308912765
-1.8999999999999999111821580299874767661,0.073497082194209126477687473026097669455,0.0,0.95785140111103273798848451746156547329,0.83588801420616574942640535694976097884
-1.8500000000000000888178419700125232339,0.090082544025061831272929501457501884745,0.0,0.95125846383212427198731923072550191252,0.83005586660418264012301940077990070779
-1.8000000000000000444089209850062616169,0.10910613584996589475640421087449021539,0.0,0.94358584841581038921523471127101504128,0.82326504923444565065168302628232339084
-1.75,0.13070067132259229999006647041831534327,0.0,0.93463458397395564746869697432152991047,0.81531624692141555085780711660647438174
-1.6999999999999999555910790149937383831,0.15494025130296534863461805591308077018,0.0,0.92405503248852302679033986176166193247,0.80597078607522646427064453764693920995
-1.6499999999999999111821580299874767661,0.18136271061244096105663292929098342777,0.0,0.91157568836054521245305985949429337817,0.79494204514162727520650912585367284007
-1.6000000000000000888178419700125232339,0.2108847471166966536196020608093695728,0.0,0.89688383678305092145068723422863031368,0.78231845095567047040572112359753719516
-1.5500000000000000444089209850062616169,0.24369698851785711136302650170920616678,0.0,0.87961441365189076339876145282756791576,0.76783912023137402093002514671334074541
-1.5,0.28001202778393390691699487845830479368,0.0,0.85933058581855573912543728924485987145,0.7506194521710896025670412811736426004
-1.4499999999999999555910790149937383831,0.32009156282917759477418785408022237736,0.0,0.83548958951968560431144551683398352567,0.73006171712973334651663480422066545484
-1.3999999999999999111821580299874767661,0.36296649575517524980243203608889153212,0.0,0.80738330201245520278499345707275597099,0.70653806157244231415313741966259057946
-1.3500000000000000888178419700125232339,0.40944688435182980895908598165416352741,0.0,0.7751483112389579218672950477922572499,0.67891435153894931117766351946792394878
-1.3000000000000000444089209850062616169,0.46039486712666295383083356253072241384,0.0,0.7373477034359251384736461250986334234,0.6464489228281554066211187654351352216
-1.25,0.51319255730716694081639643120653257285,0.0,0.69373885426582608085078320918169592789,0.60832721842410836594945229425269295736
-1.1999999999999999555910790149937383831,0.56931557162573446398923732955894969401,0.0,0.6433533784048351181974482936224255865,0.56438767860745205007104885994505168785
-1.1499999999999999111821580299874767661,0.62730523691975448265275002529615353169,0.0,0.5858940549760144019185511266529940779,0.51285261892091000259666366716211188617
-1.1000000000000000888178419700125232339,0.68670741657282812034624126484578457273,0.0,0.52056005979288429987579458009552154838,0.45352586648693315433842148135678597032
-1.0500000000000000444089209850062616169,0.74565906377790030637621939535954665872,0.0,0.44751846216216835814993742289339679641,0.38457666892147133176374925137415889134
-1.0,0.80404582884250229964327077888563429045,0.0,0.36597953232475370421897210227275615005,0.30629042732029528303533207448403358212
-0.94999999999999995559107901499373838305,0.86093465222027325440227052593635719195,0.0,0.27661864664116638158911133875598747476,0.22020394250940059924087126637694629848
-0.90000000000000002220446049250313080847,0.91554199934949849577206255776848218253,0.0,0.17897331536326501962204169839366456131,0.13100882065793969431849342552607926255
-0.84999999999999997779553950749686919153,0.96543626657846576921838652581825062047,0.0,0.077566279446915088004109702299798076743,0.050666487682970871801486898811652329926
-0.80000000000000004440892098500626161695,0.997473659005952348055686346199251913,0.0,0.0056847101127995662675689243235407759621,0.0036127040755696840298984787464416758919
-0.75,0.99851834063961986149699830176666665015,0.0,0.0034173168037956413997170483487141555921,0.0012990299966671584383062071930364467794
-0.69999999999999995559107901499373838305,0.99878493242227116943901649912818283006,0.0,0.002625459844623595239258815154991723405,0.00090431893395887844080272262198837607977
-0.65000000000000002220446049250313080847,0.99894599174948342554075400457256412893,0.0,0.0021514138629128473478038405439416710275,0.000722927719719576476961805196072197255
-0.59999999999999997779553950749686919153,0.99905173920784540383980890023258625481,0.0,0.0018380558342538308641142055817575842501,0.00062122457926774397890133040734694342933
-0.55000000000000004440892098500626161695,0.9991487462883547798620989353340982244,0.0,0.0016093608805840619683940266392111888453,0.00056062367517067344785437925822443053149
-0.50,0.99924518959332279598785817522697919036,0.0,0.0014438714022427032094304067294946456184,0.00053040460454929062514351184369061083301
-0.45000000000000001110223024625156540424,0.99928569351889578432759105043280494078,0.0,0.0013139388265102512229042766544443967286,0.00049893051722052622875780013554814174829
-0.40000000000000002220446049250313080847,0.9993330973873725450008382890517245893,0.0,0.0012372541477933482139717542850016793479,0.000464400946327469973920452322316471802
-0.34999999999999997779553950749686919153,0.99938829680384897049062959115309292865,0.0,0.0011471938818089868999564518099890378695,0.0004263665893545416864409322255962855049
-0.29999999999999998889776975374843459576,0.99945212370305928506791847013166879584,0.0,0.001041768437282483921165895439856754557,0.00038424738035783949038039660443898769281
-0.25,0.99952521678521208643855651360432669587,0.0,0.0009189348409278555942724954549785181932,0.00033730837277792450477785469831434661258
-0.20000000000000001110223024625156540424,0.99960781287609715582003743381403761468,0.0,0.00077675569661017263149313615349806711131,0.00028465557925376969797271510620299122738
-0.14999999999999999444888487687421729788,0.99969942011505307539151125521244152915,0.0,0.00061366849315721227517488143585112724022,0.00022528230085144815784831790126250462257
-0.10000000000000000555111512312578270212,0.99979831610260587319895828469738051663,0.0,0.00042892216621655497715635212041518219289,0.0001582235524354463125458488521916484497
-0.050000000000000002775557561562891351059,0.9999007886230343073278571122303153626,0.0,0.00022326424296396399868411199971403827236,8.2923304667290090340076253875998492046e-05
0.0,1.0,0.0,4.3603318489632528630709013861529642911e-255,1.629674028550015757572749393074670403e-255
