value,sup,dur,Y,S
0.0,2.5019756555378883310389460052981141591e-77,130.0,0.99604088457808246582391958910242413298,0.88881968448054698040653630109176882525
0.0050000000000000001040834085586084256647,1.0971474615325683423689976651176719354e-73,129.0,0.99576948714173914063531925115944094401,0.88643594586901484236368293689413867054
0.010000000000000000208166817117216851329,4.4936153740466106633345195970355324839e-69,129.0,0.99548877299020948593077634885935104177,0.88352452271687146176244745990650523742
0.014999999999999999444888487687421729788,2.0356985815210419469779775417041121236e-63,129.0,0.99519622352106038831272116074813445338,0.88128451470342240020140548580900997305
0.020000000000000000416333634234433702659,5.127919064727744544008344274491224996e-57,128.0,0.99488979908850372817515446592837084761,0.87854829609538130023438997941606102105
0.02500000000000000138777878078144567553,8.0794800016772672023550086614531930877e-52,128.0,0.99456633591288278621826268588626730187,0.87566004129337032327641075755137995257
0.029999999999999998889776975374843459576,8.7254672434994509007477604841964319393e-48,127.0,0.99422306722885998266576186779835779239,0.87302567709261383625155134965053776549
0.035000000000000003330669073875469621271,1.5135155704011009251227031813514204729e-44,127.0,0.99386752539833683299604477626712852369,0.86971565251788641749407334876063783126
0.040000000000000000832667268468867405318,7.0571122592261475386551677490560149233e-42,127.0,0.99348438467132886857936242079759638578,0.86705100849214834103307456847090515176
0.044999999999999998334665463062265189365,1.251002274055622840344806002937703519e-39,126.0,0.99307842496855605719627011358048748753,0.86353404543326329309167129247676434363
0.050000000000000002775557561562891351059,1.0641534877485283557623170239863030932e-37,126.0,0.99264691712400324929035588801533257408,0.86062355873250152161042903538231170495
0.055000000000000000277555756156289135106,5.0752972770374952243900799335675552514e-36,125.0,0.99218606868224095973393105550745259756,0.85707234428172332599131629271411823426
0.059999999999999997779553950749686919153,1.5456334857507557299211065958683679271e-34,124.0,0.99168716319819899549412915625060469535,0.85358673774014921147144390063482765256
0.065000000000000002220446049250313080847,3.2648059670938614598503946004321550132e-33,120.0,0.99116544470060425521129809488849941363,0.85009040954234370245427267856430303872
0.070000000000000006661338147750939242542,5.1426742533708378719165764600441143636e-32,114.0,0.99059708219722210806472836304147830172,0.84607320549710559780373524637370797048
0.074999999999999997224442438437108648941,6.4051327896407839535427688244788036967e-31,109.0,0.98998145576443672366112508815243894085,0.84205884030754239914600622020739046592
0.080000000000000001665334536937734810635,6.4811887600948774366771836909977116648e-30,105.0,0.9893171278752979232312702425144401902,0.83813183880588933376476343390692494705
0.08500000000000000610622663543836097233,5.6024828496335150501562527707807985614e-29,101.0,0.98860521955374393297543464833513877599,0.8338661319138221074066042483590954563
0.089999999999999996669330926124530378729,4.2489307338133346692556615974648781648e-28,97.0,0.98783166133854665912328741275102757748,0.82933679522277615607028509008599711771
0.095000000000000001110223024625156540424,2.8648286892287372036915137695159866258e-27,94.0,0.9869961035342065212776237919979983544,0.82458307772886777218125558723098805641
0.10000000000000000555111512312578270212,1.7795317695668533522277905092427612369e-26,91.0,0.98608854731776276214424113421426175863,0.81959598052248242768208510193652051236
0.10499999999999999611421941381195210852,1.0330419795916185593354032174029179929e-25,89.0,0.9850907145052086749345653043456922041,0.81430392560002635587361086606808470799
0.11000000000000000055511151231257827021,5.6985620866095283786929725139983369817e-25,86.0,0.98397753723974689544348355666343799975,0.80855607004271704032763838722448931369
0.11500000000000000499600361081320443191,3.0665288201726894570214295043768255047e-24,83.0,0.98278328964802499544303295512051279595,0.80282601641002008610593162356143113551
0.11999999999999999555910790149937383831,1.5927527098494088947108658085062608788e-23,82.0,0.98143827108460197558127004911544474636,0.79662854700040895737616469951650089725
0.125,8.3282907868761309390641564173937796215e-23,79.0,0.97993913439582084587141551577794867797,0.79005183780692100873596475962165981231
0.13000000000000000444089209850062616169,4.4185257539654626555637091743814773298e-22,78.0,0.97827181735164566132652571963506469548,0.78285082463507781361479736609428018795
0.13500000000000000888178419700125232339,2.4342225131468453337327052951020902855e-21,76.0,0.97640536023331322166040092932336491457,0.7752898986053431827976664112581394714
0.14000000000000001332267629550187848508,1.3988835064170947125995241333302181845e-20,74.0,0.97428041277141234578310482760962730615,0.7673425376848486999971492166194979332
0.14499999999999999000799277837359113619,8.7050728034804110724593157989781082621e-20,72.0,0.97185103617215238277165730034659205368,0.75860363000210398685473363401626137821
0.14999999999999999444888487687421729788,5.9844977705254510344063514538225011157e-19,71.0,0.96904978049794678921760017107464036111,0.74922552384529989991710237525766260832
0.15499999999999999888977697537484345958,4.6846075259174180945344473772148139527e-18,70.0,0.96578540027630126607567181258660221847,0.73893567776134133274806442987900695609
0.16000000000000000333066907387546962127,4.3310172343629475513920586191738527388e-17,67.0,0.96195303026870097616168162140409681445,0.72764571309929481649155812204201014508
0.16500000000000000777156117237609578297,4.967424068816794646581282623399875187e-16,66.0,0.95736377250460038973617122323018603575,0.71532201745456434699750169634186057033
0.17000000000000001221245327087672194466,7.4407050269836581958786870859963229096e-15,64.0,0.9518322775422103756704321713462883234,0.70153694591630724594947338110028952141
0.17499999999999998889776975374843459576,1.5748295989768120653765952278489987142e-13,62.0,0.94504636339530441015363542443678944263,0.68610217200518864370992334979482849857
0.17999999999999999333866185224906075746,5.0215676530722284741490344320873355416e-12,59.0,0.93653565969599780166419912038890641249,0.66872124377416977987351259291505687946
0.18499999999999999777955395074968691915,2.7487544475169882771712839184534371609e-10,56.0,0.9256209542819253288269432586766863938,0.64871880121933901423747828449311567529
0.19000000000000000222044604925031308085,2.776033610084424244896356227243321664e-08,52.0,0.91128529419820383720800115428939265818,0.62522162164881262435957332829728420107
0.19500000000000000666133814775093924254,5.3125089076216410548270555498948771092e-06,36.0,0.89176962103554762525875042743729031275,0.59714896860305739083260592239041493221
0.20000000000000001110223024625156540424,0.0014974607406589786888103128558756609409,13.0,0.86417891987230949555147857110246671566,0.56225386124064489289118957832668933483
0.20499999999999998778754672912327805534,0.079392596266386432092221928653819109454,0.0,0.78759713263794605523178414663299467117,0.50206374564347077423573727225980439934
0.20999999999999999222843882762390421703,0.42700172019528464266957134346662372968,0.0,0.49407655728786132658695724785939830867,0.26312807660783564666055135416323286624
0.21499999999999999666933092612453037873,0.83232364895565727543427607932736556498,0.0,0.14528570649853434392344393733846588425,0.063200660023747607531733202359864725627
0.22000000000000000111022302462515654042,0.97038194958323826537819375659776819599,0.0,0.025405314996474954551494858825532706366,0.010371222036518709877934164205042934028
0.22500000000000000555111512312578270212,0.99546855483573072111060084385763274213,0.0,0.0038300910136046013682656001321427928077,0.0015466054974745079872027642591307899122
0.23000000000000000999200722162640886381,0.99849929245645055499948075045228521032,0.0,0.0012579789885253352151849483647431283654,0.00052617936091629169918214008308220643738
0.23499999999999998667732370449812151492,0.99863347668195680501502242911947298579,0.0,0.0011462374480367521912505264365411801756,0.00051939392745159787832984206520105887577
0.23999999999999999111821580299874767661,0.99871550731723261853172464583311397697,0.0,0.0010788510601743920355998271201133369832,0.00051265246103700812815040880796201020019
0.24499999999999999555910790149937383831,0.99877115710091956302399368837612229725,0.0,0.0010329184464491535977234273238716455064,0.00050595496345373210718968459279524332127
0.25,0.99881345914622074619676497109584081676,0.0,0.0010012199830346573795555486219508714272,0.00049930143647139782929570944857018031709
0.25500000000000000444089209850062616169,0.99884135417925755418430188325417118426,0.0,0.00097820690883304443970548917134703850494,0.00049269188184805053326477218301878032458
0.26000000000000000888178419700125232339,0.99886873388129709373058895353693479312,0.0,0.00096513332385876234791861183654864488959,0.00048612630133015152231094626668383868595
0.26500000000000001332267629550187848508,0.99888798879973830455663528199119571338,0.0,0.00095214743764551662196640724231287070624,0.00047960469665257701114928974202689676154
0.27000000000000001776356839400250464678,0.99890074014523643892475577214741091681,0.0,0.00093924925704637207240843329705235593745,0.0004731270695386169806941289191113079707
0.27500000000000002220446049250313080847,0.9989134057019121622707966660354836672,0.0,0.00092643878886837317613523613310668433395,0.00046669342169997404037383629447953697575
0.28000000000000002664535259100375697017,0.99892598545180603663979942235684570726,0.0,0.00091371603987253510664334171571560910005,0.00046030375483676229806350380225760770868
0.28499999999999997557509345824655611068,0.99893847937700308157619885148548112231,0.0,0.00090108101677383496425568971462265411301,0.00045395807063750630784399117863783917381
0.28999999999999998001598555674718227237,0.99895088745963279327162562900312121623,0.0,0.0008885337262412023665957285600142570228,0.00044765637077913967385787032471126113938
0.29499999999999998445687765524780843407,0.99896320968186916226917643736149388024,0.0,0.00087607417489751150105617602257316413345,0.00044139865692700436581160811854252374935
0.29999999999999998889776975374843459576,0.99897544602593069249832189274847372532,0.0,0.00086370236931957183374500860957995648258,0.00043518493073484933710032976808471494335
0.30499999999999999333866185224906075746,0.99898759647408041955737358644879290554,0.0,0.00085141831603811958151934342968430826643,0.00042901519384482950354606169528394646344
0.30999999999999999777955395074968691915,0.99899966100862592907763972369175673327,0.0,0.00083922202153780910351888452540819045104,0.0004228894478875046590666773785301786288
0.31500000000000000222044604925031308085,0.99900715807911682722380062157457477775,0.0,0.00082711349225720435298401497131604878856,0.00041680769448183839897228488766839419523
0.32000000000000000666133814775093924254,0.9990071131224085380779056919964516045,0.0,0.00081509273458877038937954480637503964252,0.00041076993523519705089038250168504557664
0.32500000000000001110223024625156540424,0.99900706816570024893201076241832843126,0.0,0.0008031597548788649508449781020937659441,0.00040477617174334861332109944731671882607
0.33000000000000001554312234475219156593,0.99900702320899195978611583284020525801,0.0,0.00079131455942773008699201561876934051306,0.00039882640559046170182382944235385322275
0.33500000000000001998401444325281772763,0.99900697825228367064022090326208208552,0.0,0.00077955715448948385206986257116245072757,0.00039292063834910450283655537035052660302
0.34000000000000002442490654175344388932,0.99900693329557538149432597368395891227,0.0,0.00076788754627211205851876401273131417446,0.0003870588715802437351291540538201704026
0.34499999999999997335464740899624302983,0.99900688833886709234893016383237540238,0.0,0.00075630574093746021902848616188675627466,0.00038124110683324368323785847994321943973
0.34999999999999997779553950749686919153,0.99900684338215880320303523425425222988,0.0,0.00074481174460122490756830497478228380826,0.00037546734564586491631821508028776847525
0.35499999999999998223643160599749535322,0.99900679842545051405714030467612905664,0.0,0.00073340556333294646572960691479243677069,0.00036973758954426366004897701467091839858
0.35999999999999998667732370449812151492,0.99900675346874222491124537509800588264,0.0,0.00072208720315600048272325150308788977854,0.00036405184004299052978483618681071696745
0.36499999999999999111821580299874767661,0.99900670851203393576535044551988271015,0.0,0.00071085667004758998024671615750165580191,0.00035841009864498959503306213641207029012
0.36999999999999999555910790149937383831,0.9990066635553256466194555159417595369,0.0,0.00069971396993873752878762721337358639718,0.00035281236684159738673723125351888487976
0.375,0.99900661859861735747356058636363636441,0.0,0.0006886591087142774244543530871050545528,0.00034725864611254191220369657928530138951
0.38000000000000000444089209850062616169,0.99900657364190906832766565678551319117,0.0,0.00067769209221284792635290314051605914142,0.0003417489379259416776720121929125506716
0.38500000000000000888178419700125232339,0.99900652868520077918177072720739001792,0.0,0.00066681292622688355452922808715775005849,0.00033628324373830471853051680257248227273
0.39000000000000001332267629550187848508,0.99900648372849249003587579762926684467,0.0,0.00065602161650260744849586998936985555604,0.00033086156499452763717827177382848751132
0.39500000000000001776356839400250464678,0.99900643877178420088998086805114367218,0.0,0.00064531816874002378636176202766258930109,0.00032548390312789464853453944238784991778
0.40000000000000002220446049250313080847,0.99900639381507591174408593847302049894,0.0,0.00063470258859291026458383028252464739427,0.00032015025956007663319697816899499772576
0.40500000000000002664535259100375697017,0.99900634885836762259819100889489732494,0.0,0.00062417488166881063835890175359162916094,0.0003148606357011301982497212029212060315
0.40999999999999997557509345824655611068,0.99900630390165933345279519904331381655,0.0,0.00061373505352902743809180479079060000492,0.0003096150329494968037160151782728868437
0.41499999999999998001598555674718227237,0.9990062589449510443069002694651906433,0.0,0.0006033831096886141684769475153968125135,0.00030441345269200160620670208999074503721
0.41999999999999998445687765524780843407,0.99900621398824275516100533988706746931,0.0,0.00059311905561636872635303493522297029478,0.00029925589630385289211221830309098974173
0.42499999999999998889776975374843459576,0.99900616903153446601511041030894429681,0.0,0.00058294289673482571924105608200205182634,0.00029414236514864093558138277344683055457
0.42999999999999999333866185224906075746,0.99900612407482617686921548073082112357,0.0,0.00057285463842024942560331221075934426125,0.0002890728605783371560783304334194562506
0.43499999999999999777955395074968691915,0.99900607911811788772332055115269795108,0.0,0.00056285428600262669945745297858518033682,0.00028404738393329322511387609783744709541
0.44000000000000000222044604925031308085,0.99900603416140959857742562157457477708,0.0,0.00055294184476565993575619794245652102927,0.00027906593654224018063466849407253363124
0.44500000000000000666133814775093924254,0.99900598920470130943153069199645160458,0.0,0.00054311731994676009655006089647804686104,0.00027412851972228754907122627020070936532
0.45000000000000001110223024625156540424,0.99900594424799302028563576241832843134,0.0,0.00053338071673703979795024591665556611736,0.00026923513477892247504593842375303757776
0.45500000000000001554312234475219156593,0.99900589929128473113974083284020525885,0.0,0.00052373204028130645790873526117783510666,0.00026438578300600885874210217993181547072
0.46000000000000001998401444325281772763,0.99900585433457644199384590326208208485,0.0,0.00051417129567805550483244048675057751758,0.00025958046568578650093506193241364328081
0.46500000000000002442490654175344388932,0.9990058093778681528479509736839589116,0.0,0.00050469848797946364704813928738224017364,0.00025481918408887025568650344199996885636
0.46999999999999997335464740899624302983,0.99900576442115986370255516383237540321,0.0,0.00049531362219138230683951838502936889139,0.00025010193947424924283042492251846604685
0.47499999999999997779553950749686919153,0.99900571946445157455666023425425222922,0.0,0.00048601670327333059586783285284144996096,0.00024542873308928580699802979619591917227
0.47999999999999998223643160599749535322,0.99900567450774328541076530467612905597,0.0,0.00047680773613848939244577307918522189376,0.00024079956616971500753935343683653344438
0.48499999999999998667732370449812151492,0.99900562955103499626487037509800588348,0.0,0.00046768672565369443682161101694603421333,0.00023621443993964359190386360545938470073
0.48999999999999999111821580299874767661,0.99900558459432670711897544551988271023,0.0,0.00045865367663943000982481443796366516123,0.00023167335561154923928240661347245047372
0.49499999999999999555910790149937383831,0.99900553963761841797308051594175953699,0.0,0.00044970859386982256777852665039358710349,0.00022717631438627975930204350788491665675
0.5,0.99900549468091012882718558636363636374,0.0,0.00044085148207263443837571608621888068875,0.00022272331745305229839115700801125453866
0.50500000000000000444089209850062616169,0.99900544972420183968129065678551319125,0.0,0.00043208234592925757753452510069285775512,0.00021831436598945255381580797242407223407
0.51000000000000000888178419700125232339,0.999005404767493550535395727207390018,0.0,0.00042340119007470738724819789726780742018,0.0002139494611614339953883107389269816984
0.51500000000000001332267629550187848508,0.99900535981078526138950079762926684551,0.0,0.00041480801909761659444481800248593428512,0.00020962860412331709484898724241219820007
0.52000000000000001776356839400250464678,0.99900531485407697224360586805114367151,0.0,0.0004063028375402291908719361659622334316,0.00020535179601778856292205037565894490788
0.52500000000000002220446049250313080847,0.99900526989736868309771093847302049827,0.0,0.00039788564989839443402101995156381425161,0.00020111903797590059404655761643661820522
0.53000000000000002664535259100375697017,0.99900522494066039395181600889489732578,0.0,0.00038955646062156090910650661777446116472,0.00019693033111707011878336650071973210748
0.53500000000000003108624468950438313186,0.99900517998395210480592107931677415253,0.0,0.00038131527411277065211409115861576320409,0.00019278567654907806389901407641856069021
0.54000000000000003552713678800500929356,0.99900513502724381566002614973865097928,0.0,0.00037316209472865333393273159196605533977,0.00018868507536806862012743302479879903485
0.54500000000000003996802888650563545525,0.99900509007053552651413122016052780604,0.0,0.00036509692677942050558470374026512725966,0.00018462852865854851761040768772413470472
0.55000000000000004440892098500626161695,0.99900504511382723736823629058240463355,0.0,0.0003571197745288599045678878500059375083,0.00018061603749338630901766378802603688038
0.55500000000000004884981308350688777864,0.9990050001571189482223413610042814603,0.0,0.00034923064219432982232431944168451923296,0.00017664760293381166034747617770400832888
0.56000000000000005329070518200751394033,0.99900495520041065907644643142615828706,0.0,0.00034142953394675353284888677159630085272,0.00017272322602941464940866949430569052243
0.56499999999999994670929481799248605967,0.99900491024370236993154974130111444051,0.0,0.00033371645391061395273934841858357076084,0.00016884290781814515765609219702208284928
0.56999999999999995115018691649311222136,0.99900486528699408078565481172299126802,0.0,0.00032609140616394750902185158531255188217,0.0001650066493263118403747960576270746762
0.57499999999999995559107901499373838305,0.99900482033028579163975988214486809477,0.0,0.00031855439473833977885068421410288636692,0.00016121445156858196517363895987205962626
0.57999999999999996003197111349436454475,0.99900477537357750249386495256674492228,0.0,0.0003111054236189194757995315681445928881,0.0001574663155479803955816008928352547254
0.58499999999999996447286321199499070644,0.99900473041686921334797002298862174828,0.0,0.00030374449674435335661599388642929402327,0.0001537622422558890145990673262882666579
0.58999999999999996891375531049561686814,0.99900468546016092420207509341049857579,0.0,0.0002964716180068410169542860991979068157,0.00015010223267204606928603014353534140644
0.59499999999999997335464740899624302983,0.99900464050345263505618016383237540255,0.0,0.00028928679125210974834105599472090339978,0.00014648628776454552303754077966168863592
0.59999999999999997779553950749686919153,0.9990045955467443459102852342542522293,0.0,0.00028219002027940945638700120758637463031,0.00014291440848983641554721474985265812083
0.60499999999999998223643160599749535322,0.99900455059003605676439030467612905681,0.0,0.00027518130884150764025681491503304936021,0.00013938659579272223045957728315816991139
0.60999999999999998667732370449812151492,0.99900450563332776761849537509800588281,0.0,0.00026826066064468443340983959459582473576,0.00013590285060636027071203030622374543641
0.61499999999999999111821580299874767661,0.99900446067661947847260044551988271032,0.0,0.00026142807934872770562365761402402977397,0.00013246317385226104156721154910949072615
0.61999999999999999555910790149937383831,0.99900441571991118932670551594175953707,0.0,0.00025468356856692822631269679368164146101,0.00012906756644028764133650707139018716733
0.625,0.99900437076320290018081058636363636458,0.0,0.00024802713186607488915377840303834703111,0.0001257160292686551597954690312919960333
0.63000000000000000444089209850062616169,0.99900432580649461103491565678551319058,0.0,0.00024145877276644999803038432700532300709,0.0001224085632239300842918810436929310281
0.63500000000000000888178419700125232339,0.99900428084978632188902072720739001809,0.0,0.00023497849474182461430726936535478089866,0.00011914516918102971354720399441395332637
0.64000000000000001332267629550187848508,0.99900423589307803274312579762926684484,0.0,0.00022858630121945396544689380988288167324,0.000115925848003221579152125698374055289
0.64500000000000001776356839400250464678,0.9990041909363697435972308680511436716,0.0,0.00022228219558007291497900057992698475848,0.00011275060054212287475692830789478571721
0.65000000000000002220446049250313080847,0.9990041459796614544513359384730204991,0.0,0.0002160661811578914938345102879260747746,0.00010961942763769989295737789473609884647
0.65500000000000002664535259100375697017,0.99900410102295316530544100889489732511,0.0,0.00020993826124059049305475665351356366678,0.00010653233011826746987683114534495304159
0.66000000000000003108624468950438313186,0.99900405606624487615954607931677415261,0.0,0.00020389843906931711788693368775071789447,0.00010348930880048843744524462331951921301
0.66500000000000003552713678800500929356,0.99900401110953658701365114973865097937,0.0,0.00019794671783868070327647502914318405681,0.00010049036448937308337576256625396315955
0.67000000000000003996802888650563545525,0.99900396615282829786775622016052780688,0.0,0.00019208310069674849076693473062920647044,9.7535497978278618839549695950324181282e-05
0.67500000000000004440892098500626161695,0.99900392119612000872186129058240463288,0.0,0.00018630759074504146681778767238311826321,9.4624710048908653839526031483812105448e-05
0.68000000000000004884981308350688777864,0.99900387623941171957596636100428145963,0.0,0.00018062019103853026255041660963875852655,9.1758001471312680283651203804677865404e-05
0.68500000000000005329070518200751394033,0.99900383128270343043007143142615828714,0.0,0.00017502090458563111493240165840207688618,8.8935373003885562758396278472474328953e-05
0.68999999999999994670929481799248605967,0.99900378632599514128517474130111444135,0.0,0.00016950973434820201080433040368521710635,8.6156825393367098209780958928937194171e-05
0.69499999999999995115018691649311222136,0.9990037413692868521392798117229912681,0.0,0.00016408668324153828343675035223163578304,8.3422359374841276313282991324482780012e-05
0.69999999999999995559107901499373838305,0.99900369641257856299338488214486809486,0.0,0.00015875175413436949232401581351623427462,8.073197567173616352853396049620706277e-05
0.70499999999999996003197111349436454475,0.99900365145587027384748995256674492161,0.0,0.00015350494984885513877302319451799071856,7.8085674995823176916317887613052192595e-05
0.70999999999999996447286321199499070644,0.99900360649916198470159502298862174912,0.0,0.00014834627316058105777631391470656771396,7.548345804721667560776759100332186884e-05
0.71499999999999996891375531049561686814,0.99900356154245369555570009341049857588,0.0,0.00014327572679855574803013784747381872424,7.2925325514373497791827982236840745542e-05
0.71999999999999997335464740899624302983,0.99900351658574540640980516383237540188,0.0,0.00013829331344520676345739274921876064563,7.0411278074092505407107034143064453914e-05
0.72499999999999997779553950749686919153,0.99900347162903711726391023425425222938,0.0,0.00013339903573637716624434443497055879479,6.7941316391514136538676446688725354428e-05
0.72999999999999998223643160599749535322,0.99900342667232882811801530467612905614,0.0,0.00012859289626132204139988091375387781565,6.551544112011996552037453384010620986e-05
0.73499999999999998667732370449812151492,0.99900338171562053897212037509800588365,0.0,0.0001238748975627050728459021165112840334,6.3133652901732270743154350640519438266e-05
0.73999999999999999111821580299874767661,0.9990033367589122498262254455198827104,0.0,0.00011924504213659518104729523489810764413,6.0795952366513610170010574761866834821e-05
0.74499999999999999555910790149937383831,0.99900329180220396068033051594175953716,0.0,0.00011470333243246322218979404125635125838,5.8502340132966404558009150759100257962e-05
0.75,0.99900324684549567153443558636363636391,0.0,0.00011024977085317874891386887915612391199,5.6252816807932528387934198186837326142e-05
0.75500000000000000444089209850062616169,0.99900320188878738238854065678551319142,0.0,0.00010588435975500683261264230066613749112,5.4047382986592908502057176647150389802e-05
0.76000000000000000888178419700125232339,0.99900315693207909324264572720739001817,0.0,0.00010160710144760494730167358157966400589,5.1886039252467130450523791745487498486e-05
0.76500000000000001332267629550187848508,0.99900311197537080409675079762926684417,0.0,9.7417998194019915068303569779840333129e-05,4.9768786177413052546844615856649352929e-05
0.77000000000000001776356839400250464678,0.99900306701866251495085586805114367168,0.0,9.331705221068491310809951537932581079e-05,4.7695624321626427632965886563587709564e-05
0.77500000000000002220446049250313080847,0.99900302206195422580496093847302049844,0.0,8.9304265667416542355787694815248664437e-05,4.5666554233640532554387433647362590193e-05
0.78000000000000002664535259100375697017,0.99900297710524593665906600889489732594,0.0,8.5379640687411957717909775322475018333e-05,4.368157645032580534578517259575490238e-05
0.78500000000000003108624468950438313186,0.9990029321485376475131710793167741527,0.0,8.1543179347246059914286971748024842181e-05,4.174069149688949012758608877963735729e-05
0.79000000000000003552713678800500929356,0.99900288719182935836727614973865097945,0.0,7.779488367686874893522412510863531817e-05,3.9843899886875289713934121739122160084e-05
0.79500000000000003996802888650563545525,0.99900284223512106922138122016052780621,0.0,7.4134755659602239121233882233889919916e-05,3.799120212216302593247584344459373808e-05
0.80000000000000004440892098500626161695,0.99900279727841278007548629058240463296,0.0,7.0562797232138435871909178881007050708e-05,3.6182598692968307656385307969866156156e-05
0.80500000000000004884981308350688777864,0.99900275232170449092959136100428146047,0.0,6.7079010284536373990420225456488038223e-05,3.4418090077842206549037932754747753469e-05
0.81000000000000005329070518200751394033,0.99900270736499620178369643142615828647,0.0,6.3683396660219717669960165536686104923e-05,3.2697676743670940521733753561122208775e-05
0.81499999999999994670929481799248605967,0.99900266240828791263879974130111444068,0.0,6.0375958155974394589245597240528849936e-05,3.1021359145675601637024433475839296861e-05
0.81999999999999995115018691649311222136,0.99900261745157962349290481172299126819,0.0,5.7156696521945927399548635344073565866e-05,2.9389137727411707085907268022935205748e-05
0.82499999999999995559107901499373838305,0.99900257249487133434700988214486809494,0.0,5.4025613461637559312796832191246886034e-05,2.7801012920769129117385460121506511723e-05
0.82999999999999996003197111349436454475,0.99900252753816304520111495256674492245,0.0,5.0982710631907704998536391029534849964e-05,2.6256985145971659486156696795197715984e-05
0.83499999999999996447286321199499070644,0.99900248258145475605522002298862174845,0.0,4.8027989642967833288495652927763209028e-05,2.475705481157676919254577359937150002e-05
0.83999999999999996891375531049561686814,0.99900243762474646690932509341049857596,0.0,4.5161452058380337139013659937567604624e-05,2.3301222314475338226398166118359391924e-05
0.84499999999999997335464740899624302983,0.99900239266803817776343016383237540271,0.0,4.2383099395056465275427740397651066389e-05,2.1889488039891393026558799490231685976e-05
0.84999999999999997779553950749686919153,0.99900234771132988861753523425425222947,0.0,3.9692933123254315523527202433773844618e-05,2.0521852361381851656260186467458363768e-05
0.85499999999999998223643160599749535322,0.99900230275462159947164030467612905622,0.0,3.7090954666576889833027988662243364577e-05,1.9198315640836276694734579979339786177e-05
0.85999999999999998667732370449812151492,0.99900225779791331032574537509800588298,0.0,3.457716540197021099787089239814949585e-05,1.791887822847663584535526099522090507e-05
0.86499999999999999111821580299874767661,0.99900221284120502117985044551988271049,0.0,3.2151566659721501077993663905499425328e-05,1.6683540462857070260602556715161002959e-05
0.86999999999999999555910790149937383831,0.99900216788449673203395551594175953724,0.0,2.9814159723457421527075045008635195723e-05,1.5492302670863670584140657755809589801e-05
0.875,0.99900212292778844288806058636363636475,0.0,2.7564945830142375030596462316860782264e-05,1.4345165167714260710281776072636849124e-05
0.88000000000000000444089209850062616169,0.99900207797108015374216565678551319075,0.0,2.5403926170076869058414784001163678463e-05,1.3242128256958189261104657884284374801e-05
0.88500000000000000888178419700125232339,0.9990020330143718645962707272073900175,0.0,2.3331101886895941135887203107487982505e-05,1.2183192230476128781484937859540909342e-05
0.89000000000000001332267629550187848508,0.99900198805766357545037579762926684501,0.0,2.1346474077567645837436952399498376925e-05,1.1168357368479882652285292311211960072e-05
0.89500000000000001776356839400250464678,0.99900194310095528630448086805114367177,0.0,1.9450043792391603506296182299557018118e-05,1.019762393951219972194382013284660199e-05
0.90000000000000002220446049250313080847,0.99900189814424699715858593847302049852,0.0,1.7641812034997610704009945244197820123e-05,9.2709922004465966566895507328159664969e-06
0.90500000000000002664535259100375697017,0.99900185318753870801269100889489732528,0.0,1.5921779762344312393132827294290890609e-05,8.3884623964871880096044482845137437516e-06
0.91000000000000003108624468950438313186,0.99900180823083041886679607931677415278,0.0,1.4289947884717935856397351744992691391e-05,7.5500347611685240087417512403786850381e-06
0.91500000000000003552713678800500929356,0.99900176327412212972090114973865097954,0.0,1.2746317265731086355480850371202869047e-05,6.755709516355436064500955269933049945e-06
0.92000000000000003996802888650563545525,0.99900171831741384057500622016052780629,0.0,1.1290888722321604532345056425400386686e-05,6.0054868722428899964502165970008708127e-06
0.92500000000000004440892098500626161695,0.99900167336070555142911129058240463305,0.0,9.9236630247514855559702201812855991785e-06,5.2993670273558469797774211476286420722e-06
0.93000000000000004884981308350688777864,0.9990016284039972622832163610042814598,0.0,8.6446408966058600171530832935559538846e-06,4.6373501685491322115416329968925180695e-06
0.93500000000000005329070518200751394033,0.99900158344728897313732143142615828731,0.0,7.4538230147920365738855731264009793756e-06,4.019436471007311296887103338655300393e-06
0.93999999999999994670929481799248605967,0.99900153849058068399242474130111444152,0.0,6.3512100095386298533302528443106370222e-06,3.4456260982445866068758290283932681975e-06
0.94499999999999995115018691649311222136,0.99900149353387239484652981172299126752,0.0,5.3368024643946306321336629124592623197e-06,2.9159192021046391197662302988912911383e-06
0.94999999999999995559107901499373838305,0.99900144857716410570063488214486809503,0.0,4.410600916228780644704362976484858734e-06,2.4303159227606044148961718926811207107e-06
0.95499999999999996003197111349436454475,0.99900140362045581655473995256674492178,0.0,3.5726058552287623627681188405799259629e-06,1.9888163887149279962847224730902817456e-06
0.95999999999999996447286321199499070644,0.99900135866374752740884502298862174929,0.0,2.8228177249005758882658274507912513698e-06,1.591420716799293511553635904722941897e-06
0.96499999999999996891375531049561686814,0.99900131370703923826295009341049857604,0.0,2.1612369220679521465308262100065194806e-06,1.2381290121745454607886841037568682004e-06
0.96999999999999997335464740899624302983,0.99900126875033094911705516383237540205,0.0,1.5878637968718278433948841619123294864e-06,9.2894136833061962623189093111847388627e-07
0.97499999999999997779553950749686919153,0.99900122379362265997116023425425222955,0.0,1.1026986527698821875196264673366370796e-06,6.6385786708648122289058024157058971815e-07
0.97999999999999998223643160599749535322,0.99900117883691437082526530467612905631,0.0,7.0574174653613537909760036131858984932e-07,4.4287857859007077013961672190598845274e-07
0.98499999999999998667732370449812151492,0.99900113388020608167937037509800588381,0.0,3.9699328826060886591464300244550037689e-07,2.6600356131825768438368352001109921525e-07
0.98999999999999999111821580299874767661,0.99900108892349779253347544551988270982,0.0,1.7645344134904736761265991295485887009e-07,1.3323286207680159283690590247163626633e-07
0.99499999999999999555910790149937383831,0.99900104396678950338758051594175953732,0.0,4.4122322522702668839367664336298428322e-08,4.4566516000321368467595300558283653706e-08
1.0,0.99900099901008121424168558636363636408,0.0,1.818179181818996694221157021154771509e-15,4.5465522718861463531317797063829585072e-12
