value,sup,dur,Y,S
0.0,1.0406141808413487611985241247385430791e-43,104.0,0.99608517062250971376375689442954662054,0.2694585752565112382461684986860810162
0.0050000000000000001040834085586084256647,1.3591766543217104355612460640830887109e-41,102.0,0.99494267829834068275375536314253444475,0.26219020092299041923367394840101110013
0.010000000000000000208166817117216851329,3.5920861568939357995194534870878413217e-39,99.0,0.99361542871784042658087512961847449319,0.25469371778147907902157598118388683179
0.014999999999999999444888487687421729788,1.9754657172597486002357475794483659094e-36,96.0,0.99204261039571542983289018299639465652,0.24694467111072906307849040050882275374
0.020000000000000000416333634234433702659,2.1706908832300891919010351599986484568e-33,93.0,0.99014914517892682037764949810940274405,0.23893908252314319297508236518036112708
0.02500000000000000138777878078144567553,4.2357054501575559379178200244107508933e-30,90.0,0.98784140565451470426691544496919166087,0.23065986019439322687350705995015923549
0.029999999999999998889776975374843459576,1.2288075664070748638276940602432812057e-26,85.0,0.98498199868547325173824102927177142595,0.22202230449844326793718211568679360651
0.035000000000000003330669073875469621271,4.3746126098812638016796054276034255e-23,80.0,0.9813816490061109538032444889810120167,0.21294077544597246966341296398242648702
0.040000000000000000832667268468867405318,1.6572899100919171113246267863337167087e-19,74.0,0.97677172331541980814394257453363967143,0.20346224002166760625861251267758934759
0.044999999999999998334665463062265189365,6.4656133906992305082889719749623389919e-16,67.0,0.97072787371887973723815869285194765775,0.19339947456188503646333263999852773135
0.050000000000000002775557561562891351059,2.8498675800273163431756441219099758811e-12,57.0,0.96259527733846517659939453721250443577,0.18259929873745686145192990937410052671
0.055000000000000000277555756156289135106,1.5433997051538239737310580454172581955e-08,45.0,0.95128973379384415887343524089082438627,0.1709308000534976476679989429071532043
0.059999999999999997779553950749686919153,5.9865922852649232960756824973047190144e-05,28.0,0.93491358436501409391476800329588822686,0.15804649525442097671016725067303424159
0.065000000000000002220446049250313080847,0.011448595142673380525555514700311078711,0.0,0.9092823887069925809824588666551565288,0.14349508797534916000422309038408816424
0.070000000000000006661338147750939242542,0.092222847218137587689880212461841324598,0.0,0.83408791093499141104877117852012905642,0.12647027705760557484535419015487966645
0.074999999999999997224442438437108648941,0.33283877428070993928762477012124064861,0.0,0.61668369470397732510691735574467439505,0.084936680841397774285169616266505332602
0.080000000000000001665334536937734810635,0.69856635916223551596437246892125180387,0.0,0.2803032363174459303753756824347541017,0.031334065334714872893703827930240844515
0.08500000000000000610622663543836097233,0.91643970545662572108346789987960363296,0.0,0.077386725620976301216538999818418680477,0.0075812449176653079652975204603257730049
0.089999999999999996669330926124530378729,0.98146840000237980930276751914350788917,0.0,0.016985704068905778964672535042013609457,0.001561537977120707233790420676067561291
0.095000000000000001110223024625156540424,0.99427033920838657295814315440521986368,0.0,0.0052085257550492632800278556421037249582,0.00050230573909635977505299831187453105975
0.10000000000000000555111512312578270212,0.9954024734057115358207601165130380012,0.0,0.0041784106009452554731809966749233812959,0.00049537246213926464968470537102297837395
0.10499999999999999611421941381195210852,0.99605280990127357427894651098666636418,0.0,0.0035863314779532065261535381417738940587,0.00048990325249867740164910975868821282716
0.11000000000000000055511151231257827021,0.99650240834167554476780325726294407835,0.0,0.0031778665297288170439381174724709042304,0.000484464350184141181081533577831887565
0.11500000000000000499600361081320443191,0.99684167697652142623109228736171027545,0.0,0.002869781618706546138870011680445985097,0.00047905575631334674117651816835162299472
0.11999999999999999555910790149937383831,0.99710560833847250237769562901757066796,0.0,0.0026290408052727550911667231420059541885,0.00047367747199848674252711396198763587882
0.125,0.99732094017497282577087819895690284639,0.0,0.0024331079547516366286191015966114728463,0.00046832949834625518347117659345377571273
0.13000000000000000444089209850062616169,0.99750077524082132272567575927980176798,0.0,0.0022701034987816310878114348461216107283,0.00046301183645784696689490412662828329232
0.13500000000000000888178419700125232339,0.99765352338960348046009219740823520304,0.0,0.0021294408663967460531735666168909864194,0.00045772448742895732016146480682044759021
0.14000000000000001332267629550187848508,0.99778023349270214738634501382492154839,0.0,0.0020149570183277841541395523961997044277,0.00045246745234978129229155751200559361897
0.14499999999999999000799277837359113619,0.99789744507205939257318745596661290624,0.0,0.0019102290267746058133919453929551466458,0.0004472407323050132675916513242583472004
0.14999999999999999444888487687421729788,0.99799096945730092133633823707708702443,0.0,0.0018235322993194160890337227248574376448,0.00044204432837384633695197020499774941784
0.15499999999999999888977697537484345958,0.99808017785654004200513099710269847764,0.0,0.001740476914086141946051681184361438748,0.00043687824162997196160583969049647061741
0.16000000000000000333066907387546962127,0.99815769234274258975546252710909979093,0.0,0.0016735624637526805118422162559589363973,0.00043174247314157934906831717158026239622
0.16500000000000000777156117237609578297,0.99822380501540261457309062825940331224,0.0,0.0016115865240684950072087587187781557162,0.00042663702397135497688714477689140671415
0.17000000000000001221245327087672194466,0.99828777511058247367090779744333874016,0.0,0.0015516716024034140280441093774562563726,0.00042156189517648208978514027655725165934
0.17499999999999998889776975374843459576,0.99834958409137849669327053352107794973,0.0,0.0015009173803865409490862509746078238543,0.00041651708780864022721287341636695559647
0.17999999999999999333866185224906075746,0.99839466234645073104586262617163386092,0.0,0.001458191802472830401988105470166605894,0.00041150260291400461362286007422783135623
0.18499999999999999777955395074968691915,0.99843868164186554940274276534179980099,0.0,0.0014165016829614274754302795236874452393,0.00040651844153324583110951640743834664345
0.19000000000000000222044604925031308085,0.99848166263078679796390788984710464543,0.0,0.0013758263663909804552427022811050833824,0.00040156460470152921432914700690131075979
0.19500000000000000666133814775093924254,0.99852362565552874030695379081782808045,0.0,0.00133614551329132747727714571352300187,0.00039664109344851438818580829530788740567
0.20000000000000001110223024625156540424,0.99856459075050804628415568472975266016,0.0,0.0013065627375350778588963328867263741446,0.0003917479087983547799209885718520885101
0.20499999999999998778754672912327805534,0.99859267267717096040435785055576180734,0.0,0.0012807157767465343227836136030875687312,0.00038688505176969716060609461044931532354
0.20999999999999999222843882762390421703,0.99861899541307713335401480942071647976,0.0,0.001255255962796281091899592862627303443,0.00038205252337568105440919696526278985238
0.21499999999999999666933092612453037873,0.99864493631056092390719553395018443285,0.0,0.0012301793344880360088783778311425826424,0.00037725032462393842012976811959569301848
0.22000000000000000111022302462515654042,0.99867049922287727157480430639669242927,0.0,0.0012054819510919555499895489004521445941,0.00037247845651659306511622127623662818342
0.22500000000000000555111512312578270212,0.99869568798344260803969086936551971373,0.0,0.0011811598923803409213017398800432403042,0.00036773692005026019690175445951257874889
0.23000000000000000999200722162640886381,0.99872050640579663373215909993701920507,0.0,0.0011572092586627921170120326644452546135,0.00036302571621604595025652390152236928996
0.23499999999999998667732370449812151492,0.99874495828356462910734595666089660954,0.0,0.0011380235577586508889111282992165911233,0.0003583448459995469426348675625291877053
0.23999999999999999111821580299874767661,0.99876904739042029610443626756068574442,0.0,0.0011259799314441599043382844116013832926,0.00035369431038084970245046327341280266115
0.24499999999999999555910790149937383831,0.9987877600868820629511814538452666412,0.0,0.0011139967266912251699792257946990183219,0.0003490741103345303595196133490413364164
0.25,0.99879944090543323244181034638362803373,0.0,0.0011020739478594857896901608420272202279,0.00034448424682965407799204654596474245824
0.25500000000000000444089209850062616169,0.99881106246775737204933711038115724605,0.0,0.0010902115992867530074809582839101461204,0.00033992472082977462195136571039505759778
0.26000000000000000888178419700125232339,0.99882262476396468996324421709732596308,0.0,0.0010784096852890062681868513591841544942,0.00033539553329293389744446463373157696506
0.26500000000000001332267629550187848508,0.99883412778418654106944924184394160955,0.0,0.001066668210160389297763625122491650169,0.00033089668517166149700855426904729884229
0.27000000000000001776356839400250464678,0.99884557151857543418925651003118305193,0.0,0.0010549871781732062032129215101732365285,0.00032642817741297424669619329490205886858
0.27500000000000002220446049250313080847,0.99885695595730503929953328931278340638,0.0,0.0010433665935779175921442640069813139142,0.00032199001095837575559871590477853453809
0.28000000000000002664535259100375697017,0.99886828109057019473409976654881649663,0.0,0.0010318064606031367119803709571188489242,0.0003175821867438559678684475918255485227
0.28499999999999997557509345824655611068,0.99887954690858691424157567565703338434,0.0,0.0010203067834556257361487444312409674137,0.00031320470569989076567145817705005374271
0.28999999999999998001598555674718227237,0.99889075340159239464880999275017160507,0.0,0.0010088675663202914325760698079611208242,0.00030885756875144133214618285696415551877
0.29499999999999998445687765524780843407,0.99890190055984502225539361385480911985,0.0,0.00099748881336018212789493141263733558559,0.00030454077681795400252315559408810330671
0.29999999999999998889776975374843459576,0.99891298837362438046075895831393971237,0.0,0.0009861705287164834139278115654540910775,0.00030025433081335963141014370651845641366
0.30499999999999999333866185224906075746,0.99892401683323125674607354591962449957,0.0,0.00097491271650851451321390203736319599818,0.00029599823164607320608233393372362581328
0.30999999999999999777955395074968691915,0.99893498592898764976268843175516393855,0.0,0.00096371538083372453621026017498237643094,0.0002917724802189934135053642066083005601
0.31500000000000000222044604925031308085,0.99894589565123677640172596538526549297,0.0,0.00095257852576768875818131712230071163344,0.00028757707742950220985981971457539428968
0.32000000000000000666133814775093924254,0.99895674599034307884479636157379808369,0.0,0.00094150215536410491578304415790281629536,0.00028341202416946439256756715118803943303
0.32500000000000001110223024625156540424,0.9989675369366922315958326008849772668,0.0,0.00093048627365478952334805021026390297757,0.00027927732132522717482029890666830587533
0.33000000000000001554312234475219156593,0.99897826848069114849403320972616199645,0.0,0.00091953088464967420887785064045494837007,0.00027517296977761976261065686158953698454
0.33500000000000001998401444325281772763,0.99898894061276798970790250061878200001,0.0,0.00090863599233680206974851439141942807389,0.0002710989704019529342663033217283431719
0.34000000000000002442490654175344388932,0.99899955332337216871037788473817230494,0.0,0.00089780160068232404813586359592884163668,0.00026705532406801862248730451914323639909
0.34499999999999997335464740899624302983,0.99900787877779808677138059686898729054,0.0,0.00088702771363049544544465885731206830584,0.00026304203164008954327518535974676084238
0.34999999999999997779553950749686919153,0.99900784776639033306879300743059348019,0.0,0.0008763143351036718594063240868378066151,0.00025905909397691860508903405347634789762
0.35499999999999998223643160599749535322,0.9990078167549825793662054179921996706,0.0,0.0008656614690023063363846312179599987607,0.00025510651193173876573398849145750335188
0.35999999999999998667732370449812151492,0.999007785743574825663617828553805861,0.0,0.00085506911920494534661170406082869855632,0.00025118428635226244585248840813960514658
0.36499999999999999111821580299874767661,0.9990077547321670719610302391154120514,0.0,0.00084453728956822537825248515751787926544,0.00024729241808068116820862523402991804814
0.36999999999999999555910790149937383831,0.99900772372075931825844264967701824106,0.0,0.00083406598392686943127505557712927936879,0.00024343090795366515475295642288024609351
0.375,0.99900769270935156455585506023862443146,0.0,0.00082365520609368353108280021776952454722,0.00023959975680236292619313106130848920922
0.38000000000000000444089209850062616169,0.99900766169794381085326747080023062186,0.0,0.00081330495985955326191432805414611759757,0.00023579896545240090407067524877841609635
0.38500000000000000888178419700125232339,0.99900763068653605715067988136183681227,0.0,0.00080301524899344032001702361457265945311,0.00023202853472388301534428361651716182246
0.39000000000000001332267629550187848508,0.99900759967512830344809229192344300192,0.0,0.00079278607724237908660007280022923507747,0.00022828846543139029947996123412665560215
0.39500000000000001776356839400250464678,0.99900756866372054974550470248504919232,0.0,0.00078261744833147322057277297267935205364,0.00022457875838398051804835803234525805209
0.40000000000000002220446049250313080847,0.99900753765231279604291711304665538272,0.0,0.00077250936596389227107390403298930505445,0.00022089941438518776682963574964221442509
0.40500000000000002664535259100375697017,0.99900750664090504234032952360826157388,0.0,0.0007624618338208683097979039974185673546,0.00021725043423302209042620528908298898421
0.40999999999999997557509345824655611068,0.99900747562949728863808622995900976002,0.0,0.0007524748555616926936651363767310163401,0.00021363181871996913938981232392466499443
0.41499999999999998001598555674718227237,0.99900744461808953493549864052061595043,0.0,0.00074254843482371229392012051042079534768,0.00021004356863298962948932405223107155125
0.41999999999999998445687765524780843407,0.99900741360668178123291105108222214083,0.0,0.00073268257522232685314870240429429934175,0.00020648568475351920489731258069642915942
0.42499999999999998889776975374843459576,0.99900738259527402753032346164382833048,0.0,0.00072287728035098525266495960229043989001,0.00020295816785746790180167450262073329112
0.42999999999999999333866185224906075746,0.99900735158386627382773587220543452089,0.0,0.0007131325537811823551202685159003202762,0.0001994610187152198159059759937837999596
0.43499999999999999777955395074968691915,0.99900732057245852012514828276704071129,0.0,0.0007034483990624557557290583960655123741,0.00019599423809163273209638939783710652541
0.44000000000000000222044604925031308085,0.99900728956105076642256069332864690244,0.0,0.0006938248197223825533306429199994177548,0.00019255782674603775661880599323762231799
0.44500000000000000666133814775093924254,0.99900725854964301271997310389025309285,0.0,0.00068426181926657614129260659562470630268,0.00018915178543223895176644584159974090931
0.45000000000000001110223024625156540424,0.9990072275382352590173855144518592825,0.0,0.00067475940117868301826118983047145656175,0.0001857761148985129730782834919887234441
0.45500000000000001554312234475219156593,0.9990071965268275053147979250134654729,0.0,0.00066531756892037961876408314120599473678,0.00018243081588760870904860618988432091793
0.46000000000000001998401444325281772763,0.99900716551541975161221033557507166331,0.0,0.00065593632593136916367100759454942520075,0.00017911588913674692334801911330935059785
0.46500000000000002442490654175344388932,0.99900713450401199790962274613667785371,0.0,0.00064661567562937853051742517028740401276,0.00017583133537761989955621003194784683322
0.46999999999999997335464740899624302983,0.99900710349260424420737945248742603985,0.0,0.00063735562141015524616755501982079077412,0.00017257715533639112436682906168396135828
0.47499999999999997779553950749686919153,0.99900707248119649050479186304903223026,0.0,0.00062815616664746398632397051707844234102,0.0001693533497336947931672912434392639629
0.47999999999999998223643160599749535322,0.99900704146978873680220427361063842141,0.0,0.00061901731469308412231600770567511186171,0.0001661599192846356790806210568687572548
0.48499999999999998667732370449812151492,0.99900701045838098309961668417224461106,0.0,0.00060993906887680625902695208555662506824,0.0001629968646987886428964864747040106333
0.48999999999999999111821580299874767661,0.99900697944697322939702909473385080147,0.0,0.0006009214325064293077560200601733803492,0.00015986418668019832666463763436473446231
0.49499999999999999555910790149937383831,0.99900694843556547569444150529545699187,0.0,0.0005919644088677574758311941107939256563,0.00015676188592737881350466919956204580896
0.50,0.99900691742415772199185391585706318227,0.0,0.00058306800122459727612165731482580689215,0.00015368996313331328992966933286034379142
0.50500000000000000444089209850062616169,0.99900688641274996828926632641866937192,0.0,0.00057423221281875455645490318192589701374,0.00015064841898545371068405064630268386057
0.51000000000000000888178419700125232339,0.99900685540134221458667873698027556233,0.0,0.00056545704687003154894356325386386597577,0.00014763725416572046609585636673816689798
0.51500000000000001332267629550187848508,0.99900682438993446088409114754188175273,0.0,0.00055674250657622393922696137254002194966,0.00014465646935050205194383282161615947265
0.52000000000000001776356839400250464678,0.99900679337852670718150355810348794314,0.0,0.00054808859511311795563236996534300619152,0.00014170606521065474183955721973403408518
0.52500000000000002220446049250313080847,0.99900676236711895347891596866509413279,0.0,0.00053949531563448747826091012825437663907,0.0001387860424115022621249075697454618965
0.53000000000000002664535259100375697017,0.99900673135571119977632837922670032319,0.0,0.00053096267127209116800300370485663978456,0.00013589640161283546928515944715800509578
0.53500000000000003108624468950438313186,0.99900670034430344607374078978830651359,0.0,0.0005224906651356696154882519637695133464,0.00013303714346891202987799218807474244341
0.54000000000000003552713678800500929356,0.999006669332895692371153200349912704,0.0,0.00051407930031294250997458186811690258567,0.00013020826862845610297868495506782105878
0.54500000000000003996802888650563545525,0.9990066383214879386685656109115188944,0.0,0.0005057285798696058281814673085050837215,0.00012740977773465802514178098731506257196
0.55000000000000004440892098500626161695,0.99900660731008018496597802147312508405,0.0,0.00049743850684932904307199903576179349963,0.0001246416714251739978794962134869652795
0.55500000000000004884981308350688777864,0.99900657629867243126339043203473127445,0.0,0.00048920908427375235258854338143726272463,0.00012190395033212577765714627184353992167
0.56000000000000005329070518200751394033,0.99900654528726467756080284259633746486,0.0,0.00048104031514248392834669619289269267536,0.00011919661508210036840586384759129965037
0.56499999999999994670929481799248605967,0.999006514275856923858903844736227649,0.0,0.00047293220243309736365502958234556725746,0.00011651966629614977565571757435059982536
0.56999999999999995115018691649311222136,0.9990064832644491701563162552978338394,0.0,0.0004648847491011282433413800773131393672,0.000113873104589790466997715809405755352
0.57499999999999995559107901499373838305,0.99900645225304141645372866585944002981,0.0,0.00045689795808007253256729834188017415801,0.00011125693057300342879124688279439279906
0.57999999999999996003197111349436454475,0.99900642124163366275114107642104621946,0.0,0.00044897183228138318390958125689591961113,0.00010867114485023363031308880238570697385
0.58499999999999996447286321199499070644,0.99900639023022590904855348698265240986,0.0,0.00044110637459446766662482016027626886343,0.00010611574802038978863814546438959825458
0.58999999999999996891375531049561686814,0.99900635921881815534596589754425860027,0.0,0.00043330158788668533519007440128833061701,0.0001035907406768440762614964311201981112
0.59499999999999997335464740899624302983,0.99900632820741040164337830810586479067,0.0,0.00042555747500334481783384151755966626751,0.00010109612340743183123958060150495346374
0.59999999999999997779553950749686919153,0.99900629719600264794079071866747098032,0.0,0.00041787403876770142506176071780143215682,9.8631896794451269850768595741795444246e-05
0.60499999999999998223643160599749535322,0.99900626618459489423820312922907717072,0.0,0.00041025128198095457818145257982016855669,9.619806141466320177557653779771841245e-05
0.60999999999999998667732370449812151492,0.99900623517318714053561553979068336113,0.0,0.0004026892074222452578308640879642810898,9.3794617839290747796771781380770261316e-05
0.61499999999999999111821580299874767661,0.99900620416177938683302795035228955153,0.0,0.00039518781784865347251445433679990335563,9.1421566634019060019618986606917949974e-05
0.61999999999999999555910790149937383831,0.99900617315037163313044036091389574118,0.0,0.00038774711599519574715152241862839737538,8.9078908358995044612512815826416339841e-05
0.625,0.99900614213896387942785277147550193158,0.0,0.00038036710457482263164094519153587414729,8.6766643568827087068241377974088015045e-05
0.63000000000000000444089209850062616169,0.99900611112755612572526518203710812199,0.0,0.00037304778627841622944655879209548021729,8.4484772812584779986122411367231767327e-05
0.63500000000000000888178419700125232339,0.99900608011614837202267759259871431239,0.0,0.00036578916377478774620738391271752428761,8.2233296633798653375252055096633412054e-05
0.64000000000000001332267629550187848508,0.99900604910474061832009000316032050279,0.0,0.00035859123971067505837686100805258353003,8.0012215570459907479103919043270921818e-05
0.64500000000000001776356839400250464678,0.99900601809333286461750241372192669245,0.0,0.00035145401671074030189522772789035099814,7.7821530155020148121714022108703430937e-05
0.65000000000000002220446049250313080847,0.99900598708192511091491482428353288285,0.0,0.00034437749737756748089913699575402778855,7.5661240914391124575685027473728201958e-05
0.65500000000000002664535259100375697017,0.99900595607051735721232723484513907325,0.0,0.0003373616842916600964725802629584356536,7.3531348369944469952241062600599428191e-05
0.66000000000000003108624468950438313186,0.99900592505910960350973964540674526366,0.0,0.0003304065800114387954431465673716818062,7.1431853037511444113562270271846771432e-05
0.66500000000000003552713678800500929356,0.99900589404770184980715205596835145331,0.0,0.00032351218707323903922761411458714629217,6.936275542738267910762609521642946064e-05
0.67000000000000003996802888650563545525,0.99900586303629409610456446652995764371,0.0,0.00031667850799130879273083717676682609701,6.7324056044307927125780168814533862488e-05
0.67500000000000004440892098500626161695,0.99900583202488634240197687709156383411,0.0,0.00030990554525780623330185717115074545538,6.5315755387495810983269511998689652711e-05
0.68000000000000004884981308350688777864,0.99900580101347858869938928765317002452,0.0,0.00030319330134279747975113283623235816276,6.3337853950613577122938633783963609144e-05
0.68500000000000005329070518200751394033,0.99900577000207083499680169821477621417,0.0,0.00029654177869425434143275046896879769504,6.1390352221786851142326959866712852111e-05
0.68999999999999994670929481799248605967,0.99900573899066308129490270035466639906,0.0,0.00028995097973805223306639001205877199779,5.9473250683599438075065790153060823451e-05
0.69499999999999995115018691649311222136,0.99900570797925532759231511091627258871,0.0,0.00028342090687796737992873054301299855373,5.758654981309291336760380676205759421e-05
0.69999999999999995559107901499373838305,0.99900567696784757388972752147787877912,0.0,0.00027695156249567550522431705478516230984,5.5730250081766641387019742455166685507e-05
0.70499999999999996003197111349436454475,0.99900564595643982018713993203948496952,0.0,0.0002705429489507490727366815379878954378,5.3904351955577370095978872291841650051e-05
0.70999999999999996447286321199499070644,0.99900561494503206648455234260109115992,0.0,0.00026419506858065528331149121625219864868,5.2108855894939042105713639652934963514e-05
0.71499999999999996891375531049561686814,0.99900558393362431278196475316269734958,0.0,0.00025790792370075394440781660412733073752,5.0343762354722565347946142739532365014e-05
0.71999999999999997335464740899624302983,0.99900555292221655907937716372430353998,0.0,0.00025168151660429535974045476585525646266,4.8609071784255586271672963116576046512e-05
0.72499999999999997779553950749686919153,0.99900552191080880537678957428590973038,0.0,0.0002455158495624182390168967295082256005,4.6904784627322265565013616044410542353e-05
0.72999999999999998223643160599749535322,0.99900549089940105167420198484751592079,0.0,0.00023941092482414762777249396477507741401,4.5230901322163056402321756704459003701e-05
0.73499999999999998667732370449812151492,0.99900545988799329797161439540912211119,0.0,0.00023336674461639285730734477676660652972,4.3587422301474485216756130509205897953e-05
0.73999999999999999111821580299874767661,0.99900542887658554426902680597072830084,0.0,0.0002273833111439455147283874026754088624,4.1974347992408934998506109494453822947e-05
0.74499999999999999555910790149937383831,0.99900539786517779056643921653233449124,0.0,0.00022146062658947743310015252306370918654,4.0391678816574431118864510326366444689e-05
0.75,0.99900536685377003686385162709394068165,0.0,0.00021559869311353870170759381505645243312,3.8839415190034429680338242720036433124e-05
0.75500000000000000444089209850062616169,0.99900533584236228316126403765554687205,0.0,0.00020979751285455569643438108087915414013,3.7317557523307608392985190063157172085e-05
0.76000000000000000888178419700125232339,0.9990053048309545294586764482171530617,0.0,0.00020405708792882913026000638209342415483,3.5826106221367659977163576770760922385e-05
0.76500000000000001332267629550187848508,0.9990052738195467757560888587787592521,0.0,0.00019837742043053212387901949764051147725,3.4365061683643088092877929367845612556e-05
0.77000000000000001776356839400250464678,0.99900524280813902205350126934036544251,0.0,0.00019275851243170829644567490249751331387,3.2934424304017005795903590508979543445e-05
0.77500000000000002220446049250313080847,0.99900521179673126835091367990197163291,0.0,0.00018720036598226987644723833347493060301,3.1534194470826936520869597100580668785e-05
0.78000000000000002664535259100375697017,0.99900518078532351464832609046357782331,0.0,0.00018170298310999583270916686953095421293,3.0164372566864617591477585395447854097e-05
0.78500000000000003108624468950438313186,0.99900514977391576094573850102518401372,0.0,0.00017626636582053002553534230604018472044,2.8824958969375806258032237383209268914e-05
0.79000000000000003552713678800500929356,0.99900511876250800724315091158679020412,0.0,0.00017089051609737937798650344582541362223,2.7515954050060088262456634007581994874e-05
0.79500000000000003996802888650563545525,0.99900508775110025354056332214839639452,0.0,0.00016557543590191206729998876453364920317,2.6237358175070688930963731704641670777e-05
0.80000000000000004440892098500626161695,0.99900505673969249983797573271000258418,0.0,0.00016032112717335573645386673420481471443,2.4989171705014286794553029478616720773e-05
0.80500000000000004884981308350688777864,0.99900502572828474613538814327160877458,0.0,0.0001551275918287957258784969067365728166,2.3771394994950829737499344215984055784e-05
0.81000000000000005329070518200751394033,0.99900499471687699243280055383321496498,0.0,0.00014999483176317332531853066848466479895,2.2584028394393353673998462187788242028e-05
0.81499999999999994670929481799248605967,0.99900496370546923873090155597310514837,0.0,0.0001449228488492841577941949378710626339,2.1427072247307829105092972822456492202e-05
0.81999999999999995115018691649311222136,0.99900493269406148502831396653471133878,0.0,0.00013991164493777602264000261625649335845,2.0300526892112882769015680587652334063e-05
0.82499999999999995559107901499373838305,0.99900490168265373132572637709631752918,0.0,0.00013496122185714788355971081553574161885,1.9204392661679778040806620510722627209e-05
0.82999999999999996003197111349436454475,0.99900487067124597762313878765792371958,0.0,0.0001300715814137477492873362602442950174,1.8138669883332140289586091174219018675e-05
0.83499999999999996447286321199499070644,0.99900483965983822392055119821952990924,0.0,0.00012524272539177113954070388170245974269,1.7103358878845814225593127563326369714e-05
0.83999999999999996891375531049561686814,0.99900480864843047021796360878113609964,0.0,0.000120474655553259457847357044745436466,1.609845996444869774911212171330763307e-05
0.84499999999999997335464740899624302983,0.99900477763702271651537601934274229004,0.0,0.0001157673736380983845410118120388890942,1.5123973450820578328649483037648203815e-05
0.84999999999999997779553950749686919153,0.9990047466256149628127884299043484812,0.0,0.00011112088136401628993129034520557897271,1.4179899643092971908507900168253832257e-05
0.85499999999999998223643160599749535322,0.99900471561420720911020084046595467085,0.0,0.00010653518042658266764943428084881671387,1.3266238840848964345903614404349513811e-05
0.85999999999999998667732370449812151492,0.99900468460279945540761325102756086125,0.0,0.00010201027249920658817266465103260895135,1.2382991338123055377769962926289659867e-05
0.86499999999999999111821580299874767661,0.99900465359139170170502566158916705166,0.0,9.7546159233135172529820641959920794915e-05,1.1530157423401005117388297787263408334e-05
0.86999999999999999555910790149937383831,0.99900462257998394800243807215077324206,0.0,9.3142842257452086190875201572938542508e-05,1.0707737379619683080985234352804663203e-05
0.875,0.99900459156857619429985048271237943171,0.0,8.8800323179076053142891216676132257906e-05,9.9157314841669197444330303180362858194e-06
0.88000000000000000444089209850062616169,0.99900456055716844059726289327398562211,0.0,8.4518603582759390154947683047843477176e-05,9.1541400088813606301877436986341234059e-06
0.88500000000000000888178419700125232339,0.99900452954576068689467530383559181252,0.0,8.029768503108656123453098795264711007e-05,8.4229632200523229245976652665319814502e-06
0.89000000000000001332267629550187848508,0.99900449853435293319208771439719800292,0.0,7.613756906447275227785211358847378401e-05,7.7222013784196546257123677883463407573e-06
0.89500000000000001776356839400250464678,0.99900446752294517948950012495880419257,0.0,7.203825720116246591651625239307209803e-05,7.0518547391735962217205611263230993756e-06
0.90000000000000002220446049250313080847,0.99900443651153742578691253552041038297,0.0,6.799975093722813656293700088750909949e-05,6.4119235519546449001427887812417634105e-06
0.90500000000000002664535259100375697017,0.99900440550012967208432494608201657338,0.0,6.4022051746568765656852967943748082912e-05,5.8024080608534212879028477970995851756e-06
0.91000000000000003108624468950438313186,0.99900437448872191838173735664362276378,0.0,6.01051610809085771152702961226279534e-05,5.2233085044105387223996601114837782866e-06
0.91500000000000003552713678800500929356,0.99900434347731416467914976720522895418,0.0,5.624908036979569298812025113154637188e-05,4.6746251156164750536991694262691227213e-06
0.92000000000000003996802888650563545525,0.99900431246590641097656217776683514384,0.0,5.2453811020600829321886684591593490618e-05,4.1563581219114469779636834935963546191e-06
0.92500000000000004440892098500626161695,0.99900428145449865727397458832844133424,0.0,4.871935441851601223342381927559335182e-05,3.6685077451852869022339273649394194343e-06
0.93000000000000004884981308350688777864,0.99900425044309090357138699889004752464,0.0,4.5045711926553314196150443875309681576e-05,3.2110742017773223406769186394029969297e-06
0.93500000000000005329070518200751394033,0.99900421943168314986879940945165371505,0.0,4.1432884885543610540772236271809987278e-05,2.7840577024762578424106210741520679998e-06
0.93999999999999994670929481799248605967,0.99900418842027539616690041159154389919,0.0,3.7880874614135434367909884996211942888e-05,2.3874584525200679195857611596318276007e-06
0.94499999999999995115018691649311222136,0.99900415740886764246431282215315008959,0.0,3.438968240879345935270745135865245368e-05,2.0212766515958494889967345728409025522e-06
0.94999999999999995559107901499373838305,0.99900412639745988876172523271475627924,0.0,3.0959309543797790124579247157659268668e-05,1.6855124938397642329216969290070731622e-06
0.95499999999999996003197111349436454475,0.99900409538605213505913764327636246965,0.0,2.7589757271242482814549862666084070667e-05,1.3801661678368947538274210057994998215e-06
0.95999999999999996447286321199499070644,0.99900406437464438135655005383796866005,0.0,2.4281026821034482205367985563896915868e-05,1.1052378566211483056391950608317134518e-06
0.96499999999999996891375531049561686814,0.99900403336323662765396246439957485045,0.0,2.1033119400892499562658251009020172773e-05,8.6072773767515391323554891879165645933e-07
0.96999999999999997335464740899624302983,0.9990040023518288739513748749611810401,0.0,1.7846036196345910694700463979687960999e-05,6.4663598293016202423610915706904522471e-07
0.97499999999999997779553950749686919153,0.99900397134042112024878728552278723051,0.0,1.4719778370733674242712764139492352393e-05,4.6296275876594669317629690391132486925e-07
0.97999999999999998223643160599749535322,0.99900394032901336654619969608439342091,0.0,1.1654347065203270203480885789453087494e-05,3.097082260107102981604257683835099173e-07
0.98499999999999998667732370449812151492,0.99900390931760561284361210664599961131,0.0,8.649743398709658686141242743299489495e-06,1.8687253994099079008260129455946759839e-07
0.98999999999999999111821580299874767661,0.99900387830619785914102451720760580097,0.0,5.7059684680142589048911402867730328934e-06,9.4455850281571474502667076382431284884e-08
0.99499999999999999555910790149937383831,0.99900384729479010543843692776921199137,0.0,2.8230233476839484093649838532578738435e-06,3.245830120539332626228628745072456087e-08
1.0,0.99900381628338235173584933833081818177,0.0,9.0909009008255438091676055529800123114e-10,8.8003133346983692409087456108926704295e-10
