value,sup,dur,Y,S
0.0,1.3068913787626856777742217139193297586e-100,130.0,0.99604126356473749881158068547698459313,0.88888399640339364567959965223036112804
0.0050000000000000001040834085586084256647,6.4071485882703958787980742033831999386e-97,130.0,0.99576914331976019231862033588397071085,0.88637393988322328370694506340734251115
0.010000000000000000208166817117216851329,2.9282144976991998206491186283203536953e-92,130.0,0.99548871166215303321477394482687573836,0.88358257329364390657893005517730565639
0.014999999999999999444888487687421729788,1.4776901217420471995057519708524372051e-86,129.0,0.99519618220639890091371109367942451106,0.88132507014895566329837156700680141489
0.020000000000000000416333634234433702659,6.8627588316342341017888943102655020969e-80,129.0,0.99488937893149170463633877857781332813,0.87843152382274618185033225374650883028
0.02500000000000000138777878078144567553,1.3682357946634179332552848786766808514e-72,129.0,0.99456495316775114745339297436859011811,0.87578064464662176669939546103193057971
0.029999999999999998889776975374843459576,2.0599698067036446764864078650157305146e-66,128.0,0.99422497707364255901073359642313883963,0.87296416884308348882348788710840927471
0.035000000000000003330669073875469621271,1.6933282639562756095881284024687648107e-61,128.0,0.9938679496112582784823638868734131601,0.8698840180918554792209445500084147122
0.040000000000000000832667268468867405318,1.7487191616249577714720963887594307269e-57,127.0,0.99348214557048480487825951245154851317,0.86700757363358446219774320946866539901
0.044999999999999998334665463062265189365,3.9074393217657095908681332803360935256e-54,127.0,0.99308001046079827495674425504832651013,0.86370600830046008154401763203078292851
0.050000000000000002775557561562891351059,2.7295295397346412485840772344303564345e-51,126.0,0.99264435828394497109456147781293526166,0.86054865816904946554516374594018429759
0.055000000000000000277555756156289135106,7.6910297796078115004741020050741559749e-49,126.0,0.99218735360073339922229173618352891499,0.8571900030300780883261725926004575201
0.059999999999999997779553950749686919153,1.0590711673214589207393078410593742497e-46,125.0,0.99168649397819346646338639097241011174,0.85341620762980313117753680828811440739
0.065000000000000002220446049250313080847,8.2127701061717437945591709327373348967e-45,125.0,0.99116352205776769500206170845529411784,0.85008027182721196402623666807390706455
0.070000000000000006661338147750939242542,4.0146803426899647450571715017638670489e-43,124.0,0.99059822870283394402610171572319416205,0.84621040665265626481863141865833785318
0.074999999999999997224442438437108648941,1.326394163993282934882333372800262091e-41,123.0,0.98998522147859709365249639990171934198,0.84194630728574100299872988921044227837
0.080000000000000001665334536937734810635,3.1654406798555830365250576759280959714e-40,123.0,0.98932293196196550863525407542813779842,0.83799874410935791654821517103738206652
0.08500000000000000610622663543836097233,5.8467833110436107135695729924513238336e-39,122.0,0.98860853903577736567910495731619958761,0.83380520989937701568070202210230043894
0.089999999999999996669330926124530378729,8.6086192145531832713540590547707907852e-38,121.0,0.98783738093658307549614403110002034193,0.82931807002321253445808201087466754396
0.095000000000000001110223024625156540424,1.0479724785505929280740702885291339439e-36,120.0,0.9870020658970735427448617597549907707,0.82457121734753161816396730125087744438
0.10000000000000000555111512312578270212,1.1053412806977158611894267840380169429e-35,119.0,0.98609112150453165562933139907168230264,0.81954984594051943683701507023838731828
0.10499999999999999611421941381195210852,1.0102994189157947158400791737192830096e-34,117.0,0.98508692517942436022267842073358848972,0.8141760194038577050786470944477263829
0.11000000000000000055511151231257827021,8.3654206346241557650167179422088416785e-34,114.0,0.9839866224022411361510128723860883591,0.80850824124421448478033842963493183008
0.11500000000000000499600361081320443191,6.4180800618723551801171289004935818888e-33,111.0,0.98277998545735387997262009579743251,0.80291337607715424323987798467013060973
0.11999999999999999555910790149937383831,4.5410988600291103441278646893816426356e-32,108.0,0.98144324251306983716491586041858383807,0.79644881516902146871956938578599348111
0.125,3.1201511128053955176908515879669840798e-31,106.0,0.97994912063791420881454951240188118507,0.7900807466493420555000081548728441452
0.13000000000000000444089209850062616169,2.0836532340988079123527189560103090837e-30,103.0,0.97828240465134687357451185152717939957,0.78299834782831267815303182696547025543
0.13500000000000000888178419700125232339,1.3759183829720064758280127394242850191e-29,101.0,0.97640998076242177351969390661003073175,0.77544984099884760222301563225723319189
0.14000000000000001332267629550187848508,9.3678448931648471308465348033849196451e-29,99.0,0.97426889160723104513465384460951074098,0.76739125283482283495571890675232769863
0.14499999999999999000799277837359113619,6.5543299800105672925971992890946869904e-28,97.0,0.9718509691882411398727346179063744217,0.75839770583404761604763819541111059827
0.14999999999999999444888487687421729788,4.9418089852029653241337936353451423801e-27,95.0,0.96904922998723541887336413396757543408,0.74914894217998627440273373783006544782
0.15499999999999999888977697537484345958,4.088322332198347492315585048375112293e-26,94.0,0.9657696287804109429349979264697400089,0.73878467939003944940058939785839207872
0.16000000000000000333066907387546962127,3.9281156695145203806869170986574405895e-25,92.0,0.96194076246817571056937396823401645141,0.72771223574766196621726621753624746044
0.16500000000000000777156117237609578297,4.510863254250768196626003098801144959e-24,90.0,0.95737134841662958271406974657420479035,0.71530945015892089548498617345301724474
0.17000000000000001221245327087672194466,6.6505680856787033040347014276390400396e-23,88.0,0.95184382057031484356985391754287645218,0.70159704263401750608411285633163078048
0.17499999999999998889776975374843459576,1.3984747863385943192884255649169299458e-21,83.0,0.94504096934626452545909967903780714271,0.68618829729720299206318725726253292546
0.17999999999999999333866185224906075746,4.5319683380356156425787707364231077699e-20,76.0,0.93652698135069304311847833753067310369,0.66874086077493037156017386387620410543
0.18499999999999999777955395074968691915,2.7373188108863199051845844505590134808e-18,68.0,0.92563244190139458427331044699459522112,0.64870366291491434983826499799375175598
0.19000000000000000222044604925031308085,3.7155198203021802197190799531088888203e-16,58.0,0.91126133346169578133717674775061580021,0.62527898848174150371390882317418896558
0.19500000000000000666133814775093924254,1.6007059627545234675432244413456794273e-13,44.0,0.89177452268760848862152682456921306156,0.59714329917740377164074539803538433365
0.20000000000000001110223024625156540424,6.7754954064163177636353310909962799337e-08,25.0,0.86414803794478823809316572054100650139,0.56224209672756785630016722880712267009
0.20499999999999998778754672912327805534,0.020303986293661274742178867014951438906,0.0,0.78393718601979008201240858875255048467,0.49936285037930583496448700427054652833
0.20999999999999999222843882762390421703,0.38190114940516907942208031700962528339,0.0,0.48368084829824081849204621054047599669,0.25598356944851302790829753185752478933
0.21499999999999999666933092612453037873,0.82210571988079600535823767740980318544,0.0,0.13936843977963044187369178828057191492,0.060442694650807090644420303515189237216
0.22000000000000000111022302462515654042,0.96874716499454030301873639754053239199,0.0,0.02419053640314585555177932209144799104,0.0098696560196055534014757903190705561103
0.22500000000000000555111512312578270212,0.99521747409675452453609401136148262543,0.0,0.0036414365987088893964316504347643228748,0.0014703564393158288157082641450476494057
0.23000000000000000999200722162640886381,0.99840678370351758790918058423714283544,0.0,0.0012027541620039705367377797071195862387,0.00050047948499895862376158303005969233812
0.23499999999999998667732370449812151492,0.99853249330147568330619722739534530478,0.0,0.0011102645258313904978047841174882714656,0.00049402741646090323151668893764894239664
0.23999999999999999111821580299874767661,0.99860566647945544946418905255100798919,0.0,0.0010587681486143608631042103121955197919,0.00048761714402973949891468336034625106636
0.24499999999999999555910790149937383831,0.99865531213804959818009160019140273154,0.0,0.0010271449735046381206997772952355612436,0.00048124866934336474613319399453417994445
0.25,0.99869536336695880108386796177534550294,0.0,0.0010089279608592503351281280280202822362,0.0004749219940292082996879629730999356737
0.25500000000000000444089209850062616169,0.9987236394475972772399523031712574548,0.0,0.00099597274487566057991868128883773533998,0.00046863711970423050119773632654963469036
0.26000000000000000888178419700125232339,0.99875141473054183160643648651750879385,0.0,0.00098310089726014182987652706546228553695,0.00046239404797492168675840237406627057998
0.26500000000000001332267629550187848508,0.99877869537867588203558788645879918859,0.0,0.00097031242447077194383321866459223293446,0.00045619278043730117285975704621336198936
0.27000000000000001776356839400250464678,0.99880270911937553800735569509977719445,0.0,0.00095760733292404524382606862743609445529,0.00045003331867691624884608683281552046357
0.27500000000000002220446049250313080847,0.99881516630373058918672317132391945598,0.0,0.00094498562899486447708723783464731643829,0.00044391566426884117592175243145942472558
0.28000000000000002664535259100375697017,0.99882754191812828830145349816538902713,0.0,0.00093244731901653282969244541476977038781,0.00043783981877767619270294855174235148455
0.28499999999999997557509345824655611068,0.9988398359456356085582905472434383567,0.0,0.00091999240928074612970223958657953398356,0.0004318057837575465940759533548777159682
0.28999999999999998001598555674718227237,0.99885204836935969774178478831867015978,0.0,0.00090762090603758441200260111516254255467,0.00042581356075210148234393871015478725192
0.29499999999999998445687765524780843407,0.99886417917244789403178736350090316369,0.0,0.00089533281549550491670770809964351763606,0.00041986315129451319437173731237996211412
0.29999999999999998889776975374843459576,0.99887622833808774313748504129085863714,0.0,0.00088312814382133375559734352981251305838,0.00041395455690747606490471519920536158019
0.30499999999999999333866185224906075746,0.99888819584950701469831048770283422633,0.0,0.00087100689714025832308135353155204342403,0.00040808777910320553209212100725446749618
0.30999999999999999777955395074968691915,0.9989000816899737187724531254586582096,0.0,0.00085896908153581962019359553389610142143,0.00040226281938343718234016025359684230821
0.31500000000000000222044604925031308085,0.99891188584279612227599329237520592372,0.0,0.00084701470304990463037356278367106492016,0.00039647967923942580171926040579176843205
0.32000000000000000666133814775093924254,0.99892360829132276537262657624343807134,0.0,0.0008351437676827387470535003329157378843,0.0003907383601519444339266411545770864092
0.32500000000000001110223024625156540424,0.99893524901894247781394531622853832034,0.0,0.00082335628139287825306870779082769115884,0.00038503886359128344480529666354698140993
0.33000000000000001554312234475219156593,0.99894680800908439523024437366415583791,0.0,0.00081165225009720285190860423215438495074,0.00037938119101724959342048892834392099639
0.33500000000000001998401444325281772763,0.99895828524521797537181838806858470913,0.0,0.00080003167967090825082601068818444818752,0.00037376534387916510969484373399967268135
0.34000000000000002442490654175344388932,0.99896968071085301430071784727652437621,0.0,0.00078849457594749879582198561524150667697,0.00036819132361586677860313305311262233079
0.34499999999999997335464740899624302983,0.99898099438953966240777841757588821732,0.0,0.00077704094471878028522089295029970245946,0.00036265913165570509211529000476806970604
0.34999999999999997779553950749686919153,0.9989922262648684410067173569450465267,0.0,0.00076567079173485220074118556601917565793,0.00035716876941654310129949434203210332158
0.35499999999999998223643160599749535322,0.99900337632047025762342846566689259424,0.0,0.00075438412270410126117491285543722092452,0.00035172023830575588872047779996043190688
0.35999999999999998667732370449812151492,0.99900691726834082980326998806040987556,0.0,0.00074318094329319375547550929690641734745,0.00034631353972022943274065616624683279511
0.36499999999999999111821580299874767661,0.99900687452398436354742722722918425805,0.0,0.00073206125912706856500044727452374336756,0.00034094867504635978618119904107297388477
0.36999999999999999555910790149937383831,0.9990068317796278972915844663979586413,0.0,0.00072102507578893011010670381488887398182,0.0003356256456600521998972631480317972022
0.375,0.99900678903527143103574170556673302531,0.0,0.00071007239882024134873976178296840399628,0.00033034445292672025292028472834205841027
0.38000000000000000444089209850062616169,0.99900674629091496477989894473550740856,0.0,0.0006992032337207168270325183777721319513,0.00032510509820128498916835362110921502438
0.38500000000000000888178419700125232339,0.99900670354655849852405618390428179105,0.0,0.00068841758594831578193035316794882442682,0.00031990758282817406072568396856743767198
0.39000000000000001332267629550187848508,0.99900666080220203226821342307305617506,0.0,0.00067771546091923529585848724578514616216,0.00031475190814132087769218881950292039044
0.39500000000000001776356839400250464678,0.99900661805784556601237066224183055831,0.0,0.0006670968640079035034476443558910602622,0.0003096380754641637646041582364242428343
0.40000000000000002220446049250313080847,0.99900657531348909975652790141060494156,0.0,0.0006565618005469728503339040725266805304,0.00030456608610964512342703284252564958136
0.40500000000000002664535259100375697017,0.99900653256913263350068514057937932556,0.0,0.00064611027582731340404851625751833095711,0.00029953594138021060312125707309812511155
0.40999999999999997557509345824655611068,0.99900648982477616724531693743536993249,0.0,0.00063574229509800633165725275715193499377,0.00029454764256780833093113442028091556102
0.41499999999999998001598555674718227237,0.99900644708041970098947417660414431499,0.0,0.00062545786356633685537364676206377853079,0.00028960119095388787403937509523077901151
0.41999999999999998445687765524780843407,0.99900640433606323473363141577291869899,0.0,0.00061525698639778841045843938437853943849,0.00028469658780939976114549029392527387447
0.42499999999999998889776975374843459576,0.99900636159170676847778865494169308224,0.0,0.00060513966871603570326608329801392767207,0.00027983383439479445634408592926485895041
0.42999999999999999333866185224906075746,0.99900631884735030222194589411046746549,0.0,0.00059510591560293839838814971547256357141,0.00027501293196002161718414558283953026606
0.43499999999999999777955395074968691915,0.99900627610299383596610313327924184874,0.0,0.00058515573209853474240728984155700682315,0.00027023388174452930369360171074780743127
0.44000000000000000222044604925031308085,0.99900623335863736971026037244801623199,0.0,0.00057528912320103523984815373652621725465,0.00026549668497726319398366145334685328037
0.44500000000000000666133814775093924254,0.99900619061428090345441761161679061524,0.0,0.00056550609386681638134006699013445913776,0.00026080134287666580643380987682669861532
0.45000000000000001110223024625156540424,0.99900614786992443719857485078556499924,0.0,0.00055580664901041442400614424913632047129,0.00025614785665067572845840578691795474173
0.45500000000000001554312234475219156593,0.99900610512556797094273208995433938249,0.0,0.00054619079350451922409339722681329904273,0.00025153622749672685185577756573164138446
0.46000000000000001998401444325281772763,0.99900606238121150468688932912311376499,0.0,0.00053665853217996812185827335433082236515,0.00024696645660174761474071879170625679241
0.46500000000000002442490654175344388932,0.99900601963685503843104656829188814899,0.0,0.00052720986982573987872193971072243472304,0.00024243854514216025006127570991539522555
0.46999999999999997335464740899624302983,0.99900597689249857217567836514787875593,0.0,0.0005178448111889487702184312349211513554,0.00023795249428388009027350314803648971675
0.47499999999999997779553950749686919153,0.99900593414814210591983560431665313993,0.0,0.00050856336097483821276791306543252031033,0.00023350830518231463027354698356319358526
0.47999999999999998223643160599749535322,0.99900589140378563966399284348542752318,0.0,0.00049936552384677548156417398230837497553,0.00022910597898236309450361900786030122304
0.48499999999999998667732370449812151492,0.99900584865942917340815008265420190568,0.0,0.00049025130442624544012920748874639724932,0.00022474551681841551212927938002436413966
0.48999999999999999111821580299874767661,0.99900580591507270715230732182297628968,0.0,0.00048122070729284484346482449997162987966,0.00022042691981435204852833968512181148573
0.49499999999999999555910790149937383831,0.99900576317071624089646456099175067293,0.0,0.00047227373698427658912020430582269810986,0.00021615018908354229333170391620601146884
0.50,0.99900572042635977464062180016052505618,0.0,0.00046341039799634402062598616212476277028,0.00021191532572884455505453024162946187966
0.50500000000000000444089209850062616169,0.99900567768200330838477903932929943943,0.0,0.00045463069478294528330824206442451396355,0.00020772233084260516231854402372282165694
0.51000000000000000888178419700125232339,0.99900563493764684212893627849807382268,0.0,0.00044593463175606773249554926668566253322,0.00020357120550665777166632484755567190197
0.51500000000000001332267629550187848508,0.99900559219329037587309351766684820593,0.0,0.00043732221328578239413225906684517782934,0.00019946195079232268196838260958325193764
0.52000000000000001776356839400250464678,0.99900554944893390961725075683562258993,0.0,0.00042879344370023847781093629116692261043,0.00019539456776040615542383000553342808679
0.52500000000000002220446049250313080847,0.99900550670457744336140799600439697318,0.0,0.00042034832728565794223682177055658905364,0.00019136905746119974515545104491329871263
0.53000000000000002664535259100375697017,0.99900546396022097710556523517317135568,0.0,0.00041198686828633011313704791487645242541,0.00018738542093447962939995750602960149332
0.53500000000000003108624468950438313186,0.99900542121586451084972247434194573968,0.0,0.00040370907090460635362721525627720632442,0.00018344365920950595229421753043595506403
0.54000000000000003552713678800500929356,0.99900537847150804459387971351072012293,0.0,0.00039551493930089478704781555010406531803,0.00017954377330502217125823283925742824764
0.54500000000000003996802888650563545525,0.99900533572715157833803695267949450618,0.0,0.00038740447759365507228286469249271806196,0.00017568576422925441097563333591348146221
0.55000000000000004440892098500626161695,0.99900529298279511208219419184826889018,0.0,0.00037937768985939323157298633780514724626,0.00017186963297991082397245014037846589242
0.55500000000000004884981308350688777864,0.99900525023843864582635143101704327268,0.0,0.00037143458013265653083506467702361870159,0.00016809538054418095779492037929910012598
0.56000000000000005329070518200751394033,0.99900520749408217957050867018581765593,0.0,0.00036357515240602841250046237058135183543,0.00016436300789873512878706933404517847997
0.56499999999999994670929481799248605967,0.9990051647497257133156150247290244873,0.0,0.00035579941063012365261069847857457271267,0.00016067251600972388394921227919954636681
0.56999999999999995115018691649311222136,0.99900512200536924705977226389779887055,0.0,0.00034810735871358270996187787822460447716,0.00015702390583277706106570808772556933663
0.57499999999999995559107901499373838305,0.99900507926101278080392950306657325455,0.0,0.00034049900052306785250639183189473480713,0.00015341717831300367395858973541167167865
0.57999999999999996003197111349436454475,0.9990050365166563145480867422353476378,0.0,0.00033297433988325760789999803498949530732,0.00014985233438499098396006750455389200215
0.58499999999999996447286321199499070644,0.9990049937722998482922439814041220203,0.0,0.00032553338057684213269378101979659690015,0.00014632937497280398911026628078328034124
0.58999999999999996891375531049561686814,0.9990049510279433820364012205728964043,0.0,0.0003181761263445184605288130590887534175,0.00014284830098998483754869687100925093044
0.59499999999999997335464740899624302983,0.99900490828358691578055845974167078755,0.0,0.00031090258088498580292991934982925583656,0.00013940911333955224751050755450410601796
0.59999999999999997779553950749686919153,0.9990048655392304495247156989104451708,0.0,0.00030371274785494090270956214250114425035,0.0001360118129140009339281996417594464471
0.60499999999999998223643160599749535322,0.99900482279487398326887293807921955405,0.0,0.00029660663086907343999273562412123312005,0.0001326564005953010416394830813448928846
0.60999999999999998667732370449812151492,0.9990047800505175170130301772479939373,0.0,0.00028958423350006149087364046452771194478,0.00012934287725489758520194041932113420044
0.61499999999999999111821580299874767661,0.99900473730616105075718741641676832055,0.0,0.00028264555927856703871478399650426849202,0.00012607124375370989531515967881734512126
0.61999999999999999555910790149937383831,0.99900469456180458450134465558554270455,0.0,0.00027579061169323153809902902118558957302,0.00012284150094213107185098898919202588858
0.625,0.9990046518174481182455018947543170878,0.0,0.00026901939419067153144499121143983036705,0.00011965364966002744349255805477086783869
0.63000000000000000444089209850062616169,0.9990046090730916519896591339230914703,0.0,0.00026233191017547431829606202800457223967,0.00011650769073673803398270381250989934926
0.63500000000000000888178419700125232339,0.9990045663287351857338163730918658543,0.0,0.00025572816301019367729321096652549126806,0.00011340362499107403498242988608147889606
0.64000000000000001332267629550187848508,0.99900452358437871947797361226064023755,0.0,0.000249208156015345640841597818773229979,0.0001103414532313182855400217008392415735
0.64500000000000001776356839400250464678,0.9990044808400222532221308514294146208,0.0,0.00024277189246940432248090245865580865364,0.000107321176255224758171431379900441278
0.65000000000000002220446049250313080847,0.99900443809566578696628809059818900405,0.0,0.00023641937560879779696915645366354436684,0.00010434279485001805155253879620483509937
0.65500000000000002664535259100375697017,0.9990043953513093207104453297669633873,0.0,0.00023015060862790403308973755554328621066,0.00010140630979239288982388740888290459533
0.66000000000000003108624468950438313186,0.99900435260695285445460256893573777055,0.0,0.0002239655946790468791910648407614478756,9.8511721848513628508485764607379230855e-05
0.66500000000000003552713678800500929356,0.99900430986259638819875980810451215455,0.0,0.0002178643368724921014684089521436491793,9.5659031774013767043257795825301981469e-05
0.67000000000000003996802888650563545525,0.9990042671182399219429170472732865378,0.0,0.00021184683827644347499710853843578975966,9.2848240313995467924717297887840816142e-05
0.67500000000000004440892098500626161695,0.9990042243738834556870742864420609203,0.0,0.0002059131019170389275263605988802905587,9.0079348203029082469434216126290283224e-05
0.68000000000000004884981308350688777864,0.9990041816295269894312315256108353043,0.0,0.00020006313077834673604262901570546497818,8.7352356165152683189852621879815716276e-05
0.68500000000000005329070518200751394033,0.99900413888517052317538876477960968755,0.0,0.00019429692780236177611159209914912540065,8.466726491387160278601250337806241728e-05
0.68999999999999994670929481799248605967,0.99900409614081405692049511932281651892,0.0,0.0001886144958890019492526945439351448903,8.202407515215803797911725198836799339e-05
0.69499999999999995115018691649311222136,0.99900405339645759066465235849159090217,0.0,0.00018301583789610403502318308364579228563,7.9422787572450367904675453336260683714e-05
0.69999999999999995559107901499373838305,0.99900401065210112440880959766036528542,0.0,0.00017750095663942085580006565122654476115,7.6863402856653065098808223356223780517e-05
0.70499999999999996003197111349436454475,0.99900396790774465815296683682913966867,0.0,0.00017206985489261723076144729553869092277,7.4345921676136025266123803304986824161e-05
0.70999999999999996447286321199499070644,0.99900392516338819189712407599791405192,0.0,0.00016672253538726661635605299222232118829,7.1870344691734198514774087578217813229e-05
0.71499999999999996891375531049561686814,0.99900388241903172564128131516668843517,0.0,0.00016145900081284767249682874016138268145,6.9436672553747168054759644128817214562e-05
0.71999999999999997335464740899624302983,0.99900383967467525938543855433546281917,0.0,0.00015627925381674088159206784571043433545,6.704490590193873551578625825871462701e-05
0.72499999999999997779553950749686919153,0.99900379693031879312959579350423720167,0.0,0.0001511832970042252204219943818638110097,6.4695045365536512885163064476681729863e-05
0.72999999999999998223643160599749535322,0.99900375418596232687375303267301158492,0.0,0.00014617113293847488486861206543370648922,6.2387091563231521066224569133594772761e-05
0.73499999999999998667732370449812151492,0.99900371144160586061791027184178596892,0.0,0.00014124276414055606750650302175437716245,6.0121045103177795057751103652054655185e-05
0.73999999999999999111821580299874767661,0.99900366869724939436206751101056035217,0.0,0.00013639819308942378806213710391078525633,5.7896906582991995754854484373926555575e-05
0.74499999999999999555910790149937383831,0.99900362595289292810622475017933473542,0.0,0.00013163742222191877674912860246723757003,5.5714676589753028371787890371820544668e-05
0.75,0.99900358320853646185038198934810911867,0.0,0.0001269604539327644104867533226107847496,5.3574355700001667487131205023428564549e-05
0.75500000000000000444089209850062616169,0.99900354046417999559453922851688350192,0.0,0.00012236729057456370200891511899133466161,5.1475944479740188711795300745592891664e-05
0.76000000000000000888178419700125232339,0.99900349771982352933869646768565788517,0.0,0.00011785793445779634187062706480176088341,4.9419443484432006980280979042640394851e-05
0.76500000000000001332267629550187848508,0.99900345497546706308285370685443226917,0.0,0.00011343238785081579335894849126306334222,4.7404853259001321465620509955511596633e-05
0.77000000000000001776356839400250464678,0.99900341223111059682701094602320665167,0.0,0.00010909065297984644031519516712831952022,4.5432174337832767118421946119182028386e-05
0.77500000000000002220446049250313080847,0.99900336948675413057116818519198103492,0.0,0.00010483273202898078787511589556135287357,4.3501407244771072830428616960456210169e-05
0.78000000000000002664535259100375697017,0.99900332674239766431532542436075541892,0.0,0.0001006586271401767161336047882484839846,4.1612552493120726222998438111054557753e-05
0.78500000000000003108624468950438313186,0.99900328399804119805948266352952980217,0.0,9.6568340413254786740394434331302613292e-05,3.9765610585645645060899899886655539315e-05
0.79000000000000003552713678800500929356,0.99900324125368473180363990269830418542,0.0,9.2561873905895602433051115172125616203e-05,3.7960582014568855291813826705846572865e-05
0.79500000000000003996802888650563545525,0.99900319850932826554779714186707856867,0.0,8.863922963363721951346912554884119367e-05,3.6197467261572175711922226608426599857e-05
0.80000000000000004440892098500626161695,0.99900315576497179929195438103585295192,0.0,8.4800409569872613273937148089470726661e-05,3.4476266797795909257957776594842207542e-05
0.80500000000000004884981308350688777864,0.99900311302061533303611162020462733517,0.0,8.1045415645847196378725491066421257377e-05,3.2796981083838540926079715362380825073e-05
0.81000000000000005329070518200751394033,0.99900307027625886678026885937340171917,0.0,7.7374249750656390207018840543596915266e-05,3.1159610569756442317934140173744035727e-05
0.81499999999999994670929481799248605967,0.99900302753190240052537521391660854979,0.0,7.3786913731243327887043894646434427377e-05,2.956415569506361777510338781185615006e-05
0.81999999999999995115018691649311222136,0.99900298478754593426953245308538293379,0.0,7.028340939239621482061779571649790026e-05,2.8010616888731281406431823811914706972e-05
0.82499999999999995559107901499373838305,0.99900294204318946801368969225415731629,0.0,6.6863738496746536873049023404986514171e-05,2.6498994569187794075012257394327044854e-05
0.82999999999999996003197111349436454475,0.99900289929883300175784693142293169954,0.0,6.3527902764766523136326564739808222624e-05,2.5029289144318251820823943709413712043e-05
0.83499999999999996447286321199499070644,0.99900285655447653550200417059170608354,0.0,6.0275903874767062747369177732997314117e-05,2.360150101146425943938610540811256794e-05
0.83999999999999996891375531049561686814,0.99900281381012006924616140976048046679,0.0,5.7107743462895594114393280284180414676e-05,2.221563055742367479800711098261858248e-05
0.84499999999999997335464740899624302983,0.99900277106576360299031864892925484929,0.0,5.4023423123134047141920668417086968262e-05,2.0871678158450359781506283664473224141e-05
0.84999999999999997779553950749686919153,0.99900272832140713673447588809802923329,0.0,5.1022944407296838459256690260609066975e-05,1.9569644180253937867704115676645148763e-05
0.85499999999999998223643160599749535322,0.99900268557705067047863312726680361654,0.0,4.8106308825028919657145162190124480977e-05,1.830952897799955833296888221135198271e-05
0.85999999999999998667732370449812151492,0.99900264283269420422279036643557799979,0.0,4.5273517843803878537181955794382332056e-05,1.7091332896307667088099868533390037707e-05
0.86499999999999999111821580299874767661,0.99900260008833773796694760560435238379,0.0,4.2524572888922093378444809296978341189e-05,1.5915056269253784144819642104238933947e-05
0.86999999999999999555910790149937383831,0.99900255734398127171110484477312676629,0.0,3.9859475343508940225672525208176901236e-05,1.4780699420368287713140019599866972715e-05
0.875,0.99900251459962480545526208394190114954,0.0,3.7278226548513053203202307781524352668e-05,1.3688262662636204929858596169657750817e-05
0.88000000000000000444089209850062616169,0.99900247185526833919941932311067553354,0.0,3.4780827802704637858749569769386191658e-05,1.2637746298497009218434921269887410268e-05
0.88500000000000000888178419700125232339,0.99900242911091187294357656227944991679,0.0,3.2367280362673837540990098481362821337e-05,1.1629150619844424280487621917384889058e-05
0.89000000000000001332267629550187848508,0.99900238636655540668773380144822430004,0.0,3.0037585442829152814780016718711414489e-05,1.0662475908026234719145990262085722319e-05
0.89500000000000001776356839400250464678,0.99900234362219894043189104061699868329,0.0,2.7791744215395913917724505255725722115e-05,9.7377224338441032944817679858257577997e-06
0.90000000000000002220446049250313080847,0.99900230087784247417604827978577306654,0.0,2.5629757810414806261681770634881543091e-05,8.8548904575533948112390752135982443591e-06
0.90500000000000002664535259100375697017,0.99900225813348600792020551895454744979,0.0,2.35516273157404489826642456059008638e-05,8.0139802288630066390726463873009845831e-06
0.91000000000000003108624468950438313186,0.9990022153891295416643627581233218338,0.0,2.1557353777040026542474500039255038972e-05,7.2149919869352058654967499154156137798e-06
0.91500000000000003552713678800500929356,0.99900217264477307540851999729209621629,0.0,1.9646938197791973385288818051621807677e-05,6.4579259603854730817393823897757016856e-06
0.92000000000000003996802888650563545525,0.99900212990041660915267723646087059954,0.0,1.7820381539284711652276862864107044222e-05,5.7427823672823528016885417672824668867e-06
0.92500000000000004440892098500626161695,0.99900208715606014289683447562964498355,0.0,1.6077684720615441957221305043381714769e-05,5.0695614151473105141095971648056742452e-06
0.93000000000000004884981308350688777864,0.9990020444117036766409917147984193668,0.0,1.4418848618688987225976732721073763085e-05,4.4382633009545963683049858242529792996e-06
0.93500000000000005329070518200751394033,0.99900200166734721038514895396719375005,0.0,1.2843874068216689602482594617661741878e-05,3.8488882111311154933796803865947628689e-06
0.93999999999999994670929481799248605967,0.99900195892299074413025530851040058141,0.0,1.1352761861715392602197744503979151593e-05,3.3014363215563166416996704541979192316e-06
0.94499999999999995115018691649311222136,0.99900191617863427787441254767917496391,0.0,9.9455127495063135836150152873711378333e-06,2.7959077975620280832143221663760709891e-06
0.94999999999999995559107901499373838305,0.99900187343427781161856978684794934791,0.0,8.6221274397142985250564024926083089057e-06,2.3323027939324207616905647745719929215e-06
0.95499999999999996003197111349436454475,0.99900183068992134536272702601672373116,0.0,7.3826065982667969220514607472585577016e-06,1.9106214549038555954982143831387121369e-06
0.95999999999999996447286321199499070644,0.99900178794556487910688426518549811441,0.0,6.2269508488930581028850962467768919767e-06,1.5308639141647995883988659765890035886e-06
0.96499999999999996891375531049561686814,0.99900174520120841285104150435427249842,0.0,5.1551607731233465839674473199664885907e-06,1.1930302948557359534421555506485450494e-06
0.96999999999999997335464740899624302983,0.99900170245685194659519874352304688091,0.0,4.1672369102882105072723547468689487349e-06,8.9712070956908087139382243670840474984e-07
0.97499999999999997779553950749686919153,0.99900165971249548033935598269182126416,0.0,3.2631797575178031615623011909727061851e-06,6.4313526034910688379670560620849142798e-07
0.97999999999999998223643160599749535322,0.99900161696813901408351322186059564817,0.0,2.4429897697412575889930560629882525128e-06,4.3107403869187292075801804205010682994e-07
0.98499999999999998667732370449812151492,0.99900157422378254782767046102937003142,0.0,1.7066673596861142785666130760299972864e-06,2.6093712554516096354845338471553828272e-07
0.98999999999999999111821580299874767661,0.99900153147942608157182770019814441391,0.0,1.0542128978778019477763531522445250485e-06,1.3272459130841934209088901606468489179e-07
0.99499999999999999555910790149937383831,0.99900148873506961531598493936691879792,0.0,4.8562671263917141366370566914176985756e-07,4.6436495832712667408659548482459042047e-08
1.0,0.99900144599071314906014217853569318117,0.0,9.0909009008255438091676055529800123044e-10,2.0728884206783990955843558660037405444e-09
