value,sup,dur,Y,S
3.0,1.5057584006799742617946739076606602795e-92,112.0,0.99608547830263100926629743163630465774,0.26949632711198441033307571867437365371
3.5,9.2238382827142958626030628905022131249e-85,111.0,0.99608547830263100926629743163630465548,0.26949632711198441033307571867437365409
4.0,4.4038737131661013464110216031859979633e-78,110.0,0.99608547830263100926629743163630465999,0.26949632711198441033307571867437365183
4.5,3.0504743154412713294391721196616376927e-72,110.0,0.99608547830263100926629743163630465548,0.26949632711198441033307571867437365371
5.0,4.6629649335359816719034221861600554485e-67,109.0,0.99608547830263100926629743163630465999,0.26949632711198441033307571867437365409
5.5,2.1156605883951934834972290344255050825e-62,108.0,0.99608547830263100926629743163630465849,0.26949632711198441033307571867437365371
6.0,3.5402202832773760802876312902124055102e-58,108.0,0.99608547830263100926629743163630466075,0.26949632711198441033307571867437365597
6.5,2.5736890558876825222534930127367211546e-54,107.0,0.9960854783026310092662974316363046615,0.26949632711198441033307571867437365221
7.0,9.2255859503345853932140236602809080305e-51,107.0,0.99608547830263100926629743163630465849,0.2694963271119844103330757186743736556
7.5,1.8017187424234519007587077255264662638e-47,106.0,0.99608547830263100926629743163630465849,0.26949632711198441033307571867437365409
8.0,2.0768423166827942107716599779517276726e-44,106.0,0.99608547830263100926629743163630465924,0.26949632711198441033307571867437365447
8.5,1.5081691434801645015824871039227874662e-41,105.0,0.9960854783026310092662974316363046615,0.26949632711198441033307571867437365522
9.0,7.2806664481818290884151019865006703646e-39,105.0,0.99608547830263100926629743163630466075,0.26949632711198441033307571867437365334
9.5,2.4436430150804835302167120997344270244e-36,105.0,0.99608547830263100926629743163630465849,0.26949632711198441033307571867437365259
10.0,5.9217824396092912149221730171839168348e-34,104.0,0.99608547830263100926629743163630465849,0.26949632711198441033307571867437365334
10.5,1.0699290217000918621417294768698007627e-31,104.0,0.99608547830263100926629743163630465774,0.26949632711198441033307571867437365447
11.0,1.4814429362948192977595824219444810817e-29,104.0,0.99608547830263100926629743163630466075,0.26949632711198441033307571867437365334
11.5,1.6096805998724080241060160150379683515e-27,103.0,0.99608547830263100926629743163630465999,0.26949632711198441033307571867437365409
12.0,1.4010533282476066017918836200256374995e-25,103.0,0.99608547830263100926629743163630466075,0.26949632711198441033307571867437365259
12.5,9.9454541208445318100020871195474710042e-24,102.0,0.99608547830263100926629743163630465774,0.26949632711198441033307571867437365296
13.0,5.8489832210199468263913369125354446742e-22,102.0,0.99608547830263100926629743163630465774,0.26949632711198441033307571867437365484
13.5,2.8895499028593548153387604021721813832e-20,102.0,0.99608547830263100926629743163630465698,0.26949632711198441033307571867437365447
14.0,1.2138734990437314722709922199940133551e-18,101.0,0.99608547830263100926629743163630465849,0.26949632711198441033307571867437365447
14.5,4.3832014977072219720958372750998380777e-17,101.0,0.99608547830263100926629743163630465999,0.26949632711198441033307571867437365371
15.0,1.3734705839406726721235131169149779326e-15,101.0,0.9960854783026310092662974316363046615,0.26949632711198441033307571867437365296
15.5,3.7661759486526653416247235582849787914e-14,100.0,0.99608547830263100926629743163630465924,0.26949632711198441033307571867437365447
16.0,9.1038284353415454289382987144661684755e-13,100.0,0.99608547830263100926629743163630465999,0.26949632711198441033307571867437365522
16.5,1.9522765971513371392480748679583912635e-11,100.0,0.99608547830263100926629743163630466075,0.26949632711198441033307571867437365371
17.0,3.7338347901562673553376032888371940663e-10,99.0,0.99608547830263100926629743163630465999,0.26949632711198441033307571867437365183
17.5,6.3951907582293041046366465313734399246e-09,99.0,0.99608547830263100926629743163630465698,0.26949632711198441033307571867437365221
18.0,9.8335266194378601377881860724686813105e-08,98.0,0.99608547830263100926629743163630465774,0.26949632711198441033307571867437365447
18.5,1.3564311432981333003348673591723068152e-06,98.0,0.99608547830263100926629743163630465774,0.26949632711198441033307571867437365371
19.0,1.3815413413674297448760846291040663037e-05,98.0,0.99608547830263100926629743163630465924,0.26949632711198441033307571867437365522
19.5,7.4387086021366842348359978231107904558e-05,97.0,0.99608547830263100926629743163630466075,0.26949632711198441033307571867437365371
20.0,0.00023947173026950672849210753840208555064,97.0,0.99608547830263100926629743163630465849,0.26949632711198441033307571867437365221
20.5,0.00054234418524524259379264393204520173664,96.0,0.99608547830263100926629743163630465849,0.26949632711198441033307571867437365672
21.0,0.00097889643919198394016762799255049859271,96.0,0.99608547830263100926629743163630465548,0.26949632711198441033307571867437365484
21.5,0.0015240133313886349296357700536757736892,96.0,0.99608547830263100926629743163630466075,0.26949632711198441033307571867437365334
22.0,0.0021483572923974710379284825180192327193,95.0,0.99608547830263100926629743163630466075,0.26949632711198441033307571867437365221
22.5,0.0028253176838743799252797107059099228345,95.0,0.99608547830263100926629743163630465999,0.26949632711198441033307571867437365447
23.0,0.0035351018744710355322202798790648136891,89.0,0.996085478302631009266297431636304663,0.26949632711198441033307571867437365371
23.5,0.0042603650962719432106748767999039744805,74.0,0.99608547830263100926629743163630466075,0.26949632711198441033307571867437365259
24.0,0.004991683778691974047829356442516459962,62.0,0.99608547830263100926629743163630465924,0.26949632711198441033307571867437365409
24.5,0.0057199325164643990271975711945007665422,51.0,0.99608547830263100926629743163630465999,0.26949632711198441033307571867437365409
25.0,0.0064404628384783499170902702542724945148,42.0,0.99608475190798904954729586205820801297,0.26949632711198441033307571867437365296
25.5,0.0071506836796156762705670897311381852055,35.0,0.99603100083640684402971123618899146708,0.26949632711198441033307571867437365447
26.0,0.0078414435656023904478529080904044801591,28.0,0.99589622782786725008986266944851915366,0.26949632711198441033307571867437365033
26.5,0.0085215946342993151847871145622136732079,21.0,0.99569157842042679176825899548429809639,0.26949632711198441033307571867437365484
27.0,0.0091782707774652944850181897489606684807,15.0,0.99536036870031873318012570010963538892,0.26949632711198441033307571867437365409
27.5,0.009820691107783401011861648408997105215,7.0,0.9948310988486912010790066589917219171,0.26949632711198441033307571867437365334
28.0,0.010446761150249898770030206674146805416,0.0,0.99608547830263100926629743163630465849,0.26949632711198441033307571867437365334
28.5,0.011049518081246045376550302888592673631,0.0,0.99608547830263100926629743163630465774,0.26949632711198441033307571867437365409
29.0,0.011637017964496145714222784133980097216,0.0,0.99608547830263100926629743163630466075,0.26949632711198441033307571867437365371
29.5,0.012208966042131570773963730005799092103,0.0,0.99608547830263100926629743163630465924,0.26949632711198441033307571867437365296
30.0,0.012765052591381787222444982808353488499,0.0,0.99608547830263100926629743163630465924,0.26949632711198441033307571867437365296
30.5,0.01329915898641379181698861001289095743,0.0,0.99608547830263100926629743163630465849,0.26949632711198441033307571867437365371
31.0,0.013818535213709573601405664370185090066,0.0,0.99608547830263100926629743163630465774,0.26949632711198441033307571867437365334
31.5,0.014323426078263444686132866136156833326,0.0,0.99608547830263100926629743163630465623,0.26949632711198441033307571867437365221
32.0,0.014814141336707874988187050992483432617,0.0,0.99608547830263100926629743163630465999,0.26949632711198441033307571867437365334
32.5,0.015291036369854527935537599745895209302,0.0,0.99608547830263100926629743163630465849,0.26949632711198441033307571867437365259
33.0,0.015754497160132770626962921118097693529,0.0,0.99608547830263100926629743163630465774,0.26949632711198441033307571867437365259
33.5,0.016204928698091005396795877393878482999,0.0,0.99608547830263100926629743163630465999,0.26949632711198441033307571867437365447
34.0,0.016639370359432479491297475731002593832,0.0,0.99608547830263100926629743163630465774,0.26949632711198441033307571867437365296
34.5,0.017061395446292794889423866267998159058,0.0,0.99608547830263100926629743163630465774,0.26949632711198441033307571867437365371
35.0,0.01747191437242771479253083053940539644,0.0,0.99608547830263100926629743163630465698,0.26949632711198441033307571867437365409
35.5,0.017871313297332657002591263650593847425,0.0,0.99608547830263100926629743163630465924,0.26949632711198441033307571867437365334
36.0,0.018259972637005259605349183314047646898,0.0,0.99608547830263100926629743163630465849,0.2694963271119844103330757186743736556
36.5,0.018638264907299629789457257395354134459,0.0,0.99608547830263100926629743163630465999,0.26949632711198441033307571867437365447
37.0,0.019006553176076493823448129889637243104,0.0,0.99608547830263100926629743163630465999,0.26949632711198441033307571867437365296
37.5,0.019365189990837134865302382476471001509,0.0,0.99608547830263100926629743163630466075,0.26949632711198441033307571867437365334
38.0,0.019714516676229239956502975017879833962,0.0,0.99608547830263100926629743163630465999,0.26949632711198441033307571867437365371
38.5,0.02005486291788428128177016306369804421,0.0,0.99608547830263100926629743163630465924,0.26949632711198441033307571867437365221
39.0,0.020386546566592249177731991873657698798,0.0,0.9960854783026310092662974316363046615,0.26949632711198441033307571867437365183
39.5,0.020709873610746013264641932534239782913,0.0,0.99608547830263100926629743163630465924,0.26949632711198441033307571867437365334
40.0,0.021025138276029213793728436533182077947,0.0,0.99608547830263100926629743163630465999,0.26949632711198441033307571867437365296
