value,sup,dur,Y,S
3.0,2.4472581104000536613283626375244184016e-117,131.0,0.99604088457808246582391958910242413373,0.88881968448054698040653630109176882751
3.5,2.1513526536192137674786673280314068481e-108,131.0,0.99604088457808246582391958910242413223,0.88881968448054698040653630109176882299
4.0,1.1443914404955683869124947885341297955e-100,130.0,0.99604088457808246582391958910242413298,0.88881968448054698040653630109176882826
4.5,7.1923632519011078307375285996401983651e-94,130.0,0.99604088457808246582391958910242413223,0.88881968448054698040653630109176882224
5.0,8.4204941138059404293415723654070144952e-88,130.0,0.99604088457808246582391958910242413373,0.8888196844805469804065363010917688245
5.5,2.5386924260572201725473297044994464124e-82,130.0,0.99604088457808246582391958910242412997,0.888819684480546980406536301091768826
6.0,2.5019756555378883310389460052981141591e-77,130.0,0.99604088457808246582391958910242413298,0.88881968448054698040653630109176882525
6.5,9.6575024120647144533276389815503361013e-73,130.0,0.99604088457808246582391958910242413223,0.888819684480546980406536301091768826
7.0,1.6798497047837418135163647645611169512e-68,130.0,0.99604088457808246582391958910242413298,0.88881968448054698040653630109176882675
7.5,1.4713340285522107445038905514462298932e-64,129.0,0.99604088457808246582391958910242413599,0.88881968448054698040653630109176882224
8.0,7.095718193412603422050237741292015269e-61,129.0,0.99604088457808246582391958910242413599,0.8888196844805469804065363010917688245
8.5,2.0268736710253387812643329688786803417e-57,129.0,0.99604088457808246582391958910242413223,0.88881968448054698040653630109176882675
9.0,3.6427571376666496628463265597565810001e-54,129.0,0.99604088457808246582391958910242413148,0.8888196844805469804065363010917688245
9.5,4.3326380987083778704890859848107332857e-51,129.0,0.99604088457808246582391958910242413524,0.88881968448054698040653630109176882751
10.0,3.5590965993838870047053423884597626055e-48,129.0,0.99604088457808246582391958910242413373,0.88881968448054698040653630109176881923
10.5,2.0941453132962983277382341369665451251e-45,129.0,0.99604088457808246582391958910242413298,0.8888196844805469804065363010917688245
11.0,9.1064081750310575951417728923466758197e-43,129.0,0.99604088457808246582391958910242413148,0.88881968448054698040653630109176882675
11.5,3.0069780871020658945010066963306412644e-40,129.0,0.99604088457808246582391958910242413298,0.88881968448054698040653630109176883127
12.0,7.7199404965224376202624318813651374412e-38,129.0,0.99604088457808246582391958910242413524,0.88881968448054698040653630109176882374
12.5,1.573229443387331479516185218241503397e-35,129.0,0.99604088457808246582391958910242413449,0.88881968448054698040653630109176882675
13.0,2.5917548472677935017840359254508067902e-33,129.0,0.99604088457808246582391958910242413298,0.88881968448054698040653630109176882074
13.5,3.5078882171981660719725393555307219232e-31,129.0,0.99604088457808246582391958910242413298,0.88881968448054698040653630109176882675
14.0,3.9573337975614583516041887787777774889e-29,128.0,0.99604088457808246582391958910242413449,0.88881968448054698040653630109176882525
14.5,3.769272390091432249011178881582554637e-27,128.0,0.99604088457808246582391958910242413298,0.88881968448054698040653630109176882149
15.0,3.0664150165832385460027511991945043926e-25,128.0,0.99604088457808246582391958910242413223,0.888819684480546980406536301091768826
15.5,2.0560874458882675101498451075452717473e-23,128.0,0.99604088457808246582391958910242412997,0.88881968448054698040653630109176882224
16.0,8.8615198358711442475864377973555627429e-22,128.0,0.99604088457808246582391958910242413298,0.88881968448054698040653630109176882525
16.5,2.3989870637997816675905590350971684363e-20,128.0,0.99604088457808246582391958910242413373,0.88881968448054698040653630109176882751
17.0,4.1561821740141669788203251653930041702e-19,128.0,0.99604088457808246582391958910242413373,0.88881968448054698040653630109176882149
17.5,4.7136663981700982084401568134928009918e-18,128.0,0.99604088457808246582391958910242413373,0.888819684480546980406536301091768826
18.0,3.6218012690203440083505896515239982845e-17,128.0,0.99604088457808246582391958910242413524,0.88881968448054698040653630109176882525
18.5,1.9872642683305061615028689475547749487e-16,128.0,0.99604088457808246582391958910242413072,0.88881968448054698040653630109176882751
19.0,8.3220903465997564080367482813746256945e-16,128.0,0.99604088457808246582391958910242413223,0.8888196844805469804065363010917688245
19.5,2.8485862343281742960544243402076657203e-15,128.0,0.99604088457808246582391958910242413298,0.88881968448054698040653630109176882224
20.0,8.4129627986066840556682531628919345245e-15,128.0,0.99604088457808246582391958910242413373,0.88881968448054698040653630109176882826
20.5,2.2279424897267792257009029354050580469e-14,128.0,0.99604088457808246582391958910242413373,0.88881968448054698040653630109176881998
21.0,5.4220191217911279182516166912484774823e-14,128.0,0.99604088457808246582391958910242413298,0.88881968448054698040653630109176882224
21.5,1.2367468882672017834150008715240114008e-13,128.0,0.99604088457808246582391958910242413373,0.88881968448054698040653630109176882374
22.0,2.6612586470935551630056908636860829812e-13,128.0,0.99604088457808246582391958910242413223,0.888819684480546980406536301091768826
22.5,5.4761081898192504849798735651828279413e-13,128.0,0.99604088457808246582391958910242413298,0.8888196844805469804065363010917688245
23.0,1.0832183596123581664228185323744469429e-12,122.0,0.99604088457808246582391958910242413524,0.88881968448054698040653630109176882299
23.5,2.0715123369656239419567561169605404231e-12,115.0,0.99604088457808246582391958910242413223,0.88881968448054698040653630109176882901
24.0,3.8403179978036885488542273496932727325e-12,109.0,0.99604088457808246582391958910242413072,0.88881968448054698040653630109176882374
24.5,6.9001428454561336517257439413517141332e-12,104.0,0.99604088457808246582391958910242413373,0.8888196844805469804065363010917688245
25.0,1.2161491710350731039274586585683619539e-11,98.0,0.99604088457808246582391958910242413373,0.88881968448054698040653630109176882675
25.5,2.0803521633507347414175493965015227871e-11,93.0,0.99604088457808246582391958910242413148,0.88881968448054698040653630109176882675
26.0,3.5126843503225082587414924919405115821e-11,89.0,0.99604088457808246582391958910242413298,0.8888196844805469804065363010917688245
26.5,5.7610111071174047581831720539601618334e-11,85.0,0.99604088457808246582391958910242412922,0.8888196844805469804065363010917688245
27.0,9.349534610188973556257432342126586989e-11,82.0,0.99604088457808246582391958910242413223,0.88881968448054698040653630109176882525
27.5,1.4869565998686800889366996738150451011e-10,78.0,0.99604088457808246582391958910242413373,0.88881968448054698040653630109176882299
28.0,2.3234320641994362966962516212729638248e-10,75.0,0.99604088457808246582391958910242413223,0.88881968448054698040653630109176882299
28.5,3.5976251639331368083886072803231950077e-10,73.0,0.99604088457808246582391958910242413148,0.8888196844805469804065363010917688245
29.0,5.4756266958155950609547870786678267235e-10,70.0,0.99604088457808246582391958910242413148,0.88881968448054698040653630109176882976
29.5,8.1924681299583877778327395505150529669e-10,68.0,0.99604088457808246582391958910242413298,0.88881968448054698040653630109176882525
30.0,1.216104722896688876109588159794688273e-09,65.0,0.99604088457808246582391958910242413148,0.88881968448054698040653630109176882675
30.5,1.7915006691332951923724339686941303288e-09,63.0,0.99604088457808246582391958910242413373,0.88881968448054698040653630109176882525
31.0,2.5881599227986684911085080614021956439e-09,61.0,0.99604088457808246582391958910242413298,0.88881968448054698040653630109176882374
31.5,3.6981840607621450901394959520659709698e-09,60.0,0.99604088457808246582391958910242413148,0.88881968448054698040653630109176882224
32.0,5.2492269974653959586799018072502424775e-09,58.0,0.99604088457808246582391958910242413298,0.88881968448054698040653630109176882525
32.5,7.4028960829243219939857278565026044332e-09,56.0,0.99604088457808246582391958910242413148,0.88881968448054698040653630109176882976
33.0,1.0342370943934739300329908927940313565e-08,55.0,0.99604088457808246582391958910242413148,0.888819684480546980406536301091768826
33.5,1.4192133536423984496228727585516223421e-08,53.0,0.99604088457808246582391958910242413449,0.88881968448054698040653630109176882374
34.0,1.9364968520256428261181743584981535443e-08,52.0,0.99604088457808246582391958910242413599,0.88881968448054698040653630109176882374
34.5,2.6278397671263897314617610993696825002e-08,51.0,0.99604088457808246582391958910242413373,0.88881968448054698040653630109176882675
35.0,3.5470076700934581641977965045061807693e-08,50.0,0.99604088457808246582391958910242413148,0.88881968448054698040653630109176882826
35.5,4.7629018712052829328580763892974092013e-08,49.0,0.99604088457808246582391958910242413449,0.88881968448054698040653630109176882525
36.0,6.2971007863634288542324916186163093228e-08,47.0,0.99604088457808246582391958910242413449,0.88881968448054698040653630109176882675
36.5,8.2572683630647709323098029656682524509e-08,46.0,0.99604088457808246582391958910242413223,0.88881968448054698040653630109176882224
37.0,1.0778005783116905691618282416940244315e-07,46.0,0.99604088457808246582391958910242413449,0.88881968448054698040653630109176882826
37.5,1.4005507043719835369818470577783006023e-07,45.0,0.99604088457808246582391958910242413223,0.88881968448054698040653630109176882525
38.0,1.8120390653470494170645773667122246175e-07,44.0,0.99604088457808246582391958910242413373,0.88881968448054698040653630109176882525
38.5,2.3344915084695149480134201191733679681e-07,43.0,0.99604088457808246582391958910242413148,0.88881968448054698040653630109176882675
39.0,2.9840108033973975877188592306957992636e-07,42.0,0.99604088457808246582391958910242413373,0.88881968448054698040653630109176882751
39.5,3.7647930178160147153681209790818768955e-07,41.0,0.99604088457808246582391958910242413373,0.88881968448054698040653630109176882299
40.0,4.7319373656207131956334050328088968904e-07,41.0,0.99604088457808246582391958910242413072,0.88881968448054698040653630109176882074
