value,sup,dur,Y,S
0.0,6.500770118667155972454301278809594323e-141,132.0,0.99604126356473749881158068547698459539,0.88888399640339364567959965223036112428
0.0050000000000000001040834085586084256647,2.0071578538845701707019340763760025691e-137,131.0,0.99575631956905154239306386069904795475,0.88856099889897479163532270114515432479
0.010000000000000000208166817117216851329,1.0873498067189746786637980404723195628e-132,131.0,0.99547084211574350169372477744589898458,0.88807799859199651447917449807504186801
0.014999999999999999444888487687421729788,1.3066325387265322686009461781227574551e-126,131.0,0.99517604006374616913405946904958620153,0.88742751208621980178141556159173893709
0.020000000000000000416333634234433702659,2.6702776926410208475776087998502871221e-119,131.0,0.99487631406427113398121910703200534976,0.8872866730199663161378139522928557398
0.02500000000000000138777878078144567553,4.3205033628605034531276312093267046809e-111,131.0,0.99456779034230255052526264620841586376,0.88704780508958441556971331314573660853
0.029999999999999998889776975374843459576,1.8765005887613438679398184315429259466e-102,131.0,0.99424610951480362433866678535621413289,0.88661950274146485180159825838839464681
0.035000000000000003330669073875469621271,3.288134306890833186046079769821012119e-94,130.0,0.99391079278360822380866306292017859214,0.88599226412455851760366054154701703707
0.040000000000000000832667268468867405318,1.8190485710309917989085689887372999808e-87,130.0,0.99356122626280083763592761669556388336,0.88549618210645879934144862749911024379
0.044999999999999998334665463062265189365,6.6113879465369952689638502186277697559e-82,130.0,0.99319661973135599075010797991512066656,0.8852728346768377577199562968353533474
0.050000000000000002775557561562891351059,3.0313873714239128630696062317941257153e-77,130.0,0.99281595806632796276577343024924490806,0.88482295170683863555069427246063769489
0.055000000000000000277555756156289135106,2.7926385933810858123217807323380466577e-73,130.0,0.99241794445348236166506637315463280388,0.88413449482236289273465509439129347976
0.059999999999999997779553950749686919153,7.1964958115636044341400689744197573238e-70,130.0,0.99200093428347896822341020246397261665,0.88355801256122709751212464225031965676
0.065000000000000002220446049250313080847,6.6301641945162402252850060161933728575e-67,129.0,0.99156285837259359213203586125445986235,0.88324845360275761367972939057200868744
0.070000000000000006661338147750939242542,2.6509314628852465289045389224790165393e-64,129.0,0.99110113377666554975672526583547122091,0.88266494449957915189011001463695912721
0.074999999999999997224442438437108648941,5.2537673584677100127411651686655913945e-62,129.0,0.99061255997447784391153065727710401935,0.88179214826016433603194365923670025266
0.080000000000000001665334536937734810635,5.8044340301997394804219448155916730623e-60,129.0,0.99009319756191477432794057588809313716,0.8813877884844988614776391968479536544
0.08500000000000000610622663543836097233,3.9333700748613733904030380383819463703e-58,128.0,0.98955019234663291504922875450973216921,0.8808457368521743562947843271309357381
0.089999999999999996669330926124530378729,1.7363727565568124068188852820681375775e-56,128.0,0.98899837349727633742291775299349946651,0.87996846783940555918437345540532685581
0.095000000000000001110223024625156540424,5.3145835514896693858303618103663327122e-55,128.0,0.98841108963597537449938720040463321857,0.87930632448152861900480500724126156807
0.10000000000000000555111512312578270212,1.1922764591274977477161553030000343319e-53,128.0,0.98778197920033038733747773367481587449,0.8787164241860217100749695785132251316
0.10499999999999999611421941381195210852,2.0237894356151426288423004205076300587e-52,127.0,0.98710325995068016392733402613566845423,0.87773522700884014626558764240423384282
0.11000000000000000055511151231257827021,2.6757931992467417033404184331046125732e-51,127.0,0.98638488021058057361397218309127395438,0.87699517682807811944404633750835684754
0.11500000000000000499600361081320443191,2.8423161981335690584600264480935931069e-50,127.0,0.98566688050426046919926808372339520089,0.87623560715617060778482652596076501335
0.11999999999999999555910790149937383831,2.4908800911395144351785593998131940124e-49,127.0,0.98488670027638194117403734077219157637,0.87501553769288577418943040467767523609
0.125,1.8154288228169376430168945566532569503e-48,126.0,0.98403125950278307229047475617343632825,0.87434635993172067814697990107979479726
0.13000000000000000444089209850062616169,1.1200454955279167192193196165786895494e-47,126.0,0.98314148185363896922125419075776945247,0.87325387386337789844912176621637104939
0.13500000000000000888178419700125232339,5.9372939063983242475122493427869097978e-47,126.0,0.982230496324028373062474028513506472,0.87215254674283967179275342664232259576
0.14000000000000001332267629550187848508,2.7128620488372076419481664754669760963e-46,125.0,0.98121867460738323796138611426051005637,0.87112179051708063547469265559380654736
0.14499999999999999000799277837359113619,1.0763582633924021197631002387136104788e-45,125.0,0.98013707651149589350132152210609887244,0.86970780107357791450738452209558634076
0.14999999999999999444888487687421729788,3.7390165162446498669498790604109662697e-45,125.0,0.97904645131968218008963806723239621333,0.86865385442655505610965448101420607735
0.15499999999999999888977697537484345958,1.1381293421951714758565554802291805824e-44,124.0,0.97781394303056727793104607151840681631,0.8670266672426319484824406693096047055
0.16000000000000000333066907387546962127,3.0277522527183133708411578464713753454e-44,124.0,0.97654524589482325627678770608989381986,0.86584212413802327907446630939455275284
0.16500000000000000777156117237609578297,7.0537153040711806211272304425127769173e-44,124.0,0.97519032255753446419842052738275026572,0.86407618950491693584542526279225841714
0.17000000000000001221245327087672194466,1.4427507619640496996939238903119417682e-43,123.0,0.973686955441510338285413765812569331,0.86262688645023586893080805334531925609
0.17499999999999998889776975374843459576,2.5708730376608593732221663818233112893e-43,123.0,0.97217400617686703667603617623089544261,0.86076637780222118386052530930026215299
0.17999999999999999333866185224906075746,4.0018822198745055949526753212167012765e-43,122.0,0.97043304039196034219952355583446874772,0.85888571619047696453013119067843734058
0.18499999999999999777955395074968691915,5.4407139665368013316719758565293871507e-43,122.0,0.96870999146944008089306605938610325918,0.85693880597659712264349567103699796949
0.19000000000000000222044604925031308085,6.5181409758633507370377666614966544851e-43,121.0,0.96672559035590436771554994691329737567,0.85453510449615691932767907067973924172
0.19500000000000000666133814775093924254,6.9610967766157812789486506477004052836e-43,121.0,0.96471506451434702219976883781924870593,0.85235177235809248765969019572457234627
0.20000000000000001110223024625156540424,6.7606430236090632203104774208743291819e-43,120.0,0.96247294401033196054143894548087132689,0.84985690420535352679471611562444537164
0.20499999999999998778754672912327805534,6.1199515326157239092012131483202401175e-43,120.0,0.96005930115640031512755030077571213186,0.84699069825779649008817898893215964056
0.20999999999999999222843882762390421703,5.3295035006706384330245571036252361032e-43,119.0,0.9575274466066794035517265712798421027,0.84395542723075712640981916582280784772
0.21499999999999999666933092612453037873,4.6221144250478614596388787303737143871e-43,118.0,0.954704468690820198419897148321971677,0.84085994928308487207689761653450883446
0.22000000000000000111022302462515654042,4.1231373942922748195477804283550772214e-43,118.0,0.9516513268038563546016155978430102792,0.83739678641776851521268309896922393617
0.22500000000000000555111512312578270212,3.906682946218833499703614635139050763e-43,117.0,0.94844928202407522905117576755457242004,0.83357688419939526549395086081394774228
0.23000000000000000999200722162640886381,4.0371855877553881068517470700507059123e-43,116.0,0.94492751280673297864603358141754915381,0.82939689205123942907273058850991684155
0.23499999999999998667732370449812151492,4.6500933478231687443696086448616775754e-43,115.0,0.94107711467064315685342592603119707352,0.82483792576261522802319843238486013868
0.23999999999999999111821580299874767661,6.0758043445683913330285308818908774305e-43,115.0,0.93688236475033156468432309128819981049,0.81986397148031192836447787205922347498
0.24499999999999999555910790149937383831,9.140793106166689327826807722503046884e-43,114.0,0.93231836797227069081822620003294039677,0.81441978679606569520857188869640377138
0.25,1.6057867139524683192413769378234928371e-42,113.0,0.92734797652845565818134116218660860849,0.8084281102681197272457469738652814136
0.25500000000000000444089209850062616169,3.3388269420704119126183007062729245478e-42,112.0,0.92191782856170909361331255301422558017,0.80178594227199042901176914820820954252
0.26000000000000000888178419700125232339,8.3152946712276193036039319616687930668e-42,111.0,0.91595326863373058591673941714673971832,0.79443844923271554802159952449920228539
0.26500000000000001332267629550187848508,2.5357770814354188226060408091201441729e-41,110.0,0.9093518019802378383492168718620185767,0.78660148006560336536543880862151075345
0.27000000000000001776356839400250464678,9.6412704117506397007285380186896056167e-41,108.0,0.9021542706884061919189206548374166954,0.77770764582846436929284321844885246469
0.27500000000000002220446049250313080847,4.6789504344839309569011599749522967482e-40,107.0,0.8942441983556434764164082596899463476,0.768045911793876172584416981020357554
0.28000000000000002664535259100375697017,3.2107343128653111065140040645131957814e-39,105.0,0.8854338038475475100009071853791047692,0.75713826166415479137838972234980930853
0.28499999999999997557509345824655611068,3.9064352504341311272522171180494225087e-38,104.0,0.87568752034106589455830570874489076929,0.74532030023928619282910772766605019251
0.28999999999999998001598555674718227237,8.7038324159764769356877171461404955872e-37,102.0,0.8649497196191692276024356554659778878,0.73216170048012235491349588508927952595
0.29499999999999998445687765524780843407,3.5723587598737644826931141686559222997e-35,100.0,0.85295866924681353368254594101443109299,0.71753469219008996340212565754426202395
0.29999999999999998889776975374843459576,2.6716937407656866606897965969385426751e-33,98.0,0.83955243821684483278227942811996544838,0.70125362919977720347262407944387114363
0.30499999999999999333866185224906075746,3.5421409095186487303300480240180488392e-31,96.0,0.82464701365375442706545280696078987252,0.68345488957496972039291681069623643391
0.30999999999999999777955395074968691915,7.9734806864580392416169757216912475134e-29,93.0,0.80791815857001481506525170112255426305,0.66353481029041751427328076539681884817
0.31500000000000000222044604925031308085,2.8766692155733194852583158614771677354e-26,90.0,0.78920064304147486034014831233828875051,0.64155795780054228664840293789035506015
0.32000000000000000666133814775093924254,1.5489721258717742578055181893163858331e-23,87.0,0.76809927099983176907604992469972978329,0.61735799105695466004264031433997439649
0.32500000000000001110223024625156540424,1.143884715505827963233788353370303474e-20,83.0,0.74446395560869507675717512895285969707,0.59053061353469639165065594627033938551
0.33000000000000001554312234475219156593,1.0498713638311228032977340584488875612e-17,79.0,0.71777595037028761205458409694408720264,0.56116110340050201230831194735200233586
0.33500000000000001998401444325281772763,1.0680507863450578039042305852760323253e-14,73.0,0.68765768487577203877981556691955098011,0.52897881393548377208536588149739858711
0.34000000000000002442490654175344388932,1.0515424029777845138120769934922794213e-11,67.0,0.65381966262322526173603949516770197817,0.49388197585120966443766393129611857885
0.34499999999999997335464740899624302983,8.4522536136216003227842068561103469532e-09,59.0,0.61572492641165800960818925422079198713,0.45592834195144405752225886890159665981
0.34999999999999997779553950749686919153,4.3609841042046543090773887270285882121e-06,49.0,0.57300887198857695623031453143495814581,0.41516700885463326584697232832124977356
0.35499999999999998223643160599749535322,0.00093097491283980998318250380337293799891,33.0,0.5253474389674636325378073686442816455,0.37181947680026492533895620083277377978
0.35999999999999998667732370449812151492,0.027269958126661605081533048536465066384,0.0,0.47259178771646082836905762461604341851,0.32640420661070107133713463574681257873
0.36499999999999999111821580299874767661,0.1146978278915524623975007337407316461,0.0,0.41487035378796666030087306557555159927,0.27948640162648975623749109648618357714
0.36999999999999999555910790149937383831,0.24453306706534410700800670197268957012,0.0,0.35246162607352376443454073372374246119,0.23077651456686298222632769625098687503
0.375,0.43586298928676439843937202829901885454,0.0,0.26672863913941930000871129026323649248,0.16536200750216600065852184004405498161
0.38000000000000000444089209850062616169,0.66329299007460315824423374369224920057,0.0,0.15977944659270068397670384460363431578,0.093412535127335681866654053231288729945
0.38500000000000000888178419700125232339,0.84481801853593096056366748345721913544,0.0,0.072745101631036908149550442636130190578,0.041198737544043568244881050861093082561
0.39000000000000001332267629550187848508,0.94132756722634684715228354340638554529,0.0,0.026647708082685648936714238885057517509,0.015244421116558203876847899054063069592
0.39500000000000001776356839400250464678,0.9800299038257242601859974687499687206,0.0,0.0085945267911947949189480009180695031391,0.0051737737543864682274656855112568562327
0.40000000000000002220446049250313080847,0.99342780116242952913497815196231028392,0.0,0.0025965415731516250445757060473763211613,0.0017252886739734108956409272395150178541
0.40500000000000002664535259100375697017,0.99761115829912920295291631617938778146,0.0,0.0011080025017398813113340119244695551292,0.00062084651092197537371668276521173394621
0.40999999999999997557509345824655611068,0.99788602091882561213137253164738176176,0.0,0.0010672623996871706241667005970657474901,0.00049896496103476010912484789680693892494
0.41499999999999998001598555674718227237,0.99797854844237945253772388832421091453,0.0,0.0010426483193967798618068964618737220225,0.00049477488160535610874938600053461627154
0.41999999999999998445687765524780843407,0.99804866914539884935564517197707993516,0.0,0.0010249196857500640989310641345910849999,0.00049058476519791578713962549670437572483
0.42499999999999998889776975374843459576,0.99810871135407220795449173778362223295,0.0,0.0010143871674746229677768473253245646471,0.00048639461181194963763099913599199307157
0.42999999999999999333866185224906075746,0.99815935596850819345306901180235150719,0.0,0.0010055752951323319565938193535742849548,0.00048220442144696814491893402142372101311
0.43499999999999999777955395074968691915,0.99820890190697498088281474342681627129,0.0,0.00099676326733278888069905886103744812912,0.00047801419410248178505866098271070507399
0.44000000000000000222044604925031308085,0.99824929352888958582008711453447572839,0.0,0.00098795108407187988617079476448921765761,0.00047382392977800102546502394553641605091
0.44500000000000000666133814775093924254,0.998283764539452876250614801555587248,0.0,0.00097913874534549097393315391008573128997,0.00046963362847303632491228929579694310631
0.45000000000000001110223024625156540424,0.99831773575837912257532467448668681023,0.0,0.00097032625114950799974975895639322035854,0.00046544329018709813353395523879399157996
0.45500000000000001554312234475219156593,0.99835121094414309972862224883109446328,0.0,0.00096151360147981667421732591857065340842,0.00046125291491969689282256115338042964569
0.46000000000000001998401444325281772763,0.99838419385740639125614554848097064585,0.0,0.00095270079633230256275926137368498074756,0.00045706250267034303562949694105822789065
0.46500000000000002442490654175344388932,0.99841668826098236846922703710594448675,0.0,0.00094388783570285108561925932713805491423,0.00045287205343854698616481237002863587924
0.46999999999999997335464740899624302983,0.9984412564661435743808243136955514765,0.0,0.00093507471958734761570100517765816814992,0.00044868156722381920652097451216963572422
0.47499999999999997779553950749686919153,0.99846146865562346168357757526660244391,0.0,0.00092626144798167708717906846646935633673,0.00044449104402567001057729528626650216785
0.47999999999999998223643160599749535322,0.99848153125292739175909195115756760928,0.0,0.00091744802088172458256396446602579629623,0.00044030048384360984314219757667316631273
0.48499999999999998667732370449812151492,0.9985014442417637509906758516454594571,0.0,0.00090863443828337494131649878084083154526,0.00043610988667714909385846395792913804569
0.48999999999999999111821580299874767661,0.99852120760597666969585741475257441645,0.0,0.00089982070018251285768574369183997475533,0.00043191925252579814372658351580218670837
0.49499999999999999555910790149937383831,0.99854082132954605744754505868833179631,0.0,0.00089100680657502288070263298901837826327,0.00042772858138906736510456116104866512743
0.50,0.99856028539658763808817183244164157047,0.0,0.00088219275745678941417355646506346480132,0.00042353787326646712170772693812497909216
0.50500000000000000444089209850062616169,0.99857959979135298443667795472226014514,0.0,0.00087337855282369671667395406992178179433,0.00041934712815750776860854532885004629597
0.51000000000000000888178419700125232339,0.99859876449822955268818722389743237736,0.0,0.00086456419267162890154190972628914092811,0.00041515634606169965223642455101858878649
0.51500000000000001332267629550187848508,0.99861777950174071650623427498956180182,0.0,0.00085574967699646993687174480600310337153,0.00041096552697855311037752585196510295187
0.52000000000000001776356839400250464678,0.99863664478654580080740095418297941991,0.0,0.00084693500579410364550761126731686944248,0.0004067746709075784721745727970783510593
0.52500000000000002220446049250313080847,0.99865536033744011523822137662436451724,0.0,0.00083812017906041370503708445303363013467,0.00040258377784828605812666055326621837119
0.53000000000000002664535259100375697017,0.99867392613935498734421652958327064405,0.0,0.00082930519679128364778475554948043633649,0.0003983928478001861800890651673707798495
0.53500000000000003108624468950438313186,0.99869234217735779543092058025777755689,0.0,0.00082049005898259686080582370630064017693,0.0003942018807627891412730528395334204497
0.54000000000000003552713678800500929356,0.9987024112616634972921227815913703427,0.0,0.00081167476563023658587968781704396140076,0.00039001087673560523624568919150985300806
0.54500000000000003996802888650563545525,0.99871112488544134640635800793322266953,0.0,0.00080285931673008591950353796053323026311,0.00038581983571814475092964852993487771621
0.55000000000000004440892098500626161695,0.99871983866297436042636526337378420866,0.0,0.00079404371227802781288594650298685687841,0.00038162875770991796260302310453672718343
0.55500000000000004884981308350688777864,0.99872855259426660898951595134360062124,0.0,0.00078522795226994507194045886087607549282,0.00037743764271043513989913236130084104504
0.56000000000000005329070518200751394033,0.99873726667932216187680456998011135245,0.0,0.00077641203670172035727918392449601077025,0.00037324649071920654280633219058291412831
0.56499999999999994670929481799248605967,0.99874598091814508881935836914715637498,0.0,0.00076759596556923637996421444327450375015,0.00036905530173574251573132507005540931966
0.56999999999999995115018691649311222136,0.99875469531073946027242698761694318201,0.0,0.00075877973886837511847334992412728303903,0.00036486407575955311524578711212575576733
0.57499999999999995559107901499373838305,0.99876340985710934625441895975725745255,0.0,0.00074996335659501899323030486195202646831,0.00036067281279014866846471848024406979388
0.57999999999999996003197111349436454475,0.99877212455725881712088452465076690247,0.0,0.00074114681874505008357733949159631184709,0.00035648151282703940079471322235775032954
0.58499999999999996447286321199499070644,0.99878083941119194337102869882305952031,0.0,0.00073233012531435032352322454956081024192,0.00035229017586973552899644799558333429118
0.58999999999999996891375531049561686814,0.99878955441891279564771761379624034023,0.0,0.00072351327629880150173682966141318842956,0.00034809880191774726118449128401190922901
0.59499999999999997335464740899624302983,0.99879826958042544473748485397804044791,0.0,0.00071469627169428526154071138976912102199,0.00034390739097058479682711261146270722151
0.59999999999999997779553950749686919153,0.99880698489573396157053779488645885402,0.0,0.00070587911149668310090470094281944739559,0.00033971594302775832674609174918472394005
0.60499999999999998223643160599749535322,0.998815700364842417220763941709958045,0.0,0.00069706179570187637243949154338250712495,0.00033552445808877803311652791850620682093
0.60999999999999998667732370449812151492,0.99882441598775488290573726820323381935,0.0,0.00068824432430574628339022545846068613119,0.00033133293615315408946664898843185624685
0.61499999999999999111821580299874767661,0.99883313176447542998672455591858029452,0.0,0.0006794266973041738956300806892802043199,0.00032714137722039666067762066818758369882
0.61999999999999999555910790149937383831,0.99884184769500812996869173377287061064,0.0,0.00067060891469304012565385732179317391296,0.0003229497812900159029833556947126707413
0.625,0.99885056377935705450031021795017430332,0.0,0.00066179097646822574457156353762095628917,0.00031875814836152196397032301509917278237
0.63000000000000000444089209850062616169,0.99885928001752627537396325214003186195,0.0,0.00065297288262561137810200128541784362141,0.00031456647843442498257735696397841150037
0.63500000000000000888178419700125232339,0.9988679964095198645257522481114073128,0.0,0.00064415463316107750656635161263409012335,0.00031037477150823508909546643585439982812
0.64000000000000001332267629550187848508,0.99887671295534189403550312662233954175,0.0,0.00063533622807050446488175965765731621858,0.0003061830275824624051676440523840433915
0.64500000000000001776356839400250464678,0.99888542965499643612677265866531311251,0.0,0.00062651766734977244255491930231130753733,0.00030199124665661704378867532460396228171
0.65000000000000002220446049250313080847,0.99889414650848756316685480704836928306,0.0,0.00061769895099476148367565748469122907162,0.00029779942873020910930494781010377705357
0.65500000000000002664535259100375697017,0.99890286351581934766678706831197795529,0.0,0.00060888007900135148691051817231427339505,0.00029360757380274869741426026514570280455
0.66000000000000003108624468950438313186,0.99891158067699586228135681498169135594,0.0,0.0006000610513654222054963459955647603451,0.00028941568187374589516563179173029521696
0.66500000000000003552713678800500929356,0.99892029799202117980910763815660010176,0.0,0.00059124186808285324723386954141270414801,0.000285223752942710780959110979608192431
0.67000000000000003996802888650563545525,0.99892901546089937319234569043361249319,0.0,0.00058242252914952407448128430738486234538,0.00028103178700915342454558504323769657977
0.67500000000000004440892098500626161695,0.99893773308363451551714602916757769441,0.0,0.00057360303456131400414783531576727958811,0.00027683978407258388702658895368803887799
0.68000000000000004884981308350688777864,0.99894645086023068001335896006727359077,0.0,0.00056478338431410220768739938801833769174,0.00027264774413251222085411456548817206886
0.68500000000000005329070518200751394033,0.9989551687906919400546163811272800575,0.0,0.00055596357840376771109206707937132205259,0.00026845566718844846983041973842093410823
0.68999999999999994670929481799248605967,0.99896388687502236896475605948934132347,0.0,0.00054714361682618959072994095242455226268,0.0002642635532399027621918768407252543097
0.69499999999999995115018691649311222136,0.9989726051132260407921528289541739482,0.0,0.0005383234995772461899653067612159908449,0.00026007140228638493827344599580845915504
0.69999999999999995559107901499373838305,0.99898132350530702914824278054486019884,0.0,0.000529503226652816294207144597401520638,0.00025587921432740510901025547589492882245
0.70499999999999996003197111349436454475,0.99899004205126940798184762743635199443,0.0,0.00052068279804877834753621250039852901744,0.00025168698936247328360371827862682946907
0.70999999999999996447286321199499070644,0.99899876075111725138560239978777711376,0.0,0.00051186221376101064853938681852013001359,0.00024749472739109946260455894004613318807
0.71499999999999996891375531049561686814,0.99900747960485463359596179069006070774,0.0,0.00050304147378539135030324210427395564956,0.00024330242841279363791262262605772935879
0.71999999999999997335464740899624302983,0.99900999486200640022110142178535693194,0.0,0.00049422057811779846040763066970349207927,0.00023911009242706579277668421883681394374
0.72499999999999997779553950749686919153,0.99900999486200640022110142178535693194,0.0,0.00048539952675410984091926180175095873363,0.0002349177194334259017942573981804005336
0.72999999999999998223643160599749535322,0.99900999486200640022110142178535693194,0.0,0.0004765783196902032083852806376207270916,0.00023072530943138393091140371780279693842
0.73499999999999998667732370449812151492,0.99900999486200640022110142178535693194,0.0,0.00046775695692195613382684670012227428458,0.00022653286242044983742254167657489109919
0.73999999999999999111821580299874767661,0.99900999486200640022110142178535693194,0.0,0.00045893543844524604273271209297166520165,0.00022234037840013356997025578470709010687
0.74499999999999999555910790149937383831,0.99900999486200640022110142178535693194,0.0,0.00045011376425595021505279935603055535415,0.00021814785736994506854510562487575610775
0.75,0.99900999486200640022110142178535693194,0.0,0.00044129193434994578519177898046170517425,0.00021395529932939426448543490829298285201
0.75500000000000000444089209850062616169,0.99900999486200640022110142178535693194,0.0,0.00043246994872310974200264658377999503114,0.00020976270427799108047718052571955666316
0.76000000000000000888178419700125232339,0.99900999486200640022110142178535693194,0.0,0.00042364780737131892878029974477792872969,0.00020557007221524543055368159342094557667
0.76500000000000001332267629550187848508,0.99900999486200640022110142178535693194,0.0,0.00041482551029045004325511449830461173274,0.00020137740314066722009548849406616040189
0.77000000000000001776356839400250464678,0.99900999486200640022110142178535693194,0.0,0.00040600305747637963758652148987718896525,0.00019718469705376634583017191256933146415
0.77500000000000002220446049250313080847,0.99900999486200640022110142178535693194,0.0,0.00039718044892498411835658179010372543381,0.00019299195395405269583213186687384475111
0.78000000000000002664535259100375697017,0.99900999486200640022110142178535693194,0.0,0.00038835768463213974656356236889651157982,0.00018879917384103614952240673367888121975
0.78500000000000003108624468950438313186,0.99900999486200640022110142178535693194,0.0,0.00037953476459372263761551122945477361629,0.00018460635671422657766848226910820297593
0.79000000000000003552713678800500929356,0.99900999486200640022110142178535693194,0.0,0.00037071168880560876132383220199576778498,0.00018041350257313384238410062432103006617
0.79500000000000003996802888650563545525,0.99900999486200640022110142178535693194,0.0,0.00036188845726367394189685939721323586398,0.00017622061141726779712906935606485159172
0.80000000000000004440892098500626161695,0.99900999486200640022110142178535693194,0.0,0.00035306506996379385793343131944219783247,0.00017202768324613828670907043217001486455
0.80500000000000004884981308350688777864,0.99900999486200640022110142178535693194,0.0,0.00034424152690184404241646463950905609633,0.00016783471805925514727546923198593631105
0.81000000000000005329070518200751394033,0.99900999486200640022110142178535693194,0.0,0.00033541782807369988270652762724598419499,0.0001636417158561282063251235417587778301
0.81499999999999994670929481799248605967,0.99900999486200640022110142178535693194,0.0,0.00032659397347523681646607349529633929623,0.00015944867663626737580477721780013449467
0.81999999999999995115018691649311222136,0.99900999486200640022110142178535693194,0.0,0.00031776996310232954793383107758785301895,0.00015525560039918227969335243328230845155
0.82499999999999995559107901499373838305,0.99900999486200640022110142178535693194,0.0,0.00030894579695085322349196204234324473137,0.00015106248714438281262680084762051254578
0.82999999999999996003197111349436454475,0.99900999486200640022110142178535693194,0.0,0.00030012147501668264794736857311455243491,0.0001468693368713787674820397272486846377
0.83499999999999996447286321199499070644,0.99900999486200640022110142178535693194,0.0,0.00029129699729569248045246650925974447962,0.00014267614957967992848052364650240083911
0.83999999999999996891375531049561686814,0.99900999486200640022110142178535693194,0.0,0.00028247236378375723449875673600116336199,0.00013848292526879607118805345264206203364
0.84499999999999997335464740899624302983,0.99900999486200640022110142178535693194,0.0,0.000273647574476751277910396234001022857,0.00013428966393823696251458522581645161881
0.84999999999999997779553950749686919153,0.99900999486200640022110142178535693194,0.0,0.00026482262937054883283776878843291956151,0.00013009636558751236071403923396650812272
0.85499999999999998223643160599749535322,0.99900999486200640022110142178535693194,0.0,0.00025599752846102397575105535752831835864,0.00012590303021613201538410888266915635472
0.85999999999999998667732370449812151492,0.99900999486200640022110142178535693194,0.0,0.0002471722717440506374338041005769699104,0.00012170965782360566746606965992104072974
0.86499999999999999111821580299874767661,0.99900999486200640022110142178535693194,0.0,0.00023834685921550260297650006536021673723,0.00011751624840944304924458807586200442167
0.86999999999999999555910790149937383831,0.99900999486200640022110142178535693194,0.0,0.00022952129087125351177013453499614298368,0.00011332280197315388434753059743815796712
0.875,0.99900999486200640022110142178535693194,0.0,0.0002206955667071768574997740341755214898,0.00010912931851424788774577257800438096255
0.88000000000000000444089209850062616169,0.99900999486200640022110142178535693194,0.0,0.00021186968671914598813812899476751027788,0.00010493579803223476575300718186610047614
0.88500000000000000888178419700125232339,0.99900999486200640022110142178535693194,0.0,0.00020304365090303410593912208077404910575,0.00010074224052662421602555430376018979457
0.89000000000000001332267629550187848508,0.99900999486200640022110142178535693194,0.0,0.00019421745925471426743145617261190521832,9.6548645996925927562169483274831119693e-05
0.89500000000000001776356839400250464678,0.99900999486200640022110142178535693194,0.0,0.0001853911117700593834121820107013159826,9.2355014442649580703852814208185824755e-05
0.90000000000000002220446049250313080847,0.99900999486200640022110142178535693194,0.0,0.00017656460844494221894026549834017456252,8.8161345863304847133657848865715874954e-05
0.90500000000000002664535259100375697017,0.99900999486200640022110142178535693194,0.0,0.00016773794927523539333015466384270333875,8.3967640258401389876500497296000006054e-05
0.91000000000000003108624468950438313186,0.99900999486200640022110142178535693194,0.0,0.00015891113425681138014534628192155826632,7.9773897627448863298967921464888260351e-05
0.91500000000000003552713678800500929356,0.99900999486200640022110142178535693194,0.0,0.00015008416338554250719195215429230588865,7.5580117969956913109127424367838461835e-05
0.92000000000000003996802888650563545525,0.99900999486200640022110142178535693194,0.0,0.00014125703665730095651226504947921323932,7.1386301285435176356335334080278213099e-05
0.92500000000000004440892098500626161695,0.99900999486200640022110142178535693194,0.0,0.00013242975406795876437832430180128936711,6.7192447573393281431045882745835993831e-05
0.93000000000000004884981308350688777864,0.99900999486200640022110142178535693194,0.0,0.00012360231561338782128548106951751573869,6.2998556833340848064620080502284925061e-05
0.93500000000000005329070518200751394033,0.99900999486200640022110142178535693194,0.0,0.00011477472128945987194596325211020128862,5.8804629064787487329134584345042769647e-05
0.93999999999999994670929481799248605967,0.99900999486200640022110142178535693194,0.0,0.00010594697109204671129960113671820734973,5.4610664267242894762327323975049430263e-05
0.94499999999999995115018691649311222136,0.99900999486200640022110142178535693194,0.0,9.7119065017019400442208577659978235685e-05,5.041666244021647786768153745782481465e-05
0.94999999999999995559107901499373838305,0.99900999486200640022110142178535693194,0.0,8.8291003060249442711729730405141660365e-05,4.6222623583217914862588532743583048877e-05
0.95499999999999996003197111349436454475,0.99900999486200640022110142178535693194,0.0,7.9462785217607999623541814191265953589e-05,4.2028547695756782180076141639161910119e-05
0.95999999999999996447286321199499070644,0.99900999486200640022110142178535693194,0.0,7.0634411484966086877718262230539604512e-05,3.7834434777342647592932111184411723686e-05
0.96499999999999996891375531049561686814,0.99900999486200640022110142178535693194,0.0,6.1805881858194574352591593379441930206e-05,3.3640284827485070213512942137747325886e-05
0.96999999999999997335464740899624302983,0.99900999486200640022110142178535693194,0.0,5.2977196333164186098315942799047081593e-05,2.9446097845693600493552722398161060062e-05
0.97499999999999997779553950749686919153,0.99900999486200640022110142178535693194,0.0,4.4148354905745500330429251584885248375e-05,2.5251873831477780223971955363540328379e-05
0.97999999999999998223643160599749535322,0.99900999486200640022110142178535693194,0.0,3.5319357571808949423415115345283433779e-05,2.1057612784347142534686383225133214303e-05
0.98499999999999998667732370449812151492,0.99900999486200640022110142178535693194,0.0,2.6490204327224819904264291707106683918e-05,1.6863314703811211894415805198005685913e-05
0.98999999999999999111821580299874767661,0.99900999486200640022110142178535693194,0.0,1.7660895167863252446035866727819162648e-05,1.2668979589379504110492890687333884099e-05
0.99499999999999999555910790149937383831,0.99900999486200640022110142178535693194,0.0,8.8314300895942418614180801927829764881e-06,8.4746074405615263286719873903749938274e-06
1.0,0.99900999486200640022110142178535693194,0.0,9.0891319937781415320510068757895731449e-09,4.2801982568667770329379243339601928107e-06
