value,sup,dur,Y,S
0.0,8.2066703180748318136483688871510043429e-77,108.0,0.99608517062250971376375689442954661903,0.26945857525651123824616849868608101657
0.0050000000000000001040834085586084256647,5.5477973814457771775076590081929853288e-75,107.0,0.99493947265953295012297095861918477917,0.26829722683985179079095815055560541544
0.010000000000000000208166817117216851329,7.8311858098459713717381018884440772149e-73,106.0,0.99366813575467519471173921902726502843,0.26706803501200888793978760019534197334
0.014999999999999999444888487687421729788,2.5357683619767444261676988201301906141e-70,105.0,0.99224500987020766981791779639286924241,0.26574347043858638146411600828289817099
0.020000000000000000416333634234433702659,1.9699010686522394406840022904338335517e-67,104.0,0.99064453693207745736941869228770748234,0.26428424386574684124065401181522055393
0.02500000000000000138777878078144567553,3.5630997120260035941214980418046612725e-64,103.0,0.98884168564281201447676715254368191267,0.26281351194740157634778910029610763174
0.029999999999999998889776975374843459576,1.3372639710967527270995026727653866607e-60,101.0,0.98680421933118818002675332326473715382,0.26123136769123350068147213281540689984
0.035000000000000003330669073875469621271,8.6238320002295446093867882289285834217e-57,100.0,0.98449678335743166931531029225633579776,0.25950369523371696893964125457327723061
0.040000000000000000832667268468867405318,7.5810991503660835951382548853208260773e-53,98.0,0.98188428431887196633065680736026512889,0.25765474154425075629484039451617283302
0.044999999999999998334665463062265189365,7.1661883593924442887601668102880917921e-49,97.0,0.97891755464619688305141132805008694973,0.25572235361698809463489954508850432146
0.050000000000000002775557561562891351059,5.8999647517293600019082168781878047125e-45,95.0,0.97553697315169654439485380160240831904,0.25360311616897562512915404072586480619
0.055000000000000000277555756156289135106,3.5932957340298468310990043234161241689e-41,93.0,0.97167935612092452313818812697776380114,0.25130419042984936711531965287526793826
0.059999999999999997779553950749686919153,1.3722473882832457647380918009908113576e-37,91.0,0.9672657481731360496144187165665605104,0.24878919698039038043490904700572459189
0.065000000000000002220446049250313080847,2.795079882644822223651112752733221132e-34,88.0,0.96219283667549894472613308321171079888,0.24608135407165341059506082890300025362
0.070000000000000006661338147750939242542,3.5336873965966579056808810235625441592e-31,86.0,0.95635904057255605547566983247179173182,0.24310843525444380614880891915801560769
0.074999999999999997224442438437108648941,3.1699566167008855822861751855678816992e-28,83.0,0.94961481224494656708535719562513498507,0.23987006872988373372081354156622780729
0.080000000000000001665334536937734810635,2.2561524590766732557598148744185900493e-25,80.0,0.94180371363453947316870449967985872811,0.23626479067273041134087345967815303525
0.08500000000000000610622663543836097233,1.4041001512904510446869106608774538428e-22,76.0,0.93268505898844607475784437898975571473,0.23230303469376498904322157339243443066
0.089999999999999996669330926124530378729,8.1260636553377271693796636764531298943e-20,72.0,0.92202947816570085167665733572473795105,0.2278551234275969803408757497418756891
0.095000000000000001110223024625156540424,4.6455953089871576711275922781506344402e-17,67.0,0.90953192584276729433674130675508743622,0.2229037822786602149403293330206215057
0.10000000000000000555111512312578270212,2.6859428268770257902478775171492562292e-14,62.0,0.89475452980275592170544791195881855186,0.21728754086059693546317331105503264383
0.10499999999999999611421941381195210852,1.5453841932339729669541516067654918258e-11,55.0,0.87721847705690692729508774178152455041,0.21094284538322691891937799976308157817
0.11000000000000000055511151231257827021,8.2515492897825906982207557580670085552e-09,48.0,0.85632319572394334061642972810472163575,0.20368286087182602412139840332747584204
0.11500000000000000499600361081320443191,3.3568442406652276673578181763300023313e-06,38.0,0.83133129418241647194108251863646207201,0.19534578328754670722793976553528508539
0.11999999999999999555910790149937383831,0.00060821235680490662497379113927966650028,25.0,0.80129909033799454394453337895160687346,0.18572392462500754004340405414236390507
0.125,0.015262691868466568327380109621424325982,0.0,0.76510515219457370459758749890306652608,0.17459724588696198649140589489031601463
0.13000000000000000444089209850062616169,0.062535277142762068615819927122284587274,0.0,0.7214323230713027373973317095777446378,0.16172242412524549340722375202235073787
0.13500000000000000888178419700125232339,0.14529898340981225857045285084265021568,0.0,0.66039854747168318810587296549871699602,0.14662664016096943598264962453335513287
0.14000000000000001332267629550187848508,0.27634170354866732292601475735361308538,0.0,0.56108715238625004222397263725531306479,0.12105747570137878257739324086481992268
0.14499999999999999000799277837359113619,0.45512941216159642750424805741382847845,0.0,0.42368274190869126115698490851709264317,0.086005334967870850756937528648376974846
0.14999999999999999444888487687421729788,0.64814440349952454816317041402322299639,0.0,0.27380190871050548699560708287838942036,0.051984902881843741037243146395146423083
0.15499999999999999888977697537484345958,0.80556590179036975317715572357602935653,0.0,0.150773477698983048072533658549335709,0.027351686367987598633633413534878726853
0.16000000000000000333066907387546962127,0.90486967873395773371203286130222887074,0.0,0.073136675088407638526240328693878602629,0.013085382846362459582365887237251191429
0.16500000000000000777156117237609578297,0.95691186850422845027129365351578462213,0.0,0.032679489108459984992245349536969871738,0.0059355667559317080716160546598737729557
0.17000000000000001221245327087672194466,0.98129380650168989130169922752228010586,0.0,0.013921209624403689170313343423337586162,0.0026335447561001238751890784542017746948
0.17499999999999998889776975374843459576,0.99204013815298301576216908695961072268,0.0,0.0057702902274700658937893520905577469126,0.0011699061188454698678690538831508813634
0.17999999999999999333866185224906075746,0.99572519177859869742107456598079641975,0.0,0.0032572055832744794210223170511190398987,0.00056332976297034410401005291462812638647
0.18499999999999999777955395074968691915,0.99615543524193986947173687124881114252,0.0,0.0029479553717319361636975533977282265768,0.00049871809329516807649987023975834073294
0.19000000000000000222044604925031308085,0.99645137921817116093746695486255257338,0.0,0.0027269082692060912418804889740036177872,0.00049567970753114542487374974437556624909
0.19500000000000000666133814775093924254,0.99668392194293663931625814667003659878,0.0,0.0025538605893198617374348698162122733125,0.00049264129481644658021845883566269737486
0.20000000000000001110223024625156540424,0.99687471518385289212662436938269086067,0.0,0.0024095261039417496078230291791081958535,0.00048960285515071295960953174315878610291
0.20499999999999998778754672912327805534,0.9970376506621629385643560451761555575,0.0,0.0022872303006251552950612471286463683112,0.00048656438853358599062809208508609700013
0.20999999999999999222843882762390421703,0.99717632219859609156168701088580172446,0.0,0.0021806648238440234464717379784429665586,0.00048352589496470704389305023448055849405
0.21499999999999999666933092612453037873,0.9972983484074486395100328830851117774,0.0,0.0020860672994245716802512121938212577287,0.00048048737444371753426223018300228527663
0.22000000000000000111022302462515654042,0.99741012190583927409710139687918822573,0.0,0.0020049201625152622946518636446959763498,0.00047744882697025885336486612212334315898
0.22500000000000000555111512312578270212,0.99750527917862650896902302737812931936,0.0,0.0019291802750056998067853109061402079398,0.00047441025254397238646826454970852193353
0.23000000000000000999200722162640886381,0.99759451869179941935444123382996693144,0.0,0.0018628335946736035804793397428752169254,0.00047137165116449951247766318887087594684
0.23499999999999998667732370449812151492,0.99767652142643205713583777752652738492,0.0,0.0018032404655702216597664318253885821741,0.00046833302283148162080394040782645387088
0.23999999999999999111821580299874767661,0.99774624140332461925000525145669881689,0.0,0.0017451782773919017651888412987303555811,0.00046529436754456004389222173744469002476
0.24499999999999999555910790149937383831,0.99781426576823431045715552596041214804,0.0,0.001695036796187931637351156733177067753,0.00046225568530337615842839293369948560908
0.25,0.9978806255099700178364845159076211229,0.0,0.0016506528515677910790567185151111665578,0.00045921697610757131786800573416405494501
0.25500000000000000444089209850062616169,0.99793442599830753865318184161354767975,0.0,0.0016071439326954847713515058945213676597,0.00045617823995678686930383763962030535282
0.26000000000000000888178419700125232339,0.99798475910608491207243433760603031168,0.0,0.0015644985874502455233960970378007652428,0.00045313947685066415346575081038665198171
0.26500000000000001332267629550187848508,0.99803415750536787248641710764599140874,0.0,0.0015259648853764893607003407333293804244,0.00045010068678884450472055095889080368232
0.27000000000000001776356839400250464678,0.99808263279029001373832116704070966621,0.0,0.0014950804744072915557106332866524068963,0.00044706186977096925107184623848740332693
0.27500000000000002220446049250313080847,0.99813019648836173741582414223903293126,0.0,0.001464614380686458709286930670103786571,0.00044402302579667971415990612852040600049
0.28000000000000002664535259100375697017,0.99816839491407358602825846650259189603,0.0,0.0014345638025273732996616081785307243492,0.00044098415486561720926152031563007847062
0.28499999999999997557509345824655611068,0.9982023876799908791362181900764837857,0.0,0.0014049259365128083282495338394909290818,0.0004379452569774230790285512643523986196
0.28999999999999998001598555674718227237,0.99823595077145840593681737161591603381,0.0,0.001375697977518281264993563882890853714,0.00043490633213173855853331760897936014464
0.29499999999999998445687765524780843407,0.99826908689762500397281432271525924405,0.0,0.0013468771187352644146524856144292844867,0.00043186738032820497769971731510097477869
0.29999999999999998889776975374843459576,0.99830179876939069332786476539601676592,0.0,0.0013277046492385196174966978168659821611,0.00042882840156646362634920963650116590604
0.30499999999999999333866185224906075746,0.99833408909938362929901895970393364216,0.0,0.0013088299658753825919787887715027499843,0.00042578939584615578793906838446040406268
0.30999999999999999777955395074968691915,0.99836596060193719731110387932527588223,0.0,0.001290089878988657776929207080711306306,0.00042275036316692273956224078652798540052
0.31500000000000000222044604925031308085,0.99839741599306725008952057466071995732,0.0,0.0012714844037725800914987328454270243883,0.00041971130352840575194720634153811516619
0.32000000000000000666133814775093924254,0.99842243747377068296824336237624839968,0.0,0.0012530135553130898333690878999306996194,0.00041667221693024608945783567086967956996
0.32500000000000001110223024625156540424,0.99844242738464205693576029915434165996,0.0,0.001234677348587802150726015826252836952,0.00041363310337208501009324936594958942732
0.33000000000000001554312234475219156593,0.99846228649492571103399313305056998906,0.0,0.0012164757984659767309945049198337973361,0.00041059396285356376548767683199957892775
0.33500000000000001998401444325281772763,0.99848201478942224018486970509316315381,0.0,0.0011984089197084877064504666765791412604,0.00040755479537432360091031512802634288943
0.34000000000000002442490654175344388932,0.99850161225303748854977527561899276912,0.0,0.0011804767269677937768223763970823474079,0.00040451560093400575526518780305489587968
0.34499999999999997335464740899624302983,0.99852107887078257928658819340427123031,0.0,0.0011626792347879087458396399866905763772,0.00040147637953225149483328916758194637118
0.34999999999999997779553950749686919153,0.9985404146277739451744049357522014031,0.0,0.0011526092525937789145349724788982484472,0.0003984371311687019783036007044377395007
0.35499999999999998223643160599749535322,0.99855961950923335686763171273519722353,0.0,0.0011437531822310335038376956063679424353,0.00039539785584299845922576451744304879004
0.35999999999999998667732370449812151492,0.99857869350048795310179040399313206264,0.0,0.001134896954825924293556818959796752864,0.00039235855355478215104169840289018394816
0.36499999999999999111821580299874767661,0.99859763658697026960545376892109941102,0.0,0.0011260405703742740603272507739299873124,0.00038931922430369426082744077190081503703
0.36999999999999999555910790149937383831,0.99861644875421826801784395115083336865,0.0,0.0011171840288719054326340681727915553603,0.00038627986808937598929300946411621299652
0.375,0.99863512998787536459513699917664307944,0.0,0.0011083273303146408908059492401206711085,0.00038324048491146853078226055762989540918
0.38000000000000000444089209850062616169,0.99865368027369045870536615219034845424,0.0,0.0010994704746983027670086047403940671553,0.00038020107476961307327274717516256084822
0.38500000000000000888178419700125232339,0.99867209959751796111181742760096827426,0.0,0.0010906134620187132452382094904120325368,0.00037716163766345079837557828647919510999
0.39000000000000001332267629550187848508,0.99869038794531782204481183476708448032,0.0,0.0010817562922716943613148333814265860993,0.00037412217359262288133527750704823265874
0.39500000000000001776356839400250464678,0.99870316468443237366516032788449442607,0.0,0.0010728989654530680028758720517900949081,0.00037108268255677049102964189294265659524
0.40000000000000002220446049250313080847,0.99871182590738377237433290570191675802,0.0,0.0010640414815586559093694772101026458014,0.00036804316455553478996960073198292045874
0.40500000000000002664535259100375697017,0.99872048728393461386720582062868825747,0.0,0.0010551838405842796720479866088364768429,0.00036500361958855693429907433112157516536
0.40999999999999997557509345824655611068,0.99872914881408898401760365925183035997,0.0,0.0010463260425257608323035391965173621526,0.00036196404765547810754100994441404848357
0.41499999999999998001598555674718227237,0.99873781049785096913276376130933126245,0.0,0.0010374680873789204882945063337419902132,0.00035892444875593938561283136534646138057
0.41999999999999998445687765524780843407,0.99874647233522465537636883288173392392,0.0,0.001028609975139579884986801771377542443,0.00035588482288958193930246240348111237394
0.42499999999999998889776975374843459576,0.99875513432621412915320087504956462936,0.0,0.0010197517058035600207838001824126635781,0.00035284517005604689928437524097530013827
0.42999999999999999333866185224906075746,0.99876379647082347701298616067239952751,0.0,0.0010108932793666817458602069082268280851,0.00034980549025497538986532695966304784676
0.43499999999999999777955395074968691915,0.99877245876905678565040166089007385472,0.0,0.0010020346958247657621554858346214833848,0.00034676578348600852898421830588751010388
0.44000000000000000222044604925031308085,0.99878112122091814190508147196581811604,0.0,0.00099317595517363262336728691817635614904,0.00034372604974878742821195245157426802903
0.44500000000000000666133814775093924254,0.99878978382641163276162324247134226878,0.0,0.00098431705740910273494487336290921599658,0.00034068628904295319275129375154539576536
0.45000000000000001110223024625156540424,0.99879844658554134534959460081388929533,0.0,0.00097545800252699635408254844721738931318,0.00033764650136814692143672649707418168561
0.45500000000000001554312234475219156593,0.99880710949831136694353958310527927846,0.0,0.00096659879052313358971308200107931447045,0.00033460668672400970673431366568038754983
0.46000000000000001998401444325281772763,0.99881577256472578496298506137296529115,0.0,0.00095773942139333440250113653349442811605,0.00033156684511018263474155566716592888372
0.46500000000000002442490654175344388932,0.99882443578478868697244717211312223084,0.0,0.00094887989513341860483669301013967066015,0.00032852697652630678518724908589085982918
0.46999999999999997335464740899624302983,0.99883309915850416058525412252903462661,0.0,0.00094002021173920595919159351870517062138,0.00032548708097202326518111550466845039681
0.47499999999999997779553950749686919153,0.99884176268587629384828540444103069011,0.0,0.0009311603712065157846622420077456315056,0.00032244715844697307421487933565943752582
0.47999999999999998223643160599749535322,0.99885042636690917466488160574279652299,0.0,0.00092230037353116754713649865388558370853,0.00031940720895079730665984875466583514805
0.48499999999999998667732370449812151492,0.99885909020160689117958021317768486336,0.0,0.00091344021870898046583986902965106729547,0.00031636723248313701676859239184217418632
0.48999999999999999111821580299874767661,0.99886775418997353168194012585445292874,0.0,0.00090457990673577361169030080501741913365,0.00031332722904363325242426870688152912604
0.49499999999999999555910790149937383831,0.99887641833201318460654808585299528773,0.0,0.00089571943760736590729160742590945852303,0.00031028719863192705514048470873087782529
0.50,0.99888508262772993853302510917225834042,0.0,0.00088685881131957612692689144276626583504,0.0003072471412476594600611546715459484489
0.50500000000000000444089209850062616169,0.99889374707712788218603291702035776359,0.0,0.00087799802786822289655196748914883019396,0.00030420705689047149596035884688543678023
0.51000000000000000888178419700125232339,0.99890241168021110443528036744692005774,0.0,0.00086913708724912469378878491036884025973,0.00030116694556000418524220217214447710254
0.51500000000000001332267629550187848508,0.99891107643698369429552988731766950154,0.0,0.00086027598945809984791885004211689101578,0.00029812680725589854394067297522724988171
0.52000000000000001776356839400250464678,0.99891974134744974092660390463128176217,0.0,0.00085141473449096653987664813906837767089,0.00029508664197779558171950167545860944853
0.52500000000000002220446049250313080847,0.9989284064116133336333912811785254077,0.0,0.00084255332234354280224306495344534636227,0.00029204644972533630187201948073461489075
0.53000000000000002664535259100375697017,0.99893707162947856186585374554371254283,0.0,0.00083369175301164651923880796351256976097,0.0002890062304981617013210170809118473578
0.53500000000000003108624468950438313186,0.99894573700104951521903232644847982993,0.0,0.00082483002649109542671782725198611416719,0.00028596598429591277061860333743539697146
0.54000000000000003552713678800500929356,0.99895440252633028343305378643792121465,0.0,0.00081596814277770711216073603433266308684,0.00028292571111823049394606396920540253508
0.54500000000000003996802888650563545525,0.99896306820532495639313705590909347193,0.0,0.00080710610186729901466823083693786082488,0.00027988541096475584911372023468202723219
0.55000000000000004440892098500626161695,0.99897173403803762412959966748191598804,0.0,0.00079824390375568842495451132512193801505,0.00027684508383512980756078761022875350481
0.55500000000000004884981308350688777864,0.998980400024472376817864190712485911,0.0,0.00078938154843869248534069978098087946848,0.00027380472972899333435523446469388027574
0.56000000000000005329070518200751394033,0.99898906616463330477846466714883001889,0.0,0.00078051903591212818974826023103139323214,0.00027076434864598738819364073023010570758
0.56499999999999994670929481799248605967,0.99899773245852449828462095862660055817,0.0,0.00077165636617181258048496278481259353901,0.00026772394058575298891197673397627961213
0.56999999999999995115018691649311222136,0.99900639890615004833197011778596204716,0.0,0.00076279353921356196107161080324208788933,0.00026468350554793094744238022961983582091
0.57499999999999995559107901499373838305,0.99901001856493309224785849338330818127,0.0,0.00075393055503319307698025947788064690675,0.00026164304353216227087673897235645136331
0.57999999999999996003197111349436454475,0.99901001856493309224785849338330818127,0.0,0.00074506741362652232846792408469585564438,0.00025860255453808789242466578051001197943
0.58499999999999996447286321199499070644,0.99901001856493309224785849338330818127,0.0,0.00073620411498936596735905202859683790769,0.00025556203856534873892367833337391027877
0.58999999999999996891375531049561686814,0.99901001856493309224785849338330818127,0.0,0.00072734065911754009703893986944538213877,0.00025252149561358573083905781945668815374
0.59499999999999997335464740899624302983,0.99901001856493309224785849338330818127,0.0,0.00071847704600686067244714999771863732676,0.00024948092568243978226370758096494683616
0.59999999999999997779553950749686919153,0.99901001856493309224785849338330818127,0.0,0.00070961327565314350007092695980162544815,0.00024644032877155180091801175452340775244
0.60499999999999998223643160599749535322,0.99901001856493309224785849338330818127,0.0,0.00070074934805220423793861343288781540134,0.00024339970488056268814969390813200730612
0.60999999999999998667732370449812151492,0.99901001856493309224785849338330818127,0.0,0.0006918852631998583956130658494660018497,0.00024035905400911333893367567435990871916
0.61499999999999999111821580299874767661,0.99901001856493309224785849338330818127,0.0,0.00068302102109192133418506967137173090181,0.00023731837615684464187193537977631408589
0.61999999999999999555910790149937383831,0.99901001856493309224785849338330818127,0.0,0.00067415662172420826626675431338151289939,0.00023427767132339747919336667061795973137
0.625,0.99901001856493309224785849338330818127,0.0,0.00066529206509253425598500771632806118769,0.00023123693950841272675363713469317803029
0.63000000000000000444089209850062616169,0.99901001856493309224785849338330818127,0.0,0.00065642735119271421897489056971479404777,0.00022819618071153125403504691952240877959
0.63500000000000000888178419700125232339,0.99901001856493309224785849338330818127,0.0,0.00064756248002056292237305018380783552923,0.00022515539493239392414638734671504325289
0.64000000000000001332267629550187848508,0.99901001856493309224785849338330818127,0.0,0.00063869745157189498481113401118374935801,0.00022211458217064159382279952258248404197
0.64500000000000001776356839400250464678,0.99901001856493309224785849338330818127,0.0,0.00062983226584252487640920281771123851101,0.00021907374242591511342563294498730379213
0.65000000000000002220446049250313080847,0.99901001856493309224785849338330818127,0.0,0.00062096692282826691876914350294504152825,0.00021603287569785532694230410642838593075
0.65500000000000002664535259100375697017,0.99901001856493309224785849338330818127,0.0,0.00061210142252493528496808156991025512292,0.00021299198198610307198615509336193049188
0.66000000000000003108624468950438313186,0.99901001856493309224785849338330818127,0.0,0.00060323576492834399955179324425531103257,0.0002099510612902991797963121817582081235
0.66500000000000003552713678800500929356,0.99901001856493309224785849338330818127,0.0,0.00059436995003430693852811724275183356989,0.00020691011361008447523754442889394537161
0.67000000000000003996802888650563545525,0.99901001856493309224785849338330818127,0.0,0.00058550397783863782936036619111960276888,0.00020386913894509977680012226138022432541
0.67500000000000004440892098500626161695,0.99901001856493309224785849338330818127,0.0,0.00057663784833715025096073769115484644711,0.00020082813729498589659967605942577970097
0.68000000000000004884981308350688777864,0.99901001856493309224785849338330818127,0.0,0.00056777156152565763368372503714008302629,0.00019778710865938364037705473733557644662
0.68500000000000005329070518200751394033,0.99901001856493309224785849338330818127,0.0,0.00055890511739997325931952758151373531852,0.00019474605303793380749818432024455093674
0.68999999999999994670929481799248605967,0.99901001856493309224785849338330818127,0.0,0.00055003851595591045796730883309692494453,0.00019170497043027725847982474297596649795
0.69499999999999995115018691649311222136,0.99901001856493309224785849338330818127,0.0,0.00054117175718928182051270709712014273353,0.00018866386083605464488643474181348699519
0.69999999999999995559107901499373838305,0.99901001856493309224785849338330818127,0.0,0.00053230484109590037988985345389312193919,0.00018562272425490681448362210487358486492
0.70499999999999996003197111349436454475,0.99901001856493309224785849338330818127,0.0,0.00052343776767157882356586812961038254995,0.0001825815606864745411362069926478148119
0.70999999999999996447286321199499070644,0.99901001856493309224785849338330818127,0.0,0.00051457053691212969041062397510458365562,0.00017954037013039859233337950364977005091
0.71499999999999996891375531049561686814,0.99901001856493309224785849338330818127,0.0,0.0005057031488133653706901547266173019821,0.0001764991525863197291885582285573493385
0.71999999999999997335464740899624302983,0.99901001856493309224785849338330818127,0.0,0.0004968356033710981060600629156770799,0.00017345790805387870643924880058936898288
0.72499999999999997779553950749686919153,0.99901001856493309224785849338330818127,0.0,0.00048796790058113998955892742806295082858,0.00017041663653271627244690244211640288183
0.72999999999999998223643160599749535322,0.99901001856493309224785849338330818127,0.0,0.00047910004043930296560171071183164833288,0.00016737533802247316919677450750573361614
0.73499999999999998667732370449812151492,0.99901001856493309224785849338330818127,0.0,0.00047023202294139882997316563438670374169,0.00016433401252279013229778302220029762859
0.73999999999999999111821580299874767661,0.99901001856493309224785849338330818127,0.0,0.0004613638480832392298212419885676355023,0.00016129266003330789098236721803150752183
0.74499999999999999555910790149937383831,0.99901001856493309224785849338330818127,0.0,0.0004524955158606356636504926477374320076,0.00015825128055366716810634606476583449493
0.75,0.99901001856493309224785849338330818127,0.0,0.00044362702626939948131547936984652799033,0.00015520987408350868014877679788503393175
0.75500000000000000444089209850062616169,0.99901001856493309224785849338330818127,0.0,0.0004347583793053418840141782504514731586,0.00015216844062247313721181344259989716862
0.76000000000000000888178419700125232339,0.99901001856493309224785849338330818127,0.0,0.00042588957496427392428138482466649005857,0.00014912698017020124302056533409741243717
0.76500000000000001332267629550187848508,0.99901001856493309224785849338330818127,0.0,0.00041702061324200650598211881802611672235,0.00014608549272633369492295563402121799749
0.77000000000000001776356839400250464678,0.99901001856493309224785849338330818127,0.0,0.00040815149413435038430502854623712803944,0.00014304397829051118388957984318523046253
0.77500000000000002220446049250313080847,0.99901001856493309224785849338330818127,0.0,0.00039928221763711616575579496379792827018,0.00014000243686237439451356431052033130846
0.78000000000000002664535259100375697017,0.99901001856493309224785849338330818127,0.0,0.0003904127837461143081505353614636055642,0.00013696086844156400501042473825399456736
0.78500000000000003108624468950438313186,0.99901001856493309224785849338330818127,0.0,0.00038154319245715512060920671253483780359,0.00013391927302772068721792468332273869189
0.79000000000000003552713678800500929356,0.99901001856493309224785849338330818127,0.0,0.00037267344376604876354900866794883752848,0.00013087765062048510659593405501728557476
0.79500000000000003996802888650563545525,0.99901001856493309224785849338330818127,0.0,0.00036380353766860524867778620015052219483,0.00012783600121949792222628760886030970911
0.80000000000000004440892098500626161695,0.99901001856493309224785849338330818127,0.0,0.00035493347416063443898743189572209437831,0.00012479432482439978681264343671666046021
0.80500000000000004884981308350688777864,0.99901001856493309224785849338330818127,0.0,0.00034606325323794604874728789674921512307,0.00012175262143483134668034145313594042729
0.81000000000000005329070518200751394033,0.99901001856493309224785849338330818127,0.0,0.00033719287489634964349754749090195194881,0.00011871089105043324177626187792732286338
0.81499999999999994670929481799248605967,0.99901001856493309224785849338330818127,0.0,0.00032832233913165483700986506321884670211,0.00011566913367084617320956498725289076718
0.81999999999999995115018691649311222136,0.99901001856493309224785849338330818127,0.0,0.00031945164593967050341541776606523573271,0.00011262734929571063308862392509887997348
0.82499999999999995559107901499373838305,0.99901001856493309224785849338330818127,0.0,0.00031058079531620595899107152268464835558,0.00010958553792466730976437253951110942048
0.82999999999999996003197111349436454475,0.99901001856493309224785849338330818127,0.0,0.00030170978725707017429443307742932314632,0.00010654369955735681766843702172603561142
0.83499999999999996447286321199499070644,0.99901001856493309224785849338330818127,0.0,0.00029283862175807197112096300059851221946,0.00010350183419341976485327622459326226694
0.83999999999999996891375531049561686814,0.99901001856493309224785849338330818127,0.0,0.00028396729881502002249737517034980363224,0.00010045994183249675299204012254133419689
0.84499999999999997335464740899624302983,0.99901001856493309224785849338330818127,0.0,0.0002750958184237228526750359031724461051,9.7418022474228377378428267774950892794e-05
0.84999999999999997779553950749686919153,0.99901001856493309224785849338330818127,0.0,0.00026622418057998883712336273290084526701,9.4376076118255226926548242703482780942e-05
0.85499999999999998223643160599749535322,0.99901001856493309224785849338330818127,0.0,0.00025735238527962620252322283824639900707,9.1334102764217884170774108600673060684e-05
0.85999999999999998667732370449812151492,0.99901001856493309224785849338330818127,0.0,0.000248480432518443026760331118825838064,8.829210241175692526560485049540806335e-05
0.86499999999999999111821580299874767661,0.99901001856493309224785849338330818127,0.0,0.00023960832229224723891864791966423634928,8.5250075060512919985522818293439046493e-05
0.86999999999999999555910790149937383831,0.99901001856493309224785849338330818127,0.0,0.00023073605459684661927377640415085399756,8.2208020710126431724852164129938350115e-05
0.875,0.99901001856493309224785849338330818127,0.0,0.00022186362942804879928635957542597457285,7.9165939360238017497617275952772824695e-05
0.88000000000000000444089209850062616169,0.99901001856493309224785849338330818127,0.0,0.00021299104678166126159547694617689630117,7.6123831010488227937401207336377440767e-05
0.88500000000000000888178419700125232339,0.99901001856493309224785849338330818127,0.0,0.00020411830665349134001204085682123567628,7.3081695660517607297204103526111993092e-05
0.89000000000000001332267629550187848508,0.99901001856493309224785849338330818127,0.0,0.00019524540903934621951219244205570019229,7.0039533309966693449301623712983794764e-05
0.89500000000000001776356839400250464678,0.99901001856493309224785849338330818127,0.0,0.0001863723539350329362306972457484854519,6.6997343958476017885103359538619261781e-05
0.90000000000000002220446049250313080847,0.99901001856493309224785849338330818127,0.0,0.00017749914133635837745434048415345031177,6.3955127605686105715011249830367283707e-05
0.90500000000000002664535259100375697017,0.99901001856493309224785849338330818127,0.0,0.00016862577123912928161532195742422219742,6.0912884251237475668277991566417269128e-05
0.91000000000000003108624468950438313186,0.99901001856493309224785849338330818127,0.0,0.00015975224363915223828465060940638315828,5.7870613894770640092865447070814749413e-05
0.91500000000000003552713678800500929356,0.99901001856493309224785849338330818127,0.0,0.00015087855853223368816553873568588568531,5.4828316535926104955303047438257426438e-05
0.92000000000000003996802888650563545525,0.99901001856493309224785849338330818127,0.0,0.00014200471591417992308679583987184576375,5.1785992174344369840546192188554538369e-05
0.92500000000000004440892098500626161695,0.99901001856493309224785849338330818127,0.0,0.00013313071578079708599622213809185907918,4.8743640809665927951834645150632419036e-05
0.93000000000000004884981308350688777864,0.99901001856493309224785849338330818127,0.0,0.00012425655812789117095400171167798474313,4.5701262441531266110550926575969116201e-05
0.93500000000000005329070518200751394033,0.99901001856493309224785849338330818127,0.0,0.00011538224295126802312609530802153935938,4.2658857069580864756078701481340939516e-05
0.93999999999999994670929481799248605967,0.99901001856493309224785849338330818127,0.0,0.00010650777024673353583226029140147616417,3.9616424693455265501530470247967147908e-05
0.94499999999999995115018691649311222136,0.99901001856493309224785849338330818127,0.0,9.7633140010092862324430694797306432724e-05,3.6573965312794800910728350431409154216e-05
0.94999999999999995559107901499373838305,0.99901001856493309224785849338330818127,0.0,8.8758352237151598097380183241629638704e-05,3.353147892723999983147942258512307381e-05
0.95499999999999996003197111349436454475,0.99901001856493309224785849338330818127,0.0,7.9883406923714992674097139525158137717e-05,3.0488965536431317173755738796824013392e-05
0.95999999999999996447286321199499070644,0.99901001856493309224785849338330818127,0.0,7.1008304065588146650305338538877207653e-05,2.7446425140009201464822381068836951623e-05
0.96499999999999996891375531049561686814,0.99901001856493309224785849338330818127,0.0,6.2133043658576011687854636682613343121e-05,2.4403857737614094849095827034254773057e-05
0.96999999999999997335464740899624302983,0.99901001856493309224785849338330818127,0.0,5.3257625698483390508111309289369144971e-05,2.1361263328886433088002311901588167447e-05
0.97499999999999997779553950749686919153,0.99901001856493309224785849338330818127,0.0,4.4382050181114936885348036043555186046e-05,1.8318641913466645559836186627790223276e-05
0.97999999999999998223643160599749535322,0.99901001856493309224785849338330818127,0.0,3.5506317102275155640133534371247707009e-05,1.5275993490995155259618272319538546092e-05
0.98499999999999998667732370449812151492,0.99901001856493309224785849338330818127,0.0,2.6630426457768402632721840780599430124e-05,1.2233318061112378798954210862657722281e-05
0.98999999999999999111821580299874767661,0.99901001856493309224785849338330818127,0.0,1.7754378243398884756441240130529225503e-05,9.1906156234587264058928117795649490608e-06
0.99499999999999999555910790149937383831,0.99901001856493309224785849338330818127,0.0,8.8781724549706599310828428058148185754e-06,6.1478861776746019247843953146216450694e-06
1.0,0.99901001856493309224785849338330818127,0.0,9.08930270962956308623397079314199067e-09,3.1051297234004028161391317472738522801e-06
