value,sup,dur,Y,S
0.0,7.5683825683497171666437808426727363966e-61,129.0,0.99604126356473749881158068547698459464,0.88888399640339364567959965223036112879
0.0050000000000000001040834085586084256647,1.8960393087847613231681117500238129555e-57,129.0,0.995756319569051542393063860699047954,0.88856099889897479163532270114515432554
0.010000000000000000208166817117216851329,8.2904280090409377645083445649319053701e-53,129.0,0.99547084211574350169372477744589898609,0.88807799859199651447917449807504187026
0.014999999999999999444888487687421729788,4.1026439628559972836740027087573742019e-47,129.0,0.99517604006374616913405946904958620228,0.8874275120862198017814155615917389401
0.020000000000000000416333634234433702659,1.1874443933679048010873662572624115619e-42,128.0,0.99487631406427113398121910703200534901,0.88728667301996631613781395229285573905
0.02500000000000000138777878078144567553,2.4180858327764640694728917885544184788e-39,128.0,0.99456779034230255052526264620841586301,0.88704780508958441556971331314573660928
0.029999999999999998889776975374843459576,8.9877621469323425800535415161353828483e-37,128.0,0.99424610951480362433866678535621413289,0.88661950274146485180159825838839464982
0.035000000000000003330669073875469621271,1.0458577001410056397168916908332842758e-34,128.0,0.99391079278360822380866306292017858913,0.8859922641245585176036605415470170446
0.040000000000000000832667268468867405318,5.3415116607009933068234772571619357216e-33,128.0,0.99356122626280083763592761669556388637,0.88549618210645879934144862749911024605
0.044999999999999998334665463062265189365,1.4890709939649266139831273952673498374e-31,123.0,0.99319661973135599075010797991512066506,0.88527283467683775771995629683535335116
0.050000000000000002775557561562891351059,2.6241206990585606685805324852079261503e-30,116.0,0.99281595806632796276577343024924490882,0.88482295170683863555069427246063769113
0.055000000000000000277555756156289135106,3.2379816569500771417261552841061072839e-29,109.0,0.99241794445348236166506637315463280464,0.88413449482236289273465509439129347825
0.059999999999999997779553950749686919153,3.0413046657532763748841518501777919602e-28,104.0,0.99200093428347896822341020246397261665,0.88355801256122709751212464225031966654
0.065000000000000002220446049250313080847,2.2827012398313144933560614045453681365e-27,99.0,0.99156285837259359213203586125445985934,0.88324845360275761367972939057200868744
0.070000000000000006661338147750939242542,1.4393022144243177601891767232580427313e-26,94.0,0.99110113377666554975672526583547122166,0.88266494449957915189011001463695912646
0.074999999999999997224442438437108648941,7.8929903387076742428220701676709134758e-26,90.0,0.99061255997447784391153065727710401859,0.88179214826016433603194365923670026395
0.080000000000000001665334536937734810635,3.832501097778842907350492140736129983e-25,87.0,0.99009319756191477432794057588809313566,0.8813877884844988614776391968479536559
0.08500000000000000610622663543836097233,1.7025050285313037035515435132049702172e-24,83.0,0.98955019234663291504922875450973216696,0.88084573685217435629478432713093573584
0.089999999999999996669330926124530378729,6.9880156999606179264701881665084780902e-24,81.0,0.98899837349727633742291775299349946727,0.87996846783940555918437345540532685431
0.095000000000000001110223024625156540424,2.6839990798953657529265863866938461457e-23,79.0,0.98841108963597537449938720040463321932,0.87930632448152861900480500724126157559
0.10000000000000000555111512312578270212,9.791537685159049460808776906147288538e-23,77.0,0.98778197920033038733747773367481587374,0.87871642418602171007496957851322513236
0.10499999999999999611421941381195210852,3.4496702427437814541651105357306767429e-22,74.0,0.98710325995068016392733402613566845574,0.87773522700884014626558764240423383681
0.11000000000000000055511151231257827021,1.1622665630712373727355579316279136117e-21,73.0,0.98638488021058057361397218309127395288,0.87699517682807811944404633750835684152
0.11500000000000000499600361081320443191,3.8548109316977158782667338188994736135e-21,72.0,0.9856668805042604691992680837233952039,0.87623560715617060778482652596076501486
0.11999999999999999555910790149937383831,1.2322746543668620256471891644360998769e-20,70.0,0.98488670027638194117403734077219157713,0.87501553769288577418943040467767522932
0.125,3.8988695925833383291782538510566581887e-20,69.0,0.98403125950278307229047475617343633126,0.87434635993172067814697990107979480327
0.13000000000000000444089209850062616169,1.2205556578948741802526780782693161096e-19,67.0,0.98314148185363896922125419075776945472,0.87325387386337789844912176621637104864
0.13500000000000000888178419700125232339,3.7823059795040559155009087542840144351e-19,66.0,0.9822304963240283730624740285135064735,0.87215254674283967179275342664232260253
0.14000000000000001332267629550187848508,1.1607695417828294053543439324195007679e-18,66.0,0.98121867460738323796138611426051005863,0.8711217905170806354746926555938065451
0.14499999999999999000799277837359113619,3.5368452533016439199212315277162093111e-18,65.0,0.98013707651149589350132152210609887168,0.86970780107357791450738452209558634151
0.14999999999999999444888487687421729788,1.0744535612498761855972273839285001276e-17,64.0,0.97904645131968218008963806723239621258,0.8686538544265550561096544810142060766
0.15499999999999999888977697537484345958,3.2530217810179387816190243110334298019e-17,63.0,0.9778139430305672779310460715184068148,0.86702666724263194848244066930960471152
0.16000000000000000333066907387546962127,9.8590691672753803701006096003594816499e-17,63.0,0.97654524589482325627678770608989381911,0.86584212413802327907446630939455275134
0.16500000000000000777156117237609578297,3.0012482427086664549432252831739422037e-16,62.0,0.97519032255753446419842052738275026121,0.86407618950491693584542526279225841639
0.17000000000000001221245327087672194466,9.2089723078890754593705105150642181445e-16,63.0,0.97368695544151033828541376581256933175,0.86262688645023586893080805334531925459
0.17499999999999998889776975374843459576,2.8582810035008427007212922616911126506e-15,62.0,0.97217400617686703667603617623089544562,0.86076637780222118386052530930026214848
0.17999999999999999333866185224906075746,8.8843308376287308679386429264155610384e-15,62.0,0.97043304039196034219952355583446874396,0.85888571619047696453013119067843734208
0.18499999999999999777955395074968691915,2.7882005078886796578682534814866174605e-14,62.0,0.96870999146944008089306605938610325918,0.85693880597659712264349567103699797024
0.19000000000000000222044604925031308085,8.9307217841456235894620933278857628186e-14,61.0,0.96672559035590436771554994691329737416,0.85453510449615691932767907067973923947
0.19500000000000000666133814775093924254,2.8867320976814883703548235830890098954e-13,61.0,0.96471506451434702219976883781924870518,0.85235177235809248765969019572457234778
0.20000000000000001110223024625156540424,9.4790977148016490912090721806233419252e-13,61.0,0.96247294401033196054143894548087132839,0.84985690420535352679471611562444537089
0.20499999999999998778754672912327805534,3.1992319506948278066785314519305268238e-12,60.0,0.96005930115640031512755030077571213186,0.84699069825779649008817898893215963755
0.20999999999999999222843882762390421703,1.0864057829252773744067160389602466555e-11,61.0,0.95752744660667940355172657127984210345,0.84395542723075712640981916582280785073
0.21499999999999999666933092612453037873,3.8104669371970334986354300923906960372e-11,60.0,0.95470446869082019841989714832197167324,0.84085994928308487207689761653450883446
0.22000000000000000111022302462515654042,1.3577299924114178871911045527658716451e-10,59.0,0.95165132680385635460161559784301027845,0.83739678641776851521268309896922393467
0.22500000000000000555111512312578270212,4.9691534937532998500946333874908238835e-10,58.0,0.9484492820240752290511757675545724223,0.83357688419939526549395086081394774003
0.23000000000000000999200722162640886381,1.862028564472133117121160512948049669e-09,57.0,0.94492751280673297864603358141754915231,0.8293968920512394290727305885099168393
0.23499999999999998667732370449812151492,7.1155428871297930667227289728623555891e-09,55.0,0.94107711467064315685342592603119707201,0.82483792576261522802319843238486013492
0.23999999999999999111821580299874767661,2.7964393153572015250941238678473476209e-08,53.0,0.93688236475033156468432309128819981275,0.81986397148031192836447787205922347423
0.24499999999999999555910790149937383831,1.1083968051423419052992430068335701232e-07,50.0,0.93231836797227069081822620003294039677,0.81441978679606569520857188869640376837
0.25,4.4914982494653017894967235158932872603e-07,48.0,0.92734797652845565818134116218660860548,0.80842811026811972724574697386528141435
0.25500000000000000444089209850062616169,1.8246961472922566349330459616170490075e-06,45.0,0.92191782856170909361331255301422558469,0.80178594227199042901176914820820953801
0.26000000000000000888178419700125232339,7.3961022660774485542187797863668404136e-06,41.0,0.91595326863373058591673941714673971456,0.79443844923271554802159952449920228314
0.26500000000000001332267629550187848508,2.9624197251783560479184680888873345406e-05,37.0,0.9093518019802378383492168718620185752,0.78660148006560336536543880862151075646
0.27000000000000001776356839400250464678,0.00011368433604804181653716638166713029329,33.0,0.90215427068840619191892065483741669465,0.77770764582846436929284321844885246168
0.27500000000000002220446049250313080847,0.00040658150743596487612229539042337821128,28.0,0.89424419835564347641640825968994634685,0.7680459117938761725844169810203575525
0.28000000000000002664535259100375697017,0.0013017158760229221805526183958798840471,23.0,0.88543380384754751000090718537910476845,0.75713826166415479137838972234980931078
0.28499999999999997557509345824655611068,0.0035653522823927868710099820906646388858,17.0,0.87568752034106589455830570874489076552,0.74532030023928619282910772766605019101
0.28999999999999998001598555674718227237,0.0081335794700706295890184961607691867716,8.0,0.86494971961916922760243565546597788479,0.73216170048012235491349588508927952971
0.29499999999999998445687765524780843407,0.015624735886350058551492919619647903436,0.0,0.85295866924681353368254594101443109525,0.71753469219008996340212565754426202019
0.29999999999999998889776975374843459576,0.026152084718212226160040190862006219333,0.0,0.83955243821684483278227942811996544687,0.70125362919977720347262407944387114739
0.30499999999999999333866185224906075746,0.039505215946880890869988491760840482832,0.0,0.82464701365375442706545280696078987553,0.68345488957496972039291681069623643241
0.30999999999999999777955395074968691915,0.055690674886373809718376594602206582213,0.0,0.80791815857001481506525170112255426756,0.6635348102904175142732807653968188429
0.31500000000000000222044604925031308085,0.074743856700361004324488126156243459804,0.0,0.78920064304147486034014831233828875051,0.64155795780054228664840293789035505864
0.32000000000000000666133814775093924254,0.09662311253686883772147927926569050851,0.0,0.7680992709998317690760499246997297863,0.61735799105695466004264031433997439423
0.32500000000000001110223024625156540424,0.12175505534143866931595194768027983207,0.0,0.74446395560869507675717512895285969482,0.59053061353469639165065594627033938701
0.33000000000000001554312234475219156593,0.150433168278724750484144810890956953,0.0,0.7177759503702876120545840969440872034,0.56116110340050201230831194735200233285
0.33500000000000001998401444325281772763,0.18302985663670906268438858033192954088,0.0,0.68765768487577203877981556691955098086,0.52897881393548377208536588149739858786
0.34000000000000002442490654175344388932,0.22013456077289587629154573262915528502,0.0,0.65381966262322526173603949516770197742,0.49388197585120966443766393129611857547
0.34499999999999997335464740899624302983,0.26222952518122587831784762180606340595,0.0,0.61572492641165800960818925422079199089,0.45592834195144405752225886890159665943
0.34999999999999997779553950749686919153,0.30982357112685957052659332943996116481,0.0,0.57300887198857695623031453143495814807,0.41516700885463326584697232832124977469
0.35499999999999998223643160599749535322,0.363388343975642529243571714817437973,0.0,0.52534743896746363253780736864428165227,0.37181947680026492533895620083277377677
0.35999999999999998667732370449812151492,0.42319157102288265842522321456787874375,0.0,0.47259178771646082836905762461604341136,0.32640420661070107133713463574681257685
0.36499999999999999111821580299874767661,0.48921974237830055600552353284301814102,0.0,0.41487035378796666030087306557555160379,0.27948640162648975623749109648618358128
0.36999999999999999555910790149937383831,0.5632021798416053586971073942485760545,0.0,0.35246162607352376443454073372374246194,0.23077651456686298222632769625098687522
0.375,0.67136986335499744545098371804930335185,0.0,0.26672863913941930000871129026323648722,0.16536200750216600065852184004405497785
0.38000000000000000444089209850062616169,0.80341828141913330839018702139611909332,0.0,0.1597794465927006839767038446036343122,0.093412535127335681866654053231288727688
0.38500000000000000888178419700125232339,0.90952852673779556769756029683243601428,0.0,0.07274510163103690814955044263613018898,0.041198737544043568244881050861093081715
0.39000000000000001332267629550187848508,0.96592509220411605894158509183635470755,0.0,0.026647708082685648936714238885057516522,0.015244421116558203876847899054063069028
0.39500000000000001776356839400250464678,0.98846369522645191587207037432024349732,0.0,0.0085945267911947949189480009180695037386,0.0051737737543864682274656855112568565736
0.40000000000000002220446049250313080847,0.99622638008234432044607930842009349296,0.0,0.0025965415731516250445757060473763211819,0.0017252886739734108956409272395150178805
0.40500000000000002664535259100375697017,0.99863491094215227915870366584185831457,0.0,0.001108002501739881311334011924469555138,0.00062084651092197537371668276521173394547
0.40999999999999997557509345824655611068,0.99878191687228600867864575224176474,0.0,0.0010672623996871706241667005970657474959,0.0004989649610347601091248478968069389242
0.41499999999999998001598555674718227237,0.99881759532168477195257399036259717691,0.0,0.001042648319396779861806896461873722021,0.00049477488160535610874938600053461627228
0.41999999999999998445687765524780843407,0.99884209369987019128624396757466042413,0.0,0.0010249196857500640989310641345910849881,0.00049058476519791578713962549670437572483
0.42499999999999998889776975374843459576,0.99886054456219256960656769597902833415,0.0,0.0010143871674746229677768473253245646486,0.00048639461181194963763099913599199307194
0.42999999999999999333866185224906075746,0.99887884576223312823633656756362901974,0.0,0.0010055752951323319565938193535742849548,0.00048220442144696814491893402142372101311
0.43499999999999999777955395074968691915,0.99889048434716176790216800947672116931,0.0,0.00099676326733278888069905886103744812912,0.00047801419410248178505866098271070507399
0.44000000000000000222044604925031308085,0.99889919797957591166293739910302404398,0.0,0.00098795108407187988617079476448921765761,0.00047382392977800102546502394553641605128
0.44500000000000000666133814775093924254,0.99890791176571689075868045821570531905,0.0,0.00097913874534549097393315391008573128997,0.00046963362847303632491228929579694310631
0.45000000000000001110223024625156540424,0.99891662570558877332319708039771216685,0.0,0.00097032625114950799974975895639322035928,0.00046544329018709813353395523879399157996
0.45500000000000001554312234475219156593,0.99892533979919562763383059514761016472,0.0,0.00096151360147981667421732591857065340915,0.00046125291491969689282256115338042964569
0.46000000000000001998401444325281772763,0.99893405404654152211147409906876230983,0.0,0.0009527007963323025627592613736849807483,0.00045706250267034303562949694105822789065
0.46500000000000002442490654175344388932,0.99894276844763052532057678739360664794,0.0,0.00094388783570285108561925932713805491423,0.00045287205343854698616481237002863587924
0.46999999999999997335464740899624302983,0.99895148300246670587239843807485076864,0.0,0.00093507471958734761570100517765816815065,0.00044868156722381920652097451216963572422
0.47499999999999997779553950749686919153,0.99896019771105413281202142804849216283,0.0,0.00092626144798167708717906846646935633747,0.00044449104402567001057729528626650216785
0.47999999999999998223643160599749535322,0.99896891257339687503785110012209959712,0.0,0.00091744802088172458256396446602579629549,0.00044030048384360984314219757667316631236
0.48499999999999998667732370449812151492,0.99897762758949900168862436598987660071,0.0,0.000908634438283374941316498780840831546,0.00043610988667714909385846395792913804569
0.48999999999999999111821580299874767661,0.99898634275936458204666589862368918842,0.0,0.00089982070018251285768574369183997475606,0.00043191925252579814372658351580218670874
0.49499999999999999555910790149937383831,0.9989950580829976855378944658083683576,0.0,0.00089100680657502288070263298901837826327,0.00042772858138906736510456116104866512706
0.50,0.99900377356040238173182926401225559631,0.0,0.00088219275745678941417355646506346480205,0.00042353787326646712170772693812497909216
0.50500000000000000444089209850062616169,0.99900999486200640022110142178535692968,0.0,0.00087337855282369671667395406992178179433,0.00041934712815750776860854532885004629633
0.51000000000000000888178419700125232339,0.99900999486200640022110142178535692968,0.0,0.00086456419267162890154190972628914092885,0.00041515634606169965223642455101858878649
0.51500000000000001332267629550187848508,0.99900999486200640022110142178535692968,0.0,0.00085574967699646993687174480600310337153,0.00041096552697855311037752585196510295223
0.52000000000000001776356839400250464678,0.99900999486200640022110142178535692968,0.0,0.00084693500579410364550761126731686944321,0.00040677467090757847217457279707835105967
0.52500000000000002220446049250313080847,0.99900999486200640022110142178535692968,0.0,0.00083812017906041370503708445303363013541,0.00040258377784828605812666055326621837082
0.53000000000000002664535259100375697017,0.99900999486200640022110142178535692968,0.0,0.00082930519679128364778475554948043633649,0.0003983928478001861800890651673707798495
0.53500000000000003108624468950438313186,0.99900999486200640022110142178535692968,0.0,0.00082049005898259686080582370630064017693,0.00039420188076278914127305283953342045007
0.54000000000000003552713678800500929356,0.99900999486200640022110142178535692968,0.0,0.00081167476563023658587968781704396140149,0.00039001087673560523624568919150985300806
0.54500000000000003996802888650563545525,0.99900999486200640022110142178535692968,0.0,0.00080285931673008591950353796053323026311,0.00038581983571814475092964852993487771621
0.55000000000000004440892098500626161695,0.99900999486200640022110142178535692968,0.0,0.00079404371227802781288594650298685687841,0.00038162875770991796260302310453672718417
0.55500000000000004884981308350688777864,0.99900999486200640022110142178535692968,0.0,0.00078522795226994507194045886087607549355,0.00037743764271043513989913236130084104541
0.56000000000000005329070518200751394033,0.99900999486200640022110142178535692968,0.0,0.00077641203670172035727918392449601077099,0.00037324649071920654280633219058291412831
0.56499999999999994670929481799248605967,0.99900999486200640022110142178535692968,0.0,0.00076759596556923637996421444327450375162,0.00036905530173574251573132507005540931966
0.56999999999999995115018691649311222136,0.99900999486200640022110142178535692968,0.0,0.00075877973886837511847334992412728303976,0.0003648640757595531152457871121257557677
0.57499999999999995559107901499373838305,0.99900999486200640022110142178535692968,0.0,0.00074996335659501899323030486195202646758,0.00036067281279014866846471848024406979388
0.57999999999999996003197111349436454475,0.99900999486200640022110142178535692968,0.0,0.00074114681874505008357733949159631184782,0.00035648151282703940079471322235775032991
0.58499999999999996447286321199499070644,0.99900999486200640022110142178535692968,0.0,0.00073233012531435032352322454956081024266,0.00035229017586973552899644799558333429118
0.58999999999999996891375531049561686814,0.99900999486200640022110142178535692968,0.0,0.00072351327629880150173682966141318842956,0.00034809880191774726118449128401190922864
0.59499999999999997335464740899624302983,0.99900999486200640022110142178535692968,0.0,0.00071469627169428526154071138976912102199,0.00034390739097058479682711261146270722114
0.59999999999999997779553950749686919153,0.99900999486200640022110142178535692968,0.0,0.00070587911149668310090470094281944739633,0.00033971594302775832674609174918472394042
0.60499999999999998223643160599749535322,0.99900999486200640022110142178535692968,0.0,0.00069706179570187637243949154338250712568,0.00033552445808877803311652791850620682093
0.60999999999999998667732370449812151492,0.99900999486200640022110142178535692968,0.0,0.00068824432430574628339022545846068613045,0.00033133293615315408946664898843185624649
0.61499999999999999111821580299874767661,0.99900999486200640022110142178535692968,0.0,0.00067942669730417389563008068928020432064,0.00032714137722039666067762066818758369882
0.61999999999999999555910790149937383831,0.99900999486200640022110142178535692968,0.0,0.0006706089146930401256538573217931739137,0.00032294978129001590298335569471267074166
0.625,0.99900999486200640022110142178535692968,0.0,0.00066179097646822574457156353762095628917,0.00031875814836152196397032301509917278237
0.63000000000000000444089209850062616169,0.99900999486200640022110142178535692968,0.0,0.00065297288262561137810200128541784362214,0.00031456647843442498257735696397841150037
0.63500000000000000888178419700125232339,0.99900999486200640022110142178535692968,0.0,0.00064415463316107750656635161263409012408,0.00031037477150823508909546643585439982849
0.64000000000000001332267629550187848508,0.99900999486200640022110142178535692968,0.0,0.00063533622807050446488175965765731621931,0.0003061830275824624051676440523840433915
0.64500000000000001776356839400250464678,0.99900999486200640022110142178535692968,0.0,0.00062651766734977244255491930231130753806,0.00030199124665661704378867532460396228171
0.65000000000000002220446049250313080847,0.99900999486200640022110142178535692968,0.0,0.00061769895099476148367565748469122907235,0.00029779942873020910930494781010377705357
0.65500000000000002664535259100375697017,0.99900999486200640022110142178535692968,0.0,0.00060888007900135148691051817231427339505,0.00029360757380274869741426026514570280455
0.66000000000000003108624468950438313186,0.99900999486200640022110142178535692968,0.0,0.00060006105136542220549634599556476034584,0.00028941568187374589516563179173029521732
0.66500000000000003552713678800500929356,0.99900999486200640022110142178535692968,0.0,0.00059124186808285324723386954141270414801,0.00028522375294271078095911097960819243137
0.67000000000000003996802888650563545525,0.99900999486200640022110142178535692968,0.0,0.00058242252914952407448128430738486234611,0.00028103178700915342454558504323769658014
0.67500000000000004440892098500626161695,0.99900999486200640022110142178535692968,0.0,0.00057360303456131400414783531576727958811,0.00027683978407258388702658895368803887799
0.68000000000000004884981308350688777864,0.99900999486200640022110142178535692968,0.0,0.00056478338431410220768739938801833769174,0.00027264774413251222085411456548817206849
0.68500000000000005329070518200751394033,0.99900999486200640022110142178535692968,0.0,0.00055596357840376771109206707937132205259,0.00026845566718844846983041973842093410823
0.68999999999999994670929481799248605967,0.99900999486200640022110142178535692968,0.0,0.00054714361682618959072994095242455226341,0.0002642635532399027621918768407252543097
0.69499999999999995115018691649311222136,0.99900999486200640022110142178535692968,0.0,0.0005383234995772461899653067612159908449,0.00026007140228638493827344599580845915468
0.69999999999999995559107901499373838305,0.99900999486200640022110142178535692968,0.0,0.00052950322665281629420714459740152063874,0.00025587921432740510901025547589492882245
0.70499999999999996003197111349436454475,0.99900999486200640022110142178535692968,0.0,0.00052068279804877834753621250039852901744,0.00025168698936247328360371827862682946907
0.70999999999999996447286321199499070644,0.99900999486200640022110142178535692968,0.0,0.00051186221376101064853938681852013001359,0.00024749472739109946260455894004613318807
0.71499999999999996891375531049561686814,0.99900999486200640022110142178535692968,0.0,0.00050304147378539135030324210427395564956,0.00024330242841279363791262262605772935898
0.71999999999999997335464740899624302983,0.99900999486200640022110142178535692968,0.0,0.00049422057811779846040763066970349208,0.00023911009242706579277668421883681394374
0.72499999999999997779553950749686919153,0.99900999486200640022110142178535692968,0.0,0.00048539952675410984091926180175095873363,0.00023491771943342590179425739818040053342
0.72999999999999998223643160599749535322,0.99900999486200640022110142178535692968,0.0,0.00047657831969020320838528063762072709196,0.00023072530943138393091140371780279693861
0.73499999999999998667732370449812151492,0.99900999486200640022110142178535692968,0.0,0.00046775695692195613382684670012227428495,0.00022653286242044983742254167657489109919
0.73999999999999999111821580299874767661,0.99900999486200640022110142178535692968,0.0,0.00045893543844524604273271209297166520165,0.00022234037840013356997025578470709010705
0.74499999999999999555910790149937383831,0.99900999486200640022110142178535692968,0.0,0.00045011376425595021505279935603055535415,0.00021814785736994506854510562487575610756
0.75,0.99900999486200640022110142178535692968,0.0,0.00044129193434994578519177898046170517462,0.00021395529932939426448543490829298285201
0.75500000000000000444089209850062616169,0.99900999486200640022110142178535692968,0.0,0.00043246994872310974200264658377999503151,0.00020976270427799108047718052571955666334
0.76000000000000000888178419700125232339,0.99900999486200640022110142178535692968,0.0,0.00042364780737131892878029974477792873006,0.00020557007221524543055368159342094557686
0.76500000000000001332267629550187848508,0.99900999486200640022110142178535692968,0.0,0.00041482551029045004325511449830461173274,0.00020137740314066722009548849406616040208
0.77000000000000001776356839400250464678,0.99900999486200640022110142178535692968,0.0,0.00040600305747637963758652148987718896562,0.00019718469705376634583017191256933146415
0.77500000000000002220446049250313080847,0.99900999486200640022110142178535692968,0.0,0.00039718044892498411835658179010372543418,0.00019299195395405269583213186687384475129
0.78000000000000002664535259100375697017,0.99900999486200640022110142178535692968,0.0,0.00038835768463213974656356236889651157982,0.00018879917384103614952240673367888121975
0.78500000000000003108624468950438313186,0.99900999486200640022110142178535692968,0.0,0.00037953476459372263761551122945477361666,0.00018460635671422657766848226910820297612
0.79000000000000003552713678800500929356,0.99900999486200640022110142178535692968,0.0,0.00037071168880560876132383220199576778461,0.00018041350257313384238410062432103006617
0.79500000000000003996802888650563545525,0.99900999486200640022110142178535692968,0.0,0.00036188845726367394189685939721323586435,0.00017622061141726779712906935606485159191
0.80000000000000004440892098500626161695,0.99900999486200640022110142178535692968,0.0,0.00035306506996379385793343131944219783283,0.00017202768324613828670907043217001486473
0.80500000000000004884981308350688777864,0.99900999486200640022110142178535692968,0.0,0.00034424152690184404241646463950905609633,0.00016783471805925514727546923198593631105
0.81000000000000005329070518200751394033,0.99900999486200640022110142178535692968,0.0,0.00033541782807369988270652762724598419536,0.0001636417158561282063251235417587778301
0.81499999999999994670929481799248605967,0.99900999486200640022110142178535692968,0.0,0.0003265939734752368164660734952963392966,0.00015944867663626737580477721780013449467
0.81999999999999995115018691649311222136,0.99900999486200640022110142178535692968,0.0,0.00031776996310232954793383107758785301895,0.00015525560039918227969335243328230845174
0.82499999999999995559107901499373838305,0.99900999486200640022110142178535692968,0.0,0.00030894579695085322349196204234324473137,0.00015106248714438281262680084762051254578
0.82999999999999996003197111349436454475,0.99900999486200640022110142178535692968,0.0,0.00030012147501668264794736857311455243491,0.0001468693368713787674820397272486846377
0.83499999999999996447286321199499070644,0.99900999486200640022110142178535692968,0.0,0.00029129699729569248045246650925974447962,0.00014267614957967992848052364650240083911
0.83999999999999996891375531049561686814,0.99900999486200640022110142178535692968,0.0,0.00028247236378375723449875673600116336199,0.00013848292526879607118805345264206203364
0.84499999999999997335464740899624302983,0.99900999486200640022110142178535692968,0.0,0.00027364757447675127791039623400102285736,0.00013428966393823696251458522581645161881
0.84999999999999997779553950749686919153,0.99900999486200640022110142178535692968,0.0,0.00026482262937054883283776878843291956151,0.00013009636558751236071403923396650812254
0.85499999999999998223643160599749535322,0.99900999486200640022110142178535692968,0.0,0.00025599752846102397575105535752831835864,0.00012590303021613201538410888266915635454
0.85999999999999998667732370449812151492,0.99900999486200640022110142178535692968,0.0,0.00024717227174405063743380410057696991076,0.00012170965782360566746606965992104072974
0.86499999999999999111821580299874767661,0.99900999486200640022110142178535692968,0.0,0.00023834685921550260297650006536021673741,0.00011751624840944304924458807586200442177
0.86999999999999999555910790149937383831,0.99900999486200640022110142178535692968,0.0,0.00022952129087125351177013453499614298368,0.00011332280197315388434753059743815796712
0.875,0.99900999486200640022110142178535692968,0.0,0.00022069556670717685749977403417552148998,0.00010912931851424788774577257800438096255
0.88000000000000000444089209850062616169,0.99900999486200640022110142178535692968,0.0,0.00021186968671914598813812899476751027807,0.00010493579803223476575300718186610047614
0.88500000000000000888178419700125232339,0.99900999486200640022110142178535692968,0.0,0.00020304365090303410593912208077404910593,0.00010074224052662421602555430376018979457
0.89000000000000001332267629550187848508,0.99900999486200640022110142178535692968,0.0,0.00019421745925471426743145617261190521832,9.6548645996925927562169483274831119601e-05
0.89500000000000001776356839400250464678,0.99900999486200640022110142178535692968,0.0,0.00018539111177005938341218201070131598241,9.2355014442649580703852814208185824755e-05
0.90000000000000002220446049250313080847,0.99900999486200640022110142178535692968,0.0,0.00017656460844494221894026549834017456271,8.8161345863304847133657848865715874954e-05
0.90500000000000002664535259100375697017,0.99900999486200640022110142178535692968,0.0,0.00016773794927523539333015466384270333894,8.3967640258401389876500497296000006054e-05
0.91000000000000003108624468950438313186,0.99900999486200640022110142178535692968,0.0,0.0001589111342568113801453462819215582665,7.9773897627448863298967921464888260351e-05
0.91500000000000003552713678800500929356,0.99900999486200640022110142178535692968,0.0,0.00015008416338554250719195215429230588884,7.5580117969956913109127424367838461926e-05
0.92000000000000003996802888650563545525,0.99900999486200640022110142178535692968,0.0,0.00014125703665730095651226504947921323932,7.1386301285435176356335334080278213191e-05
0.92500000000000004440892098500626161695,0.99900999486200640022110142178535692968,0.0,0.00013242975406795876437832430180128936711,6.7192447573393281431045882745835993831e-05
0.93000000000000004884981308350688777864,0.99900999486200640022110142178535692968,0.0,0.00012360231561338782128548106951751573869,6.2998556833340848064620080502284925061e-05
0.93500000000000005329070518200751394033,0.99900999486200640022110142178535692968,0.0,0.00011477472128945987194596325211020128862,5.8804629064787487329134584345042769647e-05
0.93999999999999994670929481799248605967,0.99900999486200640022110142178535692968,0.0,0.00010594697109204671129960113671820734973,5.4610664267242894762327323975049430263e-05
0.94499999999999995115018691649311222136,0.99900999486200640022110142178535692968,0.0,9.7119065017019400442208577659978235593e-05,5.0416662440216477867681537457824814558e-05
0.94999999999999995559107901499373838305,0.99900999486200640022110142178535692968,0.0,8.8291003060249442711729730405141660457e-05,4.6222623583217914862588532743583048877e-05
0.95499999999999996003197111349436454475,0.99900999486200640022110142178535692968,0.0,7.9462785217607999623541814191265953589e-05,4.2028547695756782180076141639161910028e-05
0.95999999999999996447286321199499070644,0.99900999486200640022110142178535692968,0.0,7.0634411484966086877718262230539604604e-05,3.783443477734264759293211118441172364e-05
0.96499999999999996891375531049561686814,0.99900999486200640022110142178535692968,0.0,6.1805881858194574352591593379441930206e-05,3.3640284827485070213512942137747325886e-05
0.96999999999999997335464740899624302983,0.99900999486200640022110142178535692968,0.0,5.2977196333164186098315942799047081639e-05,2.9446097845693600493552722398161060039e-05
0.97499999999999997779553950749686919153,0.99900999486200640022110142178535692968,0.0,4.4148354905745500330429251584885248421e-05,2.5251873831477780223971955363540328401e-05
0.97999999999999998223643160599749535322,0.99900999486200640022110142178535692968,0.0,3.5319357571808949423415115345283433779e-05,2.1057612784347142534686383225133214303e-05
0.98499999999999998667732370449812151492,0.99900999486200640022110142178535692968,0.0,2.6490204327224819904264291707106683918e-05,1.6863314703811211894415805198005685913e-05
0.98999999999999999111821580299874767661,0.99900999486200640022110142178535692968,0.0,1.7660895167863252446035866727819162671e-05,1.2668979589379504110492890687333884087e-05
0.99499999999999999555910790149937383831,0.99900999486200640022110142178535692968,0.0,8.8314300895942418614180801927829764881e-06,8.4746074405615263286719873903749938274e-06
1.0,0.99900999486200640022110142178535692968,0.0,9.089131993778141532051006875789573257e-09,4.2801982568667770329379243339601928107e-06
