value,sup,dur,Y,S
0.0,7.9116448586434504474822005224197578248e-38,129.0,0.99604126356473749881158068547698459163,0.88888399640339364567959965223036112503
0.0050000000000000001040834085586084256647,1.8463532687710727647617232618888973372e-34,128.0,0.99575631956905154239306386069904795249,0.88856099889897479163532270114515432027
0.010000000000000000208166817117216851329,9.0274220136311293879742938164250430938e-31,128.0,0.99547084211574350169372477744589898308,0.88807799859199651447917449807504187102
0.014999999999999999444888487687421729788,2.713855921086855469554918500650793227e-28,128.0,0.99517604006374616913405946904958620153,0.88742751208621980178141556159173894085
0.020000000000000000416333634234433702659,1.6337235819170563056290630848103166427e-26,128.0,0.99487631406427113398121910703200535127,0.88728667301996631613781395229285573754
0.02500000000000000138777878078144567553,3.7577608394578642994375422699169887927e-25,128.0,0.99456779034230255052526264620841586451,0.88704780508958441556971331314573661003
0.029999999999999998889776975374843459576,4.6459588509904339976667044747042145077e-24,124.0,0.99424610951480362433866678535621413439,0.88661950274146485180159825838839464531
0.035000000000000003330669073875469621271,3.7644620371960248711603435521224299792e-23,114.0,0.99391079278360822380866306292017859365,0.88599226412455851760366054154701703707
0.040000000000000000832667268468867405318,2.2611770229386653218936928269715114487e-22,105.0,0.99356122626280083763592761669556388562,0.88549618210645879934144862749911024304
0.044999999999999998334665463062265189365,1.0912703938260454868811545686534121699e-21,98.0,0.99319661973135599075010797991512066731,0.8852728346768377577199562968353533474
0.050000000000000002775557561562891351059,4.4711840791636505687755167964525122906e-21,92.0,0.99281595806632796276577343024924490957,0.88482295170683863555069427246063769188
0.055000000000000000277555756156289135106,1.6204662521917894524060111796147191047e-20,87.0,0.99241794445348236166506637315463280614,0.88413449482236289273465509439129347299
0.059999999999999997779553950749686919153,5.3505539243664083515910973615718969206e-20,82.0,0.99200093428347896822341020246397261665,0.88355801256122709751212464225031966202
0.065000000000000002220446049250313080847,1.6340663959974634620685306991689301412e-19,79.0,0.99156285837259359213203586125445985708,0.88324845360275761367972939057200868444
0.070000000000000006661338147750939242542,4.7537798874972325345161563878117985644e-19,75.0,0.99110113377666554975672526583547121715,0.8826649444995791518901100146369591242
0.074999999999999997224442438437108648941,1.3248435390513441969360536975552832374e-18,72.0,0.99061255997447784391153065727710401935,0.88179214826016433603194365923670025643
0.080000000000000001665334536937734810635,3.5630318079069730068835350199056774408e-18,70.0,0.99009319756191477432794057588809313415,0.88138778848449886147763919684795364988
0.08500000000000000610622663543836097233,9.339251595615423959146858023044945599e-18,67.0,0.98955019234663291504922875450973216395,0.88084573685217435629478432713093573584
0.089999999999999996669330926124530378729,2.4154026954984951580896118539793517311e-17,65.0,0.98899837349727633742291775299349946576,0.87996846783940555918437345540532685431
0.095000000000000001110223024625156540424,6.166083061651484041095011458478863505e-17,63.0,0.98841108963597537449938720040463321782,0.87930632448152861900480500724126157258
0.10000000000000000555111512312578270212,1.5577402817888837004749732895549176726e-16,61.0,0.98778197920033038733747773367481587524,0.87871642418602171007496957851322513612
0.10499999999999999611421941381195210852,3.9106254625163631904810485356316576993e-16,59.0,0.98710325995068016392733402613566845348,0.8777352270088401462655876424042338353
0.11000000000000000055511151231257827021,9.8747000660453798669633609034282022349e-16,58.0,0.98638488021058057361397218309127395212,0.87699517682807811944404633750835685055
0.11500000000000000499600361081320443191,2.4706615192728555224514299575577689154e-15,57.0,0.98566688050426046919926808372339520164,0.87623560715617060778482652596076501636
0.11999999999999999555910790149937383831,6.1789283810543566153929342401525457949e-15,55.0,0.98488670027638194117403734077219157863,0.87501553769288577418943040467767523609
0.125,1.553813268146638713466558340790940319e-14,54.0,0.984031259502783072290474756173436326,0.87434635993172067814697990107979480704
0.13000000000000000444089209850062616169,3.9271094590542758886843274760942753205e-14,53.0,0.98314148185363896922125419075776945096,0.87325387386337789844912176621637105015
0.13500000000000000888178419700125232339,9.9741469518629875883732692332703615209e-14,52.0,0.98223049632402837306247402851350647425,0.87215254674283967179275342664232259576
0.14000000000000001332267629550187848508,2.5461087091573956622743030546679859868e-13,52.0,0.98121867460738323796138611426051005637,0.87112179051708063547469265559380655488
0.14499999999999999000799277837359113619,6.5352789132804896025519002577603904595e-13,50.0,0.98013707651149589350132152210609887093,0.86970780107357791450738452209558634076
0.14999999999999999444888487687421729788,1.6878212741156398286944627606692387948e-12,50.0,0.97904645131968218008963806723239621559,0.86865385442655505610965448101420607284
0.15499999999999999888977697537484345958,4.3896996060632651639056539890427916413e-12,49.0,0.97781394303056727793104607151840681556,0.86702666724263194848244066930960470851
0.16000000000000000333066907387546962127,1.1508500740807205161483035030370865233e-11,48.0,0.9765452458948232562767877060898938161,0.86584212413802327907446630939455275134
0.16500000000000000777156117237609578297,3.0446743067244559587284729558267770763e-11,47.0,0.97519032255753446419842052738275026347,0.86407618950491693584542526279225841488
0.17000000000000001221245327087672194466,8.137076969239180061535506020805193369e-11,47.0,0.97368695544151033828541376581256933025,0.86262688645023586893080805334531925459
0.17499999999999998889776975374843459576,2.1904373592402093012414528298700891615e-10,46.0,0.97217400617686703667603617623089544111,0.86076637780222118386052530930026215074
0.17999999999999999333866185224906075746,5.8879127053094159848292055601488613074e-10,45.0,0.97043304039196034219952355583446874622,0.85888571619047696453013119067843733456
0.18499999999999999777955395074968691915,1.6012448687447975451639471404357795325e-09,44.0,0.96870999146944008089306605938610325993,0.85693880597659712264349567103699797475
0.19000000000000000222044604925031308085,4.4089624232037930575411199931893833495e-09,43.0,0.96672559035590436771554994691329737491,0.85453510449615691932767907067973924097
0.19500000000000000666133814775093924254,1.2295442467045494779291589400923605722e-08,42.0,0.96471506451434702219976883781924870743,0.85235177235809248765969019572457234778
0.20000000000000001110223024625156540424,3.4294096087447168335949424396583256568e-08,41.0,0.96247294401033196054143894548087132614,0.84985690420535352679471611562444537766
0.20499999999999998778754672912327805534,9.5974366181754429201113926114657665015e-08,40.0,0.96005930115640031512755030077571213261,0.84699069825779649008817898893215963981
0.20999999999999999222843882762390421703,2.7150668031607482369812472009664713764e-07,39.0,0.95752744660667940355172657127984210345,0.84395542723075712640981916582280785524
0.21499999999999999666933092612453037873,7.7474686679231654100577332889082713655e-07,37.0,0.954704468690820198419897148321971674,0.8408599492830848720768976165345088307
0.22000000000000000111022302462515654042,2.1898859332840462475113090382600781893e-06,35.0,0.9516513268038563546016155978430102807,0.83739678641776851521268309896922393918
0.22500000000000000555111512312578270212,6.1699451188687421473438925943692711003e-06,34.0,0.94844928202407522905117576755457242079,0.8335768841993952654939508608139477468
0.23000000000000000999200722162640886381,1.7305130335939432835456728842905709416e-05,32.0,0.94492751280673297864603358141754915306,0.8293968920512394290727305885099168393
0.23499999999999998667732370449812151492,4.7875509921803731459630840290390407836e-05,30.0,0.94107711467064315685342592603119707051,0.82483792576261522802319843238486014019
0.23999999999999999111821580299874767661,0.00012779495997092172481999079482407342267,27.0,0.9368823647503315646843230912881998135,0.81986397148031192836447787205922347273
0.24499999999999999555910790149937383831,0.00032655220402953771002181480849788166973,25.0,0.93231836797227069081822620003294039601,0.81441978679606569520857188869640376611
0.25,0.00078616020475026220913974055336448660547,22.0,0.92734797652845565818134116218660860849,0.8084281102681197272457469738652814136
0.25500000000000000444089209850062616169,0.0017470134593956094429848131932533538516,18.0,0.92191782856170909361331255301422558544,0.80178594227199042901176914820820954177
0.26000000000000000888178419700125232339,0.0035309844771580154016405498367565806388,15.0,0.91595326863373058591673941714673971456,0.79443844923271554802159952449920228539
0.26500000000000001332267629550187848508,0.0064033297313657908684648419854954757013,10.0,0.9093518019802378383492168718620185752,0.78660148006560336536543880862151075721
0.27000000000000001776356839400250464678,0.010602292151321634291487500806512715512,0.0,0.90215427068840619191892065483741669239,0.77770764582846436929284321844885246469
0.27500000000000002220446049250313080847,0.016153884951760004680133610876103993824,0.0,0.8942441983556434764164082596899463461,0.76804591179387617258441698102035754874
0.28000000000000002664535259100375697017,0.023113519562758523898141956731481983767,0.0,0.88543380384754751000090718537910476845,0.75713826166415479137838972234980930853
0.28499999999999997557509345824655611068,0.031476670523134429310371993904213362391,0.0,0.87568752034106589455830570874489076778,0.74532030023928619282910772766605019026
0.28999999999999998001598555674718227237,0.041296779471577840189550796437449468003,0.0,0.8649497196191692276024356554659778863,0.73216170048012235491349588508927952519
0.29499999999999998445687765524780843407,0.052526446514129235824839364646361258642,0.0,0.85295866924681353368254594101443109525,0.71753469219008996340212565754426202395
0.29999999999999998889776975374843459576,0.065386334085652171981806503477739065912,0.0,0.83955243821684483278227942811996544161,0.70125362919977720347262407944387114739
0.30499999999999999333866185224906075746,0.080047678614310856890800635484548639853,0.0,0.82464701365375442706545280696078987779,0.68345488957496972039291681069623643391
0.30999999999999999777955395074968691915,0.096675373614576740180440199203110962079,0.0,0.80791815857001481506525170112255426831,0.66353481029041751427328076539681884365
0.31500000000000000222044604925031308085,0.1155471707356268956274583214758078656,0.0,0.78920064304147486034014831233828875277,0.64155795780054228664840293789035505789
0.32000000000000000666133814775093924254,0.13694443350879049622043929927032609744,0.0,0.76809927099983176907604992469972978329,0.61735799105695466004264031433997439724
0.32500000000000001110223024625156540424,0.16112643047647284471521975207493487985,0.0,0.74446395560869507675717512895285970008,0.59053061353469639165065594627033939228
0.33000000000000001554312234475219156593,0.18867120512905780683834332316956250138,0.0,0.71777595037028761205458409694408719963,0.56116110340050201230831194735200233134
0.33500000000000001998401444325281772763,0.22000156557397460245391263244471565991,0.0,0.68765768487577203877981556691955098086,0.52897881393548377208536588149739859312
0.34000000000000002442490654175344388932,0.25547010685379056479049529823091493282,0.0,0.65381966262322526173603949516770197516,0.49388197585120966443766393129611857283
0.34499999999999997335464740899624302983,0.29569257621756051050270925173088603776,0.0,0.61572492641165800960818925422079198563,0.45592834195144405752225886890159665567
0.34999999999999997779553950749686919153,0.34114619029696672854241628246999321982,0.0,0.57300887198857695623031453143495814581,0.41516700885463326584697232832124977356
0.35499999999999998223643160599749535322,0.39227646891540859118680337044538891256,0.0,0.52534743896746363253780736864428164776,0.37181947680026492533895620083277377188
0.35999999999999998667732370449812151492,0.44937833646817019402209003941924160242,0.0,0.47259178771646082836905762461604341136,0.32640420661070107133713463574681257798
0.36499999999999999111821580299874767661,0.51242372151008671773297773636521976447,0.0,0.41487035378796666030087306557555160266,0.27948640162648975623749109648618357977
0.36999999999999999555910790149937383831,0.58297803543537726741200284172518449178,0.0,0.35246162607352376443454073372374246194,0.23077651456686298222632769625098687428
0.375,0.68608689021980940835779465778029235212,0.0,0.26672863913941930000871129026323649286,0.16536200750216600065852184004405498199
0.38000000000000000444089209850062616169,0.81215479063578516729737366921902584954,0.0,0.15977944659270068397670384460363431314,0.093412535127335681866654053231288728723
0.38500000000000000888178419700125232339,0.91354322057755011176334750194611707943,0.0,0.072745101631036908149550442636130189356,0.041198737544043568244881050861093081809
0.39000000000000001332267629550187848508,0.96744266079630133150995895800410831548,0.0,0.026647708082685648936714238885057517321,0.015244421116558203876847899054063069451
0.39500000000000001776356839400250464678,0.98898084493976425244834931723975148519,0.0,0.0085945267911947949189480009180695034565,0.0051737737543864682274656855112568564208
0.40000000000000002220446049250313080847,0.99639686214650850505674128489742465725,0.0,0.0025965415731516250445757060473763210966,0.0017252886739734108956409272395150178291
0.40500000000000002664535259100375697017,0.99869695869860907866279110102092514992,0.0,0.0011080025017398813113340119244695551262,0.0006208465109219753737166827652117339587
0.40999999999999997557509345824655611068,0.99883722144181236220523719092610581439,0.0,0.0010672623996871706241667005970657474886,0.00049896496103476010912484789680693892494
0.41499999999999998001598555674718227237,0.99887087560221324723844801023778703182,0.0,0.0010426483193967798618068964618737220166,0.00049477488160535610874938600053461627228
0.41999999999999998445687765524780843407,0.99889284741795755235551054511158053145,0.0,0.0010249196857500640989310641345910849896,0.00049058476519791578713962549670437572556
0.42499999999999998889776975374843459576,0.99891093580063831930992650136432734827,0.0,0.0010143871674746229677768473253245646486,0.00048639461181194963763099913599199307194
0.42999999999999999333866185224906075746,0.99892301238223036621684227163462935144,0.0,0.0010055752951323319565938193535742849548,0.00048220442144696814491893402142372101347
0.43499999999999999777955395074968691915,0.99893172622068108736016187951381366014,0.0,0.00099676326733278888069905886103744813059,0.00047801419410248178505866098271070507436
0.44000000000000000222044604925031308085,0.9989404402128609227050572766350613884,0.0,0.00098795108407187988617079476448921765761,0.00047382392977800102546502394553641605128
0.44500000000000000666133814775093924254,0.99894915435877394040974914332552636574,0.0,0.00097913874534549097393315391008573128997,0.00046963362847303632491228929579694310668
0.45000000000000001110223024625156540424,0.99895786865842420877600119128835025835,0.0,0.00097032625114950799974975895639322035928,0.00046544329018709813353395523879399158033
0.45500000000000001554312234475219156593,0.99896658311181579624912649471815026579,0.0,0.00096151360147981667421732591857065340989,0.00046125291491969689282256115338042964643
0.46000000000000001998401444325281772763,0.99897529771895277141799382175159847128,0.0,0.0009527007963323025627592613736849807483,0.00045706250267034303562949694105822789102
0.46500000000000002442490654175344388932,0.99898401247983920301503396625311326332,0.0,0.00094388783570285108561925932713805491497,0.00045287205343854698616481237002863587961
0.46999999999999997335464740899624302983,0.99899272739447915981949023750787601669,0.0,0.00093507471958734761570100517765816815065,0.00044868156722381920652097451216963572459
0.47499999999999997779553950749686919153,0.9990014424628767110444464553142378096,0.0,0.00092626144798167708717906846646935633747,0.00044449104402567001057729528626650216821
0.47999999999999998223643160599749535322,0.99900999486200640022110142178535693194,0.0,0.00091744802088172458256396446602579629696,0.0004403004838436098431421975766731663131
0.48499999999999998667732370449812151492,0.99900999486200640022110142178535693194,0.0,0.000908634438283374941316498780840831546,0.00043610988667714909385846395792913804606
0.48999999999999999111821580299874767661,0.99900999486200640022110142178535693194,0.0,0.00089982070018251285768574369183997475606,0.00043191925252579814372658351580218670874
0.49499999999999999555910790149937383831,0.99900999486200640022110142178535693194,0.0,0.00089100680657502288070263298901837826401,0.00042772858138906736510456116104866512779
0.50,0.99900999486200640022110142178535693194,0.0,0.00088219275745678941417355646506346480132,0.00042353787326646712170772693812497909216
0.50500000000000000444089209850062616169,0.99900999486200640022110142178535693194,0.0,0.00087337855282369671667395406992178179507,0.00041934712815750776860854532885004629633
0.51000000000000000888178419700125232339,0.99900999486200640022110142178535693194,0.0,0.00086456419267162890154190972628914092885,0.00041515634606169965223642455101858878686
0.51500000000000001332267629550187848508,0.99900999486200640022110142178535693194,0.0,0.00085574967699646993687174480600310337226,0.00041096552697855311037752585196510295223
0.52000000000000001776356839400250464678,0.99900999486200640022110142178535693194,0.0,0.00084693500579410364550761126731686944395,0.00040677467090757847217457279707835105967
0.52500000000000002220446049250313080847,0.99900999486200640022110142178535693194,0.0,0.00083812017906041370503708445303363013541,0.00040258377784828605812666055326621837156
0.53000000000000002664535259100375697017,0.99900999486200640022110142178535693194,0.0,0.00082930519679128364778475554948043633722,0.00039839284780018618008906516737077984987
0.53500000000000003108624468950438313186,0.99900999486200640022110142178535693194,0.0,0.00082049005898259686080582370630064017767,0.00039420188076278914127305283953342045007
0.54000000000000003552713678800500929356,0.99900999486200640022110142178535693194,0.0,0.00081167476563023658587968781704396140149,0.00039001087673560523624568919150985300843
0.54500000000000003996802888650563545525,0.99900999486200640022110142178535693194,0.0,0.00080285931673008591950353796053323026384,0.00038581983571814475092964852993487771658
0.55000000000000004440892098500626161695,0.99900999486200640022110142178535693194,0.0,0.00079404371227802781288594650298685687915,0.0003816287577099179626030231045367271838
0.55500000000000004884981308350688777864,0.99900999486200640022110142178535693194,0.0,0.00078522795226994507194045886087607549355,0.00037743764271043513989913236130084104541
0.56000000000000005329070518200751394033,0.99900999486200640022110142178535693194,0.0,0.00077641203670172035727918392449601077099,0.00037324649071920654280633219058291412868
0.56499999999999994670929481799248605967,0.99900999486200640022110142178535693194,0.0,0.00076759596556923637996421444327450375089,0.00036905530173574251573132507005540932002
0.56999999999999995115018691649311222136,0.99900999486200640022110142178535693194,0.0,0.00075877973886837511847334992412728303976,0.0003648640757595531152457871121257557677
0.57499999999999995559107901499373838305,0.99900999486200640022110142178535693194,0.0,0.00074996335659501899323030486195202646905,0.00036067281279014866846471848024406979425
0.57999999999999996003197111349436454475,0.99900999486200640022110142178535693194,0.0,0.00074114681874505008357733949159631184782,0.00035648151282703940079471322235775032991
0.58499999999999996447286321199499070644,0.99900999486200640022110142178535693194,0.0,0.00073233012531435032352322454956081024266,0.00035229017586973552899644799558333429155
0.58999999999999996891375531049561686814,0.99900999486200640022110142178535693194,0.0,0.0007235132762988015017368296614131884303,0.00034809880191774726118449128401190922938
0.59499999999999997335464740899624302983,0.99900999486200640022110142178535693194,0.0,0.00071469627169428526154071138976912102199,0.00034390739097058479682711261146270722151
0.59999999999999997779553950749686919153,0.99900999486200640022110142178535693194,0.0,0.00070587911149668310090470094281944739633,0.00033971594302775832674609174918472394042
0.60499999999999998223643160599749535322,0.99900999486200640022110142178535693194,0.0,0.00069706179570187637243949154338250712568,0.00033552445808877803311652791850620682129
0.60999999999999998667732370449812151492,0.99900999486200640022110142178535693194,0.0,0.00068824432430574628339022545846068613119,0.00033133293615315408946664898843185624685
0.61499999999999999111821580299874767661,0.99900999486200640022110142178535693194,0.0,0.00067942669730417389563008068928020432064,0.00032714137722039666067762066818758369918
0.61999999999999999555910790149937383831,0.99900999486200640022110142178535693194,0.0,0.0006706089146930401256538573217931739137,0.00032294978129001590298335569471267074166
0.625,0.99900999486200640022110142178535693194,0.0,0.00066179097646822574457156353762095628917,0.00031875814836152196397032301509917278237
0.63000000000000000444089209850062616169,0.99900999486200640022110142178535693194,0.0,0.00065297288262561137810200128541784362214,0.00031456647843442498257735696397841150073
0.63500000000000000888178419700125232339,0.99900999486200640022110142178535693194,0.0,0.00064415463316107750656635161263409012408,0.00031037477150823508909546643585439982849
0.64000000000000001332267629550187848508,0.99900999486200640022110142178535693194,0.0,0.00063533622807050446488175965765731621858,0.0003061830275824624051676440523840433915
0.64500000000000001776356839400250464678,0.99900999486200640022110142178535693194,0.0,0.00062651766734977244255491930231130753806,0.00030199124665661704378867532460396228207
0.65000000000000002220446049250313080847,0.99900999486200640022110142178535693194,0.0,0.00061769895099476148367565748469122907235,0.00029779942873020910930494781010377705394
0.65500000000000002664535259100375697017,0.99900999486200640022110142178535693194,0.0,0.00060888007900135148691051817231427339505,0.00029360757380274869741426026514570280455
0.66000000000000003108624468950438313186,0.99900999486200640022110142178535693194,0.0,0.00060006105136542220549634599556476034657,0.00028941568187374589516563179173029521732
0.66500000000000003552713678800500929356,0.99900999486200640022110142178535693194,0.0,0.00059124186808285324723386954141270414875,0.00028522375294271078095911097960819243137
0.67000000000000003996802888650563545525,0.99900999486200640022110142178535693194,0.0,0.00058242252914952407448128430738486234538,0.00028103178700915342454558504323769657977
0.67500000000000004440892098500626161695,0.99900999486200640022110142178535693194,0.0,0.00057360303456131400414783531576727958811,0.00027683978407258388702658895368803887799
0.68000000000000004884981308350688777864,0.99900999486200640022110142178535693194,0.0,0.00056478338431410220768739938801833769247,0.00027264774413251222085411456548817206922
0.68500000000000005329070518200751394033,0.99900999486200640022110142178535693194,0.0,0.00055596357840376771109206707937132205259,0.00026845566718844846983041973842093410823
0.68999999999999994670929481799248605967,0.99900999486200640022110142178535693194,0.0,0.00054714361682618959072994095242455226268,0.0002642635532399027621918768407252543097
0.69499999999999995115018691649311222136,0.99900999486200640022110142178535693194,0.0,0.00053832349957724618996530676121599084564,0.00026007140228638493827344599580845915541
0.69999999999999995559107901499373838305,0.99900999486200640022110142178535693194,0.0,0.00052950322665281629420714459740152063874,0.00025587921432740510901025547589492882282
0.70499999999999996003197111349436454475,0.99900999486200640022110142178535693194,0.0,0.00052068279804877834753621250039852901744,0.00025168698936247328360371827862682946907
0.70999999999999996447286321199499070644,0.99900999486200640022110142178535693194,0.0,0.00051186221376101064853938681852013001359,0.00024749472739109946260455894004613318807
0.71499999999999996891375531049561686814,0.99900999486200640022110142178535693194,0.0,0.00050304147378539135030324210427395564956,0.00024330242841279363791262262605772935898
0.71999999999999997335464740899624302983,0.99900999486200640022110142178535693194,0.0,0.00049422057811779846040763066970349208,0.00023911009242706579277668421883681394393
0.72499999999999997779553950749686919153,0.99900999486200640022110142178535693194,0.0,0.00048539952675410984091926180175095873399,0.00023491771943342590179425739818040053379
0.72999999999999998223643160599749535322,0.99900999486200640022110142178535693194,0.0,0.00047657831969020320838528063762072709196,0.00023072530943138393091140371780279693861
0.73499999999999998667732370449812151492,0.99900999486200640022110142178535693194,0.0,0.00046775695692195613382684670012227428495,0.00022653286242044983742254167657489109937
0.73999999999999999111821580299874767661,0.99900999486200640022110142178535693194,0.0,0.00045893543844524604273271209297166520201,0.00022234037840013356997025578470709010705
0.74499999999999999555910790149937383831,0.99900999486200640022110142178535693194,0.0,0.00045011376425595021505279935603055535452,0.00021814785736994506854510562487575610793
0.75,0.99900999486200640022110142178535693194,0.0,0.00044129193434994578519177898046170517425,0.00021395529932939426448543490829298285201
0.75500000000000000444089209850062616169,0.99900999486200640022110142178535693194,0.0,0.00043246994872310974200264658377999503151,0.00020976270427799108047718052571955666334
0.76000000000000000888178419700125232339,0.99900999486200640022110142178535693194,0.0,0.00042364780737131892878029974477792873043,0.00020557007221524543055368159342094557686
0.76500000000000001332267629550187848508,0.99900999486200640022110142178535693194,0.0,0.0004148255102904500432551144983046117331,0.00020137740314066722009548849406616040208
0.77000000000000001776356839400250464678,0.99900999486200640022110142178535693194,0.0,0.00040600305747637963758652148987718896562,0.00019718469705376634583017191256933146433
0.77500000000000002220446049250313080847,0.99900999486200640022110142178535693194,0.0,0.00039718044892498411835658179010372543418,0.00019299195395405269583213186687384475129
0.78000000000000002664535259100375697017,0.99900999486200640022110142178535693194,0.0,0.00038835768463213974656356236889651158019,0.00018879917384103614952240673367888121994
0.78500000000000003108624468950438313186,0.99900999486200640022110142178535693194,0.0,0.00037953476459372263761551122945477361666,0.00018460635671422657766848226910820297612
0.79000000000000003552713678800500929356,0.99900999486200640022110142178535693194,0.0,0.00037071168880560876132383220199576778498,0.00018041350257313384238410062432103006617
0.79500000000000003996802888650563545525,0.99900999486200640022110142178535693194,0.0,0.00036188845726367394189685939721323586435,0.00017622061141726779712906935606485159191
0.80000000000000004440892098500626161695,0.99900999486200640022110142178535693194,0.0,0.00035306506996379385793343131944219783283,0.00017202768324613828670907043217001486473
0.80500000000000004884981308350688777864,0.99900999486200640022110142178535693194,0.0,0.00034424152690184404241646463950905609633,0.00016783471805925514727546923198593631105
0.81000000000000005329070518200751394033,0.99900999486200640022110142178535693194,0.0,0.00033541782807369988270652762724598419536,0.00016364171585612820632512354175877783029
0.81499999999999994670929481799248605967,0.99900999486200640022110142178535693194,0.0,0.0003265939734752368164660734952963392966,0.00015944867663626737580477721780013449486
0.81999999999999995115018691649311222136,0.99900999486200640022110142178535693194,0.0,0.00031776996310232954793383107758785301895,0.00015525560039918227969335243328230845155
0.82499999999999995559107901499373838305,0.99900999486200640022110142178535693194,0.0,0.00030894579695085322349196204234324473174,0.00015106248714438281262680084762051254596
0.82999999999999996003197111349436454475,0.99900999486200640022110142178535693194,0.0,0.00030012147501668264794736857311455243528,0.00014686933687137876748203972724868463788
0.83499999999999996447286321199499070644,0.99900999486200640022110142178535693194,0.0,0.00029129699729569248045246650925974447962,0.00014267614957967992848052364650240083911
0.83999999999999996891375531049561686814,0.99900999486200640022110142178535693194,0.0,0.00028247236378375723449875673600116336236,0.00013848292526879607118805345264206203383
0.84499999999999997335464740899624302983,0.99900999486200640022110142178535693194,0.0,0.000273647574476751277910396234001022857,0.00013428966393823696251458522581645161881
0.84999999999999997779553950749686919153,0.99900999486200640022110142178535693194,0.0,0.00026482262937054883283776878843291956188,0.00013009636558751236071403923396650812291
0.85499999999999998223643160599749535322,0.99900999486200640022110142178535693194,0.0,0.00025599752846102397575105535752831835864,0.00012590303021613201538410888266915635472
0.85999999999999998667732370449812151492,0.99900999486200640022110142178535693194,0.0,0.00024717227174405063743380410057696991076,0.00012170965782360566746606965992104072984
0.86499999999999999111821580299874767661,0.99900999486200640022110142178535693194,0.0,0.00023834685921550260297650006536021673741,0.00011751624840944304924458807586200442177
0.86999999999999999555910790149937383831,0.99900999486200640022110142178535693194,0.0,0.00022952129087125351177013453499614298386,0.00011332280197315388434753059743815796721
0.875,0.99900999486200640022110142178535693194,0.0,0.0002206955667071768574997740341755214898,0.00010912931851424788774577257800438096255
0.88000000000000000444089209850062616169,0.99900999486200640022110142178535693194,0.0,0.00021186968671914598813812899476751027825,0.00010493579803223476575300718186610047623
0.88500000000000000888178419700125232339,0.99900999486200640022110142178535693194,0.0,0.00020304365090303410593912208077404910593,0.00010074224052662421602555430376018979466
0.89000000000000001332267629550187848508,0.99900999486200640022110142178535693194,0.0,0.00019421745925471426743145617261190521851,9.6548645996925927562169483274831119785e-05
0.89500000000000001776356839400250464678,0.99900999486200640022110142178535693194,0.0,0.0001853911117700593834121820107013159826,9.2355014442649580703852814208185824755e-05
0.90000000000000002220446049250313080847,0.99900999486200640022110142178535693194,0.0,0.00017656460844494221894026549834017456271,8.8161345863304847133657848865715875046e-05
0.90500000000000002664535259100375697017,0.99900999486200640022110142178535693194,0.0,0.00016773794927523539333015466384270333894,8.3967640258401389876500497296000006145e-05
0.91000000000000003108624468950438313186,0.99900999486200640022110142178535693194,0.0,0.0001589111342568113801453462819215582665,7.9773897627448863298967921464888260443e-05
0.91500000000000003552713678800500929356,0.99900999486200640022110142178535693194,0.0,0.00015008416338554250719195215429230588865,7.5580117969956913109127424367838461835e-05
0.92000000000000003996802888650563545525,0.99900999486200640022110142178535693194,0.0,0.0001412570366573009565122650494792132395,7.1386301285435176356335334080278213191e-05
0.92500000000000004440892098500626161695,0.99900999486200640022110142178535693194,0.0,0.00013242975406795876437832430180128936729,6.7192447573393281431045882745835993922e-05
0.93000000000000004884981308350688777864,0.99900999486200640022110142178535693194,0.0,0.00012360231561338782128548106951751573869,6.2998556833340848064620080502284925153e-05
0.93500000000000005329070518200751394033,0.99900999486200640022110142178535693194,0.0,0.00011477472128945987194596325211020128872,5.8804629064787487329134584345042769739e-05
0.93999999999999994670929481799248605967,0.99900999486200640022110142178535693194,0.0,0.00010594697109204671129960113671820734983,5.4610664267242894762327323975049430355e-05
0.94499999999999995115018691649311222136,0.99900999486200640022110142178535693194,0.0,9.7119065017019400442208577659978235685e-05,5.041666244021647786768153745782481465e-05
0.94999999999999995559107901499373838305,0.99900999486200640022110142178535693194,0.0,8.8291003060249442711729730405141660457e-05,4.6222623583217914862588532743583048877e-05
0.95499999999999996003197111349436454475,0.99900999486200640022110142178535693194,0.0,7.9462785217607999623541814191265953589e-05,4.2028547695756782180076141639161910119e-05
0.95999999999999996447286321199499070644,0.99900999486200640022110142178535693194,0.0,7.0634411484966086877718262230539604604e-05,3.7834434777342647592932111184411723686e-05
0.96499999999999996891375531049561686814,0.99900999486200640022110142178535693194,0.0,6.1805881858194574352591593379441930206e-05,3.3640284827485070213512942137747325886e-05
0.96999999999999997335464740899624302983,0.99900999486200640022110142178535693194,0.0,5.2977196333164186098315942799047081639e-05,2.9446097845693600493552722398161060085e-05
0.97499999999999997779553950749686919153,0.99900999486200640022110142178535693194,0.0,4.4148354905745500330429251584885248421e-05,2.5251873831477780223971955363540328401e-05
0.97999999999999998223643160599749535322,0.99900999486200640022110142178535693194,0.0,3.5319357571808949423415115345283433825e-05,2.1057612784347142534686383225133214326e-05
0.98499999999999998667732370449812151492,0.99900999486200640022110142178535693194,0.0,2.6490204327224819904264291707106683941e-05,1.6863314703811211894415805198005685936e-05
0.98999999999999999111821580299874767661,0.99900999486200640022110142178535693194,0.0,1.7660895167863252446035866727819162671e-05,1.266897958937950411049289068733388411e-05
0.99499999999999999555910790149937383831,0.99900999486200640022110142178535693194,0.0,8.8314300895942418614180801927829764996e-06,8.4746074405615263286719873903749938388e-06
1.0,0.99900999486200640022110142178535693194,0.0,9.0891319937781415320510068757895730103e-09,4.2801982568667770329379243339601928107e-06
