value,sup,dur,Y,S
0.0,3.5402202832773760802876312902124055102e-58,108.0,0.99608547830263100926629743163630466075,0.26949632711198441033307571867437365597
0.0050000000000000001040834085586084256647,1.6675105158831304952237681199948713101e-56,107.0,0.99493993055554267197208022762626940041,0.26832071134798012426535097816773617266
0.010000000000000000208166817117216851329,1.6784387167951585544248010050216187316e-54,106.0,0.99366877514875453413543179418953595734,0.26708175550761992719774660029242908986
0.014999999999999999444888487687421729788,4.0119130123709918698489346636800808736e-52,105.0,0.99224602190921821042131208972279699974,0.26576049853704987204121891302404308844
0.020000000000000000416333634234433702659,2.3984324601143235062877803099840387273e-49,103.0,0.99064624753544040676930938715519560018,0.26432705173928699008522980016590275495
0.02500000000000000138777878078144567553,3.4744016235718941263774104751989827502e-46,102.0,0.98884381632458036414319183458970650947,0.26277861654001206675824988418016152015
0.029999999999999998889776975374843459576,1.0732601743526672129791788571812980698e-42,101.0,0.98680522334867483238402966848581799227,0.26125454037981224930591821678276121612
0.035000000000000003330669073875469621271,5.7267820168213304763312296317061260915e-39,99.0,0.98450224546234487273590573163537072979,0.25949202749283216149030899440587805799
0.040000000000000000832667268468867405318,4.0736100862306393006467562855269609077e-35,97.0,0.98188867974740571359892946959871534294,0.25771330445716079217129009948749782923
0.044999999999999998334665463062265189365,1.9611562396822500681596855307853676962e-31,96.0,0.97891826712117612148222182102480655339,0.25570557928749238750459260713520580684
0.050000000000000002775557561562891351059,3.468309552944431862073776092659436112e-28,94.0,0.97554047770168408950495043338442746286,0.2535547313088936700706559844841276371
0.055000000000000000277555756156289135106,2.9002874122161941642065064328107509944e-25,92.0,0.9716851070114551197278802577632175625,0.25127331416332071803824898820555092946
0.059999999999999997779553950749686919153,1.3913008360055175111824853148624500671e-22,89.0,0.96726931523899914764923644078168437455,0.2487751936168024596119752196176836191
0.065000000000000002220446049250313080847,4.4177492309274637777519183511776845343e-20,87.0,0.96220491836518660690828655346318808419,0.24611205543119414639395606268197857732
0.070000000000000006661338147750939242542,1.0310921688905062580483999992988707778e-17,84.0,0.9563703408288946941537815960753460727,0.2431300383163840979402261034484932645
0.074999999999999997224442438437108648941,1.9167219088567493930735039533360337864e-15,81.0,0.94963430959143924424497152573396115756,0.23989899675601452124597866195833084095
0.080000000000000001665334536937734810635,3.0000831105650493959747959857601251102e-13,77.0,0.94180828444543402247760322231202121261,0.23631004476421672923004306744548963763
0.08500000000000000610622663543836097233,4.0424219288490389426724819602655988321e-11,73.0,0.93272059238272788256065130116007438268,0.23231226371093795347392212327924743261
0.089999999999999996669330926124530378729,4.6954625519337783899128877793358139615e-09,68.0,0.92207178389731885828823666756895883256,0.22790014962895577354267493016990223381
0.095000000000000001110223024625156540424,4.4473091768008543734252079405403403742e-07,63.0,0.90956318204970440817970249973127081113,0.22293256996639010129661334554483666338
0.10000000000000000555111512312578270212,2.9670809623318904931772856557122328397e-05,55.0,0.89479085487812644665676111651351211622,0.21730746621738905388928574127890178485
0.10499999999999999611421941381195210852,0.0009905106753472485660062561217883544494,38.0,0.87727941680021902433122984653042952598,0.21096222325076502448671887114649861461
0.11000000000000000055511151231257827021,0.0095084486538598191570630997747248342321,6.0,0.85639994648628244189880915120414562612,0.20370864220077895392985163749669674192
0.11500000000000000499600361081320443191,0.031136893779544723733785850841103376396,0.0,0.83141720408859334718764261019727845619,0.19538819498096118714320075323817377146
0.11999999999999999555910790149937383831,0.062675149422313692695244650784307533143,0.0,0.801393303824328237595540912028698683,0.18577076150644132884840137882817860553
0.125,0.10263834620694048695549091389154182312,0.0,0.76524593144822882225141274200030501626,0.17465564164537990488704243308999980448
0.13000000000000000444089209850062616169,0.1517022894505503964919551219768302158,0.0,0.72163354407223314264242986720906733111,0.16179655763381288984272478820627861427
0.13500000000000000888178419700125232339,0.21355745746012425408239146603292526965,0.0,0.66863890035069653242672560189062618798,0.14699827599222536448952913471532474247
0.14000000000000001332267629550187848508,0.31100695698935476194038623876184534972,0.0,0.58794897131265019792191206379826473657,0.12762671344571511590724454138996161701
0.14499999999999999000799277837359113619,0.45279206591959383281692752984760279359,0.0,0.46848209703065068312038820692017231471,0.097234021355794297657166710207498567233
0.14999999999999999444888487687421729788,0.62178550468586673883694107708612437343,0.0,0.32436616521537277362707281946683462133,0.063263482466954469862061985225814398507
0.15499999999999999888977697537484345958,0.77671198520375425025728438608748220781,0.0,0.1911527587301750485960552551442989213,0.035419550706385808545667764414873608346
0.16000000000000000333066907387546962127,0.88516511785384284832335844497999059453,0.0,0.097642941067481776558653795157237099204,0.017695061132275221337682560280047824688
0.16500000000000000777156117237609578297,0.94633078816010529193982151230242996754,0.0,0.045086391742151011241675115086761968789,0.0082442237681890758150416173964797515341
0.17000000000000001221245327087672194466,0.9762810643895893257772388176247352611,0.0,0.01957486990398514231684329108252184191,0.0037158131674046063031355609128373341632
0.17499999999999998889776975374843459576,0.98980813532849590851157202769548233031,0.0,0.0082011866289344305786634525309498104028,0.0016659811839550554836395783746313321866
0.17999999999999999333866185224906075746,0.99443851727036006818982375552437980555,0.0,0.0047037019527788758929417089618268357048,0.00081350841882309612359907474529443824985
0.18499999999999999777955395074968691915,0.99502496922103315511678912964350622654,0.0,0.0042325063234030155216731998913354787729,0.00072288042420278121408474246789433743351
0.19000000000000000222044604925031308085,0.99543336034070823490426290342734718824,0.0,0.0038917446283590358087309749770813079298,0.00071847633544217421114369317994887875507
0.19500000000000000666133814775093924254,0.99575726982560357822482215989016819342,0.0,0.0036227463802630119522896386724891507365,0.00071407220786131861379492292744238285416
0.20000000000000001110223024625156540424,0.99602351282049867898945759091830985928,0.0,0.0033970993961721132103384567073467393092,0.00070966804145970114275704399582876702596
0.20499999999999998778754672912327805534,0.99625209015757288909186892732186328454,0.0,0.0032047908933287351186034301328125982687,0.00070526383623680853414825127599943220058
0.20999999999999999222843882762390421703,0.99645229222188097042322071075524725678,0.0,0.0030364798526743506127071401962700856243,0.00070085959219212744169290648498574520483
0.21499999999999999666933092612453037873,0.99662371808794700250840750007321447988,0.0,0.0028865344641958894908930130120194664231,0.00069645530932514458341084005949537067915
0.22000000000000000111022302462515654042,0.99678281537850591106734239920927053269,0.0,0.0027567395146541222832466734052957709206,0.00069205098763534664382436637165292648145
0.22500000000000000555111512312578270212,0.99691918325047991822894319190630865374,0.0,0.002635715107633903383980518032018134079,0.00068764662712222029840622677436073676308
0.23000000000000000999200722162640886381,0.99705055306492645537736219306165544525,0.0,0.0025287730007703959498646754822723444803,0.00068324222778525221357939017439584546094
0.23499999999999998667732370449812151492,0.99716244596189440035954274322747717711,0.0,0.0024320719373277178799343579294727000376,0.0006788377896239290711665046466087767724
0.23999999999999999111821580299874767661,0.99726744154675188068826033074713001394,0.0,0.0023384620448384297363248305207304559834,0.00067443331263773747059130933370984752662
0.24499999999999999555910790149937383831,0.99736916923205525169991639352112747143,0.0,0.0022564187425964572775788500982402056087,0.00067002879682616407557569471642977512645
0.25,0.9974585100288013746012292388382119156,0.0,0.0021828475594782109824175227498235553876,0.00066562424218869551634154554253649320013
0.25500000000000000444089209850062616169,0.99753826826412475293190613860298322134,0.0,0.0021112018974800063045831465328272457654,0.00066121964872481841405997690004766784178
0.26000000000000000888178419700125232339,0.99761600439284128223351443576005496102,0.0,0.0020414441141793167554552242451605156621,0.00065681501643401938085113475868255011956
0.26500000000000001332267629550187848508,0.99769175678827304492013216726326540379,0.0,0.0019777691875389010271187794605113492621,0.0006524103453157850197839965060390655539
0.27000000000000001776356839400250464678,0.9977655633592063676715053507324663939,0.0,0.0019246018588740305253357002001528232529,0.00064800563536960192487617147849597779374
0.27500000000000002220446049250313080847,0.99782440739544735188499866409412581244,0.0,0.0018725103618211088085358454866629808854,0.00064360088659495668109370148683996377437
0.28000000000000002664535259100375697017,0.99788063642368407441618629279113674061,0.0,0.0018214802685461184745713638453580667405,0.0006391960989913358643508613366174375495
0.28499999999999997557509345824655611068,0.997935763616204962662857567248741318,0.0,0.0017714972398667868027471935161688367572,0.00063479127255822609041357214723494403681
0.28999999999999998001598555674718227237,0.99798980332398865322498972051632923885,0.0,0.0017225470256083211869045674404778578767,0.00063038640729511381928518174814190993313
0.29499999999999998445687765524780843407,0.99804276981251352700637004838150032323,0.0,0.0016746154649520673596421767465652745146,0.00062598150320148564862664870576658394496
0.29999999999999998889776975374843459576,0.99809467726140506763415092881776352218,0.0,0.0016391028212494707428842211843751673149,0.00062157656027682811814318490270194516226
0.30499999999999999333866185224906075746,0.99814553976409017769026914777528409696,0.0,0.0016042855796112643137296794544426464306,0.00061717157852062775848723773892536291389
0.30999999999999999777955395074968691915,0.99818390276727398515439858445627792222,0.0,0.0015699633413080890278326965834129912618,0.00061276655793237109125829062049549470176
0.31500000000000000222044604925031308085,0.99822055767469167694667726188554007737,0.0,0.0015361326298079891257957968149397181432,0.00060836149851154462900266344297279342522
0.32000000000000000666133814775093924254,0.99825671294461710721225404439144104487,0.0,0.001502789966156904929876463579982991038,0.0006039564002576348752133130695634610472
0.32500000000000001110223024625156540424,0.99829237195287353279607441580370440722,0.0,0.0014699318690129667868825495010347768379,0.00059955126317012832432963380398668594379
0.33000000000000001554312234475219156593,0.99832753807769929383612733189389477799,0.0,0.0014375548546805640155575480294869432639,0.00059514608724851146173725785806500108808
0.33500000000000001998401444325281772763,0.9983622146997140971102464374354775395,0.0,0.0014056554371441881582907442084052968392,0.00059074087249227076376785581403760028052
0.34000000000000002442490654175344388932,0.99839640520188551778860655984958011754,0.0,0.0013742301281020498466995815830589382216,0.00058633561890089269769893708159644957288
0.34499999999999997335464740899624302983,0.99843011296949571990583666458378850165,0.0,0.0013432754369994689413573601010710077817,0.00058193032647386377066243675965864519768
0.34999999999999997779553950749686919153,0.99846334139010839846344893036036014793,0.0,0.0013214945707434990538595382121495612834,0.0005775249952106703340098016136837078298
0.35499999999999998223643160599749535322,0.99849609385353593822915702737646135043,0.0,0.0013012684994807914822072103764271339325,0.00057311962511079887676321546998888560661
0.35999999999999998667732370449812151492,0.99852837375180679737476745909500110194,0.0,0.0012811978041519908044244281665121846425,0.00056871421617373582998154751288865348222
0.36499999999999999111821580299874767661,0.99855038203028140171273560341173010445,0.0,0.001261282503542074113175498380966281554,0.00056430876839896761566850796016704474308
0.36999999999999999555910790149937383831,0.99857115964324670703866852685483691383,0.0,0.0012415226162916986934385171889582312019,0.00055990328178598064677244848844711408636
0.375,0.99859178532398497831868504746930795546,0.0,0.0012219181608971584777482464844047953819,0.00055549775633426132718616265328205597018
0.38000000000000000444089209850062616169,0.99861225905388622445361256666191450342,0.0,0.0012024691557103408349427287189843712136,0.00055109219204329605174668630396781540044
0.38500000000000000888178419700125232339,0.99863258081448159965380768391964202891,0.0,0.0011831756189386836926017640926312288629,0.0005466865889125712062350979930770282483
0.39000000000000001332267629550187848508,0.99865275058744344607000230047364918043,0.0,0.0011640375686451329933639422072993581076,0.00054228094694157316737631938071412822261
0.39500000000000001776356839400250464678,0.99867276835458533609784817864237899052,0.0,0.0011450550227481004853074872127460562174,0.00053787526612978830283891563349145763828
0.40000000000000002220446049250313080847,0.99869263409786211435597687003728125416,0.0,0.0011262279990214218465787411016583639521,0.00053346954647670297123489581822621903965
0.40500000000000002664535259100375697017,0.99871234779936993933739332758343541257,0.0,0.0011075565150943151444506741554758321265,0.00052906378798180352211951329035810482058
0.40999999999999997557509345824655611068,0.99873190944134632451768923143106217063,0.0,0.0010890405884513398336968747279065701792,0.00052465799064457634490545815344020392056
0.41499999999999998001598555674718227237,0.99875131900617018021958777134880047608,0.0,0.0010706802364323550645062105276216448766,0.00052025215446450767320552057660706496559
0.41999999999999998445687765524780843407,0.99877057647636185298019482375650945236,0.0,0.0010524754762324803793201525487029184624,0.0005158462794410838783174498959111291196
0.42499999999999998889776975374843459576,0.9987896818345831667643383700542819207,0.0,0.0010344263249020546874069449024810911199,0.00051144036557379127356748039986630290729
0.42999999999999999333866185224906075746,0.99880863506363746276193241599478680546,0.0,0.0010165327993465966051873788280481005699,0.00050703441286211616322409252850159875408
0.43499999999999999777955395074968691915,0.99882743614646963907563597780511290884,0.0,0.00099879491632676492562307897111938574532,0.0005026284213055448424978132300994113311
0.44000000000000000222044604925031308085,0.9988460850661661900806133113507232275,0.0,0.00098696657661424369639878728275847338143,0.00049822239090356359754101631265333144762
0.44500000000000000666133814775093924254,0.99886458180595524545622495816903335502,0.0,0.00097816301084680322982331003057527510796,0.00049381632165565870544772279004533453236
0.45000000000000001110223024625156540424,0.99887436900270929657101621527207428598,0.0,0.0009693592899193185806608873302999456345,0.0004894102135613164342534012229421807609
0.45500000000000001554312234475219156593,0.99888309194926167671452698148759368115,0.0,0.00096055541382768774318409361485190454313,0.0004850040666200230429347680544108638753
0.46000000000000001998401444325281772763,0.99889181504955592269041514897300718313,0.0,0.00095175138256780856706986458371685263095,0.00048059788083126478140958794025294572679
0.46500000000000002442490654175344388932,0.99890053830359609908330243234767009933,0.0,0.00094294719613557875739312590425094691044,0.00047619165619452789053647407405761358426
0.46999999999999997335464740899624302983,0.99890926171138627052423948153935261504,0.0,0.00093414285452689597236911069988482938887,0.00047178539270929865103425589999470549552
0.47499999999999997779553950749686919153,0.99891798527293050207811102941648150325,0.0,0.00092533835773765743235395395551145041691,0.00046737909037506318780394116868255216088
0.47999999999999998223643160599749535322,0.99892670898823285866254651467729530585,0.0,0.00091653370576376050632528637724258705231,0.0004629727491913077634446266698385154959
0.48499999999999998667732370449812151492,0.9989354328572974054353218161689517923,0.0,0.00090772889860110232088627377888365215503,0.00045856636915751858257632289310170917487
0.48999999999999999111821580299874767661,0.99894415688012820769751713896030542504,0.0,0.00089892393624557985800621039489258554202,0.00045415995027318184075889041193929600924
0.49499999999999999555910790149937383831,0.99895288105672933089352332907556337041,0.0,0.00089011881869308995501414556004301042469,0.00044975349253778372449184017700845920829
0.5,0.99896160538710484061104818856185651178,0.0,0.00088131354593952930459251005207446482134,0.00044534699595081041121413380423595545325
0.50500000000000000444089209850062616169,0.99897032987125880258112279089074594944,0.0,0.00087250811798079445477074209730891683916,0.00044094046051174806930398385761508681007
0.51000000000000000888178419700125232339,0.99897905450919528267810779669368567473,0.0,0.00086370253481278180891891303921277121752,0.00043653388622008285807865412671992843406
0.51500000000000001332267629550187848508,0.99898777930091834691969976983146196551,0.0,0.00085489679643138762574135266988357307822,0.00043212727307530092779425989893664904879
0.52000000000000001776356839400250464678,0.99899650424643206146693749379763013155,0.0,0.00084609090283250801927027422444061337521,0.00042772062107688841964556822641176118205
0.52500000000000002220446049250313080847,0.99900522934574049262420828845596922171,0.0,0.00083728485401203895885939903829863904508,0.00042331393022433146576579818771713810968
0.53000000000000002664535259100375697017,0.99900999035173904341268558636363636341,0.0,0.00082847864996587626917758086730386937004,0.00041890720051711618922642114423163445752
0.53500000000000003108624468950438313186,0.99900999035173904341268558636363636341,0.0,0.00081967229068991563020242987071151871138,0.00041450043195472870403696099123914744449
0.54000000000000003552713678800500929356,0.99900999035173904341268558636363636341,0.0,0.00081086577618005257721393625698402413819,0.00041009362453665511514479440374295568403
0.54500000000000003996802888650563545525,0.99900999035173904341268558636363636341,0.0,0.00080205910643218250078809359238917514684,0.0004056867782623815184349510769961724931
0.55000000000000004440892098500626161695,0.99900999035173904341268558636363636341,0.0,0.00079325228144220064679052177237734114399,0.00040127989313139400072991396174815066047
0.55500000000000004884981308350688777864,0.99900999035173904341268558636363636341,0.0,0.00078444530120600211637008965571699088542,0.00039687296914317863978941949420667557223
0.56000000000000005329070518200751394033,0.99900999035173904341268558636363636341,0.0,0.00077563816571948186595253736136769662652,0.00039246600629722150431025782071578365519
0.56499999999999994670929481799248605967,0.99900999035173904341268558636363636341,0.0,0.00076683087497853490279696123219903867602,0.00038805900459300875178159966584304850821
0.56999999999999995115018691649311222136,0.99900999035173904341268558636363636341,0.0,0.00075802342897905550274143091828395452678,0.00038365196403002623706355279543398973729
0.57499999999999995559107901499373838305,0.99900999035173904341268558636363636341,0.0,0.00074921582771693838356344634522210915036,0.00037924488460776009951753359784654040794
0.57999999999999996003197111349436454475,0.99900999035173904341268558636363636341,0.0,0.00074040807118807792273244889549210259189,0.00037483776632569637158654920105492470566
0.58499999999999996447286321199499070644,0.99900999035173904341268558636363636341,0.0,0.0007316001593883683529628576364625733102,0.00037043060918332107664966148728738146501
0.58999999999999996891375531049561686814,0.99900999035173904341268558636363636341,0.0,0.00072279209231370376220768959325307604972,0.00036602341318012022902178728599430947342
0.59499999999999997335464740899624302983,0.99900999035173904341268558636363636341,0.0,0.00071398386995997809365217968418675254209,0.00036161617831557983395349856153089639551
0.59999999999999997779553950749686919153,0.99900999035173904341268558636363636341,0.0,0.00070517549232308514570740031881397605001,0.00035720890458918588763082259555406817369
0.60499999999999998223643160599749535322,0.99900999035173904341268558636363636341,0.0,0.00069636695939891857200388065848614926753,0.00035280159200042437717504216413359578643
0.60999999999999998667732370449812151492,0.99900999035173904341268558636363636341,0.0,0.00068755827118337188138522553945883367062,0.00034839424054878128064249570957719622729
0.61499999999999999111821580299874767661,0.99900999035173904341268558636363636341,0.0,0.0006787494276723384379017340585033868932,0.00034398685023374256702437750696946457358
0.61999999999999999555910790149937383831,0.99900999035173904341268558636363636341,0.0,0.00066994042886171146080401782100628327284,0.00033957942105479419624653782542447398429
0.625,0.99900999035173904341268558636363636341,0.0,0.0006611312747473840245366188515352912189,0.00033517195301142211916928308405188048842
0.63000000000000000444089209850062616169,0.99900999035173904341268558636363636341,0.0,0.00065232196532524905873162716685167960758,0.0003307644461031122775871760026363694103
0.63500000000000000888178419700125232339,0.99900999035173904341268558636363636341,0.0,0.00064351250059119934820229801134762390185,0.00032635690032935060422883574703028024827
0.64000000000000001332267629550187848508,0.99900999035173904341268558636363636341,0.0,0.00063470288054112753293666875488798129884,0.00032194931568962302275673806925924687239
0.64500000000000001776356839400250464678,0.99900999035173904341268558636363636341,0.0,0.00062589310517092610809117545303560263368,0.00031754169218341544776701544234068982922
0.65000000000000002220446049250313080847,0.99900999035173904341268558636363636341,0.0,0.00061708317447648742398426906963934739256,0.00031313402981021378478925718981499760618
0.65500000000000002664535259100375697017,0.99900999035173904341268558636363636341,0.0,0.00060827308845370368609003136176396669674,0.00030872632856950393028630960998923365452
0.66000000000000003108624468950438313186,0.99900999035173904341268558636363636341,0.0,0.00059946284709846695503179042694101757144,0.0003043185884607717716540760948932059775
0.66500000000000003552713678800500929356,0.99900999035173904341268558636363636341,0.0,0.00059065245040666914657573591271997048436,0.00029991080948350318722131724394773609273
0.67000000000000003996802888650563545525,0.99900999035173904341268558636363636341,0.0,0.00058184189837420203162453388849867054742,0.00029550299163718404624945097234496417561
0.67500000000000004440892098500626161695,0.99900999035173904341268558636363636341,0.0,0.00057303119099695723621094137961231135646,0.000291095134921300208932352614140527144
0.68000000000000004884981308350688777864,0.99900999035173904341268558636363636341,0.0,0.00056422032827082624149142056366007898701,0.00028668723933533752639615502005744651087
0.68500000000000005329070518200751394033,0.99900999035173904341268558636363636341,0.0,0.00055540931019170038373975262904862215396,0.00028227930487878184069904865000156275519
0.68999999999999994670929481799248605967,0.99900999035173904341268558636363636341,0.0,0.00054659813675547104998972859383041967411,0.0002778713315511190827081828261730877004
0.69499999999999995115018691649311222136,0.99900999035173904341268558636363636341,0.0,0.00053778680795802889543590305375012200758,0.00027346331935183488059192428055473409041
0.69999999999999995559107901499373838305,0.99900999035173904341268558636363636341,0.0,0.00052897532379526501731132163456657363284,0.00026905526828041514707967485101943089704
0.70499999999999996003197111349436454475,0.99900999035173904341268558636363636341,0.0,0.00052016368426307017229517339696109526188,0.00026464717833634568795585625358405708466
0.70999999999999996447286321199499070644,0.99900999035173904341268558636363636341,0.0,0.00051135188935733497215203063766257189034,0.00026023904951911229993594819669296726202
0.71499999999999996891375531049561686814,0.99900999035173904341268558636363636341,0.0,0.0005025399390739498837254607208540743007,0.00025583088182820077066628844199927728412
0.71999999999999997335464740899624302983,0.99900999035173904341268558636363636341,0.0,0.00049372783340880522893163757165035772841,0.00025142267526309687872387285985655367405
0.72499999999999997779553950749686919153,0.99900999035173904341268558636363636341,0.0,0.00048491557235779118475295283162538204859,0.00024701442982328639361615547952074361183
0.72999999999999998223643160599749535322,0.99900999035173904341268558636363636341,0.0,0.00047610315591679778323162667636899620027,0.00024260614550825507578084853406218220819
0.73499999999999998667732370449812151492,0.99900999035173904341268558636363636341,0.0,0.00046729058408171491146331829505192822575,0.00023819782231748867658572249998751379531
0.73999999999999999111821580299874767661,0.99900999035173904341268558636363636341,0.0,0.00045847785684843231159073603197822072854,0.00023378946025047293832840613157136393652
0.74499999999999999555910790149937383831,0.99900999035173904341268558636363636341,0.0,0.00044966497421283958079724719010425018531,0.00022938105930669359423618648989759888823
0.75,0.99900999035173904341268558636363636341,0.0,0.00044085193617082617130048749650346697279,0.00022497261948563636846580896661000919693
0.75500000000000000444089209850062616169,0.99900999035173904341268558636363636341,0.0,0.00043203874271828139034597022975599156981,0.00022056414078678697610327730237225414225
0.76000000000000000888178419700125232339,0.99900999035173904341268558636363636341,0.0,0.00042322539385109440020069500924220090455,0.00021615562320963112316365360003690372113
0.76500000000000001332267629550187848508,0.99900999035173904341268558636363636341,0.0,0.00041441188956515421814675624631943732609,0.00021174706675365450659085833252341485621
0.77000000000000001776356839400250464678,0.99900999035173904341268558636363636341,0.0,0.00040559822985634971647495125736097122594,0.00020733847141834281425747034540487850839
0.77500000000000002220446049250313080847,0.99900999035173904341268558636363636341,0.0,0.00039678441472056962247838803863634687404,0.00020292983720318172496452685420337437843
0.78000000000000002664535259100375697017,0.99900999035173904341268558636363636341,0.0,0.00038797044415370251844609270301223952899,0.0001985211641076569084413234363937698639
0.78500000000000003108624468950438313186,0.99900999035173904341268558636363636341,0.0,0.00037915631815163684165661657845295043609,0.00019411245213125402534521401811579993117
0.79000000000000003552713678800500929356,0.99900999035173904341268558636363636341,0.0,0.00037034203671026088437164296829966483668,0.00018970370127345872726141085559426456911
0.79500000000000003996802888650563545525,0.99900999035173904341268558636363636341,0.0,0.0003615275998254627938295935733075966746,0.00018529491153375665670278451126718047662
0.80000000000000004440892098500626161695,0.99900999035173904341268558636363636341,0.0,0.00035271300749313057223923457542014215755,0.00018088608291163344710966382462172362872
0.80500000000000004884981308350688777864,0.99900999035173904341268558636363636341,0.0,0.0003438982597091520767732823832591628943,0.00017647721540657472284963587773779936137
0.81000000000000005329070518200751394033,0.99900999035173904341268558636363636341,0.0,0.00033508335646941501956200903931051787716,0.00017206830901806609921734595553907661915
0.81499999999999994670929481799248605967,0.99900999035173904341268558636363636341,0.0,0.00032626829776980716342219590504755813344,0.00016765936374559328033298031951636680377
0.81999999999999995115018691649311222136,0.99900999035173904341268558636363636341,0.0,0.00031745308360621553891279596593123081677,0.0001632503795886416675481982969149839818
0.82499999999999995559107901499373838305,0.99900999035173904341268558636363636341,0.0,0.00030863771397452761873027389383672060471,0.00015884135654669694683543890537360519255
0.82999999999999996003197111349436454475,0.99900999035173904341268558636363636341,0.0,0.00029982218887063053477117157173848439998,0.00015443229461924469719557973784506283855
0.83499999999999996447286321199499070644,0.99900999035173904341268558636363636341,0.0,0.00029100650829041127385760847710043919781,0.00015002319380577048855555631198736838661
0.83999999999999996891375531049561686814,0.99900999035173904341268558636363636341,0.0,0.0002821906722297566777308850587944085879,0.00014561405410575988176816199865610059343
0.84499999999999997335464740899624302983,0.99900999035173904341268558636363636341,0.0,0.00027337468068455344304508577556761152168,0.00014120487551869842861184794510311418025
0.84999999999999997779553950749686919153,0.99900999035173904341268558636363636341,0.0,0.0002645585336506881213606817960383008154,0.00013679565804407167179052299288140554943
0.85499999999999998223643160599749535322,0.99900999035173904341268558636363636341,0.0,0.00025574223112404711913813336019865733254,0.00013238640168136514493335359045597211802
0.85999999999999998667732370449812151492,0.99900999035173904341268558636363636341,0.0,0.00024692577310051669773149180240404440088,0.00012797710643006437259456370052050185819
0.86499999999999999111821580299874767661,0.99900999035173904341268558636363636341,0.0,0.00023810915957598297338200123582772545286,0.00012356777228965487025323470201972960884
0.86999999999999999555910790149937383831,0.99900999035173904341268558636363636341,0.0,0.0002292923905463319172116998983601464798,0.00011915839925962214431310528687729673005
0.875,0.99900999035173904341268558636363636341,0.0,0.00022047546600744935521702115993188335789,0.00011474898733945169210237135142895065649
0.88000000000000000444089209850062616169,0.99900999035173904341268558636363636341,0.0,0.00021165838595522096826239419123935268033,0.0001103395365286290018734858825609209116
0.88500000000000000888178419700125232339,0.99900999035173904341268558636363636341,0.0,0.00020284115038553229207384429385238320811,0.0001059300468266395528029588385533081277
0.89000000000000001332267629550187848508,0.99900999035173904341268558636363636341,0.0,0.00019402375929426871723259289168274360906,0.00010152051823296881499115702462832261489
0.89500000000000001776356839400250464678,0.99900999035173904341268558636363636341,0.0,0.00018520621267731548916865718379272067654,9.7110950747102249462103963203209022885e-05
0.90000000000000002220446049250313080847,0.99900999035173904341268558636363636341,0.0,0.00017638851053055770815444945852284072009,9.2701344368525308163279758847693619559e-05
0.90500000000000002664535259100375697017,0.99900999035173904341268558636363636341,0.0,0.00016757065284988032929837606891782538486,8.8291699096723433965420957945790721391e-05
0.91000000000000003108624468950438313186,0.99900999035173904341268558636363636341,0.0,0.000158752639631168162538436069429871636,8.3882014931182060662320403061804788746e-05
0.91500000000000003552713678800500929356,0.99900999035173904341268558636363636341,0.0,0.00014993447087030587263581951387834421493,7.9472291871386612970627082010364707439e-05
0.92000000000000003996802888650563545525,0.99900999035173904341268558636363636341,0.0,0.00014111614656317797916850541464496735489,7.5062529916822506529645971630326760596e-05
0.92500000000000004440892098500626161695,0.99900999035173904341268558636363636341,0.0,0.00013229766670566885652485936308360110978,7.0652729066975147901137876262382799635e-05
0.93000000000000004884981308350688777864,0.99900999035173904341268558636363636341,0.0,0.00012347903129366273389723081112368613363,6.6242889321329934569119260930210105794e-05
0.93500000000000005329070518200751394033,0.99900999035173904341268558636363636341,0.0,0.00011466024032304369527555001404643930709,6.1833010679372254939662079224999439546e-05
0.93999999999999994670929481799248605967,0.99900999035173904341268558636363636341,0.0,0.00010584129378969587526260164333678818902,5.74230931405875862609652063752804877e-05
0.94499999999999995115018691649311222136,0.99900999035173904341268558636363636341,0.0,9.7022191689502675784367339614651311419e-05,5.3013136704461102942931514810402306497e-05
0.94999999999999995559107901499373838305,0.99900999035173904341268558636363636341,0.0,8.8202934018347941003320813046378201337e-05,4.8603141370478264076006259871037091916e-05
0.95499999999999996003197111349436454475,0.99900999035173904341268558636363636341,0.0,7.938352077211517403567818280828921701e-05,4.4193107138124421752481522325752208848e-05
0.95999999999999996447286321199499070644,0.99900999035173904341268558636363636341,0.0,7.0563951946687732763216002168501874094e-05,3.9783034006884918985703931478218349991e-05
0.96499999999999996891375531049561686814,0.99900999035173904341268558636363636341,0.0,6.174422753794882982686616786027887121e-05,3.5372921976245089709874461268572705254e-05
0.96999999999999997335464740899624302983,0.99900999035173904341268558636363636341,0.0,5.2924347541781532620310490481662301218e-05,3.0962771045690258779848221077015600905e-05
0.97499999999999997779553950749686919153,0.99900999035173904341268558636363636341,0.0,4.4104311954068763283574925900464607319e-05,2.655258121470574197093424122947705005e-05
0.97999999999999998223643160599749535322,0.99900999035173904341268558636363636341,0.0,3.528412077069329869662346764368538941e-05,2.214235248277684597869525320518965831e-05
0.98499999999999998667732370449812151492,0.99900999035173904341268558636363636341,0.0,2.6463773987537770472951700250421669131e-05,1.7732084849388868418747464546004316109e-05
0.98999999999999999111821580299874767661,0.99900999035173904341268558636363636341,0.0,1.7643271600484664953180013567337756533e-05,1.3321778314027097826560328467285107178e-05
0.99499999999999999555910790149937383831,0.99900999035173904341268558636363636341,0.0,8.822613605416323198646477965759381315e-06,8.9114328761768136572563081702198558462e-06
1.0,0.99900999035173904341268558636363636341,0.0,1.6360217715738024617974421979589286055e-08,4.5010485353232862854106358553827300611e-06
