value,sup,dur,Y,S
0.0,3.2542499015216151059637742148873948742e-25,101.0,0.99608517062250971376375689442954661903,0.26945857525651123824616849868608101695
0.0050000000000000001040834085586084256647,6.6074463488725760743057125742082559788e-24,100.0,0.99493947265953295012297095861918477917,0.26829722683985179079095815055560541506
0.010000000000000000208166817117216851329,2.5932920581331741375828134871428899898e-22,98.0,0.99366813575467519471173921902726502768,0.26706803501200888793978760019534197446
0.014999999999999999444888487687421729788,2.1439790501152207281119983688805972211e-20,97.0,0.99224500987020766981791779639286924317,0.26574347043858638146411600828289817174
0.020000000000000000416333634234433702659,3.8687416918893096307128878261708717415e-18,95.0,0.99064453693207745736941869228770748309,0.26428424386574684124065401181522055281
0.02500000000000000138777878078144567553,1.2620481740567844754425754276264468359e-15,94.0,0.98884168564281201447676715254368191041,0.26281351194740157634778910029610763136
0.029999999999999998889776975374843459576,1.9136834263082346545459475563656732065e-13,92.0,0.98680421933118818002675332326473715458,0.2612313676912335006814721328154069021
0.035000000000000003330669073875469621271,1.3104742775755448106605611144772608348e-11,90.0,0.98449678335743166931531029225633579927,0.2595036952337169689396412545732772291
0.040000000000000000832667268468867405318,5.1022763882732744819797011675821180157e-10,88.0,0.98188428431887196633065680736026512964,0.25765474154425075629484039451617282926
0.044999999999999998334665463062265189365,1.3064338767941325545892841436291961823e-08,85.0,0.97891755464619688305141132805008694672,0.25572235361698809463489954508850432335
0.050000000000000002775557561562891351059,2.40532983111090501253174445050755381e-07,78.0,0.97553697315169654439485380160240831979,0.25360311616897562512915404072586480694
0.055000000000000000277555756156289135106,3.3224822140145338391015374128092580674e-06,68.0,0.97167935612092452313818812697776380039,0.25130419042984936711531965287526793826
0.059999999999999997779553950749686919153,3.4693351525317301014890747362808283486e-05,58.0,0.9672657481731360496144187165665605119,0.24878919698039038043490904700572459132
0.065000000000000002220446049250313080847,0.00026125751489143390712785562272332069621,48.0,0.96219283667549894472613308321171079662,0.24608135407165341059506082890300025362
0.070000000000000006661338147750939242542,0.0013056804497142401158967920748430426173,38.0,0.95635904057255605547566983247179172806,0.24310843525444380614880891915801560976
0.074999999999999997224442438437108648941,0.0041900763044030133737256913002616977479,26.0,0.94961481224494656708535719562513498582,0.2398700687298837337208135415662278103
0.080000000000000001665334536937734810635,0.0094423366246179862016925875754324283677,7.0,0.94180371363453947316870449967985872661,0.23626479067273041134087345967815303299
0.08500000000000000610622663543836097233,0.016968635814882081725074660499125164506,0.0,0.93268505898844607475784437898975571548,0.23230303469376498904322157339243443217
0.089999999999999996669330926124530378729,0.026644210722424225710270405848020191346,0.0,0.92202947816570085167665733572473794654,0.22785512342759698034087574974187568722
0.095000000000000001110223024625156540424,0.038548056191647184784363729883843814789,0.0,0.90953192584276729433674130675508743547,0.22290378227866021494032933302062150664
0.10000000000000000555111512312578270212,0.052948675784778398929562888945770365297,0.0,0.89475452980275592170544791195881855036,0.21728754086059693546317331105503264308
0.10499999999999999611421941381195210852,0.07030214628938744881472633288819339597,0.0,0.87721847705690692729508774178152455191,0.21094284538322691891937799976308157835
0.11000000000000000055511151231257827021,0.091180201191670894523775156030075045111,0.0,0.85632319572394334061642972810472163425,0.20368286087182602412139840332747584054
0.11500000000000000499600361081320443191,0.11637325014327184774582611209904973481,0.0,0.83133129418241647194108251863646207502,0.19534578328754670722793976553528508727
0.11999999999999999555910790149937383831,0.14687733319297826402823033913428513525,0.0,0.80129909033799454394453337895160687196,0.1857239246250075400434040541423639062
0.125,0.18387402852237476899092189727699825636,0.0,0.76510515219457370459758749890306652232,0.17459724588696198649140589489031601538
0.13000000000000000444089209850062616169,0.22876173494719126135268886456273713153,0.0,0.72143232307130273739733170957774463855,0.16172242412524549340722375202235073731
0.13500000000000000888178419700125232339,0.29560772155274606535823492994703076914,0.0,0.66039854747168318810587296549871699978,0.14662664016096943598264962453335513343
0.14000000000000001332267629550187848508,0.40344484685852079190119109187349286145,0.0,0.56108715238625004222397263725531306253,0.1210574757013787825773932408648199223
0.14499999999999999000799277837359113619,0.55098847694466556938955089077407645705,0.0,0.42368274190869126115698490851709265032,0.086005334967870850756937528648376975975
0.14999999999999999444888487687421729788,0.71023408118789058122229112027269783791,0.0,0.27380190871050548699560708287838942374,0.0519849028818437410372431463951464236
0.15499999999999999888977697537484345958,0.84001417840616536126035030154440584237,0.0,0.15077347769898304807253365854933570543,0.027351686367987598633633413534878725913
0.16000000000000000333066907387546962127,0.9218055164171263554331541099683710705,0.0,0.073136675088407638526240328693878600184,0.013085382846362459582365887237251191088
0.16500000000000000777156117237609578297,0.96462463361323342333256119914674285583,0.0,0.032679489108459984992245349536969871926,0.0059355667559317080716160546598737729792
0.17000000000000001221245327087672194466,0.98466193275555837166592070646316499331,0.0,0.013921209624403689170313343423337586138,0.0026335447561001238751890784542017746772
0.17499999999999998889776975374843459576,0.9934821360404300159477478298575360344,0.0,0.0057702902274700658937893520905577468421,0.0011699061188454698678690538831508813399
0.17999999999999999333866185224906075746,0.99650228596591020300140162423870994851,0.0,0.0032572055832744794210223170511190398869,0.00056332976297034410401005291462812638647
0.18499999999999999777955395074968691915,0.99685362253863031357856126099193534894,0.0,0.0029479553717319361636975533977282265709,0.00049871809329516807649987023975834073367
0.19000000000000000222044604925031308085,0.99709459884585456124512592808036519926,0.0,0.0027269082692060912418804889740036178136,0.00049567970753114542487374974437556624983
0.19500000000000000666133814775093924254,0.99728380912238653958139698861019861876,0.0,0.0025538605893198617374348698162122732919,0.00049264129481644658021845883566269737559
0.20000000000000001110223024625156540424,0.99743881219008627054236908719932930525,0.0,0.0024095261039417496078230291791081958623,0.00048960285515071295960953174315878610291
0.20499999999999998778754672912327805534,0.99757074015736462058800466521685785229,0.0,0.0022872303006251552950612471286463682994,0.0004865643885335859906280920850860970005
0.20999999999999999222843882762390421703,0.99768631977155012037106614052137427749,0.0,0.002180664823844023446471737978442966588,0.00048352589496470704389305023448055849405
0.21499999999999999666933092612453037873,0.99778478258550764292969345961294646919,0.0,0.0020860672994245716802512121938212577345,0.000480487374443717534262230183002285277
0.22000000000000000111022302462515654042,0.99787390648636216805680582009276038289,0.0,0.002004920162515262294651863644695976344,0.00047744882697025885336486612212334315971
0.22500000000000000555111512312578270212,0.99795257165395991994849282446109989763,0.0,0.0019291802750056998067853109061402079324,0.00047441025254397238646826454970852193389
0.23000000000000000999200722162640886381,0.99802657491544022070429966145244361305,0.0,0.0018628335946736035804793397428752169372,0.00047137165116449951247766318887087594721
0.23499999999999998667732370449812151492,0.99808827279365499349240836715126942173,0.0,0.0018032404655702216597664318253885821741,0.00046833302283148162080394040782645387088
0.23999999999999999111821580299874767661,0.99814841510929183331017767522324085253,0.0,0.0017451782773919017651888412987303555694,0.00046529436754456004389222173744469002512
0.24499999999999999555910790149937383831,0.99820602277500075158467251010720768854,0.0,0.0016950367961879316373511567331770677515,0.00046225568530337615842839293369948560945
0.25,0.99825177331125059313400615461367280612,0.0,0.0016506528515677910790567185151111665578,0.00045921697610757131786800573416405494538
0.25500000000000000444089209850062616169,0.9982966418983989481398341294401582014,0.0,0.0016071439326954847713515058945213676509,0.00045617823995678686930383763962030535282
0.26000000000000000888178419700125232339,0.99834063983173538292781634423580824717,0.0,0.0015644985874502455233960970378007652413,0.00045313947685066415346575081038665198208
0.26500000000000001332267629550187848508,0.99838377833955098362367594293624623604,0.0,0.0015259648853764893607003407333293804273,0.00045010068678884450472055095889080368306
0.27000000000000001776356839400250464678,0.99841866397311287808540422830728208538,0.0,0.0014950804744072915557106332866524068933,0.00044706186977096925107184623848740332767
0.27500000000000002220446049250313080847,0.99844985988708793737762580081931138833,0.0,0.0014646143806864587092869306701037865607,0.00044402302579667971415990612852040600086
0.28000000000000002664535259100375697017,0.99848064227151049180356967696244482019,0.0,0.0014345638025273732996616081785307243492,0.00044098415486561720926152031563007847099
0.28499999999999997557509345824655611068,0.99851101383995259261623720768589653703,0.0,0.0014049259365128083282495338394909290833,0.00043794525697742307902855126435239862033
0.28999999999999998001598555674718227237,0.99854097730768606923599855213310975076,0.0,0.0013756979775182812649935638828908537067,0.00043490633213173855853331760897936014537
0.29499999999999998445687765524780843407,0.99857053539165975257072947697545634981,0.0,0.0013468771187352644146524856144292844897,0.00043186738032820497769971731510097477906
0.29999999999999998889776975374843459576,0.99859841293956296022933036729756380457,0.0,0.0013277046492385196174966978168659821552,0.00042882840156646362634920963650116590641
0.30499999999999999333866185224906075746,0.99861748651215093347731576665301212189,0.0,0.0013088299658753825919787887715027499858,0.00042578939584615578793906838446040406305
0.30999999999999999777955395074968691915,0.99863642925067295805777376357348675492,0.0,0.0012900898789886577769292070807113063119,0.00042275036316692273956224078652798540089
0.31500000000000000222044604925031308085,0.99865524114007236379761537471492927304,0.0,0.001271484403772580091498732845427024378,0.00041971130352840575194720634153811516656
0.32000000000000000666133814775093924254,0.99867392216539772674359395674625227075,0.0,0.0012530135553130898333690878999306996223,0.00041667221693024608945783567086967957033
0.32500000000000001110223024625156540424,0.99869247231180289922411147563527344933,0.0,0.0012346773485878021507260158262528369506,0.00041363310337208501009324936594958942769
0.33000000000000001554312234475219156593,0.99871089156454703970040728837326090763,0.0,0.0012164757984659767309945049198337973391,0.00041059396285356376548767683199957892775
0.33500000000000001998401444325281772763,0.99872917990899464240701722922060494431,0.0,0.0011984089197084877064504666765791412589,0.0004075547953743236009103151280263428898
0.34000000000000002442490654175344388932,0.99874733733061556678139157552003825116,0.0,0.0011804767269677937768223763970823474065,0.00040451560093400575526518780305489588004
0.34499999999999997335464740899624302983,0.99876536381498506648315397260626492369,0.0,0.0011626792347879087458396399866905763742,0.00040147637953225149483328916758194637118
0.34999999999999997779553950749686919153,0.9987832593477838192007890693141943712,0.0,0.0011526092525937789145349724788982484457,0.00039843713116870197830360070443773950107
0.35499999999999998223643160599749535322,0.99879880159340252613468790591180686335,0.0,0.0011437531822310335038376956063679424353,0.00039539785584299845922576451744304879041
0.35999999999999998667732370449812151492,0.99880746301787557976507021725632074982,0.0,0.001134896954825924293556818959796752864,0.00039235855355478215104169840289018394853
0.36499999999999999111821580299874767661,0.99881612459594075469078582959237736173,0.0,0.001126040570374274060327250773929987311,0.0003893192243036942608274407719008150374
0.36999999999999999555910790149937383831,0.99882478632760213639724713381145799115,0.0,0.0011171840288719054326340681727915553588,0.00038627986808937598929300946411621299689
0.375,0.99883344821286381051476404904000196315,0.0,0.0011083273303146408908059492401206711085,0.00038324048491146853078226055762989540918
0.38000000000000000444089209850062616169,0.99884211025172986281855044644151586157,0.0,0.0010994704746983027670086047403940671568,0.00038020107476961307327274717516256084859
0.38500000000000000888178419700125232339,0.99885077244420437922873057336043255186,0.0,0.0010906134620187132452382094904120325368,0.00037716163766345079837557828647919511036
0.39000000000000001332267629550187848508,0.99885943479029144581034547780774138507,0.0,0.0010817562922716943613148333814265860993,0.00037412217359262288133527750704823265874
0.39500000000000001776356839400250464678,0.99886809728999514877335943328841079668,0.0,0.0010728989654530680028758720517900949081,0.00037108268255677049102964189294265659561
0.40000000000000002220446049250313080847,0.99887675994331957447266636397062438545,0.0,0.0010640414815586559093694772101026458014,0.0003680431645555347899696007319829204591
0.40500000000000002664535259100375697017,0.99888542275026880940809627019685186067,0.0,0.0010551838405842796720479866088364768458,0.00036500361958855693429907433112157516536
0.40999999999999997557509345824655611068,0.99889408571084694012824261855735578698,0.0,0.0010463260425257608323035391965173621541,0.00036196404765547810754100994441404848393
0.41499999999999998001598555674718227237,0.99890274882505805361518320551124236024,0.0,0.0010374680873789204882945063337419902117,0.00035892444875593938561283136534646138057
0.41999999999999998445687765524780843407,0.99891141209290623670741748627556982048,0.0,0.001028609975139579884986801771377542443,0.00035588482288958193930246240348111237431
0.42499999999999998889776975374843459576,0.99892007551439557648458402783809787014,0.0,0.0010197517058035600207838001824126635796,0.00035284517005604689928437524097530013864
0.42999999999999999333866185224906075746,0.99892873908953016017128960604449119795,0.0,0.0010108932793666817458602069082268280881,0.00034980549025497538986532695966304784713
0.43499999999999999777955395074968691915,0.99893740281831407513711563316084464816,0.0,0.0010020346958247657621554858346214833863,0.00034676578348600852898421830588751010462
0.44000000000000000222044604925031308085,0.99894606670075140889662458577819179637,0.0,0.00099317595517363262336728691817635615051,0.0003437260497487874282119524515742680294
0.44500000000000000666133814775093924254,0.99895473073684624910936643305901806433,0.0,0.00098431705740910273494487336290921599658,0.00034068628904295319275129375154539576609
0.45000000000000001110223024625156540424,0.99896339492660268357988506532579958539,0.0,0.00097545800252699635408254844721738931318,0.00033764650136814692143672649707418168635
0.45500000000000001554312234475219156593,0.99897205927002480025772472299158916005,0.0,0.00096659879052313358971308200107931447118,0.0003346066867240097067343136656803875502
0.46000000000000001998401444325281772763,0.99898072376711668723743642583267043557,0.0,0.00095773942139333440250113653349442811678,0.00033156684511018263474155566716592888445
0.46500000000000002442490654175344388932,0.99898938841788243275858440260330156652,0.0,0.00094887989513341860483669301013967066015,0.00032852697652630678518724908589085982918
0.46999999999999997335464740899624302983,0.99899805322232612510955301392084672757,0.0,0.00094002021173920595919159351870517062138,0.00032548708097202326518111550466845039717
0.47499999999999997779553950749686919153,0.9990067181804518530123495046156153326,0.0,0.0009311603712065157846622420077456315056,0.00032244715844697307421487933565943752656
0.47999999999999998223643160599749535322,0.99901001856493309224785849338330818052,0.0,0.00092230037353116754713649865388558370926,0.00031940720895079730665984875466583514805
0.48499999999999998667732370449812151492,0.99901001856493309224785849338330818052,0.0,0.00091344021870898046583986902965106729547,0.00031636723248313701676859239184217418705
0.48999999999999999111821580299874767661,0.99901001856493309224785849338330818052,0.0,0.00090457990673577361169030080501741913365,0.00031332722904363325242426870688152912604
0.49499999999999999555910790149937383831,0.99901001856493309224785849338330818052,0.0,0.00089571943760736590729160742590945852229,0.00031028719863192705514048470873087782566
0.50,0.99901001856493309224785849338330818052,0.0,0.00088685881131957612692689144276626583504,0.0003072471412476594600611546715459484489
0.50500000000000000444089209850062616169,0.99901001856493309224785849338330818052,0.0,0.0008779980278682228965519674891488301947,0.0003042070568904714959603588468854367806
0.51000000000000000888178419700125232339,0.99901001856493309224785849338330818052,0.0,0.00086913708724912469378878491036884026047,0.00030116694556000418524220217214447710254
0.51500000000000001332267629550187848508,0.99901001856493309224785849338330818052,0.0,0.00086027598945809984791885004211689101578,0.00029812680725589854394067297522724988208
0.52000000000000001776356839400250464678,0.99901001856493309224785849338330818052,0.0,0.00085141473449096653987664813906837767015,0.0002950866419777955817195016754586094489
0.52500000000000002220446049250313080847,0.99901001856493309224785849338330818052,0.0,0.00084255332234354280224306495344534636227,0.00029204644972533630187201948073461489075
0.53000000000000002664535259100375697017,0.99901001856493309224785849338330818052,0.0,0.0008336917530116465192388079635125697617,0.0002890062304981617013210170809118473578
0.53500000000000003108624468950438313186,0.99901001856493309224785849338330818052,0.0,0.00082483002649109542671782725198611416719,0.00028596598429591277061860333743539697146
0.54000000000000003552713678800500929356,0.99901001856493309224785849338330818052,0.0,0.00081596814277770711216073603433266308758,0.00028292571111823049394606396920540253544
0.54500000000000003996802888650563545525,0.99901001856493309224785849338330818052,0.0,0.00080710610186729901466823083693786082562,0.00027988541096475584911372023468202723292
0.55000000000000004440892098500626161695,0.99901001856493309224785849338330818052,0.0,0.00079824390375568842495451132512193801505,0.00027684508383512980756078761022875350554
0.55500000000000004884981308350688777864,0.99901001856493309224785849338330818052,0.0,0.00078938154843869248534069978098087946921,0.00027380472972899333435523446469388027611
0.56000000000000005329070518200751394033,0.99901001856493309224785849338330818052,0.0,0.00078051903591212818974826023103139323214,0.00027076434864598738819364073023010570795
0.56499999999999994670929481799248605967,0.99901001856493309224785849338330818052,0.0,0.00077165636617181258048496278481259353975,0.0002677239405857529889119767339762796125
0.56999999999999995115018691649311222136,0.99901001856493309224785849338330818052,0.0,0.00076279353921356196107161080324208788933,0.00026468350554793094744238022961983582091
0.57499999999999995559107901499373838305,0.99901001856493309224785849338330818052,0.0,0.00075393055503319307698025947788064690749,0.00026164304353216227087673897235645136368
0.57999999999999996003197111349436454475,0.99901001856493309224785849338330818052,0.0,0.00074506741362652232846792408469585564511,0.00025860255453808789242466578051001197943
0.58499999999999996447286321199499070644,0.99901001856493309224785849338330818052,0.0,0.00073620411498936596735905202859683790769,0.00025556203856534873892367833337391027877
0.58999999999999996891375531049561686814,0.99901001856493309224785849338330818052,0.0,0.00072734065911754009703893986944538213951,0.00025252149561358573083905781945668815374
0.59499999999999997335464740899624302983,0.99901001856493309224785849338330818052,0.0,0.00071847704600686067244714999771863732676,0.00024948092568243978226370758096494683653
0.59999999999999997779553950749686919153,0.99901001856493309224785849338330818052,0.0,0.00070961327565314350007092695980162544815,0.00024644032877155180091801175452340775281
0.60499999999999998223643160599749535322,0.99901001856493309224785849338330818052,0.0,0.00070074934805220423793861343288781540134,0.00024339970488056268814969390813200730631
0.60999999999999998667732370449812151492,0.99901001856493309224785849338330818052,0.0,0.0006918852631998583956130658494660018497,0.00024035905400911333893367567435990871934
0.61499999999999999111821580299874767661,0.99901001856493309224785849338330818052,0.0,0.00068302102109192133418506967137173090254,0.00023731837615684464187193537977631408608
0.61999999999999999555910790149937383831,0.99901001856493309224785849338330818052,0.0,0.00067415662172420826626675431338151289866,0.00023427767132339747919336667061795973137
0.625,0.99901001856493309224785849338330818052,0.0,0.00066529206509253425598500771632806118769,0.00023123693950841272675363713469317803029
0.63000000000000000444089209850062616169,0.99901001856493309224785849338330818052,0.0,0.00065642735119271421897489056971479404703,0.00022819618071153125403504691952240877996
0.63500000000000000888178419700125232339,0.99901001856493309224785849338330818052,0.0,0.00064756248002056292237305018380783552996,0.00022515539493239392414638734671504325307
0.64000000000000001332267629550187848508,0.99901001856493309224785849338330818052,0.0,0.00063869745157189498481113401118374935874,0.00022211458217064159382279952258248404215
0.64500000000000001776356839400250464678,0.99901001856493309224785849338330818052,0.0,0.00062983226584252487640920281771123851175,0.00021907374242591511342563294498730379232
0.65000000000000002220446049250313080847,0.99901001856493309224785849338330818052,0.0,0.00062096692282826691876914350294504152899,0.00021603287569785532694230410642838593093
0.65500000000000002664535259100375697017,0.99901001856493309224785849338330818052,0.0,0.00061210142252493528496808156991025512292,0.00021299198198610307198615509336193049207
0.66000000000000003108624468950438313186,0.99901001856493309224785849338330818052,0.0,0.00060323576492834399955179324425531103257,0.00020995106129029917979631218175820812387
0.66500000000000003552713678800500929356,0.99901001856493309224785849338330818052,0.0,0.00059436995003430693852811724275183356989,0.00020691011361008447523754442889394537179
0.67000000000000003996802888650563545525,0.99901001856493309224785849338330818052,0.0,0.00058550397783863782936036619111960276888,0.00020386913894509977680012226138022432541
0.67500000000000004440892098500626161695,0.99901001856493309224785849338330818052,0.0,0.00057663784833715025096073769115484644711,0.00020082813729498589659967605942577970115
0.68000000000000004884981308350688777864,0.99901001856493309224785849338330818052,0.0,0.00056777156152565763368372503714008302702,0.0001977871086593836403770547373355764468
0.68500000000000005329070518200751394033,0.99901001856493309224785849338330818052,0.0,0.00055890511739997325931952758151373531925,0.00019474605303793380749818432024455093692
0.68999999999999994670929481799248605967,0.99901001856493309224785849338330818052,0.0,0.00055003851595591045796730883309692494526,0.00019170497043027725847982474297596649795
0.69499999999999995115018691649311222136,0.99901001856493309224785849338330818052,0.0,0.00054117175718928182051270709712014273353,0.00018866386083605464488643474181348699538
0.69999999999999995559107901499373838305,0.99901001856493309224785849338330818052,0.0,0.00053230484109590037988985345389312193993,0.00018562272425490681448362210487358486492
0.70499999999999996003197111349436454475,0.99901001856493309224785849338330818052,0.0,0.00052343776767157882356586812961038255068,0.00018258156068647454113620699264781481209
0.70999999999999996447286321199499070644,0.99901001856493309224785849338330818052,0.0,0.00051457053691212969041062397510458365635,0.00017954037013039859233337950364977005091
0.71499999999999996891375531049561686814,0.99901001856493309224785849338330818052,0.0,0.00050570314881336537069015472661730198283,0.0001764991525863197291885582285573493385
0.71999999999999997335464740899624302983,0.99901001856493309224785849338330818052,0.0,0.0004968356033710981060600629156770799,0.00017345790805387870643924880058936898288
0.72499999999999997779553950749686919153,0.99901001856493309224785849338330818052,0.0,0.00048796790058113998955892742806295082895,0.00017041663653271627244690244211640288201
0.72999999999999998223643160599749535322,0.99901001856493309224785849338330818052,0.0,0.00047910004043930296560171071183164833288,0.00016737533802247316919677450750573361632
0.73499999999999998667732370449812151492,0.99901001856493309224785849338330818052,0.0,0.00047023202294139882997316563438670374169,0.00016433401252279013229778302220029762896
0.73999999999999999111821580299874767661,0.99901001856493309224785849338330818052,0.0,0.0004613638480832392298212419885676355023,0.00016129266003330789098236721803150752183
0.74499999999999999555910790149937383831,0.99901001856493309224785849338330818052,0.0,0.00045249551586063566365049264773743200723,0.00015825128055366716810634606476583449511
0.75,0.99901001856493309224785849338330818052,0.0,0.00044362702626939948131547936984652799033,0.00015520987408350868014877679788503393175
0.75500000000000000444089209850062616169,0.99901001856493309224785849338330818052,0.0,0.00043475837930534188401417825045147315896,0.00015216844062247313721181344259989716881
0.76000000000000000888178419700125232339,0.99901001856493309224785849338330818052,0.0,0.00042588957496427392428138482466649005857,0.00014912698017020124302056533409741243735
0.76500000000000001332267629550187848508,0.99901001856493309224785849338330818052,0.0,0.00041702061324200650598211881802611672235,0.00014608549272633369492295563402121799767
0.77000000000000001776356839400250464678,0.99901001856493309224785849338330818052,0.0,0.0004081514941343503843050285462371280398,0.0001430439782905111838895798431852304629
0.77500000000000002220446049250313080847,0.99901001856493309224785849338330818052,0.0,0.00039928221763711616575579496379792826982,0.00014000243686237439451356431052033130865
0.78000000000000002664535259100375697017,0.99901001856493309224785849338330818052,0.0,0.0003904127837461143081505353614636055642,0.00013696086844156400501042473825399456754
0.78500000000000003108624468950438313186,0.99901001856493309224785849338330818052,0.0,0.00038154319245715512060920671253483780396,0.00013391927302772068721792468332273869207
0.79000000000000003552713678800500929356,0.99901001856493309224785849338330818052,0.0,0.00037267344376604876354900866794883752848,0.00013087765062048510659593405501728557494
0.79500000000000003996802888650563545525,0.99901001856493309224785849338330818052,0.0,0.00036380353766860524867778620015052219483,0.00012783600121949792222628760886030970929
0.80000000000000004440892098500626161695,0.99901001856493309224785849338330818052,0.0,0.00035493347416063443898743189572209437794,0.00012479432482439978681264343671666046021
0.80500000000000004884981308350688777864,0.99901001856493309224785849338330818052,0.0,0.00034606325323794604874728789674921512344,0.00012175262143483134668034145313594042729
0.81000000000000005329070518200751394033,0.99901001856493309224785849338330818052,0.0,0.00033719287489634964349754749090195194881,0.00011871089105043324177626187792732286347
0.81499999999999994670929481799248605967,0.99901001856493309224785849338330818052,0.0,0.00032832233913165483700986506321884670248,0.00011566913367084617320956498725289076718
0.81999999999999995115018691649311222136,0.99901001856493309224785849338330818052,0.0,0.00031945164593967050341541776606523573307,0.00011262734929571063308862392509887997348
0.82499999999999995559107901499373838305,0.99901001856493309224785849338330818052,0.0,0.00031058079531620595899107152268464835595,0.00010958553792466730976437253951110942048
0.82999999999999996003197111349436454475,0.99901001856493309224785849338330818052,0.0,0.00030170978725707017429443307742932314632,0.00010654369955735681766843702172603561142
0.83499999999999996447286321199499070644,0.99901001856493309224785849338330818052,0.0,0.00029283862175807197112096300059851221982,0.00010350183419341976485327622459326226712
0.83999999999999996891375531049561686814,0.99901001856493309224785849338330818052,0.0,0.00028396729881502002249737517034980363261,0.00010045994183249675299204012254133419707
0.84499999999999997335464740899624302983,0.99901001856493309224785849338330818052,0.0,0.00027509581842372285267503590317244610547,9.7418022474228377378428267774950892886e-05
0.84999999999999997779553950749686919153,0.99901001856493309224785849338330818052,0.0,0.00026622418057998883712336273290084526701,9.4376076118255226926548242703482780942e-05
0.85499999999999998223643160599749535322,0.99901001856493309224785849338330818052,0.0,0.00025735238527962620252322283824639900707,9.1334102764217884170774108600673060684e-05
0.85999999999999998667732370449812151492,0.99901001856493309224785849338330818052,0.0,0.000248480432518443026760331118825838064,8.8292102411756925265604850495408063442e-05
0.86499999999999999111821580299874767661,0.99901001856493309224785849338330818052,0.0,0.00023960832229224723891864791966423634928,8.5250075060512919985522818293439046585e-05
0.86999999999999999555910790149937383831,0.99901001856493309224785849338330818052,0.0,0.00023073605459684661927377640415085399775,8.2208020710126431724852164129938350299e-05
0.875,0.99901001856493309224785849338330818052,0.0,0.00022186362942804879928635957542597457285,7.9165939360238017497617275952772824787e-05
0.88000000000000000444089209850062616169,0.99901001856493309224785849338330818052,0.0,0.00021299104678166126159547694617689630117,7.6123831010488227937401207336377440767e-05
0.88500000000000000888178419700125232339,0.99901001856493309224785849338330818052,0.0,0.00020411830665349134001204085682123567646,7.3081695660517607297204103526111993276e-05
0.89000000000000001332267629550187848508,0.99901001856493309224785849338330818052,0.0,0.00019524540903934621951219244205570019229,7.0039533309966693449301623712983794764e-05
0.89500000000000001776356839400250464678,0.99901001856493309224785849338330818052,0.0,0.0001863723539350329362306972457484854519,6.6997343958476017885103359538619261873e-05
0.90000000000000002220446049250313080847,0.99901001856493309224785849338330818052,0.0,0.00017749914133635837745434048415345031177,6.3955127605686105715011249830367283799e-05
0.90500000000000002664535259100375697017,0.99901001856493309224785849338330818052,0.0,0.00016862577123912928161532195742422219742,6.091288425123747566827799156641726922e-05
0.91000000000000003108624468950438313186,0.99901001856493309224785849338330818052,0.0,0.00015975224363915223828465060940638315847,5.7870613894770640092865447070814749413e-05
0.91500000000000003552713678800500929356,0.99901001856493309224785849338330818052,0.0,0.00015087855853223368816553873568588568549,5.4828316535926104955303047438257426484e-05
0.92000000000000003996802888650563545525,0.99901001856493309224785849338330818052,0.0,0.00014200471591417992308679583987184576356,5.1785992174344369840546192188554538461e-05
0.92500000000000004440892098500626161695,0.99901001856493309224785849338330818052,0.0,0.00013313071578079708599622213809185907918,4.8743640809665927951834645150632419082e-05
0.93000000000000004884981308350688777864,0.99901001856493309224785849338330818052,0.0,0.00012425655812789117095400171167798474313,4.5701262441531266110550926575969116201e-05
0.93500000000000005329070518200751394033,0.99901001856493309224785849338330818052,0.0,0.00011538224295126802312609530802153935948,4.2658857069580864756078701481340939608e-05
0.93999999999999994670929481799248605967,0.99901001856493309224785849338330818052,0.0,0.00010650777024673353583226029140147616417,3.9616424693455265501530470247967147908e-05
0.94499999999999995115018691649311222136,0.99901001856493309224785849338330818052,0.0,9.7633140010092862324430694797306432816e-05,3.6573965312794800910728350431409154216e-05
0.94999999999999995559107901499373838305,0.99901001856493309224785849338330818052,0.0,8.8758352237151598097380183241629638795e-05,3.353147892723999983147942258512307381e-05
0.95499999999999996003197111349436454475,0.99901001856493309224785849338330818052,0.0,7.9883406923714992674097139525158137809e-05,3.0488965536431317173755738796824013415e-05
0.95999999999999996447286321199499070644,0.99901001856493309224785849338330818052,0.0,7.1008304065588146650305338538877207653e-05,2.7446425140009201464822381068836951646e-05
0.96499999999999996891375531049561686814,0.99901001856493309224785849338330818052,0.0,6.2133043658576011687854636682613343121e-05,2.440385773761409484909582703425477308e-05
0.96999999999999997335464740899624302983,0.99901001856493309224785849338330818052,0.0,5.3257625698483390508111309289369145017e-05,2.136126332888643308800231190158816747e-05
0.97499999999999997779553950749686919153,0.99901001856493309224785849338330818052,0.0,4.4382050181114936885348036043555186092e-05,1.8318641913466645559836186627790223299e-05
0.97999999999999998223643160599749535322,0.99901001856493309224785849338330818052,0.0,3.5506317102275155640133534371247707009e-05,1.5275993490995155259618272319538546092e-05
0.98499999999999998667732370449812151492,0.99901001856493309224785849338330818052,0.0,2.6630426457768402632721840780599430124e-05,1.2233318061112378798954210862657722281e-05
0.98999999999999999111821580299874767661,0.99901001856493309224785849338330818052,0.0,1.7754378243398884756441240130529225503e-05,9.1906156234587264058928117795649490723e-06
0.99499999999999999555910790149937383831,0.99901001856493309224785849338330818052,0.0,8.8781724549706599310828428058148185639e-06,6.1478861776746019247843953146216450694e-06
1.0,0.99901001856493309224785849338330818052,0.0,9.0893027096295630862339707931419906476e-09,3.105129723400402816139131747273852283e-06
