value,sup,dur,Y,S
0.0,1.3068913787626856777742217139193297586e-100,130.0,0.99604126356473749881158068547698459313,0.88888399640339364567959965223036112804
0.0050000000000000001040834085586084256647,3.6590727672244819870295573544824441354e-97,130.0,0.99575631956905154239306386069904795475,0.88856099889897479163532270114515432629
0.010000000000000000208166817117216851329,1.7931186275432971756428434090414906952e-92,130.0,0.99547084211574350169372477744589898684,0.88807799859199651447917449807504186801
0.014999999999999999444888487687421729788,1.9441848588055251736878986877338831419e-86,130.0,0.99517604006374616913405946904958620304,0.88742751208621980178141556159173893634
0.020000000000000000416333634234433702659,3.5754898091925171629623379433935113028e-79,130.0,0.99487631406427113398121910703200535202,0.88728667301996631613781395229285573604
0.02500000000000000138777878078144567553,1.5820289377441057866101269506312693211e-71,129.0,0.99456779034230255052526264620841586602,0.88704780508958441556971331314573661154
0.029999999999999998889776975374843459576,1.7487786289059732056856434866483326229e-65,129.0,0.99424610951480362433866678535621413364,0.88661950274146485180159825838839465434
0.035000000000000003330669073875469621271,1.0620332661988557956360967587784401969e-60,129.0,0.9939107927836082238086630629201785944,0.88599226412455851760366054154701704084
0.040000000000000000832667268468867405318,8.2020762479295522997947038535994386072e-57,129.0,0.99356122626280083763592761669556388336,0.88549618210645879934144862749911024229
0.044999999999999998334665463062265189365,1.3774296719383636323775713963809237889e-53,129.0,0.9931966197313559907501079799151206643,0.88527283467683775771995629683535335267
0.050000000000000002775557561562891351059,7.3673335175548520155931992786734936144e-51,129.0,0.99281595806632796276577343024924490806,0.88482295170683863555069427246063769414
0.055000000000000000277555756156289135106,1.6038936716065494228625458270075520206e-48,128.0,0.99241794445348236166506637315463280388,0.88413449482236289273465509439129347073
0.059999999999999997779553950749686919153,1.7281618699964255437062240401362894412e-46,128.0,0.9920009342834789682234102024639726159,0.88355801256122709751212464225031966202
0.065000000000000002220446049250313080847,1.0585079569752503842871553304467339188e-44,128.0,0.99156285837259359213203586125445985784,0.88324845360275761367972939057200868594
0.070000000000000006661338147750939242542,4.0756861074787572940175736263265706233e-43,128.0,0.99110113377666554975672526583547121941,0.88266494449957915189011001463695912947
0.074999999999999997224442438437108648941,1.0793833392936066236660431901005988556e-41,127.0,0.99061255997447784391153065727710401935,0.88179214826016433603194365923670025567
0.080000000000000001665334536937734810635,2.0784092236475097358865632440814777874e-40,127.0,0.99009319756191477432794057588809313491,0.88138778848449886147763919684795365665
0.08500000000000000610622663543836097233,3.0577457498986336770500574363080673448e-39,127.0,0.98955019234663291504922875450973216545,0.88084573685217435629478432713093573885
0.089999999999999996669330926124530378729,3.6313412575457864084923036601634944315e-38,126.0,0.98899837349727633742291775299349946651,0.87996846783940555918437345540532686108
0.095000000000000001110223024625156540424,3.5363182307187760433294706852353676488e-37,122.0,0.98841108963597537449938720040463322083,0.87930632448152861900480500724126157258
0.10000000000000000555111512312578270212,2.9412813085388129779226804116271301785e-36,119.0,0.987781979200330387337477733674815876,0.87871642418602171007496957851322513612
0.10499999999999999611421941381195210852,2.1331203451089080748543202824836544698e-35,116.0,0.98710325995068016392733402613566845423,0.87773522700884014626558764240423384433
0.11000000000000000055511151231257827021,1.3796853315236337327592670831082009755e-34,113.0,0.98638488021058057361397218309127395513,0.87699517682807811944404633750835684077
0.11500000000000000499600361081320443191,7.923148835974971225920292913660887235e-34,111.0,0.98566688050426046919926808372339520315,0.87623560715617060778482652596076501711
0.11999999999999999555910790149937383831,4.2271172296255337196170971407623883113e-33,110.0,0.98488670027638194117403734077219157637,0.87501553769288577418943040467767523609
0.125,2.0498707738691969623293900050327709258e-32,108.0,0.98403125950278307229047475617343633051,0.87434635993172067814697990107979480553
0.13000000000000000444089209850062616169,9.3281185136001546913773018434333702964e-32,106.0,0.98314148185363896922125419075776945548,0.87325387386337789844912176621637104864
0.13500000000000000888178419700125232339,3.9966411028287288669288654067602668932e-31,105.0,0.98223049632402837306247402851350647425,0.8721525467428396717927534266423226078
0.14000000000000001332267629550187848508,1.6202965701424998120312273202640296742e-30,103.0,0.98121867460738323796138611426051006013,0.87112179051708063547469265559380655187
0.14499999999999999000799277837359113619,6.2563882018937853363511849946353831479e-30,103.0,0.98013707651149589350132152210609887394,0.86970780107357791450738452209558634527
0.14999999999999999444888487687421729788,2.3188740530196523542317104825599906548e-29,103.0,0.97904645131968218008963806723239621559,0.86865385442655505610965448101420607284
0.15499999999999999888977697537484345958,8.2449216891099822889047255072711233302e-29,102.0,0.97781394303056727793104607151840681631,0.86702666724263194848244066930960470926
0.16000000000000000333066907387546962127,2.8189930155805620466097096419534792245e-28,102.0,0.97654524589482325627678770608989381911,0.86584212413802327907446630939455274983
0.16500000000000000777156117237609578297,9.4031670188859677995453799044003905569e-28,102.0,0.97519032255753446419842052738275026121,0.8640761895049169358454252627922584194
0.17000000000000001221245327087672194466,3.0388408240653229383570212455315010742e-27,103.0,0.97368695544151033828541376581256933326,0.86262688645023586893080805334531925233
0.17499999999999998889776975374843459576,9.5720789863458305110926203515058479788e-27,103.0,0.97217400617686703667603617623089544412,0.86076637780222118386052530930026215149
0.17999999999999999333866185224906075746,2.9607829601262243364547218514912991596e-26,104.0,0.97043304039196034219952355583446874471,0.85888571619047696453013119067843734058
0.18499999999999999777955395074968691915,9.0095019867337827475277729977674439426e-26,105.0,0.96870999146944008089306605938610326219,0.85693880597659712264349567103699797325
0.19000000000000000222044604925031308085,2.7090997151794064653214851607864867298e-25,106.0,0.96672559035590436771554994691329737191,0.85453510449615691932767907067973924097
0.19500000000000000666133814775093924254,8.1043184703379557215119349462402459131e-25,107.0,0.96471506451434702219976883781924870668,0.85235177235809248765969019572457234552
0.20000000000000001110223024625156540424,2.4081535689705766663116348563025015303e-24,109.0,0.9624729440103319605414389454808713314,0.84985690420535352679471611562444536487
0.20499999999999998778754672912327805534,7.2145131404544943301494998742379323167e-24,110.0,0.96005930115640031512755030077571213336,0.84699069825779649008817898893215964357
0.20999999999999999222843882762390421703,2.1835167948814069017815241621989759885e-23,111.0,0.95752744660667940355172657127984210119,0.84395542723075712640981916582280784997
0.21499999999999999666933092612453037873,6.775919975802569774735415086681467072e-23,113.0,0.95470446869082019841989714832197167475,0.84085994928308487207689761653450883898
0.22000000000000000111022302462515654042,2.1753658642384577485685084027128130661e-22,113.0,0.9516513268038563546016155978430102807,0.83739678641776851521268309896922393542
0.22500000000000000555111512312578270212,7.31405903189420066958297224543815411e-22,114.0,0.94844928202407522905117576755457242756,0.83357688419939526549395086081394774304
0.23000000000000000999200722162640886381,2.6108200742181236534041782295191934414e-21,113.0,0.94492751280673297864603358141754915156,0.82939689205123942907273058850991683854
0.23499999999999998667732370449812151492,1.0066158469706449309494249651238627913e-20,112.0,0.94107711467064315685342592603119707352,0.82483792576261522802319843238486013793
0.23999999999999999111821580299874767661,4.2593192282007717663029591745680277148e-20,111.0,0.936882364750331564684323091288199812,0.81986397148031192836447787205922347498
0.24499999999999999555910790149937383831,2.0099299571162752470202035492039196077e-19,110.0,0.93231836797227069081822620003294039902,0.81441978679606569520857188869640377063
0.25,1.0744686150510613244601772667866833432e-18,109.0,0.92734797652845565818134116218660860999,0.80842811026811972724574697386528141585
0.25500000000000000444089209850062616169,6.6046586631690740900040475387855637394e-18,108.0,0.92191782856170909361331255301422558243,0.80178594227199042901176914820820953726
0.26000000000000000888178419700125232339,4.7096552801325663776115355200342868483e-17,107.0,0.91595326863373058591673941714673971607,0.79443844923271554802159952449920228765
0.26500000000000001332267629550187848508,3.9434267051819443957226640800771217744e-16,105.0,0.90935180198023783834921687186201857294,0.78660148006560336536543880862151075721
0.27000000000000001776356839400250464678,3.8812810408158016654508096774183069059e-15,104.0,0.90215427068840619191892065483741669389,0.77770764582846436929284321844885246168
0.27500000000000002220446049250313080847,4.4822838859087324060181276001929136837e-14,102.0,0.89424419835564347641640825968994634835,0.76804591179387617258441698102035755024
0.28000000000000002664535259100375697017,6.0040326093474525926370821540206308929e-13,100.0,0.88543380384754751000090718537910476845,0.75713826166415479137838972234980931154
0.28499999999999997557509345824655611068,9.0718634505826509334768208835476115094e-12,98.0,0.87568752034106589455830570874489076778,0.74532030023928619282910772766605019101
0.28999999999999998001598555674718227237,1.485135254830523696080099526372853531e-10,96.0,0.86494971961916922760243565546597788554,0.73216170048012235491349588508927952369
0.29499999999999998445687765524780843407,2.5080097068723596392246402836490806719e-09,94.0,0.85295866924681353368254594101443109901,0.71753469219008996340212565754426202545
0.29999999999999998889776975374843459576,4.2115920135886159587114027035636016231e-08,91.0,0.83955243821684483278227942811996544612,0.70125362919977720347262407944387114363
0.30499999999999999333866185224906075746,6.7971076672501511450776674393078127491e-07,83.0,0.82464701365375442706545280696078987478,0.68345488957496972039291681069623643091
0.30999999999999999777955395074968691915,1.013341723324134100399754558206345645e-05,68.0,0.8079181585700148150652517011225542638,0.6635348102904175142732807653968188414
0.31500000000000000222044604925031308085,0.00012997177050806510957392455918237326568,51.0,0.789200643041474860340148312338288746,0.6415579578005422866484029378903550609
0.32000000000000000666133814775093924254,0.0012507396126429626983044833700429146892,35.0,0.76809927099983176907604992469972979006,0.61735799105695466004264031433997439799
0.32500000000000001110223024625156540424,0.0073828968300438144636496823571759178964,13.0,0.74446395560869507675717512895285969933,0.59053061353469639165065594627033938851
0.33000000000000001554312234475219156593,0.024706999050969609919569162835315910411,0.0,0.71777595037028761205458409694408720415,0.5611611034005020123083119473520023336
0.33500000000000001998401444325281772763,0.054281104420423742611918989312529763145,0.0,0.68765768487577203877981556691955097936,0.52897881393548377208536588149739858711
0.34000000000000002442490654175344388932,0.093628938804932111040976795634342425238,0.0,0.65381966262322526173603949516770197591,0.49388197585120966443766393129611857584
0.34499999999999997335464740899624302983,0.14092600813923871122032768538094275747,0.0,0.61572492641165800960818925422079198638,0.45592834195144405752225886890159666056
0.34999999999999997779553950749686919153,0.19562734258619564408706404118263450836,0.0,0.57300887198857695623031453143495814957,0.41516700885463326584697232832124977356
0.35499999999999998223643160599749535322,0.25769688366989602603715774278477218089,0.0,0.52534743896746363253780736864428165754,0.37181947680026492533895620083277377828
0.35999999999999998667732370449812151492,0.32724846320917015370707383945108676515,0.0,0.47259178771646082836905762461604341098,0.32640420661070107133713463574681257535
0.36499999999999999111821580299874767661,0.40421080904310225213985016530156055726,0.0,0.41487035378796666030087306557555160266,0.27948640162648975623749109648618357752
0.36999999999999999555910790149937383831,0.49085880849972733157798031107319108317,0.0,0.35246162607352376443454073372374245968,0.23077651456686298222632769625098687391
0.375,0.61771067795371185876256400356144012896,0.0,0.26672863913941930000871129026323649248,0.16536200750216600065852184004405498123
0.38000000000000000444089209850062616169,0.77159299461246096746003634970187187725,0.0,0.15977944659270068397670384460363431484,0.093412535127335681866654053231288729287
0.38500000000000000888178419700125232339,0.8948950311591937568881027354372006877,0.0,0.072745101631036908149550442636130190296,0.04119873754404356824488105086109308242
0.39000000000000001332267629550187848508,0.96038667333415763199421731997955219687,0.0,0.02664770808268564893671423888505751678,0.015244421116558203876847899054063069157
0.39500000000000001776356839400250464678,0.98657336240249151672918639951299926992,0.0,0.0085945267911947949189480009180695036916,0.0051737737543864682274656855112568565501
0.40000000000000002220446049250313080847,0.99560213124327333460695484780337247614,0.0,0.0025965415731516250445757060473763211319,0.0017252886739734108956409272395150178438
0.40500000000000002664535259100375697017,0.99840740615912426066662476526424357239,0.0,0.0011080025017398813113340119244695551292,0.00062084651092197537371668276521173396458
0.40999999999999997557509345824655611068,0.99857982372462273871740290897178521639,0.0,0.0010672623996871706241667005970657474974,0.0004989649610347601091248478968069389242
0.41499999999999998001598555674718227237,0.99862610469148332163470383402595603908,0.0,0.0010426483193967798618068964618737220136,0.00049477488160535610874938600053461627228
0.41999999999999998445687765524780843407,0.99865808211698037186217119781616561415,0.0,0.0010249196857500640989310641345910849969,0.00049058476519791578713962549670437572483
0.42499999999999998889776975374843459576,0.99868863128064657507644786952762291996,0.0,0.0010143871674746229677768473253245646486,0.00048639461181194963763099913599199307194
0.42999999999999999333866185224906075746,0.99870815619926760222078025704132880207,0.0,0.0010055752951323319565938193535742849548,0.00048220442144696814491893402142372101311
0.43499999999999999777955395074968691915,0.99872739459129679079339035202267572235,0.0,0.00099676326733278888069905886103744812912,0.00047801419410248178505866098271070507399
0.44000000000000000222044604925031308085,0.99874648335863762175352086566323007644,0.0,0.00098795108407187988617079476448921765761,0.00047382392977800102546502394553641605128
0.44500000000000000666133814775093924254,0.99876542248488447516371852825746503165,0.0,0.00097913874534549097393315391008573128997,0.00046963362847303632491228929579694310631
0.45000000000000001110223024625156540424,0.99878421195376739976926576728527469627,0.0,0.00097032625114950799974975895639322035928,0.00046544329018709813353395523879399157996
0.45500000000000001554312234475219156593,0.99880163029205070776179554653708651705,0.0,0.00096151360147981667421732591857065340915,0.00046125291491969689282256115338042964569
0.46000000000000001998401444325281772763,0.99881034346020159001135903134455630442,0.0,0.0009527007963323025627592613736849807483,0.00045706250267034303562949694105822789065
0.46500000000000002442490654175344388932,0.99881905678207654104670175619963758969,0.0,0.00094388783570285108561925932713805491423,0.00045287205343854698616481237002863587961
0.46999999999999997335464740899624302983,0.99882777025767962897521611912394036723,0.0,0.00093507471958734761570100517765816815065,0.00044868156722381920652097451216963572422
0.47499999999999997779553950749686919153,0.99883648388701492233806339140556635255,0.0,0.00092626144798167708717906846646935633747,0.00044449104402567001057729528626650216785
0.47999999999999998223643160599749535322,0.99884519767008648952974597506884716987,0.0,0.00091744802088172458256396446602579629623,0.00044030048384360984314219757667316631273
0.48499999999999998667732370449812151492,0.99885391160689839918506807773939263381,0.0,0.000908634438283374941316498780840831546,0.00043610988667714909385846395792913804606
0.48999999999999999111821580299874767661,0.99886262569745472008240388603938560037,0.0,0.00089982070018251285768574369183997475606,0.00043191925252579814372658351580218670874
0.49499999999999999555910790149937383831,0.99887133994175952114370389833852296424,0.0,0.00089100680657502288070263298901837826327,0.00042772858138906736510456116104866512743
0.50,0.99888005433981687143450125784015823373,0.0,0.00088219275745678941417355646506346480205,0.00042353787326646712170772693812497909216
0.50500000000000000444089209850062616169,0.99888876889163084016391808600266665385,0.0,0.00087337855282369671667395406992178179433,0.00041934712815750776860854532885004629633
0.51000000000000000888178419700125232339,0.99889748359720549668467181629605338669,0.0,0.00086456419267162890154190972628914092885,0.00041515634606169965223642455101858878649
0.51500000000000001332267629550187848508,0.99890619845654491049308152829382561588,0.0,0.00085574967699646993687174480600310337226,0.00041096552697855311037752585196510295223
0.52000000000000001776356839400250464678,0.99891491346965315122907428210014908722,0.0,0.00084693500579410364550761126731686944248,0.0004067746709075784721745727970783510593
0.52500000000000002220446049250313080847,0.99892362863653428867619145311231000576,0.0,0.00083812017906041370503708445303363013541,0.00040258377784828605812666055326621837119
0.53000000000000002664535259100375697017,0.99893234395719239276159506711850280509,0.0,0.00082930519679128364778475554948043633722,0.0003983928478001861800890651673707798495
0.53500000000000003108624468950438313186,0.99894105943163153355607413573096463542,0.0,0.00082049005898259686080582370630064017767,0.00039420188076278914127305283953342045007
0.54000000000000003552713678800500929356,0.9989497750598557812740509921544771856,0.0,0.00081167476563023658587968781704396140149,0.00039001087673560523624568919150985300806
0.54500000000000003996802888650563545525,0.99895849084186920627358762729025664493,0.0,0.00080285931673008591950353796053323026384,0.00038581983571814475092964852993487771621
0.55000000000000004440892098500626161695,0.99896720677767587905639202617525238603,0.0,0.00079404371227802781288594650298685687988,0.00038162875770991796260302310453672718417
0.55500000000000004884981308350688777864,0.99897592286727987026782450475687525903,0.0,0.00078522795226994507194045886087607549355,0.00037743764271043513989913236130084104541
0.56000000000000005329070518200751394033,0.99898463911068525069690404700317603538,0.0,0.00077641203670172035727918392449601077099,0.00037324649071920654280633219058291412831
0.56499999999999994670929481799248605967,0.99899335550789609108277003722965741593,0.0,0.00076759596556923637996421444327450375162,0.00036905530173574251573132507005540932002
0.56999999999999995115018691649311222136,0.99900207205891646288886360305290625292,0.0,0.00075877973886837511847334992412728303903,0.00036486407575955311524578711212575576733
0.57499999999999995559107901499373838305,0.99900999486200640022110142178535693119,0.0,0.00074996335659501899323030486195202646831,0.00036067281279014866846471848024406979388
0.57999999999999996003197111349436454475,0.99900999486200640022110142178535693119,0.0,0.00074114681874505008357733949159631184782,0.00035648151282703940079471322235775033028
0.58499999999999996447286321199499070644,0.99900999486200640022110142178535693119,0.0,0.00073233012531435032352322454956081024192,0.00035229017586973552899644799558333429118
0.58999999999999996891375531049561686814,0.99900999486200640022110142178535693119,0.0,0.00072351327629880150173682966141318842956,0.00034809880191774726118449128401190922901
0.59499999999999997335464740899624302983,0.99900999486200640022110142178535693119,0.0,0.00071469627169428526154071138976912102273,0.00034390739097058479682711261146270722114
0.59999999999999997779553950749686919153,0.99900999486200640022110142178535693119,0.0,0.00070587911149668310090470094281944739706,0.00033971594302775832674609174918472394042
0.60499999999999998223643160599749535322,0.99900999486200640022110142178535693119,0.0,0.00069706179570187637243949154338250712495,0.00033552445808877803311652791850620682056
0.60999999999999998667732370449812151492,0.99900999486200640022110142178535693119,0.0,0.00068824432430574628339022545846068613119,0.00033133293615315408946664898843185624685
0.61499999999999999111821580299874767661,0.99900999486200640022110142178535693119,0.0,0.0006794266973041738956300806892802043199,0.00032714137722039666067762066818758369882
0.61999999999999999555910790149937383831,0.99900999486200640022110142178535693119,0.0,0.00067060891469304012565385732179317391296,0.00032294978129001590298335569471267074166
0.625,0.99900999486200640022110142178535693119,0.0,0.00066179097646822574457156353762095628917,0.00031875814836152196397032301509917278237
0.63000000000000000444089209850062616169,0.99900999486200640022110142178535693119,0.0,0.00065297288262561137810200128541784362288,0.00031456647843442498257735696397841150037
0.63500000000000000888178419700125232339,0.99900999486200640022110142178535693119,0.0,0.00064415463316107750656635161263409012335,0.00031037477150823508909546643585439982812
0.64000000000000001332267629550187848508,0.99900999486200640022110142178535693119,0.0,0.00063533622807050446488175965765731621931,0.0003061830275824624051676440523840433915
0.64500000000000001776356839400250464678,0.99900999486200640022110142178535693119,0.0,0.0006265176673497724425549193023113075388,0.00030199124665661704378867532460396228207
0.65000000000000002220446049250313080847,0.99900999486200640022110142178535693119,0.0,0.00061769895099476148367565748469122907162,0.00029779942873020910930494781010377705357
0.65500000000000002664535259100375697017,0.99900999486200640022110142178535693119,0.0,0.00060888007900135148691051817231427339505,0.00029360757380274869741426026514570280455
0.66000000000000003108624468950438313186,0.99900999486200640022110142178535693119,0.0,0.00060006105136542220549634599556476034584,0.00028941568187374589516563179173029521769
0.66500000000000003552713678800500929356,0.99900999486200640022110142178535693119,0.0,0.00059124186808285324723386954141270414875,0.00028522375294271078095911097960819243173
0.67000000000000003996802888650563545525,0.99900999486200640022110142178535693119,0.0,0.00058242252914952407448128430738486234538,0.00028103178700915342454558504323769657977
0.67500000000000004440892098500626161695,0.99900999486200640022110142178535693119,0.0,0.00057360303456131400414783531576727958738,0.00027683978407258388702658895368803887799
0.68000000000000004884981308350688777864,0.99900999486200640022110142178535693119,0.0,0.00056478338431410220768739938801833769247,0.00027264774413251222085411456548817206886
0.68500000000000005329070518200751394033,0.99900999486200640022110142178535693119,0.0,0.00055596357840376771109206707937132205259,0.00026845566718844846983041973842093410786
0.68999999999999994670929481799248605967,0.99900999486200640022110142178535693119,0.0,0.00054714361682618959072994095242455226268,0.0002642635532399027621918768407252543097
0.69499999999999995115018691649311222136,0.99900999486200640022110142178535693119,0.0,0.00053832349957724618996530676121599084564,0.00026007140228638493827344599580845915504
0.69999999999999995559107901499373838305,0.99900999486200640022110142178535693119,0.0,0.00052950322665281629420714459740152063874,0.00025587921432740510901025547589492882245
0.70499999999999996003197111349436454475,0.99900999486200640022110142178535693119,0.0,0.00052068279804877834753621250039852901744,0.00025168698936247328360371827862682946907
0.70999999999999996447286321199499070644,0.99900999486200640022110142178535693119,0.0,0.00051186221376101064853938681852013001359,0.00024749472739109946260455894004613318807
0.71499999999999996891375531049561686814,0.99900999486200640022110142178535693119,0.0,0.00050304147378539135030324210427395564956,0.00024330242841279363791262262605772935898
0.71999999999999997335464740899624302983,0.99900999486200640022110142178535693119,0.0,0.00049422057811779846040763066970349208,0.00023911009242706579277668421883681394374
0.72499999999999997779553950749686919153,0.99900999486200640022110142178535693119,0.0,0.00048539952675410984091926180175095873399,0.0002349177194334259017942573981804005336
0.72999999999999998223643160599749535322,0.99900999486200640022110142178535693119,0.0,0.00047657831969020320838528063762072709196,0.00023072530943138393091140371780279693861
0.73499999999999998667732370449812151492,0.99900999486200640022110142178535693119,0.0,0.00046775695692195613382684670012227428495,0.00022653286242044983742254167657489109919
0.73999999999999999111821580299874767661,0.99900999486200640022110142178535693119,0.0,0.00045893543844524604273271209297166520201,0.00022234037840013356997025578470709010705
0.74499999999999999555910790149937383831,0.99900999486200640022110142178535693119,0.0,0.00045011376425595021505279935603055535415,0.00021814785736994506854510562487575610756
0.75,0.99900999486200640022110142178535693119,0.0,0.00044129193434994578519177898046170517462,0.00021395529932939426448543490829298285201
0.75500000000000000444089209850062616169,0.99900999486200640022110142178535693119,0.0,0.00043246994872310974200264658377999503151,0.00020976270427799108047718052571955666334
0.76000000000000000888178419700125232339,0.99900999486200640022110142178535693119,0.0,0.00042364780737131892878029974477792872969,0.00020557007221524543055368159342094557686
0.76500000000000001332267629550187848508,0.99900999486200640022110142178535693119,0.0,0.0004148255102904500432551144983046117331,0.00020137740314066722009548849406616040208
0.77000000000000001776356839400250464678,0.99900999486200640022110142178535693119,0.0,0.00040600305747637963758652148987718896562,0.00019718469705376634583017191256933146415
0.77500000000000002220446049250313080847,0.99900999486200640022110142178535693119,0.0,0.00039718044892498411835658179010372543454,0.00019299195395405269583213186687384475147
0.78000000000000002664535259100375697017,0.99900999486200640022110142178535693119,0.0,0.00038835768463213974656356236889651157982,0.00018879917384103614952240673367888121994
0.78500000000000003108624468950438313186,0.99900999486200640022110142178535693119,0.0,0.00037953476459372263761551122945477361666,0.00018460635671422657766848226910820297612
0.79000000000000003552713678800500929356,0.99900999486200640022110142178535693119,0.0,0.00037071168880560876132383220199576778498,0.00018041350257313384238410062432103006617
0.79500000000000003996802888650563545525,0.99900999486200640022110142178535693119,0.0,0.00036188845726367394189685939721323586435,0.00017622061141726779712906935606485159191
0.80000000000000004440892098500626161695,0.99900999486200640022110142178535693119,0.0,0.00035306506996379385793343131944219783283,0.00017202768324613828670907043217001486473
0.80500000000000004884981308350688777864,0.99900999486200640022110142178535693119,0.0,0.0003442415269018440424164646395090560967,0.00016783471805925514727546923198593631105
0.81000000000000005329070518200751394033,0.99900999486200640022110142178535693119,0.0,0.00033541782807369988270652762724598419536,0.00016364171585612820632512354175877782992
0.81499999999999994670929481799248605967,0.99900999486200640022110142178535693119,0.0,0.0003265939734752368164660734952963392966,0.00015944867663626737580477721780013449486
0.81999999999999995115018691649311222136,0.99900999486200640022110142178535693119,0.0,0.00031776996310232954793383107758785301895,0.00015525560039918227969335243328230845174
0.82499999999999995559107901499373838305,0.99900999486200640022110142178535693119,0.0,0.00030894579695085322349196204234324473137,0.00015106248714438281262680084762051254578
0.82999999999999996003197111349436454475,0.99900999486200640022110142178535693119,0.0,0.00030012147501668264794736857311455243528,0.00014686933687137876748203972724868463788
0.83499999999999996447286321199499070644,0.99900999486200640022110142178535693119,0.0,0.00029129699729569248045246650925974447925,0.00014267614957967992848052364650240083911
0.83999999999999996891375531049561686814,0.99900999486200640022110142178535693119,0.0,0.00028247236378375723449875673600116336199,0.00013848292526879607118805345264206203364
0.84499999999999997335464740899624302983,0.99900999486200640022110142178535693119,0.0,0.000273647574476751277910396234001022857,0.00013428966393823696251458522581645161881
0.84999999999999997779553950749686919153,0.99900999486200640022110142178535693119,0.0,0.00026482262937054883283776878843291956151,0.00013009636558751236071403923396650812254
0.85499999999999998223643160599749535322,0.99900999486200640022110142178535693119,0.0,0.00025599752846102397575105535752831835864,0.00012590303021613201538410888266915635454
0.85999999999999998667732370449812151492,0.99900999486200640022110142178535693119,0.0,0.00024717227174405063743380410057696991076,0.00012170965782360566746606965992104072974
0.86499999999999999111821580299874767661,0.99900999486200640022110142178535693119,0.0,0.00023834685921550260297650006536021673741,0.00011751624840944304924458807586200442177
0.86999999999999999555910790149937383831,0.99900999486200640022110142178535693119,0.0,0.00022952129087125351177013453499614298386,0.00011332280197315388434753059743815796712
0.875,0.99900999486200640022110142178535693119,0.0,0.00022069556670717685749977403417552148998,0.00010912931851424788774577257800438096255
0.88000000000000000444089209850062616169,0.99900999486200640022110142178535693119,0.0,0.00021186968671914598813812899476751027807,0.00010493579803223476575300718186610047614
0.88500000000000000888178419700125232339,0.99900999486200640022110142178535693119,0.0,0.00020304365090303410593912208077404910593,0.00010074224052662421602555430376018979457
0.89000000000000001332267629550187848508,0.99900999486200640022110142178535693119,0.0,0.00019421745925471426743145617261190521832,9.6548645996925927562169483274831119693e-05
0.89500000000000001776356839400250464678,0.99900999486200640022110142178535693119,0.0,0.00018539111177005938341218201070131598278,9.2355014442649580703852814208185824846e-05
0.90000000000000002220446049250313080847,0.99900999486200640022110142178535693119,0.0,0.00017656460844494221894026549834017456271,8.8161345863304847133657848865715875046e-05
0.90500000000000002664535259100375697017,0.99900999486200640022110142178535693119,0.0,0.00016773794927523539333015466384270333894,8.3967640258401389876500497296000006054e-05
0.91000000000000003108624468950438313186,0.99900999486200640022110142178535693119,0.0,0.00015891113425681138014534628192155826632,7.9773897627448863298967921464888260351e-05
0.91500000000000003552713678800500929356,0.99900999486200640022110142178535693119,0.0,0.00015008416338554250719195215429230588884,7.5580117969956913109127424367838461835e-05
0.92000000000000003996802888650563545525,0.99900999486200640022110142178535693119,0.0,0.0001412570366573009565122650494792132395,7.1386301285435176356335334080278213283e-05
0.92500000000000004440892098500626161695,0.99900999486200640022110142178535693119,0.0,0.00013242975406795876437832430180128936711,6.7192447573393281431045882745835993831e-05
0.93000000000000004884981308350688777864,0.99900999486200640022110142178535693119,0.0,0.00012360231561338782128548106951751573869,6.2998556833340848064620080502284925153e-05
0.93500000000000005329070518200751394033,0.99900999486200640022110142178535693119,0.0,0.00011477472128945987194596325211020128872,5.8804629064787487329134584345042769647e-05
0.93999999999999994670929481799248605967,0.99900999486200640022110142178535693119,0.0,0.00010594697109204671129960113671820734983,5.4610664267242894762327323975049430263e-05
0.94499999999999995115018691649311222136,0.99900999486200640022110142178535693119,0.0,9.7119065017019400442208577659978235685e-05,5.0416662440216477867681537457824814604e-05
0.94999999999999995559107901499373838305,0.99900999486200640022110142178535693119,0.0,8.8291003060249442711729730405141660365e-05,4.6222623583217914862588532743583048831e-05
0.95499999999999996003197111349436454475,0.99900999486200640022110142178535693119,0.0,7.9462785217607999623541814191265953589e-05,4.2028547695756782180076141639161910074e-05
0.95999999999999996447286321199499070644,0.99900999486200640022110142178535693119,0.0,7.0634411484966086877718262230539604604e-05,3.783443477734264759293211118441172364e-05
0.96499999999999996891375531049561686814,0.99900999486200640022110142178535693119,0.0,6.1805881858194574352591593379441930206e-05,3.3640284827485070213512942137747325886e-05
0.96999999999999997335464740899624302983,0.99900999486200640022110142178535693119,0.0,5.2977196333164186098315942799047081639e-05,2.9446097845693600493552722398161060062e-05
0.97499999999999997779553950749686919153,0.99900999486200640022110142178535693119,0.0,4.4148354905745500330429251584885248375e-05,2.5251873831477780223971955363540328401e-05
0.97999999999999998223643160599749535322,0.99900999486200640022110142178535693119,0.0,3.5319357571808949423415115345283433779e-05,2.1057612784347142534686383225133214303e-05
0.98499999999999998667732370449812151492,0.99900999486200640022110142178535693119,0.0,2.6490204327224819904264291707106683941e-05,1.6863314703811211894415805198005685936e-05
0.98999999999999999111821580299874767661,0.99900999486200640022110142178535693119,0.0,1.7660895167863252446035866727819162671e-05,1.2668979589379504110492890687333884076e-05
0.99499999999999999555910790149937383831,0.99900999486200640022110142178535693119,0.0,8.8314300895942418614180801927829764881e-06,8.4746074405615263286719873903749938388e-06
1.0,0.99900999486200640022110142178535693119,0.0,9.0891319937781415320510068757895733018e-09,4.2801982568667770329379243339601928049e-06
