value,sup,dur,Y,S
0.0,2.5019756555378883310389460052981141591e-77,130.0,0.99604088457808246582391958910242413298,0.88881968448054698040653630109176882525
0.0050000000000000001040834085586084256647,4.7106825241004477592589927961930953392e-74,129.0,0.99576850145361677043761364254477309227,0.8864104236797370906843884074718670919
0.010000000000000000208166817117216851329,5.9418535589817582749568546170886251819e-70,129.0,0.99548680130758459135699129678524103876,0.88347485411203185669502490992092421388
0.014999999999999999444888487687421729788,5.6315448185427069456299544430134544418e-65,129.0,0.99519331270520813076626959316184743269,0.88119948701901041265587178707375381948
0.020000000000000000416333634234433702659,3.4761168560891244598850518026177706756e-59,128.0,0.99488604216891255425003625209728661368,0.87843917241379732671850729781294962056
0.02500000000000000138777878078144567553,6.2702546049790793662891599431313048606e-54,128.0,0.9945618654345405332377562839801297495,0.87550410226159517787869250722374806326
0.029999999999999998889776975374843459576,7.1989474518252791787622801925829182276e-50,127.0,0.99421667736032561767468161803003135248,0.87284759521372351384997706911533612856
0.035000000000000003330669073875469621271,1.2643408694499914754146311966923765849e-46,127.0,0.99386052558932425868488914176215618284,0.86947880467151656861972695039589082523
0.040000000000000000832667268468867405318,5.8824457339707132266032050111677151332e-44,127.0,0.99347697906560896912975355505726520846,0.86679632305344798378330394927811338029
0.044999999999999998334665463062265189365,1.0321729350076014090529521165696877117e-41,126.0,0.99306864669666976541471989968014251019,0.8632097773639396872897623896437227373
0.050000000000000002775557561562891351059,8.7836093319823393259121042078566689893e-40,126.0,0.99263691491977543328998685066289101892,0.86028819152387362313386912589772682292
0.055000000000000000277555756156289135106,4.2935196479404735425741480834021905478e-38,125.0,0.99217331316701347050254916945795498076,0.85665954684547364463307529260329266851
0.059999999999999997779553950749686919153,1.3874519418567047080139357671012219513e-36,124.0,0.99167425272298975606562175806661519704,0.85317153901395225722386804179777111286
0.065000000000000002220446049250313080847,3.2875552580077010829790060777502531305e-35,124.0,0.99114923798382572248211557689184810458,0.84959445214621759481734907360049821943
0.070000000000000006661338147750939242542,6.2368656983547959472018911156111591167e-34,122.0,0.99057698055626842221439508427245630018,0.84548557294947341701789137449601087219
0.074999999999999997224442438437108648941,1.019638893894901795300863626700859941e-32,117.0,0.9899566407143918814189627073800130635,0.84149127706203769390638110492823398566
0.080000000000000001665334536937734810635,1.5554483521804144702065525927856499258e-31,113.0,0.98928814827401195388351250971074809488,0.83747878089122334082379844090139500575
0.08500000000000000610622663543836097233,2.3830079474873569802164391907489487142e-30,108.0,0.98857085452658758737392492981217974229,0.8331226213377797988500220597304226878
0.089999999999999996669330926124530378729,3.8920439589610519399381033991656278134e-29,103.0,0.98778680292888321934822369460464927169,0.82850031778834852838813839665429966582
0.095000000000000001110223024625156540424,7.3431415351252605881090859387191938829e-28,98.0,0.9869301103101161564939098377233281075,0.82365417226096502494902032100406664587
0.10000000000000000555111512312578270212,1.668572757247285688563149387218853674e-26,93.0,0.9859981669158876641590363525185178782,0.81857865115821068213774588150943358286
0.10499999999999999611421941381195210852,4.8484224053579026583251003226670491278e-25,87.0,0.9849631526454208083318240924769595719,0.81320582976963285641071958295903371537
0.11000000000000000055511151231257827021,1.8101167966259765837975925736706819612e-23,82.0,0.98379236024418945741917297605468892813,0.80738857381044025591067047744088056444
0.11500000000000000499600361081320443191,8.8288463162110517857711681849081573109e-22,75.0,0.98248174148604188234713896417219019997,0.80130928060824210970989777209490429272
0.11999999999999999555910790149937383831,5.6815183649325750197915593931490548665e-20,69.0,0.98095257088332983392352173974829631283,0.79506818781069500054106095941014627911
0.125,4.7242081811500535676331714641956289009e-18,62.0,0.97915349832410575579312277121108910352,0.78804267527105539762219689282087709914
0.13000000000000000444089209850062616169,5.2128380809113193035501834830956772026e-16,57.0,0.97691068636163374039727234415998943409,0.78052994070003817559017492328410612719
0.13500000000000000888178419700125232339,7.3081245232372145549941176075084348616e-14,50.0,0.97407097516758356622598694864533220452,0.77251058084625765960963583228603006854
0.14000000000000001332267629550187848508,1.2828147569849288243543878810128707444e-11,43.0,0.97025452238107614048189751722209707764,0.76341441222341946663052868440067173493
0.14499999999999999000799277837359113619,2.4705067668729394521390650947142250641e-09,36.0,0.96503836809641202449958226148299607552,0.75283652577801166317994397572837891202
0.14999999999999999444888487687421729788,4.374378873709463230248053718529345987e-07,28.0,0.95797697051447946215093150672826085645,0.7403295134580251541547946643475165331
0.15499999999999999888977697537484345958,5.1256586326040162838906200538733148641e-05,21.0,0.95433365299471099599607016715934986008,0.72504154349680321390710386532142888271
0.16000000000000000333066907387546962127,0.0022949899297087501151024611997879163972,12.0,0.94520775517475722327819951815712262671,0.7061381707682182409730601468768562051
0.16500000000000000777156117237609578297,0.022733041692605643335425249739492762485,0.0,0.9757061830505548577248102033319294503,0.68444318227137601211417859374017262339
0.17000000000000001221245327087672194466,0.069930308379901150437686302333428287125,0.0,0.97663034143146555036823505532487295372,0.66239202308922676630613587023989553746
0.17499999999999998889776975374843459576,0.12648841610220578804441961498730699655,0.0,0.97720224846486107385501375453447912809,0.64236494806270670905926614798950851499
0.17999999999999999333866185224906075746,0.17374460023818062907401278466342814551,0.0,0.97752808143337550747518875019893499532,0.62707856202651514462850621934414783168
0.18499999999999999777955395074968691915,0.20663320167004073279465079000876624226,0.0,0.97767984926328482532988151964150704682,0.61289675452755395961185902745510076239
0.19000000000000000222044604925031308085,0.2280364350238736644854261201985351895,0.0,0.97770448753348721041542413837403522108,0.60208469275666116736611968581404204292
0.19500000000000000666133814775093924254,0.24403200746127623200998212692753861378,0.0,0.97763111258185701800098453196735516973,0.59153620944289249485445371596439550534
0.20000000000000001110223024625156540424,0.25512420168638001801644072452290177284,0.0,0.97747663862680662625308414261426697881,0.58041151044396640952681621536844615043
0.20499999999999998778754672912327805534,0.2653243028409557248383354569657589004,0.0,0.97724988400135874299750283486126740632,0.57127400004470869444598287354438872084
0.20999999999999999222843882762390421703,0.27443960474091060926868746597183619973,0.0,0.97695439697260600783992402296428291629,0.56018804588178646779999748270668553671
0.21499999999999999666933092612453037873,0.28345634170817804763798238197273046278,0.0,0.97659029087580700669430996244137049756,0.55054929090195724933740556547717939018
0.22000000000000000111022302462515654042,0.29234248469044554645530679451088921243,0.0,0.97615536576343524116971248571489214786,0.53903550234095456344689627702390195904
0.22500000000000000555111512312578270212,0.30235088164368022308994149133059019809,0.0,0.97564574153246928545951593017151222263,0.5286754131373771272961513999994372309
0.23000000000000000999200722162640886381,0.31139988716834141525882473383891919979,0.0,0.97505616559196636108796416513142888393,0.51779471523556027879171112749919781675
0.23499999999999998667732370449812151492,0.32112812677488332178730924044567285468,0.0,0.97438010200759597983358837621013802153,0.50637274081857136021956341213944054579
0.23999999999999999111821580299874767661,0.33139883535364991932296872920815043092,0.0,0.97360966283365006753962881875957099853,0.49472209451476261982331693638268378978
0.24499999999999999555910790149937383831,0.34215509193553560957418271320179262286,0.0,0.97273540366184125864346469729677200754,0.48287646959122202220958917050829943485
0.25,0.35360535721392565987621532536177857297,0.0,0.97174596795347081140900619851183249855,0.47056272068818193773176064942067452579
0.25500000000000000444089209850062616169,0.3649140738922888826676305220769014672,0.0,0.97062751779012386821460780890016423649,0.45781874810525912176040055517137212414
0.26000000000000000888178419700125232339,0.37680341507805074550739467581716305608,0.0,0.96936281326795766934616727307773979044,0.44571460660801546668521739278780583112
0.26500000000000001332267629550187848508,0.38912635629139580589366106090957992057,0.0,0.9679296612461585475963715994697967103,0.43275920824646847377692468478278356465
0.27000000000000001776356839400250464678,0.40219520470707872906801826654065079299,0.0,0.9662981658788293410704648216059668383,0.41944392567894678508444342931166905706
0.27500000000000002220446049250313080847,0.41555324672966292574622693574236120798,0.0,0.96442559561710180575467436513173955018,0.40620747395415328680336417739727664905
0.28000000000000002664535259100375697017,0.42945320275458224353256715219742408581,0.0,0.96224630143825872676939418301963569627,0.39274921589224652221774728992115024715
0.28499999999999997557509345824655611068,0.4442548356850766104496722235781291029,0.0,0.95965090851855108095740613101738175084,0.37850482122323174162101219998267343957
0.28999999999999998001598555674718227237,0.45960196657695180167663958295157092003,0.0,0.95644118734543672169413112798381747701,0.36428223127542959968281774203398336543
0.29499999999999998445687765524780843407,0.47506727793617360891827274038099606721,0.0,0.95222707747220284935554717658678737169,0.35004413331634155635039032551776375615
0.29999999999999998889776975374843459576,0.49122689724509436646189546863988986739,0.0,0.94617918388942298699550108975439093423,0.33563260930601435329233680816444198671
0.30499999999999999333866185224906075746,0.5082278479194812651590944902987589175,0.0,0.93640569454142084679927274007710549392,0.32075542537171468452455063924154433731
0.30999999999999999777955395074968691915,0.52626760410443955476239400850727810449,0.0,0.91836924115929071100692649429395249757,0.30531866185313315366658961682472653492
0.31500000000000000222044604925031308085,0.54471494279877564309762595911399030526,0.0,0.88137475091654477671370363113705894539,0.28994308833106164192454268341071284691
0.32000000000000000666133814775093924254,0.56364003365805313271485876978561520208,0.0,0.80422506072967379950303247524467124762,0.27457365256404037696558383893507349733
0.32500000000000001110223024625156540424,0.5992051876991040058411962512930025044,0.0,0.65779134616605786394229220142622049064,0.25629662589909883554280516984358854191
0.33000000000000001554312234475219156593,0.72847524405042964752093332636676414192,0.0,0.43638350372067837709017456420581418824,0.17529748947543781602274779527234810505
0.33500000000000001998401444325281772763,0.86805757564355456531287392899540937489,0.0,0.21813285678272831628211158900971930726,0.082483352835312270017460105796467378465
0.34000000000000002442490654175344388932,0.94932822073217677995904854031603656697,0.0,0.086464104413180443556857293420849897593,0.030802658585381450816344120117065194291
0.34499999999999997335464740899624302983,0.98274245371334340717227926662445088218,0.0,0.030299006547947327563844503510934177662,0.010301791382243567734040953508809776277
0.34999999999999997779553950749686919153,0.99442170759105604017431281006490282259,0.0,0.010085617669632612569762655248149458107,0.0032861049125170286766656152566747053915
0.35499999999999998223643160599749535322,0.99823965914413376469634729219143644716,0.0,0.003290662098565855080783412702230307255,0.0010251420738256318100093410855112808354
0.35999999999999998667732370449812151492,0.99900675346870951441029419257511841385,0.0,0.0010652037606046567034907785705436929317,0.00036405173453910814982591538940141952099
0.36499999999999999111821580299874767661,0.99900670851200077095188605212820148038,0.0,0.00071085666588175644823524243525419960079,0.00035840999250431679878249971782268943397
0.36999999999999999555910790149937383831,0.99900666355529202749347791168128454691,0.0,0.00069971396574899547527299634630285298536,0.000352812260086848403312883672783691898
0.375,0.99900661859858328403506977123436761344,0.0,0.00068865910450152524593754353224069264092,0.00034725853876643144269012666681293120055
0.38000000000000000444089209850062616169,0.99900657364187454057666163078745067998,0.0,0.00067769208797798409113059419413262407331,0.00034174883001118488900342407531023972992
0.38500000000000000888178419700125232339,0.99900652868516579711825349034053374576,0.0,0.00066681292197080660174806955807726422845,0.00033628313527761723737330822693035749872
0.39000000000000001332267629550187848508,0.99900648372845705365984534989361681229,0.0,0.00065602161222621598720658030288144108317,0.00033086145601062554381320794280906728799
0.39500000000000001776356839400250464678,0.99900643877174831020143720944669987882,0.0,0.00064531816444421649457305662224545532818,0.00032548379364349447073855247198467542006
0.40000000000000002220446049250313080847,0.99900639381503956674302906899978294535,0.0,0.00063470258427858588831618216216901953541,0.00032015014959789534012459628133792034068
0.40500000000000002664535259100375697017,0.99900634885833082328462092855286601113,0.0,0.00062417487733686799069813605911444439213,0.00031486052528388519431413176701431343631
0.40999999999999997557509345824655611068,0.99900630390162207982671190783753262365,0.0,0.00061373504918036539824252943477147120912,0.00030961492209990592246977038594695059356
0.41499999999999998001598555674718227237,0.99900625894491333636830376739061569018,0.0,0.00060338310532413168081582083217410295752,0.00030441334143278310422204775926901148525
0.41999999999999998445687765524780843407,0.99900621398820459290989562694369875596,0.0,0.00059311905123696479948187405736411281002,0.00029925578465772544286109767117267442558
0.42499999999999998889776975374843459576,0.99900616903149584945148748649678182249,0.0,0.00058294289234139942503978604278620628697,0.00029414225313832362331507114191064951501
0.42999999999999999333866185224906075746,0.99900612407478710599307934604986488903,0.0,0.00057285463401369989828275858207227312961,0.00028907274822654946970672915934978265523
0.43499999999999999777955395074968691915,0.99900607911807836253467120560294795556,0.0,0.00056285428158385313461197972049650514818,0.00028404727126275505208446512058801706541
0.44000000000000000222044604925031308085,0.99900603416136961907626306515603102134,0.0,0.00055294184033556158941619233192163192484,0.00027906582357567180081112151396857074173
0.44500000000000000666133814775093924254,0.99900598920466087561785492470911408787,0.0,0.00054311731550623628423426740316050798051,0.00027412840648240962861169269594755007645
0.45000000000000001110223024625156540424,0.9990059442479521321594467842621971544,0.0,0.00053338071228698989371795089441333380072,0.00026923502128845606028099620578139249278
0.45500000000000001554312234475219156593,0.99900589929124338870103864381528022094,0.0,0.0005237320358226298934118043242979807814,0.00026438566928767537005238564736669296566
0.46000000000000001998401444325281772763,0.99900585433453464524263050336836328672,0.0,0.00051417129121165176836721044055247986169,0.0002595803517623077266285687518056915569
0.46500000000000002442490654175344388932,0.99900580937782590178422236292144635325,0.0,0.00050469848350623228260716648333837893248,0.00025481906998296834587558481640455904906
0.46999999999999997335464740899624302983,0.99900576442111715832631334220611296576,0.0,0.00049531361771222291316318543189628215954,0.00025010182520864670330846479684585825468
0.47499999999999997779553950749686919153,0.99900571946440841486790520175919603154,0.0,0.00048601669878914282549581524089970561782,0.00024542861868670549311580870153610108995
0.47999999999999998223643160599749535322,0.99900567450769967140949706131227909808,0.0,0.00047680773165017295076836823744527262645,0.00024079945165288011808111857172031320614
0.48499999999999998667732370449812151492,0.99900562955099092795108892086536216461,0.0,0.00046768672116214908113093100739204845963,0.00023621432533127766296309129176317702761
0.48999999999999999111821580299874767661,0.99900558459428218449268078041844523114,0.0,0.00045865367214555554836584450359249546873,0.00023167324093437613813727049128420297571
0.49499999999999999555910790149937383831,0.99900553963757344103427263997152829692,0.0,0.00044970858937451885880005141943643623607,0.0002271761996630236782905906913183626489
0.5,0.99900549468086469757586449952461136346,0.0,0.0004408514775768013891811153062278051847,0.00022272320270643774878619632353513760695
0.50500000000000000444089209850062616169,0.99900544972415595411745635907769442999,0.0,0.00043208234143379514353244077665447973645,0.00021831425124220435969951440167821676286
0.51000000000000000888178419700125232339,0.99900540476744721065904821863077749652,0.0,0.00042340118558051557100307470838070775747,0.00021394934643627728752655018839714132623
0.51500000000000001332267629550187848508,0.99900535981073846720064007818386056305,0.0,0.00041480801460559544472731887270617120773,0.00020962848944297730456536576273049983897
0.52000000000000001776356839400250464678,0.99900531485402972374223193773694362883,0.0,0.00040630283305127880170923486388326795723,0.00020535168140499141597169195368645869879
0.52500000000000002220446049250313080847,0.99900526989732098028382379729002669537,0.0,0.00039788564541341494374697259565282487239,0.00020111892345337210448961466366912274721
0.53000000000000002664535259100375697017,0.9990052249406122368254156568431097619,0.0,0.00038955645614145249941170396343659269336,0.00019693021670753658285826716193710867355
0.53500000000000003108624468950438313186,0.99900517998390349336700751639619282843,0.0,0.00038131526963843354709579354400127617102,0.00019278556227526605389545048287243906311
0.54000000000000003552713678800500929356,0.99900513502719474990859937594927589421,0.0,0.00037316209026098779914468841987262052416,0.00018868496125270497825909461660209035128
0.54500000000000003996802888650563545525,0.99900509007048600645019123550235896074,0.0,0.00036509692231932684708685937391864243526,0.0001846284147243603498874637304699223526
0.55000000000000004440892098500626161695,0.99900504511377726299178309505544202728,0.0,0.00035711977007723846797597580092822810262,0.00018061592376310097911899920902195439726
0.55500000000000004884981308350688777864,0.99900500015706851953337495460852509381,0.0,0.00034923063775208099185934672827511900402,0.00017664748943015678349268484756171253556
0.56000000000000005329070518200751394033,0.99900495520035977607496681416160816034,0.0,0.00034142952951477773038651032746819068867,0.00017272311277511808622980907997333806074
0.56499999999999994670929481799248605967,0.99900491024365103261755691317785831733,0.0,0.00033371644948981163685914517200067484151,0.00016884279483593500806919841882448159726
0.56999999999999995115018691649311222136,0.99900486528694228915914877273094138387,0.0,0.00032609140175521917405648536007341780283,0.00016500653663891643745119144174134265985
0.57499999999999995559107901499373838305,0.9990048203302335457007406322840244504,0.0,0.00031855439034258595393496883110623533043,0.00016121433919872986901097929336364535445
0.57999999999999996003197111349436454475,0.99900477537352480224233249183710751693,0.0,0.00031110541923704072391939448928186422037,0.00015746620351840038717472341932473690401
0.58499999999999996447286321199499070644,0.99900473041681605878392435139019058271,0.0,0.00030374449237725027365734107130127297941,0.00015376213058931008971061535934531878198
0.58999999999999996891375531049561686814,0.99900468546010731532551621094327364924,0.0,0.00029647161365541423075177019414609305901,0.00015010212139119743231686401506730958448
0.59499999999999997335464740899624302983,0.99900464050339857186710807049635671578,0.0,0.00028928678691725991772674973592982402107,0.00014648617689215658089693925167770622994
0.59999999999999997779553950749686919153,0.99900459554668982840869993004943978231,0.0,0.00028219001596203727023897792037643175012,0.00014291429804863677152287101829105954375
0.60499999999999998223643160599749535322,0.99900455058998108495029178960252284809,0.0,0.00027518130454251381654763799182070743987,0.00013938648580544167808739370276661889115
0.60999999999999998667732370449812151492,0.99900450563327234149188364915560591387,0.0,0.00026826065636496971825496283434898482007,0.00013590274109572878764571596577795959388
0.61499999999999999111821580299874767661,0.9990044606765635980334755087086889804,0.0,0.00026142807508919287232973830638530504577,0.00013246306484100878344768682654772373442
0.61999999999999999555910790149937383831,0.99900441571985485457506736826177204694,0.0,0.00025468356432847407442582343127093893213,0.00012906745795114493566111929872672146874
0.625,0.99900437076314611111665922781485511347,0.0,0.00024802712764960224350761490577867196889,0.00012571592132435249978702339945380240253
0.63000000000000000444089209850062616169,0.99900432580643736765825108736793817925,0.0,0.00024145876857285970779423266264205417396,0.00012240845584719812276749087769936562548
0.63500000000000000888178419700125232339,0.99900428084972862419984294692102124578,0.0,0.00023497849057201755203405245065881389521,0.00011914506239459925678696452958988761823
0.64000000000000001332267629550187848508,0.99900423589301988074143480647410431231,0.0,0.00022858629707433102612106057734200304051,0.00011592574182982358076761548855216876288
0.64500000000000001776356839400250464678,0.99900419093631113728302666602718737885,0.0,0.00022228219146053501506435509503761923841,0.00011275049500448842955954239682289508011
0.65000000000000002220446049250313080847,0.99900414597960239382461852558027044538,0.0,0.00021606617706483957032196680249914055097,0.00010961932275856023082649688216034979385
0.65500000000000002664535259100375697017,0.99900410102289365036621038513335351116,0.0,0.00020993825717492550251002248070357392353,0.00010653222592035394962783027948946115733
0.66000000000000003108624468950438313186,0.99900405606618490690780224468643657769,0.0,0.00020389843503194003549812178480647994658,0.00010348920530653254069734705172761453205
0.66500000000000003552713678800500929356,0.99900401110947616344939410423951964422,0.0,0.00019794671383049252190164817416146811832,0.0001004902617221064084197408771955678808
0.67000000000000003996802888650563545525,0.99900396615276741999098596379260271076,0.0,0.00019208309671865021998158317986958318984,9.7535395960432874505279882834174386942e-05
0.67500000000000004440892098500626161695,0.99900392119605867653257782334568577654,0.0,0.00018630758679793413196224218497279603352,9.4624608803215653363398012942221626263e-05
0.68000000000000004884981308350688777864,0.99900387623934993307416968289876884307,0.0,0.00018062018712331490377719872676068668853,9.1757901020504335175840032342335093732e-05
0.68500000000000005329070518200751394033,0.9990038312826411896157615424518519096,0.0,0.00017502090070320878625351312431781790676,8.8935273370693876669998170789360336553e-05
0.68999999999999994670929481799248605967,0.99900378632593244615835164146810206735,0.0,0.0001695097304994737791384828580329395141,8.6156726600524160799799369372769580081e-05
0.69499999999999995115018691649311222136,0.99900374136922370269994350102118513388,0.0,0.0001640866794274052276565409522564516443,8.3422261445079257115562916588409014296e-05
0.69999999999999995559107901499373838305,0.99900369641251495924153536057426819966,0.0,0.00015875175035573270230304317272215569212,8.0731878627787305818461509639631624676e-05
0.70499999999999996003197111349436454475,0.99900365145580621578312722012735126619,0.0,0.00015350494610661571443295298764797894056,7.8085578860419791577475341485407636238e-05
0.70999999999999996447286321199499070644,0.99900360649909747232471907968043433272,0.0,0.00014834626945564010813389232681603786987,7.5483362843091134998455544876113494817e-05
0.71499999999999996891375531049561686814,0.99900356154238872886631093923351739926,0.0,0.00014327572313181439024415549402363234818,7.2925231264258229611477113069903780076e-05
0.71999999999999997335464740899624302983,0.99900351658567998540790279878660046504,0.0,0.00013829330981756612187560095617320177345,7.0411184800719986562583626979801479775e-05
0.72499999999999997779553950749686919153,0.99900347162897124194949465833968353157,0.0,0.00013339903214873837145032576809439181726,6.7941224117616887010485814852111445206e-05
0.72999999999999998223643160599749535322,0.9990034266722624984910865178927665981,0.0,0.00012859289271458622925987584650497764599,6.5515349868430542228766467773069734638e-05
0.73499999999999998667732370449812151492,0.99900338171555375503267837744584966463,0.0,0.00012387489405777338355559372612151042312,6.3133562694983261414134730400927434542e-05
0.73999999999999999111821580299874767661,0.99900333675884501157427023699893273117,0.0,0.00011924503867436875817855381642506443723,6.0795863227437627201263281343764801507e-05
0.74499999999999999555910790149937383831,0.99900329180213626811586209655201579695,0.0,0.00011470332901384321173738352957242698129,5.8502252084296078884732411568076814075e-05
0.75,0.99900324684542752465745395610509886348,0.0,0.00011024976747906629834211696901875127893,5.6252729872400503348595502148404062227e-05
0.75500000000000000444089209850062616169,0.99900320188871878119904581565818193001,0.0,0.00010588435642630308990207615518453509093,5.4047297186931833704070894572846023428e-05
0.76000000000000000888178419700125232339,0.99900315693201003774063767521126499655,0.0,0.00010160709816521105999562301955843267053,5.1885954611409655635855637722032814636e-05
0.76500000000000001332267629550187848508,0.99900311197530129428222953476434806233,0.0,9.7417994958837029319473622578678466822e-05,4.9768702717691821457547085558895003066e-05
0.77000000000000001776356839400250464678,0.99900306701859255082382139431743112886,0.0,9.331704902361417272511424408080134812e-05,4.7695542065974071876648808522210453e-05
0.77500000000000002220446049250313080847,0.99900302206188380736541325387051419539,0.0,8.9304262529359087849707158639019419103e-05,4.5666473204789665469627769627276655146e-05
0.78000000000000002664535259100375697017,0.99900297710517506390700511342359726192,0.0,8.5379637599268925348722042364583095525e-05,4.3681496671009015867480203361013532085e-05
0.78500000000000003108624468950438313186,0.99900293214846632044859697297668032846,0.0,8.1543176309918580737377063257903663913e-05,4.1740612989839336652254121635204979277e-05
0.79000000000000003552713678800500929356,0.99900288719175757699018883252976339424,0.0,7.7794880691257947847821784644258845713e-05,3.9843822674824293964966856349299704815e-05
0.79500000000000003996802888650563545525,0.99900284223504883353178069208284646077,0.0,7.4134752726609233908842061157062047785e-05,3.7991126227843666825346532532078149654e-05
0.80000000000000004440892098500626161695,0.9990027972783400900733725516359295273,0.0,7.0562794352664336254715129770134147952e-05,3.6182524139113015163816849598419826022e-05
0.80500000000000004884981308350688777864,0.99900275232163134661496441118901259383,0.0,6.707900745948228066969109512329848751e-05,3.44180168871833555661350309922442188e-05
0.81000000000000005329070518200751394033,0.99900270736492260315655627074209565961,0.0,6.3683393890486721374424979436256751934e-05,3.2697604938940844731083284408320736157e-05
0.81499999999999994670929481799248605967,0.99900266240821385969914636975834581736,0.0,6.0375955442463575121464268773635406389e-05,3.1021288749606507373736622093966658579e-05
0.81999999999999995115018691649311222136,0.99900261745150511624073822931142888389,0.0,5.7156693865558352682276163955819024403e-05,2.9389068762735787202758964230493381996e-05
0.82499999999999995559107901499373838305,0.99900257249479637278233008886451195042,0.0,5.4025610863274284435332078487174273647e-05,2.7800945410218476849756358944556271627e-05
0.82999999999999996003197111349436454475,0.99900252753808762932392194841759501696,0.0,5.0982708092469771263069784871647648028e-05,2.6256919112278282317074922081320123853e-05
0.83499999999999996447286321199499070644,0.99900248258137888586551380797067808274,0.0,4.8027987163356267256451514817028835892e-05,2.4756990277472582717691326291565195626e-05
0.83999999999999996891375531049561686814,0.99900243762467014240710566752376114927,0.0,4.5161449639496149677390266338034955849e-05,2.3301159302692160019099400675624427537e-05
0.84499999999999997335464740899624302983,0.9990023926679613989486975270768442158,0.0,4.2383097037800650603137025337467636606e-05,2.1889426573160936502786065814557316238e-05
0.84999999999999997779553950749686919153,0.99900234771125265549028938662992728233,0.0,3.969293082852785025773598777146414146e-05,2.0521792462435719939620774743876417406e-05
0.85499999999999998223643160599749535322,0.99900230275454391203188124618301034811,0.0,3.7090952435280732035502635453456829648e-05,1.9198257332405956481473105877443451711e-05
0.85999999999999998667732370449812151492,0.99900225779783516857347310573609341465,0.0,3.4577163235005299221327265838702574476e-05,1.7918821533293491269363628717080798739e-05
0.86499999999999999111821580299874767661,0.99900221284112642511506496528917648118,0.0,3.2151564557988753412454304360922422712e-05,1.6683485403652336758443637405896128115e-05
0.86999999999999999555910790149937383831,0.99900216788441768165665682484225954696,0.0,2.9814157687857734646235437668589799241e-05,1.5492249270368448760089820819190129054e-05
0.875,0.99900212292770893819824868439534261349,0.0,2.756494386157662323820229803471832093e-05,1.4345113448659510201390410955008546908e-05
0.88000000000000000444089209850062616169,0.99900207797100019473984054394842567927,0.0,2.5403924269445903334652103894727068255e-05,1.3242078242074722602289823905810473318e-05
0.88500000000000000888178419700125232339,0.99900203301429145128143240350150874581,0.0,2.3331100055100588183787319506301640157e-05,1.2183143942494605270649279682257113602e-05
0.89000000000000001332267629550187848508,0.99900198805758270782302426305459181234,0.0,2.1346472315508707129298038727419970648e-05,1.1168310830130802215471358638682649116e-05
0.89500000000000001776356839400250464678,0.99900194310087396436461612260767487887,0.0,1.9450042100969854330123424478262593132e-05,1.0197579173525896778526923236296415907e-05
0.90000000000000002220446049250313080847,0.99900189814416522090620798216075794465,0.0,1.764181041511379920997614719405744923e-05,9.2709492295532339846133043934899241873e-06
0.90500000000000002664535259100375697017,0.99900185318745647744779984171384101118,0.0,1.5921778214899158640061363093585446748e-05,8.388421243416750610663121731691146683e-06
0.91000000000000003108624468950438313186,0.99900180823074773398939170126692407772,0.0,1.4289946410612130858269356986743544324e-05,7.5499954486508129739135766489312033112e-06
0.91500000000000003552713678800500929356,0.99900176327403899053098356082000714425,0.0,1.2746315865865291127968545228955219942e-05,6.75567206712006243933652636057554757e-06
0.92000000000000003996802888650563545525,0.99900171831733024707257542037309021078,0.0,1.1290887397596449139373092905137564789e-05,6.0054513090192686465201158564346983975e-06
0.92500000000000004440892098500626161695,0.99900167336062150361416727992617327656,0.0,9.9236617760675681563069459962559602002e-06,5.2993333728731904561832131546213047647e-06
0.93000000000000004884981308350688777864,0.99900162840391276015575913947925634309,0.0,8.6446397248637459110336147521660935355e-06,4.6373184455364446164943613039748262451e-06
0.93500000000000005329070518200751394033,0.99900158344720401669735099903233940963,0.0,7.4538219208922572496685693704688781524e-06,4.0194067021933821493574283175473510797e-06
0.93999999999999994670929481799248605967,0.99900153849049527323994109804858956737,0.0,6.3512089943816820341885252765296248013e-06,3.4455983063579847082757950996231554108e-06
0.94499999999999995115018691649311222136,0.99900149353378652978153295760167263315,0.0,5.3368015288809753227892842288558573975e-06,2.9158934098737064198870398913045181153e-06
0.94999999999999995559107901499373838305,0.99900144857707778632312481715475569968,0.0,4.4106000612588421781926635278999393481e-06,2.4302921529134498776666326535628891025e-06
0.95499999999999996003197111349436454475,0.99900140362036904286471667670783876622,0.0,3.5726050817029274472499268146765644572e-06,1.9887946639794214657929663037421685226e-06
0.95999999999999996447286321199499070644,0.99900135866366029940630853626092183275,0.0,2.8228170337191926538811326351728387929e-06,1.5914010599030595781175209267793411947e-06
0.96499999999999996891375531049561686814,0.99900131370695155594790039581400489928,0.0,2.1612363141313291922974976704105822373e-06,1.2381114458449573271226608733489534983e-06
0.96999999999999997335464740899624302983,0.99900126875024281248949225536708796506,0.0,1.5878632730802332841543336282652308705e-06,9.2892591529479297371446987221781208835e-07
0.97499999999999997779553950749686919153,0.99900122379353406903108411492017103159,0.0,1.1026982140235427009313091177433945971e-06,6.6384455007126807793653718662111900749e-07
0.97999999999999998223643160599749535322,0.99900117883682532557267597447325409813,0.0,7.057413937352352526842445851209922834e-07,4.4286742032205337068107335942335444758e-07
0.98499999999999998667732370449812151492,0.99900113388011658211426783402633716466,0.0,3.9699302230528904416010060831096328512e-07,2.659945845237423464641994551924552511e-07
0.98999999999999999111821580299874767661,0.99900108892340783865585969357942023044,0.0,1.7645326313940449911426812655842974992e-07,1.3322608948181257732271893801708997227e-07
0.99499999999999999555910790149937383831,0.99900104396669909519745155313250329697,0.0,4.4122232958788153516714132569361949703e-08,4.4561970330594747880146440857360895432e-08
1.0,0.99900099900999035173904341268558636351,0.0,1.6361526466062708915225193149391234374e-14,2.2505332494116202327043626626788515146e-12
