value,sup,dur,Y,S
0.0,6.500770118667155972454301278809594323e-141,132.0,0.99604126356473749881158068547698459539,0.88888399640339364567959965223036112428
0.0050000000000000001040834085586084256647,1.6674566935661795904435807378065299949e-137,131.0,0.9957681731764674341221467334355143875,0.88634881923568363870767226754854207951
0.010000000000000000208166817117216851329,2.8891989970399474637839239564591828845e-133,131.0,0.99548677492921723823603153379582236967,0.88352472820726413708880268496713976852
0.014999999999999999444888487687421729788,3.795621236018979790771151170914346668e-128,131.0,0.99519332898883730556301601130792633413,0.88124157491235396853113449536593819465
0.020000000000000000416333634234433702659,3.3023295751730103689458907700185584205e-122,130.0,0.99488570431730069209827510424477794139,0.87832424957309975746715740411138963754
0.02500000000000000138777878078144567553,1.280464840988560320732792998899640867e-115,130.0,0.9945605899838703794957798788127017676,0.87562783784198865539483662565777152215
0.029999999999999998889776975374843459576,1.2337370155991971686683688081884391836e-108,130.0,0.99421872771170362262083626388150726252,0.87278943234816290689695918702170480237
0.035000000000000003330669073875469621271,1.5296190018241113721219239834110355483e-101,129.0,0.99386111720831660586268578478927292257,0.86965234076377052762533769531502028571
0.040000000000000000832667268468867405318,9.7479635384798365951337912472107784598e-95,129.0,0.9934749286009679058370872558913027015,0.8667580548879824815214094164211206076
0.044999999999999998334665463062265189365,5.30606000737893611068361760237196305e-89,128.0,0.99307045794015287852266621026709709966,0.86338925291891489461061400982286868605
0.050000000000000002775557561562891351059,3.5113522926153032296088012636103883156e-84,128.0,0.99263459549401003569329201220386739291,0.86022045581772957482657747228321393857
0.055000000000000000277555756156289135106,4.6927531667292620967459065171316953601e-80,127.0,0.99217486643322040970482304796427023539,0.85678711985959647545153597370259430276
0.059999999999999997779553950749686919153,1.835424108012946771928497470005208342e-76,127.0,0.99167088733623923708414266164407928799,0.8530101209316209899111204456244445644
0.065000000000000002220446049250313080847,2.8142184960617151310137115057155654054e-73,126.0,0.99114759362000411254248572200115738567,0.84959637099549732700070651873369029403
0.070000000000000006661338147750939242542,2.1431607267710544114239780579095629645e-70,126.0,0.99057839039966342839963578043694947446,0.84563837376048466642910303798498462326
0.074999999999999997224442438437108648941,1.0046292928163346145092028353218318428e-67,125.0,0.989960618846191589262695026515584848,0.84127646811320719264512250075882851013
0.080000000000000001665334536937734810635,3.4914330614115074970816577878475848498e-65,125.0,0.98929228643694513950241933333476266152,0.83736259286392208866222581624532134828
0.08500000000000000610622663543836097233,1.0878219847573271761002294107839069255e-62,124.0,0.98856983362989050670184257959978439048,0.83308221077352745343607712872968519187
0.089999999999999996669330926124530378729,3.5621354098639606428837326819899168925e-60,123.0,0.98778737593390820059430986417701296123,0.82850592534461632766171979971358657933
0.095000000000000001110223024625156540424,1.4608914560564497417140370997288657462e-57,122.0,0.98693557242080842541314538289474735607,0.82367054323889902036328486263884081814
0.10000000000000000555111512312578270212,8.3008586313580883315214147245074554763e-55,121.0,0.98599992354536477741223244448890378792,0.81856457365080931885489043346066373025
0.10499999999999999611421941381195210852,7.1419445676110724148361588589530267557e-52,120.0,0.98495818019676497148459166013814915606,0.81311360028533068536754419777325272338
0.11000000000000000055511151231257827021,9.1750180675434689662770435928719142873e-49,119.0,0.98378223360338792513820593208453282049,0.80716319699129231007712652110135983845
0.11500000000000000499600361081320443191,1.7385753675923960630863370552878124657e-45,118.0,0.9824753754366020280212769057126738059,0.80145426379177071785897302859780821481
0.11999999999999999555910790149937383831,4.5586137786949446072269179313224884449e-42,117.0,0.9809320054556093792922552651153547048,0.79494945528624996986068346993185888175
0.125,1.5587819045070973239652121752705040923e-38,116.0,0.97912781942618207596674328329303845222,0.78815860401852455761309410544617312697
0.13000000000000000444089209850062616169,6.6214965873229542484665213223239528595e-35,114.0,0.97687956487777438613000200455171050813,0.78051261562484030950942709791500574198
0.13500000000000000888178419700125232339,3.3501698872661833931996386023441860008e-31,113.0,0.97398851135301012082398978195752955314,0.77224223655603611333940789089146024729
0.14000000000000001332267629550187848508,1.9158427614307313762155573481355074265e-27,111.0,0.97014032143214663086178273068377635732,0.76311209814935586366466039645987902602
0.14499999999999999000799277837359113619,1.1513629960810133484318700085031348186e-23,109.0,0.96482798081253909514637969956227067318,0.75275420308568812123934094762680163952
0.14999999999999999444888487687421729788,6.4157869594050103584931707538354905419e-20,96.0,0.96906799452976178167108063865332917841,0.74029195995515921900259776042764238457
0.15499999999999999888977697537484345958,2.7250376872849000891914628029896838745e-16,80.0,0.97208461256779592642107163056394002553,0.72474781766236323559483007556663706235
0.16000000000000000333066907387546962127,6.8614166564822570454040277895353259576e-13,66.0,0.97389792288813556459716954189662650275,0.70562171129384723544942556666260954203
0.16500000000000000777156117237609578297,7.3058686275245471280009190752304937663e-10,52.0,0.97459656734223110983395206905363109348,0.68386485925808908772704797730472660358
0.17000000000000001221245327087672194466,2.3614457908379244491395475969767045073e-07,40.0,0.97402445222550369166539227771694153903,0.66204979970895392592480367268550983984
0.17499999999999998889776975374843459576,1.8242391577507886310922937610134864475e-05,30.0,0.97192310035291809817451638386685982578,0.64228625571507275063080204266677946785
0.17999999999999999333866185224906075746,0.00031196313107676758076881528234782761107,21.0,0.96722739705184598829264286281634400228,0.62672321928366527684859562459482574867
0.18499999999999999777955395074968691915,0.0016146149668140921725670345528248019705,15.0,0.96275485501359949751458501373808800855,0.6129692013002457876006366531043709663
0.19000000000000000222044604925031308085,0.0040026037311584748052692114302333129964,10.0,0.95800655964175125196491648839386445291,0.60222140788395980985843166492036517333
0.19500000000000000666133814775093924254,0.0067824819537565370170429335599804764256,7.0,0.95107272819590952821946390819992507957,0.59112977957312772006290847606512207077
0.20000000000000001110223024625156540424,0.0095558217269322036346990631811528111436,2.0,0.94104285744304037777677900115426743535,0.58103579903219885038288898754940290769
0.20499999999999998778754672912327805534,0.0122023749167377971197133090199373398,0.0,0.97725040804206493314815823297430329364,0.57122404744101383149696272406790261459
0.20999999999999999222843882762390421703,0.014868176310817774220748208081796242217,0.0,0.97695460515003880890238756519211255935,0.56026090303512101458690553997574795591
0.21499999999999999666933092612453037873,0.017872635294376163889938762320510171993,0.0,0.97659031302738705422461073147538752571,0.55048368680436311422264125813462854468
0.22000000000000000111022302462515654042,0.02104928550470021741706016139619326104,0.0,0.97615526198429568408265502119626686957,0.53959927992466859366305554448238251231
0.22500000000000000555111512312578270212,0.024857377311504885419614924508504151638,0.0,0.97564553008270018983103281160560543575,0.52811331114331660396170322544459579594
0.23000000000000000999200722162640886381,0.028965207646208762899269288860610933936,0.0,0.97505583736652537380914739298603558951,0.51758328234804151152518150542715835787
0.23499999999999998667732370449812151492,0.03386787086366733489614502414770990389,0.0,0.97437962588054703553345597069967526536,0.50635093728062152533733906654484626079
0.23999999999999999111821580299874767661,0.039546573366858854961332351239633682549,0.0,0.9736089840466149532494548628858434569,0.49471944129146992103985172593495296446
0.24499999999999999555910790149937383831,0.045975761176747625334167627916531298672,0.0,0.97273443545439427667410973397371484806,0.48271410661668329713062570453721672965
0.25,0.053173086434838831284834930801585552383,0.0,0.97174457442380908530044096036834487866,0.47005518053204775272738024849693096407
0.25500000000000000444089209850062616169,0.061277960314585961439398030391028754931,0.0,0.97062548279469470106653090287645279737,0.45825801225893220418143592018271062908
0.26000000000000000888178419700125232339,0.070658467777263094090702290718432440107,0.0,0.9693597846362980958965742561600756511,0.44538730828276347793075711992651275813
0.26500000000000001332267629550187848508,0.081061131105470727880128697942695834262,0.0,0.96792504888341929763266719052035006974,0.43288101919256844796490952621594319358
0.27000000000000001776356839400250464678,0.093072219125639290991705714309914020499,0.0,0.96629095034632498733900784407058956359,0.41973663574007836898827098094246236192
0.27500000000000002220446049250313080847,0.10606066571979245079077810653845931446,0.0,0.96441395664047207977086499831689867581,0.4063847302969823909436850031734469385
0.28000000000000002664535259100375697017,0.12035117459108604452345224991537720091,0.0,0.96222687052645214982207618817619265618,0.39252105637742696781990531844081052494
0.28499999999999997557509345824655611068,0.13594488354662636445289772319796810521,0.0,0.95961720454720240707373689029085479754,0.37882975074652567299988364848333925142
0.28999999999999998001598555674718227237,0.15348524109842675828086989719458920767,0.0,0.95638019489656704581028989176726875289,0.36456624458312644404616965656864551667
0.29499999999999998445687765524780843407,0.17247135557475179416170460553626263147,0.0,0.95211139167289950823001700848260482928,0.35031232705437152079228034181629378637
0.29999999999999998889776975374843459576,0.1931327474185575523886722959042053082,0.0,0.94594804659870134100583601541608607859,0.33529549212685482495326373410000343353
0.30499999999999999333866185224906075746,0.21544733295217493339619030138375701811,0.0,0.93591746468631063489151712387306246611,0.32047623628326445261669363029741118018
0.30999999999999999777955395074968691915,0.23981503907005393167139233424506735377,0.0,0.91728619449234966398372195303614203887,0.30560210599423648861732262562811058117
0.31500000000000000222044604925031308085,0.26560433186678695585221777168536416741,0.0,0.87895591543971981358870472564297360329,0.2902132443448523315422619311978948834
0.32000000000000000666133814775093924254,0.29339632250871156491621371942445228553,0.0,0.79923966682799578892207227441754849775,0.27433806794477059175294850336550952883
0.32500000000000001110223024625156540424,0.37986617829284074532410404753249518428,0.0,0.64904249262577008459637375635829501484,0.25496544736681314751505346625843034268
0.33000000000000001554312234475219156593,0.59346819321569012596996860909931841058,0.0,0.42541090499941492584151238171888037535,0.17086220446991026370665576952429220996
0.33500000000000001998401444325281772763,0.80507101942001605671220809864353906363,0.0,0.2099890200806409135091423524493159608,0.07928323390914021701206547438489451241
0.34000000000000002442490654175344388932,0.92544134930935098639091500675565359981,0.0,0.082593838873194367121547263949200578609,0.029399961615733960358760442229675544052
0.34499999999999997335464740899624302983,0.97457540100977949927074595960533109067,0.0,0.028846460041312007858850902164567888862,0.0098050246139865526541027894411220572501
0.34999999999999997779553950749686919153,0.99175173658769951889573569736472737816,0.0,0.009590521715092256864645399414546255441,0.0031245015779448570187606795718337122781
0.35499999999999998223643160599749535322,0.9973850195993596447999762929663014181,0.0,0.0031278481936186588203145531043149605983,0.00097439343923917308679273060471443973373
0.35999999999999998667732370449812151492,0.99876628243151083331782572163876818511,0.0,0.0010123640242311225072621741589495079594,0.00034626694079231731805232426691593676526
0.36499999999999999111821580299874767661,0.9987772553461957564736959968519107616,0.0,0.00073206113477206812409474991964726458295,0.00034090179474596290143820537114838629237
0.36999999999999999555910790149937383831,0.99878814641564158961706044076829906408,0.0,0.00072102494833577559986009924132293948692,0.00033557849401615962986713519127584720238
0.375,0.99879895562362183641123953874202374184,0.0,0.00071007226823119870570717196742358097492,0.000330297039968521974516226020042472547
0.38000000000000000444089209850062616169,0.99880968295395045445097938893100996792,0.0,0.00069920309995805108467548349062433584746,0.00032505743395816935809444053152035904295
0.38500000000000000888178419700125232339,0.99882032839048187102219265796031662968,0.0,0.00068841744897429110848063734013995566931,0.00031985967732972529796990046465707657337
0.39000000000000001332267629550187848508,0.99883089191711099881185413648192267957,0.0,0.0006777153206961150321858600789976734062,0.00031470377141731655586887172952715987756
0.39500000000000001776356839400250464678,0.99884137351777325156801944873373470026,0.0,0.00066709672049795020093176713295493577138,0.00030958971754457229414742573429009086403
0.40000000000000002220446049250313080847,0.99885177317644455970993558452542824228,0.0,0.00065656165371244830874024960822623844637,0.00030451751702462323863676905950324393417
0.40500000000000002664535259100375697017,0.99886209087714138588821203650925849956,0.0,0.00064611012563047870940825131339669135803,0.00029948717116010084806322593321273521179
0.40999999999999997557509345824655611068,0.99887232660392074038183715022891909642,0.0,0.00063574214150112189415104988519530227948,0.00029449868124313654519486198822171272017
0.41499999999999998001598555674718227237,0.99888248034088019701202479637009409463,0.0,0.00062545770653166244721916509921768754263,0.0002895520485553606783449325130601084035
0.41999999999999998445687765524780843407,0.998892552072157907870544529434603804,0.0,0.00061525682588758320380178117344074614839,0.0002846472743679020428218564688186277018
0.42499999999999998889776975374843459576,0.99890254178193261913529314836937640808,0.0,0.00060513950469255830807677793209063346681,0.00027978435994138685465933557026514060663
0.42999999999999999333866185224906075746,0.99891244945442368626621014398646984012,0.0,0.00059510574802844690035778226223232782243,0.00027496330652593800853981207801686282716
0.43499999999999999777955395074968691915,0.99892227507389108926516332927891716602,0.0,0.00058515556093528674085166533745969210813,0.00027018411536117428668261166736797695557
0.44000000000000000222044604925031308085,0.99893201862463544788567976786881880317,0.0,0.00057528894841128788561292606481793883788,0.00026544678767620957431341526735676330279
0.44500000000000000666133814775093924254,0.99894168009099803679249170264263526011,0.0,0.00056550591541282641470976114159735758117,0.00026075132468965208171598287204377096522
0.45000000000000001110223024625156540424,0.99895125945736080067086730199097654483,0.0,0.00055580646685443821261650075000119493415,0.00025609772760960357286704463655119119624
0.45500000000000001554312234475219156593,0.99896075670814636928569615653394465132,0.0,0.00054619060760881280084696750388380903544,0.00025148599763365860065526687926471847435
0.46000000000000001998401444325281772763,0.99897017182781807249029957477783791572,0.0,0.00053665834250678722284319479323016577485,0.0002469161359489037486851929187372235156
0.46500000000000002442490654175344388932,0.99897950480087995518493584181434457378,0.0,0.00052720967633733998113381914925721806847,0.00024238814373191687966705097927294529607
0.46999999999999997335464740899624302983,0.99898875561187679212272223545193389329,0.0,0.00051784461384758513028530860587938905169,0.00023790202214876643996683543688868515418
0.47499999999999997779553950749686919153,0.99899792424539410317734754715794607,0.0,0.0005085631597427659036780193926133258734,0.0002334577723550105224115312192755000771
0.47999999999999998223643160599749535322,0.99900589136349467969878239809199227093,0.0,0.00049936531868624943139684061531360226756,0.00022905539549569643327754696732147427632
0.48499999999999998667732370449812151492,0.99900584861871851594330202806628684657,0.0,0.00049025109529952046978842791923233249859,0.00022469489270535976734406822740076521018
0.48999999999999999111821580299874767661,0.99900580587394235218782165804058142372,0.0,0.00048122049416217570461561068897496653615,0.0002203762651080237392637003687879758431
0.49499999999999999555910790149937383831,0.99900576312916618843234128801487600012,0.0,0.00047227351981191800212762361835153919812,0.00021609951381719847148578470909112543469
0.50,0.99900572038439002467686091798917057727,0.0,0.0004634101767445507124968075598073538429,0.00021186463993588028877161175886381556933
0.50500000000000000444089209850062616169,0.99900567763961386092138054796346515291,0.0,0.00045463046941397202563512019486775438417,0.00020767164455655101930236220347168327863
0.51000000000000000888178419700125232339,0.99900563489483769716590017793775972931,0.0,0.00044593440223216937940367507627704814965,0.00020352052876117730238059853108975148899
0.51500000000000001332267629550187848508,0.99900559215006153341041980791205430646,0.0,0.00043732197956921392022840555203576155834,0.00019941129362120990272612250495468530837
0.52000000000000001776356839400250464678,0.99900554940528536965493943788634888285,0.0,0.00042879320575325501613482799179920728976,0.00019534394019758303136700596570371850931
0.52500000000000002220446049250313080847,0.99900550666050920589945906786064346,0.0,0.00042034808507051482221475659755005439393,0.00019131846954071367312659473581461030166
0.53000000000000002664535259100375697017,0.99900546391573304214397869783493803565,0.0,0.00041198662176528289853769989355472929737,0.00018733488269050092070727768283291438389
0.53500000000000003108624468950438313186,0.9990054211709568783884983278092326128,0.0,0.00040370882003991088051954675581481003115,0.00018339318067632531537180528124858088458
0.54000000000000003552713678800500929356,0.99900537842618071463301795778352718919,0.0,0.00039551468405480720176102755898714716151,0.00017949336451704819422293429457796189165
0.54500000000000003996802888650563545525,0.99900533568140455087753758775782176559,0.0,0.00038740421792843186936831368952755241395,0.00017563543522101104408216747943415151317
0.55000000000000004440892098500626161695,0.99900529293662838712205721773211634274,0.0,0.00037937742573729129176799629807009960779,0.00017181939378603486196834949214276479532
0.55500000000000004884981308350688777864,0.99900525019185222336657684770641091838,0.0,0.00037143431151593315902856274224519783968,0.00016804524119941952217687245579625307713
0.56000000000000005329070518200751394033,0.99900520744707605961109647768070549553,0.0,0.0003635748792569413757003667037226939766,0.00016431297843794314996023692155217746474
0.56499999999999994670929481799248605967,0.99900516470229989585656523234858906902,0.0,0.00035579913291093121791308870869364546112,0.00016062260646786158328833654022530267413
0.56999999999999995115018691649311222136,0.99900512195752373210108486232288364542,0.0,0.00034810707638654368252136799600021891999,0.00015697412624490743289322070221230392305
0.57499999999999995559107901499373838305,0.99900507921274756834560449229717822257,0.0,0.00034049871355044161350864963317266941841,0.00015336753871428996741446232864695279093
0.57999999999999996003197111349436454475,0.99900503646797140459012412227147279896,0.0,0.00033297404822730415253532566635403272413,0.00014980284481069418479138143093332443764
0.58499999999999996447286321199499070644,0.99900499372319524083464375224576737536,0.0,0.00032553308419982210813219122742665333768,0.00014628004545828030136910198942313970206
0.58999999999999996891375531049561686814,0.99900495097841907707916338222006195176,0.0,0.00031817582520869320389642854950789863949,0.00014279914157068316520247296545786572817
0.59499999999999997335464740899624302983,0.9990049082336429133236830121943565289,0.0,0.00031090227495261737928662372073767905217,0.00013936013405101167596634845329866805786
0.59999999999999997779553950749686919153,0.9990048654888667495682026421686511053,0.0,0.00030371243708829214302783083397042550525,0.00013596302379184821147291086353872115296
0.60499999999999998223643160599749535322,0.99900482274409058581272227214294568094,0.0,0.00029660631523040797913757533274894576632,0.00013260781167524806079671329334531089584
0.60999999999999998667732370449812151492,0.99900477999931442205724190211724025809,0.0,0.0002895839129516438055835654556884571058,0.00012929449857273886400810950135373862769
0.61499999999999999111821580299874767661,0.99900473725453825830176153209153483449,0.0,0.00028264523378266248558375774259677347975,0.0001260230853453200585157321662458137597
0.61999999999999999555910790149937383831,0.99900469450976209454628116206582941164,0.0,0.00027579028121210639155929958676203436126,0.00012279357284346233201867236800725639711
0.625,0.99900465176498593079080079204012398803,0.0,0.00026901905868659302175074879931364390286,0.00011960596190710708206900548958518178164
0.63000000000000000444089209850062616169,0.99900460902020976703532042201441856443,0.0,0.00026233156961071066950784709386660667047,0.00011646025336566588224530099417356695024
0.63500000000000000888178419700125232339,0.99900456627543360327984005198871314083,0.0,0.00025572781734701414526300130325577951603,0.0001133564480380199549377457896557727089
0.64000000000000001332267629550187848508,0.99900452353065743952435968196300771722,0.0,0.00024920780521602055119850300551650157312,0.00011029454673251965074550314684337984577
0.64500000000000001776356839400250464678,0.99900448078588127576887931193730229437,0.0,0.00024277153649620510861739406383362044754,0.00010727455024698393448692139208436988213
0.65000000000000002220446049250313080847,0.99900443804110511201339894191159687002,0.0,0.00023641901442399703802776237542431591436,0.00010429645936869987782319884758561325336
0.65500000000000002664535259100375697017,0.99900439529632894825791857188589144717,0.0,0.0002301502421937754919501288777037520155,0.0001013602748744221584961037444193004876
0.66000000000000003108624468950438313186,0.99900435255155278450243820186018602356,0.0,0.0002239652229578655404574635770690876014,9.8465997530372566180340083674946767298e-05
0.66500000000000003552713678800500929356,0.99900430980677662074695783183448060071,0.0,0.00021786395982653420945724504668956799923,9.5613628092239514951142670592502409031e-05
0.67000000000000003996802888650563545525,0.99900426706200045699147746180877517711,0.0,0.00021184645586798657172485448527132927828,9.2803167305177562367676794782499594073e-05
0.67500000000000004440892098500626161695,0.99900422431722429323599709178306975275,0.0,0.00020591271410836189069747203933838994206,9.003461590380693517281027682065043886e-05
0.68000000000000004884981308350688777864,0.9990041815724481294805167217573643299,0.0,0.00020006273753172981703751966759949484681,8.7307974612213061609817847611477624656e-05
0.68500000000000005329070518200751394033,0.9990041388276719657250363517316589063,0.0,0.00019429652908008663797457136791761536295,8.4623244143946110356570071963003622794e-05
0.68999999999999994670929481799248605967,0.99900409608289580197050510639954248054,0.0,0.00018861409165335170467991900217090779571,8.1980425202020594294803496363069397828e-05
0.69499999999999995115018691649311222136,0.99900405333811963821502473637383705694,0.0,0.00018301542810936328434993679772288620413,7.9379518478914688882049555093881006843e-05
0.69999999999999995559107901499373838305,0.99900401059334347445954436634813163409,0.0,0.00017750054126387572498852274686092449621,7.6820524656570143035748603097018693027e-05
0.70499999999999996003197111349436454475,0.99900396784856731070406399632242620973,0.0,0.00017206943389055540938762172037261303253,7.4303444406391608882627930599976299806e-05
0.70999999999999996447286321199499070644,0.99900392510379114694858362629672078613,0.0,0.00016672210872097739559647465975774757115,7.1828278389246272936007866116072283505e-05
0.71499999999999996891375531049561686814,0.99900388235901498319310325627101536327,0.0,0.0001614585684446219831147523824069408068,6.9395027255463434746059998379791583678e-05
0.71999999999999997335464740899624302983,0.99900383961423881943762288624530993967,0.0,0.00015627881570887133192314290215455690784,6.7003691644834092171198197966015401175e-05
0.72499999999999997779553950749686919153,0.99900379686946265568214251621960451607,0.0,0.00015118285311900613435932425007535439412,6.4654272186610533271092574017389031436e-05
0.72999999999999998223643160599749535322,0.99900375412468649192666214619389909246,0.0,0.000146170683238202339847131036504257069,6.2346769499505934821788737671382998107e-05
0.73499999999999998667732370449812151492,0.99900371137991032817118177616819366886,0.0,0.00014124230858752793248659922193361908681,6.0081184191693967453406979032314901225e-05
0.73999999999999999111821580299874767661,0.99900366863513416441570140614248824601,0.0,0.0001363977316459397615124497621477419031,5.7857516860808407410888198888346086351e-05
0.74499999999999999555910790149937383831,0.99900362589035800066022103611678282241,0.0,0.00013163695485028042462844796215593147482,5.567576809394275493824566984387836375e-05
0.75,0.9990035831455818369047406660910773988,0.0,0.00012695998059527520422495151464890479029,5.3535938467649859286773934138483978695e-05
0.75500000000000000444089209850062616169,0.9990035404008056731492602960653719752,0.0,0.0001223668112335290564868363122948717996,5.1438028547941550347658377169141629312e-05
0.76000000000000000888178419700125232339,0.99900349765602950939377992603966655235,0.0,0.00011785744907552365339886520967729067503,4.9382038890288276909421246637759727195e-05
0.76500000000000001332267629550187848508,0.99900345491125334563829955601396112874,0.0,0.00011343189638961447765544097052242950784,4.7367970039618751540632117325384806137e-05
0.77000000000000001776356839400250464678,0.99900341216647718188281918598825570439,0.0,0.00010909015540202797048156066953792189146,4.5395822530319602098303030762759794892e-05
0.77500000000000002220446049250313080847,0.99900336942170101812733881596255028154,0.0,0.00010483222829685873237166482615007770019,4.3465596886235029862380767538657824187e-05
0.78000000000000002664535259100375697017,0.99900332667692485437185844593684485793,0.0,0.00010065811721606677675295053015454652421,4.1577293620666474296740937677318600513e-05
0.78500000000000003108624468950438313186,0.99900328393214869061637807591113943508,0.0,9.6567824259474836579593777248911728943e-05,3.9730913236372284437080801439004567558e-05
0.79000000000000003552713678800500929356,0.99900324118737252686089770588543401148,0.0,9.2561351484765723864202166063937289346e-05,3.7926456225567396906099959067823648104e-05
0.79500000000000003996802888650563545525,0.99900319844259636310541733585972858787,0.0,8.8638700907479742152695018119650893838e-05,3.6163923069923020556350273443186964444e-05
0.80000000000000004440892098500626161695,0.99900315569782019934993696583402316427,0.0,8.479987450101215194868386857051087019e-05,3.4443314240566327741128614300238256176e-05
0.80500000000000004884981308350688777864,0.99900311295304403559445659580831774067,0.0,8.1044874196610689093302139137985881459e-05,3.2764630198080152213778236684963461546e-05
0.81000000000000005329070518200751394033,0.99900307020826787183897622578261231782,0.0,7.7373701883373136106308645726516490051e-05,3.112787139250269365575682961612276555e-05
0.81499999999999994670929481799248605967,0.99900302746349170808444498045049589131,0.0,7.3786359408245025218458074074111834943e-05,2.9533038263327263780758995453902752073e-05
0.81999999999999995115018691649311222136,0.99900298471871554432896461042479046846,0.0,7.0282848576016998893502594350156396227e-05,2.7980131239501863402659395054965394532e-05
0.82499999999999995559107901499373838305,0.9990029419739393805734842403990850441,0.0,6.6863171149323018016908556070298699564e-05,2.6469150739429119326420786166719956931e-05
0.82999999999999996003197111349436454475,0.99900289922916321681800387037337962125,0.0,6.3527328848637824656357168134258896741e-05,2.5000097170965872814068426274259128296e-05
0.83499999999999996447286321199499070644,0.99900285648438705306252350034767419765,0.0,6.0275323352274858877949077429067844412e-05,2.3572970931422953139569109371320365186e-05
0.83999999999999996891375531049561686814,0.99900281373961088930704313032196877404,0.0,5.7107156296384147970312979312651636676e-05,2.2187772407564921896582412696973441175e-05
0.84499999999999997335464740899624302983,0.99900277099483472555156276029626335044,0.0,5.4022829274950248667282394565268386344e-05,2.0844501975609823937267062852681495624e-05
0.84999999999999997779553950749686919153,0.99900272825005856179608239027055792683,0.0,5.1022343839790242373971242518725550108e-05,1.9543160001228944942438220501241204954e-05
0.85499999999999998223643160599749535322,0.99900268550528239804060202024485250398,0.0,4.8105701500551783400954500301959960514e-05,1.8283746839546575623363700570044999562e-05
0.85999999999999998667732370449812151492,0.99900264276050623428512165021914708038,0.0,4.5272903724711200211135880615587895065e-05,1.7066262835139782555479362054793609061e-05
0.86499999999999999111821580299874767661,0.99900260001573007052964128019344165753,0.0,4.2523951937571649683760085636193236679e-05,1.5890708322038185644296118160898283693e-05
0.86999999999999999555910790149937383831,0.99900255727095390677416091016773623317,0.0,3.9858847522261324399902803022277915688e-05,1.4757083623723742223763233643027919755e-05
0.875,0.99900251452617774301868054014203080957,0.0,3.7277591819731712953647202016903288674e-05,1.3665389053130537787344791823257568103e-05
0.88000000000000000444089209850062616169,0.99900247178140157926320017011632538672,0.0,3.4780186128755913293031263786147280735e-05,1.26156249126445833520584288997433847e-05
0.88500000000000000888178419700125232339,0.99900242903662541550771980009061996311,0.0,3.236663170592699909472584086672121536e-05,1.1607791494103619455717647815468301829e-05
0.89000000000000001332267629550187848508,0.99900238629184925175223943006491454026,0.0,3.0036929765656439176278886389648788927e-05,1.0641889078796926787611238155057191472e-05
0.89500000000000001776356839400250464678,0.99900234354707308799675906003920911591,0.0,2.7791081480172569949636825069106777184e-05,9.7179179374651434528455422916359712269e-06
0.90000000000000002220446049250313080847,0.99900230080229692424127869001350369306,0.0,2.5629087979519120919529555265742039471e-05,8.8358783303000888705675213298931086231e-06
0.90500000000000002664535259100375697017,0.99900225805752076048579831998779826945,0.0,2.3550950351553793230181075221468953804e-05,7.9957705069445943062787873005826643082e-06
0.91000000000000003108624468950438313186,0.99900221531274459673031794996209284585,0.0,2.155666964194689126368321728744716496e-05,7.1975947064923400384429805703748674447e-06
0.91500000000000003552713678800500929356,0.99900217256796843297483757993638742225,0.0,1.9646246854180007293245452098245396458e-05,6.4413511574876991595810835539038655381e-06
0.92000000000000003996802888650563545525,0.99900212982319226921935720991068199864,0.0,1.7819682949544759194409190652786627493e-05,5.7270400779255880120414735667744089942e-06
0.92500000000000004440892098500626161695,0.99900208707841610546387683988497657579,0.0,1.6076978847141581217190466616283889212e-05,5.054661675251323258623729053862557211e-06
0.93000000000000004884981308350688777864,0.99900204433363994170839646985927115219,0.0,1.4418135423878567821990324326819453668e-05,4.4242161463604855882274144811737321906e-06
0.93500000000000005329070518200751394033,0.99900200158886377795291609983356572934,0.0,1.2843153514470370581987670445360371162e-05,3.8357036775987900566892799064992732984e-06
0.93999999999999994670929481799248605967,0.99900195884408761419838485450144930283,0.0,1.1352033911437180333046818593673665557e-05,3.289124444761974733907820413521815614e-06
0.94499999999999995115018691649311222136,0.99900191609931145044290448447574387847,0.0,9.9447773651035996408110771662680704421e-06,2.7844786130956367006329533140994122558e-06
0.94999999999999995559107901499373838305,0.99900187335453528668742411445003845562,0.0,8.6213845835978975746485949854826182069e-06,2.3217663372951951147585735955083559528e-06
0.95499999999999996003197111349436454475,0.99900183060975912293194374442433303202,0.0,7.381856232850984600468356088842368851e-06,1.9009877615057386172947327743047158721e-06
0.95999999999999996447286321199499070644,0.99900178786498295917646337439862760917,0.0,6.2261929365956088924539681629628358458e-06,1.5221430193219414533758593084702710493e-06
0.96499999999999996891375531049561686814,0.99900174512020679542098300437292218556,0.0,5.1543952763655716843841986863274713971e-06,1.1852322337879736272243657792476243132e-06
0.96999999999999997335464740899624302983,0.99900170237543063166550263434721676121,0.0,4.1664637914949957029505877277773340944e-06,8.9025551739741769322859883628931854776e-07
0.97499999999999997779553950749686919153,0.99900165963065446791002226432151133835,0.0,3.2623989791176466847900256681234003842e-06,6.3721297209319218323624373061226581712e-07
0.97999999999999998223643160599749535322,0.99900161688587830415454189429580591475,0.0,2.4422012941663079788255412916465814177e-06,4.2610468926748167015650370567005917799e-07
0.98499999999999998667732370449812151492,0.9990015741411021403990615242701004919,0.0,1.7058711493722082353838968608047943101e-06,2.5693074976167346795658278271671855646e-07
0.98999999999999999111821580299874767661,0.99900153139632597664358115424439506754,0.0,1.0534089152645021834339324115967030256e-06,1.2969122386630096813020857723858993462e-07
0.99499999999999999555910790149937383831,0.99900148865154981288810078421868964469,0.0,4.8481492016980449716494205914495697804e-07,4.4386171320993612708139733279398973834e-08
1.0,0.99900144590677364913262041419298422109,0.0,9.6013669444114297726457724398560192996e-11,1.015641314433503872810376680207845663e-09
