value,sup,dur,Y,S
0.0,1.3068913787626856777742217139193297586e-100,130.0,0.99604126356473749881158068547698459313,0.88888399640339364567959965223036112804
0.0050000000000000001040834085586084256647,2.756965341027535722203422463452357601e-97,130.0,0.995768173176467434122146733435514389,0.8863488192356836387076722675485420923
0.010000000000000000208166817117216851329,3.8939172671879179273090449791975894664e-93,130.0,0.99548677492921723823603153379582236816,0.88352472820726413708880268496713977378
0.014999999999999999444888487687421729788,4.130305406013907383010600526119044588e-88,129.0,0.99519332898883730556301601130792633939,0.8812415749123539685311344953659381939
0.020000000000000000416333634234433702659,2.8718910538547256665059309655433241357e-82,129.0,0.99488570431730069209827510424477794214,0.87832424957309975746715740411138963152
0.02500000000000000138777878078144567553,8.8022311022541823677276546014882694954e-76,129.0,0.99456058998387037949577987881270176911,0.87562783784198865539483662565777152742
0.029999999999999998889776975374843459576,1.529432223694961127735453364138395491e-69,128.0,0.99421872771170362262083626388150726328,0.87278943234816290689695918702170480162
0.035000000000000003330669073875469621271,1.4054309785992314256478917925725505606e-64,128.0,0.99386111720831660586268578478927292633,0.86965234076377052762533769531502028195
0.040000000000000000832667268468867405318,1.5325437410214636088826150385580784047e-60,127.0,0.99347492860096790583708725589130269924,0.86675805488798248152140941642112061136
0.044999999999999998334665463062265189365,3.5309997775618345498124882789788899732e-57,127.0,0.99307045794015287852266621026709709815,0.86338925291891489461061400982286868906
0.050000000000000002775557561562891351059,2.5282081846428436772173081590469268412e-54,126.0,0.99263459549401003569329201220386739141,0.86022045581772957482657747228321394458
0.055000000000000000277555756156289135106,7.484120072596056690157568610462853172e-52,126.0,0.99217486643322040970482304796427023539,0.85678711985959647545153597370259430427
0.059999999999999997779553950749686919153,1.1392287942980769733460478543876888247e-49,125.0,0.99167088733623923708414266164407928874,0.8530101209316209899111204456244445644
0.065000000000000002220446049250313080847,1.0410347987684017854122170726308535502e-47,125.0,0.99114759362000411254248572200115738417,0.84959637099549732700070651873369029327
0.070000000000000006661338147750939242542,6.5605585442591343441941739185245652449e-46,124.0,0.99057839039966342839963578043694947296,0.84563837376048466642910303798498462251
0.074999999999999997224442438437108648941,3.2512716353054552746318075895661777288e-44,123.0,0.98996061884619158926269502651558484725,0.84127646811320719264512250075882850862
0.080000000000000001665334536937734810635,1.4024892290680145245023630149615529495e-42,123.0,0.98929228643694513950241933333476266754,0.83736259286392208866222581624532134527
0.08500000000000000610622663543836097233,5.868774325780715840262348718770156404e-41,122.0,0.98856983362989050670184257959978439198,0.83308221077352745343607712872968519338
0.089999999999999996669330926124530378729,2.6535622432884296510875374169941843389e-39,121.0,0.98778737593390820059430986417701296048,0.82850592534461632766171979971358658309
0.095000000000000001110223024625156540424,1.4294300038951056877467943384440195258e-37,120.0,0.98693557242080842541314538289474735908,0.82367054323889902036328486263884081889
0.10000000000000000555111512312578270212,9.90972718185348493109774446862910701e-36,119.0,0.98599992354536477741223244448890378491,0.81856457365080931885489043346066373176
0.10499999999999999611421941381195210852,9.2833782366130393393964710735629924234e-34,115.0,0.98495818019676497148459166013814915381,0.81311360028533068536754419777325272564
0.11000000000000000055511151231257827021,1.1968681268053403045893285419548353927e-31,108.0,0.98378223360338792513820593208453281823,0.80716319699129231007712652110135983243
0.11500000000000000499600361081320443191,2.1087826597648922354290226042473568682e-29,100.0,0.98247537543660202802127690571267380364,0.80145426379177071785897302859780821857
0.11999999999999999555910790149937383831,4.9683367998868054145130164332158247715e-27,92.0,0.98093200545560937929225526511535469803,0.7949494552862499698606834699318588825
0.125,1.5281933955567293262792231804908409147e-24,84.0,0.97912781942618207596674328329303844921,0.78815860401852455761309410544617312471
0.13000000000000000444089209850062616169,6.0490498666438802177362062289544700939e-22,76.0,0.97687956487777438613000200455171050663,0.780512615624840309509427097915005748
0.13500000000000000888178419700125232339,3.014370606281332165144880320043338014e-19,67.0,0.97398851135301012082398978195752955615,0.77224223655603611333940789089146024804
0.14000000000000001332267629550187848508,1.8424374107597243122163641224787576746e-16,59.0,0.97014032143214663086178273068377635582,0.76311209814935586366466039645987902452
0.14499999999999999000799277837359113619,1.2505672967764550962476210803563676792e-13,50.0,0.96482798081253909514637969956227067243,0.75275420308568812123934094762680163576
0.14999999999999999444888487687421729788,8.1175047091021737407644186622785199252e-11,42.0,0.9631604199727066600795452107543671184,0.74029195995515921900259776042764238382
0.15499999999999999888977697537484345958,4.0048278417883708425443051837798455673e-08,34.0,0.96366149140442423114834838820313353237,0.72474781766236323559483007556663705934
0.16000000000000000333066907387546962127,1.0206144404734378684781899160003625953e-05,25.0,0.96048846230476501159916823102399350883,0.70562171129384723544942556666260953826
0.16500000000000000777156117237609578297,0.00085599942399689228032424339840496067937,16.0,0.95106061474606104241384008775954331185,0.6838648592580890877270479773047266096
0.17000000000000001221245327087672194466,0.014073557100976541846841100317798372377,0.0,0.97666238601311838445002006397601033379,0.66204979970895392592480367268550983909
0.17499999999999998889776975374843459576,0.053606670320706636316720646172306224759,0.0,0.97722203577265437854690677838866415584,0.6422862557150727506308020426667794671
0.17999999999999999333866185224906075746,0.097176193799999501870215810237408831879,0.0,0.97753992434546125888455387351023904044,0.62672321928366527684859562459482574942
0.18499999999999999777955395074968691915,0.13090707342727788840626250813050763109,0.0,0.9776867189031637445101852768565336831,0.61296920130024578760063665310437096705
0.19000000000000000222044604925031308085,0.15301339276998360504152799748074199329,0.0,0.97770834725814820442441712751510678085,0.60222140788395980985843166492036517333
0.19500000000000000666133814775093924254,0.16943523446450169586041912308445704843,0.0,0.97763320717949108941686361221901923796,0.59112977957312772006290847606512207002
0.20000000000000001110223024625156540424,0.1815988627856578258574352564921998186,0.0,0.97747772624507457223898119237584711467,0.58103579903219885038288898754940290769
0.20499999999999998778754672912327805534,0.19187689676648930857940358999952940006,0.0,0.97725040804206493314815823297430329439,0.57122404744101383149696272406790261308
0.20999999999999999222843882762390421703,0.20217886242873816108646103497802883977,0.0,0.9769546051500388089023875651921125601,0.56026090303512101458690553997574795817
0.21499999999999999666933092612453037873,0.21099673432186424431465560520289664612,0.0,0.97659031302738705422461073147538752195,0.55048368680436311422264125813462854769
0.22000000000000000111022302462515654042,0.22105698784696296476130884320933209869,0.0,0.97615526198429568408265502119626686732,0.53959927992466859366305554448238251307
0.22500000000000000555111512312578270212,0.2306878233101798527487080915284598982,0.0,0.97564553008270018983103281160560543124,0.52811331114331660396170322544459579369
0.23000000000000000999200722162640886381,0.24062572019685691494666346583470652992,0.0,0.97505583736652537380914739298603559402,0.51758328234804151152518150542715835712
0.23499999999999998667732370449812151492,0.25129242395426437484013414131448249835,0.0,0.97437962588054703553345597069967526461,0.50635093728062152533733906654484625929
0.23999999999999999111821580299874767661,0.26237777181987827889477362896694294403,0.0,0.97360898404661495324945486288584344938,0.49471944129146992103985172593495296634
0.24499999999999999555910790149937383831,0.273784670677005635105170679324863414,0.0,0.9727344354543942766741097339737148458,0.48271410661668329713062570453721672815
0.25,0.2856967684590826977573417204754210024,0.0,0.97174457442380908530044096036834488091,0.47005518053204775272738024849693096595
0.25500000000000000444089209850062616169,0.29863626854652613996805658827831030034,0.0,0.97062548279469470106653090287645279887,0.45825801225893220418143592018271063133
0.26000000000000000888178419700125232339,0.31111474073832796313729843373669504787,0.0,0.96935978463629809589657425616007565411,0.44538730828276347793075711992651275926
0.26500000000000001332267629550187848508,0.32517987022287109028046850862755990952,0.0,0.967925048883419297632667190520350072,0.43288101919256844796490952621594319509
0.27000000000000001776356839400250464678,0.33907704076959646781601984136829867284,0.0,0.96629095034632498733900784407058956585,0.41973663574007836898827098094246236305
0.27500000000000002220446049250313080847,0.35382317527664085553896273629138120507,0.0,0.9644139566404720797708649983168986728,0.40638473029698239094368500317344693775
0.28000000000000002664535259100375697017,0.36869364739439765487780098996219075558,0.0,0.96222687052645214982207618817619265543,0.39252105637742696781990531844081052457
0.28499999999999997557509345824655611068,0.38458791781602750125341159519887506864,0.0,0.95961720454720240707373689029085479377,0.37882975074652567299988364848333925105
0.28999999999999998001598555674718227237,0.40097214406066187659969521101219170302,0.0,0.9563801948965670458102898917672687574,0.36456624458312644404616965656864551441
0.29499999999999998445687765524780843407,0.41835667717634134703583359092545118043,0.0,0.95211139167289950823001700848260482176,0.35031232705437152079228034181629378486
0.29999999999999998889776975374843459576,0.43625600548645076637100936481624647623,0.0,0.94594804659870134100583601541608607333,0.33529549212685482495326373410000343541
0.30499999999999999333866185224906075746,0.455029920304817076814369921724773723,0.0,0.93591746468631063489151712387306246611,0.32047623628326445261669363029741118018
0.30999999999999999777955395074968691915,0.47448197298293443020333523566889601819,0.0,0.91728619449234966398372195303614204038,0.30560210599423648861732262562811058493
0.31500000000000000222044604925031308085,0.49481621641469867556108801994286609531,0.0,0.87895591543971981358870472564297360329,0.29021324434485233154226193119789488377
0.32000000000000000666133814775093924254,0.51602526135231695360000297640403836398,0.0,0.79923966682799578892207227441754849474,0.2743380679447705917529485033655095277
0.32500000000000001110223024625156540424,0.5615708146147144229362584281888910233,0.0,0.6490424926257700845963737563582950171,0.25496544736681314751505346625843034192
0.33000000000000001554312234475219156593,0.70931218131379842530568471452011864738,0.0,0.42541090499941492584151238171888037385,0.17086220446991026370665576952429220846
0.33500000000000001998401444325281772763,0.86081236202326937298990634640876425016,0.0,0.20998902008064091350914235244931595667,0.079283233909140217012065474384894511094
0.34000000000000002442490654175344388932,0.94694186753456025882549804910029738479,0.0,0.082593838873194367121547263949200577857,0.02939996161573396035876044222967554384
0.34499999999999997335464740899624302983,0.98197564878350882078000530124927745079,0.0,0.028846460041312007858850902164567889755,0.0098050246139865526541027894411220574969
0.34999999999999997779553950749686919153,0.99417586948825293098350985437832860069,0.0,0.0095905217150922568646453994145462556408,0.003124501577944857018760679571833712328
0.35499999999999998223643160599749535322,0.99816120030084384377240420354092598584,0.0,0.0031278481936186588203145531043149604954,0.00097439343923917308679273060471443970141
0.35999999999999998667732370449812151492,0.99900691723812260982936215401533343581,0.0,0.0010123640242311225072621741589495079285,0.00034626694079231731805232426691593676489
0.36499999999999999111821580299874767661,0.99900687449334644607388178398962801145,0.0,0.00073206113477206812409474991964726458295,0.00034090179474596290143820537114838629274
0.36999999999999999555910790149937383831,0.9990068317485702823184014139639225886,0.0,0.00072102494833577559986009924132293948766,0.00033557849401615962986713519127584720275
0.375,0.999006789003794118562921043938217165,0.0,0.00071007226823119870570717196742358097492,0.000330297039968521974516226020042472547
0.38000000000000000444089209850062616169,0.99900674625901795480744067391251174139,0.0,0.00069920309995805108467548349062433584746,0.00032505743395816935809444053152035904258
0.38500000000000000888178419700125232339,0.99900670351424179105196030388680631779,0.0,0.00068841744897429110848063734013995567004,0.00031985967732972529796990046465707657373
0.39000000000000001332267629550187848508,0.99900666076946562729647993386110089419,0.0,0.0006777153206961150321858600789976734062,0.00031470377141731655586887172952715987756
0.39500000000000001776356839400250464678,0.99900661802468946354099956383539547133,0.0,0.00066709672049795020093176713295493577064,0.00030958971754457229414742573429009086403
0.40000000000000002220446049250313080847,0.99900657527991329978551919380969004773,0.0,0.0006565616537124483087402496082262384471,0.00030451751702462323863676905950324393417
0.40500000000000002664535259100375697017,0.99900653253513713603003882378398462488,0.0,0.00064611012563047870940825131339669135876,0.00029948717116010084806322593321273521179
0.40999999999999997557509345824655611068,0.99900648979036097227503301610507369945,0.0,0.00063574214150112189415104988519530227948,0.00029449868124313654519486198822171272017
0.41499999999999998001598555674718227237,0.99900644704558480851955264607936827584,0.0,0.00062545770653166244721916509921768754263,0.0002895520485553606783449325130601084035
0.41999999999999998445687765524780843407,0.99900640430080864476407227605366285224,0.0,0.00061525682588758320380178117344074614912,0.00028464727436790204282185646881862770217
0.42499999999999998889776975374843459576,0.99900636155603248100859190602795742939,0.0,0.00060513950469255830807677793209063346681,0.00027978435994138685465933557026514060663
0.42999999999999999333866185224906075746,0.99900631881125631725311153600225200578,0.0,0.00059510574802844690035778226223232782243,0.00027496330652593800853981207801686282679
0.43499999999999999777955395074968691915,0.99900627606648015349763116597654658218,0.0,0.00058515556093528674085166533745969210813,0.00027018411536117428668261166736797695557
0.44000000000000000222044604925031308085,0.99900623332170398974215079595084115858,0.0,0.00057528894841128788561292606481793883862,0.00026544678767620957431341526735676330316
0.44500000000000000666133814775093924254,0.99900619057692782598667042592513573497,0.0,0.00056550591541282641470976114159735758117,0.00026075132468965208171598287204377096522
0.45000000000000001110223024625156540424,0.99900614783215166223119005589943031212,0.0,0.00055580646685443821261650075000119493415,0.00025609772760960357286704463655119119624
0.45500000000000001554312234475219156593,0.99900610508737549847570968587372488852,0.0,0.00054619060760881280084696750388380903544,0.00025148599763365860065526687926471847398
0.46000000000000001998401444325281772763,0.99900606234259933472022931584801946492,0.0,0.00053665834250678722284319479323016577559,0.00024691613594890374868519291873722351597
0.46500000000000002442490654175344388932,0.99900601959782317096474894582231404131,0.0,0.00052720967633733998113381914925721806847,0.00024238814373191687966705097927294529589
0.46999999999999997335464740899624302983,0.99900597685304700720974313814340311663,0.0,0.00051784461384758513028530860587938905242,0.00023790202214876643996683543688868515418
0.47499999999999997779553950749686919153,0.99900593410827084345426276811769769303,0.0,0.00050856315974276590367801939261332587413,0.0002334577723550105224115312192755000771
0.47999999999999998223643160599749535322,0.99900589136349467969878239809199227018,0.0,0.00049936531868624943139684061531360226756,0.00022905539549569643327754696732147427651
0.48499999999999998667732370449812151492,0.99900584861871851594330202806628684582,0.0,0.00049025109529952046978842791923233249859,0.00022469489270535976734406822740076521
0.48999999999999999111821580299874767661,0.99900580587394235218782165804058142297,0.0,0.00048122049416217570461561068897496653652,0.00022037626510802373926370036878797584291
0.49499999999999999555910790149937383831,0.99900576312916618843234128801487599937,0.0,0.00047227351981191800212762361835153919812,0.00021609951381719847148578470909112543469
0.50,0.99900572038439002467686091798917057652,0.0,0.00046341017674455071249680755980735384327,0.00021186463993588028877161175886381556952
0.50500000000000000444089209850062616169,0.99900567763961386092138054796346515216,0.0,0.00045463046941397202563512019486775438454,0.00020767164455655101930236220347168327863
0.51000000000000000888178419700125232339,0.99900563489483769716590017793775972856,0.0,0.00044593440223216937940367507627704815002,0.00020352052876117730238059853108975148899
0.51500000000000001332267629550187848508,0.9990055921500615334104198079120543057,0.0,0.00043732197956921392022840555203576155907,0.00019941129362120990272612250495468530837
0.52000000000000001776356839400250464678,0.9990055494052853696549394378863488821,0.0,0.00042879320575325501613482799179920728976,0.00019534394019758303136700596570371850949
0.52500000000000002220446049250313080847,0.99900550666050920589945906786064345925,0.0,0.0004203480850705148222147565975500543943,0.00019131846954071367312659473581461030166
0.53000000000000002664535259100375697017,0.99900546391573304214397869783493803489,0.0,0.00041198662176528289853769989355472929773,0.00018733488269050092070727768283291438389
0.53500000000000003108624468950438313186,0.99900542117095687838849832780923261204,0.0,0.00040370882003991088051954675581481003152,0.0001833931806763253153718052812485808844
0.54000000000000003552713678800500929356,0.99900537842618071463301795778352718844,0.0,0.00039551468405480720176102755898714716188,0.00017949336451704819422293429457796189147
0.54500000000000003996802888650563545525,0.99900533568140455087753758775782176484,0.0,0.00038740421792843186936831368952755241395,0.00017563543522101104408216747943415151335
0.55000000000000004440892098500626161695,0.99900529293662838712205721773211634198,0.0,0.00037937742573729129176799629807009960816,0.00017181939378603486196834949214276479532
0.55500000000000004884981308350688777864,0.99900525019185222336657684770641091763,0.0,0.00037143431151593315902856274224519784004,0.00016804524119941952217687245579625307713
0.56000000000000005329070518200751394033,0.99900520744707605961109647768070549478,0.0,0.00036357487925694137570036670372269397587,0.00016431297843794314996023692155217746474
0.56499999999999994670929481799248605967,0.99900516470229989585656523234858906827,0.0,0.00035579913291093121791308870869364546148,0.00016062260646786158328833654022530267431
0.56999999999999995115018691649311222136,0.99900512195752373210108486232288364466,0.0,0.00034810707638654368252136799600021891962,0.00015697412624490743289322070221230392323
0.57499999999999995559107901499373838305,0.99900507921274756834560449229717822181,0.0,0.00034049871355044161350864963317266941878,0.00015336753871428996741446232864695279093
0.57999999999999996003197111349436454475,0.99900503646797140459012412227147279821,0.0,0.0003329740482273041525353256663540327245,0.00014980284481069418479138143093332443783
0.58499999999999996447286321199499070644,0.99900499372319524083464375224576737461,0.0,0.00032553308419982210813219122742665333768,0.00014628004545828030136910198942313970188
0.58999999999999996891375531049561686814,0.999004950978419077079163382220061951,0.0,0.00031817582520869320389642854950789863986,0.00014279914157068316520247296545786572817
0.59499999999999997335464740899624302983,0.99900490823364291332368301219435652815,0.0,0.00031090227495261737928662372073767905291,0.00013936013405101167596634845329866805805
0.59999999999999997779553950749686919153,0.99900486548886674956820264216865110455,0.0,0.00030371243708829214302783083397042550525,0.00013596302379184821147291086353872115296
0.60499999999999998223643160599749535322,0.99900482274409058581272227214294568019,0.0,0.00029660631523040797913757533274894576632,0.00013260781167524806079671329334531089584
0.60999999999999998667732370449812151492,0.99900477999931442205724190211724025734,0.0,0.0002895839129516438055835654556884571058,0.00012929449857273886400810950135373862751
0.61499999999999999111821580299874767661,0.99900473725453825830176153209153483374,0.0,0.00028264523378266248558375774259677347975,0.00012602308534532005851573216624581375951
0.61999999999999999555910790149937383831,0.99900469450976209454628116206582941089,0.0,0.00027579028121210639155929958676203436126,0.00012279357284346233201867236800725639729
0.625,0.99900465176498593079080079204012398728,0.0,0.00026901905868659302175074879931364390286,0.00011960596190710708206900548958518178173
0.63000000000000000444089209850062616169,0.99900460902020976703532042201441856368,0.0,0.00026233156961071066950784709386660667047,0.00011646025336566588224530099417356695033
0.63500000000000000888178419700125232339,0.99900456627543360327984005198871314008,0.0,0.00025572781734701414526300130325577951639,0.0001133564480380199549377457896557727089
0.64000000000000001332267629550187848508,0.99900452353065743952435968196300771647,0.0,0.00024920780521602055119850300551650157349,0.00011029454673251965074550314684337984577
0.64500000000000001776356839400250464678,0.99900448078588127576887931193730229362,0.0,0.00024277153649620510861739406383362044773,0.00010727455024698393448692139208436988213
0.65000000000000002220446049250313080847,0.99900443804110511201339894191159686926,0.0,0.00023641901442399703802776237542431591454,0.00010429645936869987782319884758561325345
0.65500000000000002664535259100375697017,0.99900439529632894825791857188589144641,0.0,0.0002301502421937754919501288777037520155,0.00010136027487442215849610374441930048769
0.66000000000000003108624468950438313186,0.99900435255155278450243820186018602281,0.0,0.0002239652229578655404574635770690876014,9.846599753037256618034008367494676739e-05
0.66500000000000003552713678800500929356,0.99900430980677662074695783183448059996,0.0,0.00021786395982653420945724504668956799941,9.5613628092239514951142670592502408939e-05
0.67000000000000003996802888650563545525,0.99900426706200045699147746180877517636,0.0,0.00021184645586798657172485448527132927846,9.2803167305177562367676794782499594165e-05
0.67500000000000004440892098500626161695,0.999004224317224293235997091783069752,0.0,0.00020591271410836189069747203933838994225,9.0034615903806935172810276820650438676e-05
0.68000000000000004884981308350688777864,0.99900418157244812948051672175736432915,0.0,0.00020006273753172981703751966759949484681,8.7307974612213061609817847611477624656e-05
0.68500000000000005329070518200751394033,0.99900413882767196572503635173165890554,0.0,0.00019429652908008663797457136791761536314,8.4623244143946110356570071963003622886e-05
0.68999999999999994670929481799248605967,0.99900409608289580197050510639954247979,0.0,0.00018861409165335170467991900217090779589,8.1980425202020594294803496363069397919e-05
0.69499999999999995115018691649311222136,0.99900405333811963821502473637383705618,0.0,0.00018301542810936328434993679772288620413,7.9379518478914688882049555093881006843e-05
0.69999999999999995559107901499373838305,0.99900401059334347445954436634813163333,0.0,0.00017750054126387572498852274686092449639,7.6820524656570143035748603097018692935e-05
0.70499999999999996003197111349436454475,0.99900396784856731070406399632242620898,0.0,0.00017206943389055540938762172037261303253,7.4303444406391608882627930599976299806e-05
0.70999999999999996447286321199499070644,0.99900392510379114694858362629672078537,0.0,0.00016672210872097739559647465975774757115,7.1828278389246272936007866116072283505e-05
0.71499999999999996891375531049561686814,0.99900388235901498319310325627101536252,0.0,0.00016145856844462198311475238240694080698,6.939502725546343474605999837979158377e-05
0.71999999999999997335464740899624302983,0.99900383961423881943762288624530993892,0.0,0.00015627881570887133192314290215455690803,6.7003691644834092171198197966015401359e-05
0.72499999999999997779553950749686919153,0.99900379686946265568214251621960451532,0.0,0.00015118285311900613435932425007535439431,6.4654272186610533271092574017389031436e-05
0.72999999999999998223643160599749535322,0.99900375412468649192666214619389909171,0.0,0.00014617068323820233984713103650425706919,6.2346769499505934821788737671382998198e-05
0.73499999999999998667732370449812151492,0.99900371137991032817118177616819366811,0.0,0.00014124230858752793248659922193361908699,6.0081184191693967453406979032314901225e-05
0.73999999999999999111821580299874767661,0.99900366863513416441570140614248824526,0.0,0.00013639773164593976151244976214774190328,5.7857516860808407410888198888346086397e-05
0.74499999999999999555910790149937383831,0.99900362589035800066022103611678282165,0.0,0.00013163695485028042462844796215593147482,5.567576809394275493824566984387836375e-05
0.75,0.99900358314558183690474066609107739805,0.0,0.00012695998059527520422495151464890479029,5.3535938467649859286773934138483978649e-05
0.75500000000000000444089209850062616169,0.99900354040080567314926029606537197445,0.0,0.0001223668112335290564868363122948717996,5.1438028547941550347658377169141629358e-05
0.76000000000000000888178419700125232339,0.99900349765602950939377992603966655159,0.0,0.00011785744907552365339886520967729067493,4.9382038890288276909421246637759727195e-05
0.76500000000000001332267629550187848508,0.99900345491125334563829955601396112799,0.0,0.00011343189638961447765544097052242950794,4.7367970039618751540632117325384806137e-05
0.77000000000000001776356839400250464678,0.99900341216647718188281918598825570364,0.0,0.00010909015540202797048156066953792189156,4.5395822530319602098303030762759794892e-05
0.77500000000000002220446049250313080847,0.99900336942170101812733881596255028078,0.0,0.00010483222829685873237166482615007770028,4.3465596886235029862380767538657824141e-05
0.78000000000000002664535259100375697017,0.99900332667692485437185844593684485718,0.0,0.00010065811721606677675295053015454652431,4.1577293620666474296740937677318600513e-05
0.78500000000000003108624468950438313186,0.99900328393214869061637807591113943433,0.0,9.6567824259474836579593777248911728851e-05,3.9730913236372284437080801439004567512e-05
0.79000000000000003552713678800500929356,0.99900324118737252686089770588543401073,0.0,9.2561351484765723864202166063937289346e-05,3.7926456225567396906099959067823648104e-05
0.79500000000000003996802888650563545525,0.99900319844259636310541733585972858712,0.0,8.863870090747974215269501811965089393e-05,3.616392306992302055635027344318696449e-05
0.80000000000000004440892098500626161695,0.99900315569782019934993696583402316352,0.0,8.4799874501012151948683868570510870281e-05,3.4443314240566327741128614300238256176e-05
0.80500000000000004884981308350688777864,0.99900311295304403559445659580831773992,0.0,8.1044874196610689093302139137985881459e-05,3.2764630198080152213778236684963461546e-05
0.81000000000000005329070518200751394033,0.99900307020826787183897622578261231706,0.0,7.7373701883373136106308645726516489959e-05,3.112787139250269365575682961612276555e-05
0.81499999999999994670929481799248605967,0.99900302746349170808444498045049589056,0.0,7.3786359408245025218458074074111834943e-05,2.953303826332726378075899545390275205e-05
0.81999999999999995115018691649311222136,0.9990029847187155443289646104247904677,0.0,7.0282848576016998893502594350156396319e-05,2.7980131239501863402659395054965394532e-05
0.82499999999999995559107901499373838305,0.99900294197393938057348424039908504335,0.0,6.6863171149323018016908556070298699748e-05,2.6469150739429119326420786166719956908e-05
0.82999999999999996003197111349436454475,0.9990028992291632168180038703733796205,0.0,6.3527328848637824656357168134258896741e-05,2.5000097170965872814068426274259128319e-05
0.83499999999999996447286321199499070644,0.99900285648438705306252350034767419689,0.0,6.0275323352274858877949077429067844458e-05,2.3572970931422953139569109371320365186e-05
0.83999999999999996891375531049561686814,0.99900281373961088930704313032196877329,0.0,5.7107156296384147970312979312651636722e-05,2.2187772407564921896582412696973441175e-05
0.84499999999999997335464740899624302983,0.99900277099483472555156276029626334969,0.0,5.4022829274950248667282394565268386344e-05,2.0844501975609823937267062852681495601e-05
0.84999999999999997779553950749686919153,0.99900272825005856179608239027055792608,0.0,5.1022343839790242373971242518725550108e-05,1.9543160001228944942438220501241204954e-05
0.85499999999999998223643160599749535322,0.99900268550528239804060202024485250323,0.0,4.810570150055178340095450030195996056e-05,1.8283746839546575623363700570044999539e-05
0.85999999999999998667732370449812151492,0.99900264276050623428512165021914707963,0.0,4.5272903724711200211135880615587895157e-05,1.7066262835139782555479362054793609084e-05
0.86499999999999999111821580299874767661,0.99900260001573007052964128019344165678,0.0,4.2523951937571649683760085636193236725e-05,1.5890708322038185644296118160898283716e-05
0.86999999999999999555910790149937383831,0.99900255727095390677416091016773623242,0.0,3.9858847522261324399902803022277915688e-05,1.4757083623723742223763233643027919767e-05
0.875,0.99900251452617774301868054014203080882,0.0,3.7277591819731712953647202016903288674e-05,1.3665389053130537787344791823257568114e-05
0.88000000000000000444089209850062616169,0.99900247178140157926320017011632538597,0.0,3.4780186128755913293031263786147280781e-05,1.26156249126445833520584288997433847e-05
0.88500000000000000888178419700125232339,0.99900242903662541550771980009061996236,0.0,3.236663170592699909472584086672121536e-05,1.1607791494103619455717647815468301829e-05
0.89000000000000001332267629550187848508,0.99900238629184925175223943006491453951,0.0,3.003692976565643917627888638964878895e-05,1.0641889078796926787611238155057191483e-05
0.89500000000000001776356839400250464678,0.99900234354707308799675906003920911516,0.0,2.7791081480172569949636825069106777184e-05,9.7179179374651434528455422916359712154e-06
0.90000000000000002220446049250313080847,0.9990023008022969242412786900135036923,0.0,2.5629087979519120919529555265742039471e-05,8.8358783303000888705675213298931086346e-06
0.90500000000000002664535259100375697017,0.9990022580575207604857983199877982687,0.0,2.3550950351553793230181075221468953827e-05,7.9957705069445943062787873005826643082e-06
0.91000000000000003108624468950438313186,0.9990022153127445967303179499620928451,0.0,2.155666964194689126368321728744716496e-05,7.1975947064923400384429805703748674447e-06
0.91500000000000003552713678800500929356,0.99900217256796843297483757993638742149,0.0,1.9646246854180007293245452098245396481e-05,6.4413511574876991595810835539038655438e-06
0.92000000000000003996802888650563545525,0.99900212982319226921935720991068199789,0.0,1.7819682949544759194409190652786627516e-05,5.7270400779255880120414735667744089942e-06
0.92500000000000004440892098500626161695,0.99900208707841610546387683988497657504,0.0,1.6076978847141581217190466616283889235e-05,5.054661675251323258623729053862557211e-06
0.93000000000000004884981308350688777864,0.99900204433363994170839646985927115143,0.0,1.441813542387856782199032432681945368e-05,4.4242161463604855882274144811737321849e-06
0.93500000000000005329070518200751394033,0.99900200158886377795291609983356572858,0.0,1.2843153514470370581987670445360371162e-05,3.8357036775987900566892799064992732984e-06
0.93999999999999994670929481799248605967,0.99900195884408761419838485450144930207,0.0,1.1352033911437180333046818593673665568e-05,3.2891244447619747339078204135218156168e-06
0.94499999999999995115018691649311222136,0.99900191609931145044290448447574387772,0.0,9.9447773651035996408110771662680704421e-06,2.7844786130956367006329533140994122586e-06
0.94999999999999995559107901499373838305,0.99900187335453528668742411445003845487,0.0,8.6213845835978975746485949854826182184e-06,2.3217663372951951147585735955083559499e-06
0.95499999999999996003197111349436454475,0.99900183060975912293194374442433303126,0.0,7.381856232850984600468356088842368851e-06,1.9009877615057386172947327743047158707e-06
0.95999999999999996447286321199499070644,0.99900178786498295917646337439862760841,0.0,6.2261929365956088924539681629628358515e-06,1.5221430193219414533758593084702710493e-06
0.96499999999999996891375531049561686814,0.99900174512020679542098300437292218481,0.0,5.1543952763655716843841986863274713914e-06,1.1852322337879736272243657792476243132e-06
0.96999999999999997335464740899624302983,0.99900170237543063166550263434721676045,0.0,4.1664637914949957029505877277773341001e-06,8.9025551739741769322859883628931854919e-07
0.97499999999999997779553950749686919153,0.9990016596306544679100222643215113376,0.0,3.262398979117646684790025668123400387e-06,6.372129720931921832362437306122658164e-07
0.97999999999999998223643160599749535322,0.999001616885878304154541894295805914,0.0,2.4422012941663079788255412916465814206e-06,4.2610468926748167015650370567005917799e-07
0.98499999999999998667732370449812151492,0.99900157414110214039906152427010049115,0.0,1.7058711493722082353838968608047943116e-06,2.5693074976167346795658278271671855682e-07
0.98999999999999999111821580299874767661,0.99900153139632597664358115424439506679,0.0,1.0534089152645021834339324115967030256e-06,1.2969122386630096813020857723858993462e-07
0.99499999999999999555910790149937383831,0.99900148865154981288810078421868964394,0.0,4.8481492016980449716494205914495697876e-07,4.4386171320993612708139733279398973834e-08
1.0,0.99900144590677364913262041419298422034,0.0,9.6013669444114297726457724398560194397e-11,1.015641314433503872810376680207845663e-09
