value,sup,dur,Y,S
0.0,8.2066703180748318136483688871510043429e-77,108.0,0.99608517062250971376375689442954661903,0.26945857525651123824616849868608101657
0.0050000000000000001040834085586084256647,4.5569751963548967142663674204793146951e-74,107.0,0.99495051574084698924070055273334678001,0.26216954143556095791267076939376995512
0.010000000000000000208166817117216851329,6.4147672728131354184480483101372618091e-71,104.0,0.99362818341183646605526615035019003947,0.25465279042712095834103577638704830093
0.014999999999999999444888487687421729788,2.5240170708166646624321180069603301901e-67,102.0,0.99205815111939376628711643580275774495,0.2468776918389808380763258851911835475
0.020000000000000000416333634234433702659,2.9598894573386722798384417540176362535e-63,99.0,0.99016573338817096525193976388609520668,0.23884489203306988846856354787481446125
0.02500000000000000138777878078144567553,1.0766250181006741149109853854432590461e-58,96.0,0.98785100548390792853615524949640203021,0.23054011889132352961136666364645505296
0.029999999999999998889776975374843459576,1.2915347173940336915326107282601409062e-53,92.0,0.98497135296699137196961404686102451494,0.22186409931047153373838190381361822196
0.035000000000000003330669073875469621271,6.0620000986275271119672125140473765289e-48,88.0,0.98132075735862086905713078424232536173,0.21274657966435812082811700166352926826
0.040000000000000000832667268468867405318,1.6440176147523670437025310229122682193e-41,83.0,0.97658376842218881038270919636637180249,0.20317896164740128644470203812190225765
0.044999999999999998334665463062265189365,4.9314153129811135877593610797809296358e-34,77.0,0.97021316079810154501385825664996558489,0.19301127201874600682992916531005918437
0.050000000000000002775557561562891351059,3.1553158727613748627630550498171675002e-25,69.0,0.96117826620469239774481665397092990496,0.18199995554560054478796612875408449041
0.055000000000000000277555756156289135106,1.8574707130564567302297023333460644574e-15,60.0,0.94737405708686818830351788074609924367,0.16980249525106450696273016298111963492
0.059999999999999997779553950749686919153,1.0429661836817170883362133979539894145e-06,46.0,0.92553328905403935775018490906678566787,0.15548611573485662126146820890112664776
0.065000000000000002220446049250313080847,0.040733044857763354444033598575505992225,0.0,0.90575413326479843054320534917108000966,0.13693612251570012353267419122908795812
0.070000000000000006661338147750939242542,0.26377670284794154307381976628936074263,0.0,0.87949148910371555140023230215212930447,0.11458037237106561477596326817153633655
0.074999999999999997224442438437108648941,0.54550494774023767766778959724859269499,0.0,0.83485132971653690943521732012669074963,0.097378857742436150044007035359016992602
0.080000000000000001665334536937734810635,0.74857581063254285136903421857051526249,0.0,0.76071520522386097771015369314462801087,0.088096620530963677966161578723872589829
0.08500000000000000610622663543836097233,0.82421390321952387813270725006327661943,0.0,0.64351470593620007313742666429806797809,0.080273963257720948432514898970597294541
0.089999999999999996669330926124530378729,0.88037395859473748472045536932012728777,0.0,0.48216598517478144063640820351477020751,0.06191623948326401743858284774251514375
0.095000000000000001110223024625156540424,0.92978854681837698085536545976228058401,0.0,0.30838978205269930609867496844348890876,0.038822592571689894815629948459018961713
0.10000000000000000555111512312578270212,0.96418687023997282160224380267486282801,0.0,0.16931535075605893130972775113792708359,0.02040903511312672393362324375664786215
0.10499999999999999611421941381195210852,0.98343146545854735977459578942070850019,0.0,0.0833451512101764327961191522477213091,0.009541717131619113140022181960220369652
0.11000000000000000055511151231257827021,0.99274959056575578984927970179971411236,0.0,0.038562860672412491851435983570310963328,0.0041777264798506008005223471550999129676
0.11500000000000000499600361081320443191,0.99631713021734503855700526436894315747,0.0,0.017313532862516127902561353256736140563,0.0017684527577541163608399682232378883907
0.11999999999999999555910790149937383831,0.99662789310569886765330052015458187262,0.0,0.007673693153290065776963315183030806038,0.00073566831209847192150575487003315002097
0.125,0.9968801749218906361027288364185631227,0.0,0.0033865600661303429129486865953791786971,0.00046832020514816542926706950271059654245
0.13000000000000000444089209850062616169,0.99709209560747765498993496263447967437,0.0,0.0022707221741265924947868551408507552478,0.00046300222636020103504794271823128618727
0.13500000000000000888178419700125232339,0.99726568264354502817631528743968267728,0.0,0.0021299136744454310758661721448890215096,0.00045771456465038623419468880894445379311
0.14000000000000001332267629550187848508,0.99741834323873709894187790586263232905,0.0,0.0020154246120073604561776384474395491058,0.00045245722110902898510967133322807003154
0.14499999999999999000799277837359113619,0.99755051009109713412308471239793933612,0.0,0.0019105647253658173689714322838847953089,0.00044723019682093581739742738300421599438
0.14999999999999999444888487687421729788,0.99766705280864305178665564462083280198,0.0,0.0018238662334094919110718531613174642648,0.00044203349286541120309654748533575133857
0.15499999999999999888977697537484345958,0.99776692539146486891889273454072243496,0.0,0.0017408086599601394460288035921190055161,0.00043686711031625722039012800293488029521
0.16000000000000000333066907387546962127,0.99786279621284884697684188690850594176,0.0,0.0016737784395013731984821063116563225872,0.00043173105024177292947893985390463898959
0.16500000000000000777156117237609578297,0.99794168347306310314846249341681308852,0.0,0.0016118024749259892404565195199157550403,0.00042662531370475389627574452005575179993
0.17000000000000001221245327087672194466,0.99801257357780089087090817758643492619,0.0,0.0015518872955450925383211280098388564131,0.00042154990176249168948969263561791465923
0.17499999999999998889776975374843459576,0.99808123263967321234886565646545190741,0.0,0.0015010340135401033690553188179584202685,0.00041650481546677340812288986767762304933
0.17999999999999999333866185224906075746,0.99814772345491015604310463427948456983,0.0,0.0014583091178991976939464326304770652495,0.00041149005586388107168111921427939896765
0.18499999999999999777955395074968691915,0.99819888074387431378575088096526711699,0.0,0.0014166195791074362635202556272999490366,0.00040650562399459129276612879549155488082
0.19000000000000000222044604925031308085,0.99824572808247724519719847161024112482,0.0,0.0013759447448694605890750232737570825644,0.00040155152089417467193279198772954528142
0.19500000000000000666133814775093924254,0.99829150638463634596361991272425370625,0.0,0.0013362642788275665349598639646828404578,0.00039662774759239533532026516105436275257
0.20000000000000001110223024625156540424,0.99833623615694660707929115912206986082,0.0,0.0013066052139598721291874466009068228605,0.00039173430511351044668574746180935485019
0.20499999999999998778754672912327805534,0.99837993759924379342374313523781132299,0.0,0.0012807587253527826129375345155784697772,0.00038687119447626974884278876785398219504
0.20999999999999999222843882762390421703,0.99842263060753193941927322439090141372,0.0,0.0012552993594518782701787757795740412617,0.00038203841669391497286719801146805669244
0.21499999999999999666933092612453037873,0.99845351604198421885174251732606177714,0.0,0.0012302231553825103350975285644540216391,0.0003772359727741795195853446475512038936
0.22000000000000000111022302462515654042,0.99848057828946777866891635565861695159,0.0,0.0012055261727355428648248858742109583221,0.00037246386371928787343150490398485973119
0.22500000000000000555111512312578270212,0.99850725912714967267944285426333036985,0.0,0.0011812044916030541389927358936921087002,0.00036772209052595515403093325930270956712
0.23000000000000000999200722162640886381,0.99853356236434835786885759061093368133,0.0,0.0011572542126134860985031382899019712904,0.00036301065418538664319818945312644944316
0.23499999999999998667732370449812151492,0.99855949179051375140256711109338941366,0.0,0.0011380235744459621488563786059792625959,0.00035832955568327734033211697691685923515
0.23999999999999999111821580299874767661,0.99858505117518964921184043664439566545,0.0,0.0011259799478354080122575356532731040483,0.00035367879599981139063280100355654566894
0.24499999999999999555910790149937383831,0.99861024426797666897532200165305359502,0.0,0.0011139967427592464297159615696050068235,0.00034905837610966177549964767499833559484
0.25,0.99863507479849571509067670633530955288,0.0,0.0011020739635771146680063514414159285591,0.00034446829698198974540463087326905943429
0.25500000000000000444089209850062616169,0.99865954647635195820478270461642319145,0.0,0.0010902116146268221537359285479513654641,0.00033990855958044438544190204113058544885
0.26000000000000000888178419700125232339,0.99868366299109932491975681694792666469,0.0,0.0010784097002243465340195683468002159735,0.00033537916486316215730543631867352015067
0.26500000000000001332267629550187848508,0.99870742801220549229668793823894961803,0.0,0.0010666682246638297567783789848171873806,0.00033088011378276644376463415140792756958
0.27000000000000001776356839400250464678,0.99872166114566602433377902582570655462,0.0,0.001054987192217574170668372948710239162,0.00032641140728636709563827340336082014169
0.27500000000000002220446049250313080847,0.99873304025464832402379588277613610007,0.0,0.001043366607136038644645831688846902016,0.00032197304631555998126720490032940387039
0.28000000000000002664535259100375697017,0.99874436006675216866296330002333773507,0.0,0.0010318064736478347071759322511733666798,0.00031756503180642653848618221953570971293
0.28499999999999997557509345824655611068,0.99875562057218792756393466131350058273,0.0,0.0010203067959597228324276289730828774523,0.00031318736468953337752861740918537561183
0.28999999999999998001598555674718227237,0.99876682176118714980710312813904947303,0.0,0.0010088675782566081087712887785516585551,0.00030884004588993164392729225374171972104
0.29499999999999998445687765524780843407,0.99877796362400257063869752496315635657,0.0,0.00099748882470153720298867618933039106638,0.00030452307632715686959713964750349913208
0.29999999999999998889776975374843459576,0.99878904615090811910087848683340962769,0.0,0.0009861705394356940667601353584029241098,0.00030023645691522834006306748398580170975
0.30499999999999999333866185224906075746,0.99880006933219892501692687392591062099,0.0,0.00097491272657839630219458738968680303925,0.00029598018856264870770357993002412995063
0.30999999999999999777955395074968691915,0.99881103315819132608293125372088912988,0.0,0.00096371539022709141903383978906551997388,0.00029175427217240355872550166876215387537
0.31500000000000000222044604925031308085,0.99882193761922287494061794269135448701,0.0,0.00095257853445735311154522131741414119672,0.00028755870864196098264051300848922958719
0.32000000000000000666133814775093924254,0.99883278270565234623131309080445275773,0.0,0.00094150216332287755510884825619724544627,0.00028339349886327114424386978315627669055
0.32500000000000001110223024625156540424,0.99884356840785974363102632330559031277,0.0,0.00093048628085547972250579514011808720889,0.0002792586437227658580956798567405764852
0.33000000000000001554312234475219156593,0.99885429471624630686664548545186497858,0.0,0.00091953089106508971991341003814476302023,0.00027515414410135816550510592945802598067
0.33500000000000001998401444325281772763,0.99886496162123451871323206708383696738,0.0,0.00090863599793974914261398147412120373828,0.00027108000087444191401786222913822468326
0.34000000000000002442490654175344388932,0.99887556911326811197240691517308941124,0.0,0.00089780160544560745042293107117640554129,0.00026703621491189133940737055588634702521
0.34499999999999997335464740899624302983,0.99888611718281207631503867333516671366,0.0,0.00088702771752691848212097490125370683606,0.00026302278707806069455941426948404269528
0.34999999999999997779553950749686919153,0.99889660582035266568954770207102608216,0.0,0.00087631433810603639255474906746895308421,0.00025903971823178365857674281668846738245
0.35499999999999998223643160599749535322,0.99890703501639740454085787811884864702,0.0,0.00086566147108341280494546494788007651643,0.00025508700922637319363139111489676525721
0.35999999999999998667732370449812151492,0.99891740476147509518212839861953246467,0.0,0.0008550691203375927861277608748183700708,0.00025116466090962095840503171823966165542
0.36499999999999999111821580299874767661,0.99892771504613582456099917566900324662,0.0,0.0008445372897252114406170377089649817464,0.00024727267412379694733035853323830571849
0.36999999999999999555910790149937383831,0.9989379658609509711243018007643198804,0.0,0.0008340659830809904044826110992094483489,0.0002434110497056490876117552997511178798
0.375,0.99894815719651321166378893130391117101,0.0,0.00082365520421773435898268246092202748001,0.00023957978848640283875212243462307046747
0.38000000000000000444089209850062616169,0.99895828904343652814287195819017376366,0.0,0.00081330495692632756396703810397130222607,0.00023577889129176079458621076667656312066
0.38500000000000000888178419700125232339,0.99896836139235621450435684506069247341,0.0,0.00080301524497573041105335278692339155788,0.00023200835894190228782080857204634431705
0.39000000000000001332267629550187848508,0.99897837423392888345916806117747238968,0.0,0.00079278607211297599658294080297478420524,0.00022826819225148299708212619874466265474
0.39500000000000001776356839400250464678,0.99898832755883247325605056153171284691,0.0,0.00078261744206316671436176451638640901584,0.00022455839202963455647072044874988307372
0.40000000000000002220446049250313080847,0.99899822135776625443223979927472359899,0.0,0.00077250935852947086819247706559120811162,0.00022087895907996416762429876484505099584
0.40500000000000002664535259100375697017,0.99900750662178906238043520502466135242,0.0,0.00076246182519311930420324273083040187527,0.00021722989420055421428874114789520981486
0.40999999999999997557509345824655611068,0.99900747561014530892560062591770175107,0.0,0.00075247484571340217352063596811994613291,0.00021361119818396191940468800427456506409
0.41499999999999998001598555674718227237,0.9990074445985015554704217484014765619,0.0,0.00074254842372766516137040834517352514501,0.00021002287181721880433077803491031735697
0.41999999999999998445687765524780843407,0.99900741358685780201524287088525137198,0.0,0.00073268256285130684409730493710303939533,0.00020646491588183055199492098674989601423
0.42499999999999998889776975374843459576,0.99900738257521404856006399336902618206,0.0,0.00072287726667777495655445269130503812972,0.00020293733115377647046196948967734295872
0.42999999999999999333866185224906075746,0.99900735156357029510488511585280099214,0.0,0.00071313253877856323471495168368520628497,0.00019944011840350916039500310736960532256
0.43499999999999999777955395074968691915,0.99900732055192654164970623833657580297,0.0,0.00070344838270320816690011274424104683187,0.00019597327839595414468263421195045870715
0.44000000000000000222044604925031308085,0.9990072895402827881945273608203506138,0.0,0.00069382480197928576484374581741906828344,0.00019253681189050950057683762689697574452
0.44500000000000000666133814775093924254,0.99900725852863903473934848330412542388,0.0,0.00068426180011240835459797625330854890488,0.00018913071964104549434162497497830652352
0.45000000000000001110223024625156540424,0.99900722751699528128416960578790023396,0.0,0.00067475938058622138728603286994600492321,0.00018575500239590421841288254236020573891
0.45500000000000001554312234475219156593,0.99900719650535152782899072827167504479,0.0,0.00066531754686240026970741825639031244922,0.00018240966089789923106968934392031789872
0.46000000000000001998401444325281772763,0.99900716549370777437381185075544985487,0.0,0.00065593630238064721480083840087790248529,0.0001790946958843151986174299482916047994
0.46500000000000002442490654175344388932,0.9990071344820640209186329732392246657,0.0,0.00064661565055868811197023532837050517681,0.0001758101080869075400830144941873581082
0.46999999999999997335464740899624302983,0.9990071034704202674637983941322650636,0.0,0.00063735559479226951975011604307791097053,0.00017255589823190211038286915435027382328
0.47499999999999997779553950749686919153,0.99900707245877651400861951661603987443,0.0,0.00062815613845515516531734899803503968303,0.00016933206703999470586461261784754494772
0.47999999999999998223643160599749535322,0.99900704144713276055344063909981468526,0.0,0.0006190172848991234912819171048680827333,0.00016613861522635093331438547478750449426
0.48499999999999998667732370449812151492,0.99900701043548900709826176158358949459,0.0,0.00060993903745396419361625067451980020507,0.00016297554350060571985036015257721271608
0.48999999999999999111821580299874767661,0.99900697942384525364308288406736430542,0.0,0.00060092139942747529451941350792794730551,0.00015984285256686300648072876208272668983
0.49499999999999999555910790149937383831,0.99900694841220150018790400655113911625,0.0,0.00059196437410546013203209873790496111797,0.00015674054312369540787800816003807557515
0.50,0.99900691740055774673272512903491392633,0.0,0.00058306796475172436955119705929863012072,0.00015366861586414387466757963257631038358
0.50500000000000000444089209850062616169,0.99900688638891399327754625151868873641,0.0,0.00057423217460807302524901331531171010868,0.00015062707147571735823075860036422469188
0.51000000000000000888178419700125232339,0.99900685537727023982236737400246354724,0.0,0.00056545700689430752140217388010060759059,0.00014761591064039247802268761506173283982
0.51500000000000001332267629550187848508,0.99900682436562648636718849648623835732,0.0,0.00055674246480822275363523373627155033187,0.0001446351340346131914053437856589081265
0.52000000000000001776356839400250464678,0.99900679335398273291200961897001316815,0.0,0.00054808855152560418008395859073766717607,0.00014168474232929046599594964167122392619
0.52500000000000002220446049250313080847,0.99900676234233897945683074145378797823,0.0,0.00053949527020022493048322380368272395968,0.0001387647361898019545310743081995050153
0.53000000000000002664535259100375697017,0.99900673133069522600165186393756278831,0.0,0.00053096262396384293518443832318758038751,0.00013587511627599167224670973548838494703
0.53500000000000003108624468950438313186,0.99900670031905147254647298642133759914,0.0,0.00052249061592619807410736822250447066542,0.00013301588324216967677460459284857917902
0.54000000000000003552713678800500929356,0.99900666930740771909129410890511240997,0.0,0.00051407924917500934563120082810274689655,0.0001301870377371117505551363036469246537
0.54500000000000003996802888650563545525,0.99900663829576396563611523138888722005,0.0,0.0005057285267759720554296568045485917013,0.00012738858040405908576699956451680743325
0.55000000000000004440892098500626161695,0.99900660728412021218093635387266203013,0.0,0.00049743845177275502525492392711128972921,0.0001246205118807179717739875580032041616
0.55500000000000004884981308350688777864,0.99900657627247645872575747635643684096,0.0,0.00048920902718699782167515262480088435835,0.00012188283279925948508913993353400493239
0.56000000000000005329070518200751394033,0.99900654526083270527057859884021165104,0.0,0.0004810402560183080047702197154274253624,0.00011917554378631918185652949690546949683
0.56499999999999994670929481799248605967,0.9990065142491889518160883181425176375,0.0,0.00047293214124425857615330407404719331916,0.00011649864546299685195263147623673580635
0.56999999999999995115018691649311222136,0.99900648323754519836090944062629244834,0.0,0.00046488468582038454879874653900282757952,0.00011385213844485597942266932857583987392
0.57499999999999995559107901499373838305,0.99900645222590144490573056311006725917,0.0,0.00045689789268018133585850340299291562264,0.00011123602334192379915144672170931757417
0.57999999999999996003197111349436454475,0.99900642121425769145055168559384206849,0.0,0.00044897176473510135774519737783976869813,0.00010865030075869076098720860647167195302
0.58499999999999996447286321199499070644,0.99900639020261393799537280807761687933,0.0,0.0004411063048745515713983859878189825099,0.00010609497129411029459211559509118337526
0.58999999999999996891375531049561686814,0.99900635919097018454019393056139169016,0.0,0.00043330151596589083882688268199243392059,0.00010357003554159851703545405498531928604
0.59499999999999997335464740899624302983,0.99900632817932643108501505304516650024,0.0,0.00042555740085442731564134751176041014189,0.00010107549408903394290632868926319465849
0.59999999999999997779553950749686919153,0.99900629716768267762983617552894131032,0.0,0.00041787396236341585958158405187486643433,9.8611347518757196946092453116000595016e-05
0.60499999999999998223643160599749535322,0.99900626615603892417465729801271612115,0.0,0.000410251203294055459042945469802402801,9.6177596407570729200766517272038548911e-05
0.60999999999999998667732370449812151492,0.99900623514439517071947842049649093123,0.0,0.00040268912642548668160621886295796388467,9.3774241326738532693700851336552142776e-05
0.61499999999999999111821580299874767661,0.99900620413275141726429954298026574206,0.0,0.00039518773451478914257532318604003679475,9.1401282841985863618723861130850766338e-05
0.61999999999999999555910790149937383831,0.99900617312110766380912066546404055214,0.0,0.00038774703029697899352712228157683472095,8.9058721513498964054027375093182986981e-05
0.625,0.99900614210946391035394178794781536222,0.0,0.00038036701648500643087762070593224281464,8.674655789592478719703113540835790589e-05
0.63000000000000000444089209850062616169,0.99900611109782015689876291043159017305,0.0,0.00037304769576975322446877621051184657975,8.4464792538370725120468809797144304233e-05
0.63500000000000000888178419700125232339,0.99900608008617640344358403291536498388,0.0,0.00036578907082003026618012889384488856613,8.2213425984404339049935399822916702655e-05
0.64000000000000001332267629550187848508,0.99900604907453264998840515539913979396,0.0,0.00035859114428257513856941318468927915871,7.9992458772053092163133781164781079502e-05
0.64500000000000001776356839400250464678,0.99900601806288889653322627788291460404,0.0,0.00035145391878204970354628494940564000972,7.7801891433804084911055970566418268569e-05
0.65000000000000002220446049250313080847,0.99900598705124514307804740036668941487,0.0,0.00034437739692103771108326213866464860569,7.5641724496603792861332573101048104315e-05
0.65500000000000002664535259100375697017,0.99900595603960138962286852285046422495,0.0,0.0003373615812800424279679434991815883633,7.351195848185780706398172199816086764e-05
0.66000000000000003108624468950438313186,0.99900592502795763616768964533423903578,0.0,0.00033040647441748428660053597570494484296,7.1412593905430576939786681559903953277e-05
0.66500000000000003552713678800500929356,0.99900589401631388271251076781801384586,0.0,0.00032351207886969855384068751701412315749,6.9343631277645155691529141657170916659e-05
0.67000000000000003996802888650563545525,0.99900586300467012925733189030178865594,0.0,0.00031667839715093301990758807729693722398,6.730507110328294823830308994043790246e-05
0.67500000000000004440892098500626161695,0.99900583199302637580215301278556346677,0.0,0.00030990543175334570733726767107252385677,6.5296913881583461673132005231150224706e-05
0.68000000000000004884981308350688777864,0.99900580098138262234697413526933827685,0.0,0.00030319318514700260000098639589189353902,6.331916010624405824410997257890153311e-05
0.68500000000000005329070518200751394033,0.99900576996973886889179525775311308693,0.0,0.00029654165977987539218857738247861718514,6.1371810265419710859285177180692194609e-05
0.68999999999999994670929481799248605967,0.99900573895809511543730497705541907415,0.0,0.00028995085807783940343157972999164674735,5.945486484172280334268063679620668551e-05
0.69499999999999995115018691649311222136,0.99900570794645136198212609953919388422,0.0,0.00028342078244467078369547794585616857649,5.7568324312222721403465538690095694128e-05
0.69999999999999995559107901499373838305,0.99900567693480760852694722202296869506,0.0,0.00027695143526204520075198583547350887653,5.5712189148445871101804626051903823228e-05
0.70499999999999996003197111349436454475,0.99900564592316385507176834450674350514,0.0,0.00027054281888953508283094845318273450508,5.388645981637527351677107632603252324e-05
0.70999999999999996447286321199499070644,0.99900561491152010161658946699051831597,0.0,0.00026419493566460761510454799635607243859,5.2091136776450375775441253036139065377e-05
0.71499999999999996891375531049561686814,0.99900558389987634816141058947429312605,0.0,0.00025790778790262260923954170026534651109,5.032622048356682170470001169626261721e-05
0.71999999999999997335464740899624302983,0.99900555288823259470623171195806793613,0.0,0.00025168137789683039304052777600299801775,4.8591711387076225008257547576087883049e-05
0.72499999999999997779553950749686919153,0.99900552187658884125105283444184274696,0.0,0.00024551570791836972018782834273128425636,4.6887609930785944969079085453666615752e-05
0.72999999999999998223643160599749535322,0.99900549086494508779587395692561755779,0.0,0.00023941078021626570007354425939175422537,4.5213916552958864677426565556021191953e-05
0.73499999999999998667732370449812151492,0.99900545985330133434069507940939236787,0.0,0.00023336659701742774773930270515333920854,4.3570631686313171784709333676022512289e-05
0.73999999999999999111821580299874767661,0.99900542884165758088551620189316717795,0.0,0.00022738316052664755391918429240398817527,4.1957755758022141783338696965695877814e-05
0.74499999999999999555910790149937383831,0.99900539783001382743033732437694198878,0.0,0.00022146047292659707519128242109038294392,4.0375289189713923812779060144593016344e-05
0.75,0.99900536681837007397515844686071679886,0.0,0.0002155985363778265442413134987755830286,3.8823232397471328991986209830006352208e-05
0.75500000000000000444089209850062616169,0.99900533580672632051997956934449160969,0.0,0.00020979735301876250024166255700820998024,3.7301585791831621278421167396523812396e-05
0.76000000000000000888178419700125232339,0.99900530479508256706480069182826641977,0.0,0.0002040569249657058393492146915717582883,3.5810349777786310853825883208660341873e-05
0.76500000000000001332267629550187848508,0.99900527378343881360962181431204122985,0.0,0.0001983772543128298853252886420016239105,3.4349524754780950036944897244987813381e-05
0.77000000000000001776356839400250464678,0.99900524277179506015444293679581604068,0.0,0.00019275834313217848028095470451331846132,3.2919111116714931723374943048250627797e-05
0.77500000000000002220446049250313080847,0.99900521176015130669926405927959085076,0.0,0.0001872001934736640955509850422709693692,3.1519109251941290352722323596333035654e-05
0.78000000000000002664535259100375697017,0.99900518074850755324408518176336566084,0.0,0.00018170280736506596269965031783351240205,3.0149519543266505403245739096569582062e-05
0.78500000000000003108624468950438313186,0.99900514973686379978890630424714047167,0.0,0.00017626618681202822466154242473991673052,2.8810342367950307414160097863696142876e-05
0.79000000000000003552713678800500929356,0.99900511872522004633372742673091528175,0.0,0.00017089033379805810702056893862733338305,2.7501578097705486535774692352660328462e-05
0.79500000000000003996802888650563545525,0.99900508771357629287854854921469009258,0.0,0.00016557525028452410943023074311024948216,2.6223227098697703607636973084481645607e-05
0.80000000000000004440892098500626161695,0.99900505670193253942336967169846490266,0.0,0.0001603209382106542171782601119776215813,2.4975289731545303764851003629309284966e-05
0.80500000000000004884981308350688777864,0.99900502569028878596819079418223971274,0.0,0.00015512739949353413289866234718164415686,2.375776635131913257273752999870479316e-05
0.81000000000000005329070518200751394033,0.99900499467864503251301191666601452357,0.0,0.00014999463602810552843416988168941024535,2.257065730754235469000044775191473256e-05
0.81499999999999994670929481799248605967,0.99900496366700127905852163596832051003,0.0,0.00014492264968716442879802851528780101312,2.1413962944190300406663292721472759951e-05
0.81999999999999995115018691649311222136,0.99900493265535752560334275845209532087,0.0,0.00013991144232135905521280180656892414833,2.028768359969018730497747988442779132e-05
0.82499999999999995559107901499373838305,0.9990049016437137721481638809358701317,0.0,0.0001349610157591888131661575926163327145,1.9191819606921100611732189110280106891e-05
0.82999999999999996003197111349436454475,0.99900487063207001869298500341964494178,0.0,0.0001300713718070021730719241154339765354,1.8126371293213718566603656312902056912e-05
0.83499999999999996447286321199499070644,0.99900483962042626523780612590341975186,0.0,0.00012524251224899513622403169596794527522,1.7091338980350169751696451546204795737e-05
0.83999999999999996891375531049561686814,0.99900480860878251178262724838719456269,0.0,0.00012047443884720960762271302937586791963,1.6086722984563866929088350260073590508e-05
0.84499999999999997335464740899624302983,0.99900477759713875832744837087096937277,0.0,0.00011576715334153178897122029815970071102,1.5112523616539343407974864945310652049e-05
0.84999999999999997779553950749686919153,0.9990047465854950048722694933547441836,0.0,0.00011112065744969059184579420071300396775,1.4168741181412091941561011981698035954e-05
0.85499999999999998223643160599749535322,0.99900471557385125141709061583851899293,0.0,0.00010653495286725607104158573175573315973,1.3255375978768406153845736471978646358e-05
0.85999999999999998667732370449812151492,0.99900468456220749796191173832229380376,0.0,0.00010201004126763787809719728266544784308,1.2372428302645224496442265607488155341e-05
0.86499999999999999111821580299874767661,0.99900465355056374450673286080606861459,0.0,9.75459243020837350004753539571460983e-05,1.151989844152997673557550867129623697e-05
0.86999999999999999555910790149937383831,0.99900462253891999105155398328984342467,0.0,9.3142603599677928078152889208163844706e-05,1.0697786678360432969395469144973819396e-05
0.875,0.99900459152727623759637510577361823475,0.0,8.8800080767339822071904949663268430227e-05,9.9060932905245551757434815484364095251e-06
0.88000000000000000444089209850062616169,0.99900456051563248414119622825739304558,0.0,8.4518357389822394403347151681783456384e-05,9.1448185498603512905059326116646802657e-06
0.88500000000000000888178419700125232339,0.99900452950398873068601735074116785566,0.0,8.02974350297107896304719851968941486e-05,8.4139627226557318166879731554155571096e-06
0.89000000000000001332267629550187848508,0.99900449849234497723083847322494266649,0.0,7.6137315227420894097983820540814794886e-05,7.7135260696483689643375736482535219061e-06
0.89500000000000001776356839400250464678,0.99900446748070122377565959570871747657,0.0,7.2037999501197930783959093441894256847e-05,7.0435088460255583214481228122966823515e-06
0.90000000000000002220446049250313080847,0.99900443646905747032048071819249228665,0.0,6.7999489347115074345223833814661727628e-05,6.4039113014240830559656148729296200524e-06
0.90500000000000002664535259100375697017,0.99900440545741371686530184067626709748,0.0,6.4021786239072086363806373234968817709e-05,5.7947336799300806490243170913297986365e-06
0.91000000000000003108624468950438313186,0.99900437444576996341012296316004190831,0.0,6.0104891628793970796788728813487968419e-05,5.2159762200789121595326550859314177424e-06
0.91500000000000003552713678800500929356,0.99900434343412620995494408564381671839,0.0,5.6248806945829649631845817645629315284e-05,4.6676391548550340202288991428554377094e-06
0.92000000000000003996802888650563545525,0.99900431242248245649976520812759152847,0.0,5.2453533597550658750727306218212073794e-05,4.1497227116918723653240802388128253158e-06
0.92500000000000004440892098500626161695,0.9990042814108387030445863306113663393,0.0,4.8719072969149864002902543186771124527e-05,3.6622271124716998898474098559859918326e-06
0.93000000000000004884981308350688777864,0.99900425039919494958940745309514114938,0.0,4.504542642364019749155466189601824143e-05,3.2051525735255152408073228598573574948e-06
0.93500000000000005329070518200751394033,0.99900421938755119613422857557891596021,0.0,4.1432595301853414074075570993558250863e-05,2.7784993056329249402791077408307744974e-06
0.93999999999999994670929481799248605967,0.99900418837590744267973829488122194667,0.0,3.7880580922438946274531020623655918674e-05,2.3822675140220363008933738038784902375e-06
0.94499999999999995115018691649311222136,0.99900415736426368922455941736499675751,0.0,3.4389384581862387087621680588188383592e-05,2.0164573983693098961402890286192742731e-06
0.94999999999999995559107901499373838305,0.99900412635261993576938053984877156683,0.0,3.0959007554404780358668257455849450597e-05,1.681069152799501868566832896231661148e-06
0.95499999999999996003197111349436454475,0.99900409534097618231420166233254637767,0.0,2.7589451092161141330250963582723147476e-05,1.3761029658855201136869403486973206272e-06
0.95999999999999996447286321199499070644,0.9990040643293324288590227848163211885,0.0,2.4280716425039393792050707907121263436e-05,1.101559020648328000151244500160314517e-06
0.96499999999999996891375531049561686814,0.99900403331768867540384390730009599858,0.0,2.1032804760759247911610161266349890017e-05,8.5743749455684148660378343487061549785e-07
0.96999999999999997335464740899624302983,0.99900400230604492194866502978387080866,0.0,1.784571728485109829369495093980413196e-05,6.4373855952782877118169235704611981338e-07
0.97499999999999997779553950749686919153,0.99900397129440116849348615226764561949,0.0,1.4719455160654942270131554540546769547e-05,4.6046238192581247375160016909734307698e-07
0.97999999999999998223643160599749535322,0.99900394028275741503830727475142042957,0.0,1.1654019529319318421964045752577330772e-05,3.0760912256297435097429326290988895169e-07
0.98499999999999998667732370449812151492,0.9990039092711136615831283972351952404,0.0,8.6494115098002653357374217447276017636e-06,1.8517893669906254428705288502877360681e-07
0.98999999999999999111821580299874767661,0.99900387825946990812794951971897005048,0.0,5.7056321988603005956808144786192431858e-06,9.317197404130136089091588358590648359e-08
0.99499999999999999555910790149937383831,0.99900384724782615467277064220274486056,0.0,2.8226826710674200135294556614999214838e-06,3.1588378744303587827951965607870264349e-08
1.0,0.99900381623618240121759176468651967139,0.0,5.6671139309911868489310949854021037728e-10,4.2828940998533923149379088627259392586e-10
