value,sup,dur,Y,S
0.0,1.3117066601152218389419870538718383481e-111,113.0,0.99608517062250971376375689442954661979,0.26945857525651123824616849868608101695
0.0050000000000000001040834085586084256647,2.3090852622546984534313705465283817681e-108,111.0,0.99495051574084698924070055273334678001,0.26216954143556095791267076939376995399
0.010000000000000000208166817117216851329,1.1817465072486871811066032470398705947e-104,109.0,0.99362818341183646605526615035019004098,0.25465279042712095834103577638704830055
0.014999999999999999444888487687421729788,1.9904077282250049572822800686042830417e-100,107.0,0.99205815111939376628711643580275774345,0.24687769183898083807632588519118354543
0.020000000000000000416333634234433702659,1.2166204483766363200461503075135773668e-95,105.0,0.99016573338817096525193976388609520518,0.23884489203306988846856354787481446087
0.02500000000000000138777878078144567553,2.9338008178365943996574841525045083542e-90,102.0,0.98785100548390792853615524949640203021,0.23054011889132352961136666364645505296
0.029999999999999998889776975374843459576,3.1436812009852040230064748262327196219e-84,99.0,0.98497135296699137196961404686102451644,0.22186409931047153373838190381361822027
0.035000000000000003330669073875469621271,1.919556863224105367910188901539126107e-77,96.0,0.98132075735862086905713078424232535872,0.21274657966435812082811700166352926826
0.040000000000000000832667268468867405318,1.0988004031292762930768759785673031193e-69,92.0,0.97658376842218881038270919636637180399,0.20317896164740128644470203812190225614
0.044999999999999998334665463062265189365,1.3175445823512153767088516660702437357e-60,86.0,0.97021316079810154501385825664996559016,0.19301127201874600682992916531005918418
0.050000000000000002775557561562891351059,8.0438987624288076090732711607629063952e-50,80.0,0.96117826620469239774481665397092990421,0.18199995554560054478796612875408448947
0.055000000000000000277555756156289135106,3.0835606285422073037225413503013374357e-37,72.0,0.94737405708686818830351788074609924668,0.16980249525106450696273016298111963511
0.059999999999999997779553950749686919153,1.4236391600976224700475300072045649624e-23,62.0,0.9255332890540393577501849090667856641,0.1554861157348566212614682089011266487
0.065000000000000002220446049250313080847,7.1815948862989395801137539196615752709e-11,48.0,0.90575413326479843054320534917108001117,0.13693612251570012353267419122908795775
0.070000000000000006661338147750939242542,0.0081847212562924099985735080947488829452,9.0,0.83251207411690179628252503202095282148,0.11458037237106561477596326817153633636
0.074999999999999997224442438437108648941,0.3238748591673676157586604198908336934,0.0,0.83485132971653690943521732012669075038,0.097378857742436150044007035359016993261
0.080000000000000001665334536937734810635,0.62389753964224148609256401942329355725,0.0,0.76071520522386097771015369314462801012,0.088096620530963677966161578723872589453
0.08500000000000000610622663543836097233,0.74013273001120274668997927166271437083,0.0,0.64351470593620007313742666429806798186,0.080273963257720948432514898970597294541
0.089999999999999996669330926124530378729,0.82664540490280383160345057485939577994,0.0,0.48216598517478144063640820351477020976,0.061916239483264017438582847742515143939
0.095000000000000001110223024625156540424,0.89946264323957582746652805677207317687,0.0,0.30838978205269930609867496844348890538,0.03882259257168989481562994845901896129
0.10000000000000000555111512312578270212,0.94900072872643707099479195676220063848,0.0,0.16931535075605893130972775113792708509,0.02040903511312672393362324375664786215
0.10499999999999999611421941381195210852,0.97643718482370265994899564506775454331,0.0,0.08334515121017643279611915224772130656,0.0095417171316191131400221819602203693816
0.11000000000000000055511151231257827021,0.98967874831848257764067057198205405093,0.0,0.03856286067241249185143598357031096314,0.0041777264798506008005223471550999129324
0.11500000000000000499600361081320443191,0.99451133569134666346662522062689924912,0.0,0.01731353286251612790256135325673614021,0.0017684527577541163608399682232378883554
0.11999999999999999555910790149937383831,0.99498097494426702509866964059896569335,0.0,0.0076736931532900657769633151830308059616,0.00073566831209847192150575487003315000481
0.125,0.99536606325324350237948867502083983449,0.0,0.0033865600661303429129486865953791787882,0.00046832020514816542926706950271059654245
0.13000000000000000444089209850062616169,0.99569012460051482947969891728752831279,0.0,0.0022707221741265924947868551408507552243,0.0004630022263602010350479427182312861869
0.13500000000000000888178419700125232339,0.99596081815486865930685083322269472043,0.0,0.0021299136744454310758661721448890215066,0.00045771456465038623419468880894445379311
0.14000000000000001332267629550187848508,0.99619390904132542973280476761475573544,0.0,0.0020154246120073604561776384474395491,0.00045245722110902898510967133322807003117
0.14499999999999999000799277837359113619,0.99640175581941855421120294809375278368,0.0,0.0019105647253658173689714322838847953133,0.00044723019682093581739742738300421599438
0.14999999999999999444888487687421729788,0.99658001428659972895818493120504488788,0.0,0.0018238662334094919110718531613174642781,0.00044203349286541120309654748533575133857
0.15499999999999999888977697537484345958,0.99673888772211337526001209919717061021,0.0,0.0017408086599601394460288035921190055043,0.00043686711031625722039012800293488029484
0.16000000000000000333066907387546962127,0.99689051834305898218520203786861839618,0.0,0.0016737784395013731984821063116563225828,0.00043173105024177292947893985390463898959
0.16500000000000000777156117237609578297,0.99701241103634772626249324158606121603,0.0,0.0016118024749259892404565195199157550374,0.00042662531370475389627574452005575179957
0.17000000000000001221245327087672194466,0.99712713674066872168853782389841321195,0.0,0.0015518872955450925383211280098388564072,0.0004215499017624916894896926356179146585
0.17499999999999998889776975374843459576,0.99723756502592687501160192709991449379,0.0,0.0015010340135401033690553188179584202743,0.00041650481546677340812288986767762304897
0.17999999999999999333866185224906075746,0.99734320368242424141165950899736914258,0.0,0.0014583091178991976939464326304770652406,0.00041149005586388107168111921427939896765
0.18499999999999999777955395074968691915,0.99742403774749309488940150219176802316,0.0,0.001416619579107436263520255627299949041,0.00040650562399459129276612879549155488082
0.19000000000000000222044604925031308085,0.99750250006278905531705517647109011932,0.0,0.0013759447448694605890750232737570825629,0.00040155152089417467193279198772954528105
0.19500000000000000666133814775093924254,0.99757865448879179132499200233694388246,0.0,0.0013362642788275665349598639646828404592,0.0003966277475923953353202651610543627522
0.20000000000000001110223024625156540424,0.99765256337831919660319681409429722625,0.0,0.0013066052139598721291874466009068228547,0.00039173430511351044668574746180935484982
0.20499999999999998778754672912327805534,0.99772428760521547509328200372825238165,0.0,0.0012807587253527826129375345155784697669,0.00038687119447626974884278876785398219541
0.20999999999999999222843882762390421703,0.99779010509559734048148482295803485176,0.0,0.0012552993594518782701787757795740412602,0.00038203841669391497286719801146805669207
0.21499999999999999666933092612453037873,0.99784015712645988995018222292446462792,0.0,0.0012302231553825103350975285644540216479,0.0003772359727741795195853446475512038936
0.22000000000000000111022302462515654042,0.99788913694253423461698183541765637889,0.0,0.0012055261727355428648248858742109583177,0.00037246386371928787343150490398485973045
0.22500000000000000555111512312578270212,0.99793706446254566702301420464904532412,0.0,0.0011812044916030541389927358936921086958,0.00036772209052595515403093325930270956712
0.23000000000000000999200722162640886381,0.997983959309451111215320818136609535,0.0,0.0011572542126134860985031382899019712933,0.00036301065418538664319818945312644944279
0.23499999999999998667732370449812151492,0.99802984081331025275906163912721920114,0.0,0.0011380235744459621488563786059792625944,0.00035832955568327734033211697691685923478
0.23999999999999999111821580299874767661,0.99807472801415448795769571217247544307,0.0,0.0011259799478354080122575356532731040483,0.00035367879599981139063280100355654566894
0.24499999999999999555910790149937383831,0.99811863966485316356029459410013949952,0.0,0.0011139967427592464297159615696050068264,0.00034905837610966177549964767499833559521
0.25,0.99816159423397660024052848930729445703,0.0,0.0011020739635771146680063514414159285606,0.00034446829698198974540463087326905943465
0.25500000000000000444089209850062616169,0.99820360990865539706166517241323197581,0.0,0.0010902116146268221537359285479513654656,0.00033990855958044438544190204113058544885
0.26000000000000000888178419700125232339,0.99823465782120228254524412434472743191,0.0,0.0010784097002243465340195683468002159749,0.00033537916486316215730543631867352015067
0.26500000000000001332267629550187848508,0.99826128306169848457412052103304987608,0.0,0.0010666682246638297567783789848171873806,0.00033088011378276644376463415140792756995
0.27000000000000001776356839400250464678,0.99828754589459812747149739009123865666,0.0,0.0010549871922175741706683729487102391606,0.00032641140728636709563827340336082014169
0.27500000000000002220446049250313080847,0.99831344994151463908363435127962957814,0.0,0.001043366607136038644645831688846902016,0.00032197304631555998126720490032940387002
0.28000000000000002664535259100375697017,0.99833899880395669941251125432883558844,0.0,0.0010318064736478347071759322511733666783,0.00031756503180642653848618221953570971256
0.28499999999999997557509345824655611068,0.99836419606329439964932419306277179581,0.0,0.0010203067959597228324276289730828774523,0.00031318736468953337752861740918537561183
0.28999999999999998001598555674718227237,0.99838904528072588509119239102185486654,0.0,0.0010088675782566081087712887785516585551,0.00030884004588993164392729225374171972104
0.29499999999999998445687765524780843407,0.99841354999724447265579773061679923401,0.0,0.00099748882470153720298867618933039106491,0.00030452307632715686959713964750349913208
0.29999999999999998889776975374843459576,0.99843771373360624350900745858486006016,0.0,0.00098617053943569406676013535840292410833,0.00030023645691522834006306748398580170938
0.30499999999999999333866185224906075746,0.99846153999029810153951819153726525033,0.0,0.00097491272657839630219458738968680303925,0.00029598018856264870770357993002412995063
0.30999999999999999777955395074968691915,0.99848503224750629432638589875903508747,0.0,0.00096371539022709141903383978906551997314,0.000291754272172403558725501668762153875
0.31500000000000000222044604925031308085,0.99850819396508539129750406451113458331,0.0,0.00095257853445735311154522131741414119599,0.00028755870864196098264051300848922958682
0.32000000000000000666133814775093924254,0.99853102858252771407918305312923969852,0.0,0.00094150216332287755510884825619724544627,0.00028339349886327114424386978315627669055
0.32500000000000001110223024625156540424,0.99855353951893321405766809594039267357,0.0,0.00093048628085547972250579514011808720815,0.0002792586437227658580956798567405764852
0.33000000000000001554312234475219156593,0.99857573017297979219439774756909065352,0.0,0.0009195308910650897199134100381447630195,0.00027515414410135816550510592945802598067
0.33500000000000001998401444325281772763,0.99859760392289405615804466595432224007,0.0,0.00090863599793974914261398147412120373828,0.00027108000087444191401786222913822468363
0.34000000000000002442490654175344388932,0.99861916412642250985789174388569135324,0.0,0.00089780160544560745042293107117640554055,0.00026703621491189133940737055588634702521
0.34499999999999997335464740899624302983,0.99863824018787502688231321439974705034,0.0,0.00088702771752691848212097490125370683606,0.00026302278707806069455941426948404269491
0.34999999999999997779553950749686919153,0.99864871847057885417049677005940263605,0.0,0.00087631433810603639255474906746895308421,0.00025903971823178365857674281668846738282
0.35499999999999998223643160599749535322,0.99865913732637532640946619519965914553,0.0,0.00086566147108341280494546494788007651717,0.00025508700922637319363139111489676525721
0.35999999999999998667732370449812151492,0.99866949674579698034193060144902075585,0.0,0.0008550691203375927861277608748183700708,0.00025116466090962095840503171823966165505
0.36499999999999999111821580299874767661,0.99867979671939763235665942533198372557,0.0,0.00084453728972521144061703770896498174567,0.00024727267412379694733035853323830571849
0.36999999999999999555910790149937383831,0.9986900372377523853506637390388007379,0.0,0.00083406598308099040448261109920944834816,0.0002434110497056490876117552997511178798
0.375,0.99870021829145763557240037475356469884,0.0,0.00082365520421773435898268246092202748001,0.00023957978848640283875212243462307046711
0.38000000000000000444089209850062616169,0.99871033987113107944598872513703028828,0.0,0.00081330495692632756396703810397130222534,0.00023577889129176079458621076667656312084
0.38500000000000000888178419700125232339,0.99872040196741172037643011403143918464,0.0,0.00080301524497573041105335278692339155714,0.00023200835894190228782080857204634431687
0.39000000000000001332267629550187848508,0.99873040457095987553581966295055099537,0.0,0.00079278607211297599658294080297478420524,0.00022826819225148299708212619874466265474
0.39500000000000001776356839400250464678,0.99874034767245718263054061043902213135,0.0,0.00078261744206316671436176451638640901584,0.00022455839202963455647072044874988307372
0.40000000000000002220446049250313080847,0.99875023126260660664943107293113648338,0.0,0.00077250935852947086819247706559120811088,0.00022087895907996416762429876484505099566
0.40500000000000002664535259100375697017,0.99876005533213244659291326730958982431,0.0,0.00076246182519311930420324273083040187453,0.00021722989420055421428874114789520981505
0.40999999999999997557509345824655611068,0.99876981987178034207499757093539351961,0.0,0.00075247484571340217352063596811994613218,0.00021361119818396191940468800427456506391
0.41499999999999998001598555674718227237,0.99877952487231728044727862680870578908,0.0,0.00074254842372766516137040834517352514574,0.00021002287181721880433077803491031735716
0.41999999999999998445687765524780843407,0.99878917032453160282044323023162788505,0.0,0.00073268256285130684409730493710303939533,0.00020646491588183055199492098674989601423
0.42499999999999998889776975374843459576,0.99879875621923301115144393629218246536,0.0,0.00072287726667777495655445269130503812898,0.00020293733115377647046196948967734295853
0.42999999999999999333866185224906075746,0.9988082825472525747685533589067940026,0.0,0.00071313253877856323471495168368520628497,0.00019944011840350916039500310736960532238
0.43499999999999999777955395074968691915,0.99881774929944273698606035886159192156,0.0,0.00070344838270320816690011274424104683113,0.00019597327839595414468263421195045870697
0.44000000000000000222044604925031308085,0.99882715646667732169985972100693279413,0.0,0.00069382480197928576484374581741906828344,0.00019253681189050950057683762689697574452
0.44500000000000000666133814775093924254,0.99883650403985153996392559425548968765,0.0,0.00068426180011240835459797625330854890488,0.00018913071964104549434162497497830652352
0.45000000000000001110223024625156540424,0.99884579200988199654765899982470655405,0.0,0.00067475938058622138728603286994600492247,0.00018575500239590421841288254236020573872
0.45500000000000001554312234475219156593,0.99885502036770669647409974497885961076,0.0,0.00066531754686240026970741825639031244996,0.00018240966089789923106968934392031789872
0.46000000000000001998401444325281772763,0.99886418910428505153899311136432191799,0.0,0.00065593630238064721480083840087790248529,0.00017909469588431519861742994829160479921
0.46500000000000002442490654175344388932,0.99887329821059788681070171889380667024,0.0,0.00064661565055868811197023532837050517681,0.00017581010808690754008301449418735810802
0.46999999999999997335464740899624302983,0.9988823476776474470108148288864141393,0.0,0.00063735559479226951975011604307791097053,0.00017255589823190211038286915435027382328
0.47499999999999997779553950749686919153,0.99889133749645740337693684426316531165,0.0,0.00062815613845515516531734899803503968303,0.00016933206703999470586461261784754494754
0.47999999999999998223643160599749535322,0.99890026765807285950226167456374894461,0.0,0.00061901728489912349128191710486808273183,0.00016613861522635093331438547478750449426
0.48499999999999998667732370449812151492,0.99890913815356035816130926207550054214,0.0,0.00060993903745396419361625067451980020433,0.00016297554350060571985036015257721271571
0.48999999999999999111821580299874767661,0.99891794897400788761312010679675335874,0.0,0.00060092139942747529451941350792794730551,0.00015984285256686300648072876208272668965
0.49499999999999999555910790149937383831,0.99892670011052488798603839094884181421,0.0,0.00059196437410546013203209873790496111724,0.00015674054312369540787800816003807557534
0.50,0.99893539155424225764327397985199590982,0.0,0.00058306796475172436955119705929863012146,0.00015366861586414387466757963257631038358
0.50500000000000000444089209850062616169,0.99894402329631235952923395586583545577,0.0,0.00057423217460807302524901331531171010794,0.00015062707147571735823075860036422469188
0.51000000000000000888178419700125232339,0.998952595327909027496614374167947202,0.0,0.00056545700689430752140217388010060758985,0.00014761591064039247802268761506173283982
0.51500000000000001332267629550187848508,0.99896110764022757261424296123977431815,0.0,0.0005567424648082227536352337362715503304,0.0001446351340346131914053437856589081265
0.52000000000000001776356839400250464678,0.99896956022448478945566350904768054489,0.0,0.00054808855152560418008395859073766717681,0.00014168474232929046599594964167122392637
0.52500000000000002220446049250313080847,0.99897795307191896236845275004848431949,0.0,0.00053949527020022493048322380368272395894,0.00013876473618980195453107430819950501511
0.53000000000000002664535259100375697017,0.99898628617378987172426053031290599732,0.0,0.00053096262396384293518443832318758038751,0.00013587511627599167224670973548838494703
0.53500000000000003108624468950438313186,0.99899455952137880014956413024714728835,0.0,0.00052249061592619807410736822250447066542,0.00013301588324216967677460459284857917883
0.54000000000000003552713678800500929356,0.99900277310598853873712761460214066976,0.0,0.00051407924917500934563120082810274689581,0.0001301870377371117505551363036469246537
0.54500000000000003996802888650563545525,0.9990066382957639656361152313888872193,0.0,0.0005057285267759720554296568045485917013,0.00012738858040405908576699956451680743306
0.55000000000000004440892098500626161695,0.99900660728412021218093635387266202938,0.0,0.00049743845177275502525492392711128972995,0.00012462051188071797177398755800320416178
0.55500000000000004884981308350688777864,0.99900657627247645872575747635643684021,0.0,0.00048920902718699782167515262480088435761,0.00012188283279925948508913993353400493221
0.56000000000000005329070518200751394033,0.99900654526083270527057859884021165029,0.0,0.00048104025601830800477021971542742536277,0.00011917554378631918185652949690546949674
0.56499999999999994670929481799248605967,0.99900651424918895181608831814251763675,0.0,0.00047293214124425857615330407404719331879,0.00011649864546299685195263147623673580635
0.56999999999999995115018691649311222136,0.99900648323754519836090944062629244758,0.0,0.00046488468582038454879874653900282757916,0.00011385213844485597942266932857583987383
0.57499999999999995559107901499373838305,0.99900645222590144490573056311006725842,0.0,0.00045689789268018133585850340299291562227,0.00011123602334192379915144672170931757408
0.57999999999999996003197111349436454475,0.99900642121425769145055168559384206774,0.0,0.00044897176473510135774519737783976869813,0.00010865030075869076098720860647167195302
0.58499999999999996447286321199499070644,0.99900639020261393799537280807761687857,0.0,0.0004411063048745515713983859878189825099,0.00010609497129411029459211559509118337517
0.58999999999999996891375531049561686814,0.99900635919097018454019393056139168941,0.0,0.00043330151596589083882688268199243392023,0.00010357003554159851703545405498531928613
0.59499999999999997335464740899624302983,0.99900632817932643108501505304516649949,0.0,0.00042555740085442731564134751176041014189,0.00010107549408903394290632868926319465849
0.59999999999999997779553950749686919153,0.99900629716768267762983617552894130956,0.0,0.00041787396236341585958158405187486643396,9.8611347518757196946092453116000595016e-05
0.60499999999999998223643160599749535322,0.9990062661560389241746572980127161204,0.0,0.00041025120329405545904294546980240280063,9.6177596407570729200766517272038548911e-05
0.60999999999999998667732370449812151492,0.99900623514439517071947842049649093048,0.0,0.00040268912642548668160621886295796388467,9.3774241326738532693700851336552142593e-05
0.61499999999999999111821580299874767661,0.99900620413275141726429954298026574131,0.0,0.00039518773451478914257532318604003679439,9.1401282841985863618723861130850766246e-05
0.61999999999999999555910790149937383831,0.99900617312110766380912066546404055139,0.0,0.00038774703029697899352712228157683472058,8.9058721513498964054027375093182986981e-05
0.625,0.99900614210946391035394178794781536147,0.0,0.00038036701648500643087762070593224281464,8.6746557895924787197031135408357905798e-05
0.63000000000000000444089209850062616169,0.9990061110978201568987629104315901723,0.0,0.00037304769576975322446877621051184657938,8.4464792538370725120468809797144304141e-05
0.63500000000000000888178419700125232339,0.99900608008617640344358403291536498313,0.0,0.00036578907082003026618012889384488856613,8.2213425984404339049935399822916702655e-05
0.64000000000000001332267629550187848508,0.99900604907453264998840515539913979321,0.0,0.00035859114428257513856941318468927915798,7.999245877205309216313378116478107941e-05
0.64500000000000001776356839400250464678,0.99900601806288889653322627788291460329,0.0,0.00035145391878204970354628494940564001009,7.7801891433804084911055970566418268569e-05
0.65000000000000002220446049250313080847,0.99900598705124514307804740036668941412,0.0,0.00034437739692103771108326213866464860532,7.5641724496603792861332573101048104223e-05
0.65500000000000002664535259100375697017,0.9990059560396013896228685228504642242,0.0,0.00033736158128004242796794349918158836256,7.351195848185780706398172199816086764e-05
0.66000000000000003108624468950438313186,0.99900592502795763616768964533423903503,0.0,0.0003304064744174842866005359757049448426,7.1412593905430576939786681559903953185e-05
0.66500000000000003552713678800500929356,0.99900589401631388271251076781801384511,0.0,0.00032351207886969855384068751701412315749,6.9343631277645155691529141657170916659e-05
0.67000000000000003996802888650563545525,0.99900586300467012925733189030178865519,0.0,0.00031667839715093301990758807729693722398,6.7305071103282948238303089940437902368e-05
0.67500000000000004440892098500626161695,0.99900583199302637580215301278556346602,0.0,0.00030990543175334570733726767107252385713,6.5296913881583461673132005231150224798e-05
0.68000000000000004884981308350688777864,0.9990058009813826223469741352693382761,0.0,0.00030319318514700260000098639589189353902,6.3319160106244058244109972578901533018e-05
0.68500000000000005329070518200751394033,0.99900576996973886889179525775311308618,0.0,0.00029654165977987539218857738247861718514,6.1371810265419710859285177180692194518e-05
0.68999999999999994670929481799248605967,0.99900573895809511543730497705541907339,0.0,0.00028995085807783940343157972999164674698,5.9454864841722803342680636796206685464e-05
0.69499999999999995115018691649311222136,0.99900570794645136198212609953919388347,0.0,0.00028342078244467078369547794585616857649,5.7568324312222721403465538690095694082e-05
0.69999999999999995559107901499373838305,0.9990056769348076085269472220229686943,0.0,0.00027695143526204520075198583547350887653,5.5712189148445871101804626051903823228e-05
0.70499999999999996003197111349436454475,0.99900564592316385507176834450674350438,0.0,0.00027054281888953508283094845318273450472,5.3886459816375273516771076326032523194e-05
0.70999999999999996447286321199499070644,0.99900561491152010161658946699051831522,0.0,0.00026419493566460761510454799635607243859,5.2091136776450375775441253036139065377e-05
0.71499999999999996891375531049561686814,0.99900558389987634816141058947429312529,0.0,0.00025790778790262260923954170026534651109,5.0326220483566821704700011696262617164e-05
0.71999999999999997335464740899624302983,0.99900555288823259470623171195806793537,0.0,0.00025168137789683039304052777600299801775,4.8591711387076225008257547576087883049e-05
0.72499999999999997779553950749686919153,0.99900552187658884125105283444184274621,0.0,0.00024551570791836972018782834273128425636,4.6887609930785944969079085453666615752e-05
0.72999999999999998223643160599749535322,0.99900549086494508779587395692561755704,0.0,0.00023941078021626570007354425939175422519,4.5213916552958864677426565556021191861e-05
0.73499999999999998667732370449812151492,0.99900545985330133434069507940939236712,0.0,0.00023336659701742774773930270515333920854,4.3570631686313171784709333676022512289e-05
0.73999999999999999111821580299874767661,0.9990054288416575808855162018931671772,0.0,0.00022738316052664755391918429240398817509,4.1957755758022141783338696965695877768e-05
0.74499999999999999555910790149937383831,0.99900539783001382743033732437694198803,0.0,0.00022146047292659707519128242109038294337,4.0375289189713923812779060144593016298e-05
0.75,0.99900536681837007397515844686071679811,0.0,0.00021559853637782654424131349877558302842,3.8823232397471328991986209830006352162e-05
0.75500000000000000444089209850062616169,0.99900533580672632051997956934449160894,0.0,0.00020979735301876250024166255700820998006,3.730158579183162127842116739652381235e-05
0.76000000000000000888178419700125232339,0.99900530479508256706480069182826641902,0.0,0.00020405692496570583934921469157175828812,3.5810349777786310853825883208660341919e-05
0.76500000000000001332267629550187848508,0.9990052737834388136096218143120412291,0.0,0.0001983772543128298853252886420016239105,3.4349524754780950036944897244987813381e-05
0.77000000000000001776356839400250464678,0.99900524277179506015444293679581603993,0.0,0.00019275834313217848028095470451331846132,3.2919111116714931723374943048250627797e-05
0.77500000000000002220446049250313080847,0.99900521176015130669926405927959085001,0.0,0.00018720019347366409555098504227096936901,3.15191092519412903527223235963330357e-05
0.78000000000000002664535259100375697017,0.99900518074850755324408518176336566009,0.0,0.00018170280736506596269965031783351240186,3.0149519543266505403245739096569582039e-05
0.78500000000000003108624468950438313186,0.99900514973686379978890630424714047092,0.0,0.00017626618681202822466154242473991673052,2.881034236795030741416009786369614283e-05
0.79000000000000003552713678800500929356,0.999005118725220046333727426730915281,0.0,0.00017089033379805810702056893862733338268,2.7501578097705486535774692352660328416e-05
0.79500000000000003996802888650563545525,0.99900508771357629287854854921469009183,0.0,0.00016557525028452410943023074311024948197,2.6223227098697703607636973084481645607e-05
0.80000000000000004440892098500626161695,0.99900505670193253942336967169846490191,0.0,0.0001603209382106542171782601119776215813,2.4975289731545303764851003629309284943e-05
0.80500000000000004884981308350688777864,0.99900502569028878596819079418223971199,0.0,0.00015512739949353413289866234718164415686,2.375776635131913257273752999870479316e-05
0.81000000000000005329070518200751394033,0.99900499467864503251301191666601452282,0.0,0.00014999463602810552843416988168941024517,2.2570657307542354690000447751914732583e-05
0.81499999999999994670929481799248605967,0.99900496366700127905852163596832050928,0.0,0.00014492264968716442879802851528780101312,2.1413962944190300406663292721472759951e-05
0.81999999999999995115018691649311222136,0.99900493265535752560334275845209532011,0.0,0.00013991144232135905521280180656892414833,2.0287683599690187304977479884427791297e-05
0.82499999999999995559107901499373838305,0.99900490164371377214816388093587013094,0.0,0.00013496101575918881316615759261633271432,1.9191819606921100611732189110280106891e-05
0.82999999999999996003197111349436454475,0.99900487063207001869298500341964494102,0.0,0.00013007137180700217307192411543397653522,1.8126371293213718566603656312902056912e-05
0.83499999999999996447286321199499070644,0.9990048396204262652378061259034197511,0.0,0.00012524251224899513622403169596794527522,1.7091338980350169751696451546204795714e-05
0.83999999999999996891375531049561686814,0.99900480860878251178262724838719456194,0.0,0.00012047443884720960762271302937586791954,1.6086722984563866929088350260073590508e-05
0.84499999999999997335464740899624302983,0.99900477759713875832744837087096937201,0.0,0.00011576715334153178897122029815970071093,1.5112523616539343407974864945310652037e-05
0.84999999999999997779553950749686919153,0.99900474658549500487226949335474418285,0.0,0.00011112065744969059184579420071300396766,1.4168741181412091941561011981698035965e-05
0.85499999999999998223643160599749535322,0.99900471557385125141709061583851899217,0.0,0.00010653495286725607104158573175573315973,1.3255375978768406153845736471978646369e-05
0.85999999999999998667732370449812151492,0.999004684562207497961911738322293803,0.0,0.00010201004126763787809719728266544784308,1.2372428302645224496442265607488155341e-05
0.86499999999999999111821580299874767661,0.99900465355056374450673286080606861384,0.0,9.7545924302083735000475353957146098208e-05,1.1519898441529976735575508671296236948e-05
0.86999999999999999555910790149937383831,0.99900462253891999105155398328984342392,0.0,9.3142603599677928078152889208163844706e-05,1.0697786678360432969395469144973819396e-05
0.875,0.999004591527276237596375105773618234,0.0,8.8800080767339822071904949663268430227e-05,9.9060932905245551757434815484364095366e-06
0.88000000000000000444089209850062616169,0.99900456051563248414119622825739304483,0.0,8.4518357389822394403347151681783456292e-05,9.1448185498603512905059326116646802772e-06
0.88500000000000000888178419700125232339,0.99900452950398873068601735074116785491,0.0,8.02974350297107896304719851968941486e-05,8.4139627226557318166879731554155570981e-06
0.89000000000000001332267629550187848508,0.99900449849234497723083847322494266574,0.0,7.6137315227420894097983820540814794886e-05,7.7135260696483689643375736482535218946e-06
0.89500000000000001776356839400250464678,0.99900446748070122377565959570871747582,0.0,7.2037999501197930783959093441894256847e-05,7.0435088460255583214481228122966823458e-06
0.90000000000000002220446049250313080847,0.9990044364690574703204807181924922859,0.0,6.7999489347115074345223833814661727536e-05,6.4039113014240830559656148729296200466e-06
0.90500000000000002664535259100375697017,0.99900440545741371686530184067626709673,0.0,6.4021786239072086363806373234968817617e-05,5.7947336799300806490243170913297986365e-06
0.91000000000000003108624468950438313186,0.99900437444576996341012296316004190756,0.0,6.0104891628793970796788728813487968373e-05,5.2159762200789121595326550859314177481e-06
0.91500000000000003552713678800500929356,0.99900434343412620995494408564381671764,0.0,5.6248806945829649631845817645629315284e-05,4.6676391548550340202288991428554377037e-06
0.92000000000000003996802888650563545525,0.99900431242248245649976520812759152772,0.0,5.2453533597550658750727306218212073748e-05,4.1497227116918723653240802388128253158e-06
0.92500000000000004440892098500626161695,0.99900428141083870304458633061136633855,0.0,4.8719072969149864002902543186771124481e-05,3.6622271124716998898474098559859918268e-06
0.93000000000000004884981308350688777864,0.99900425039919494958940745309514114863,0.0,4.504542642364019749155466189601824143e-05,3.205152573525515240807322859857357492e-06
0.93500000000000005329070518200751394033,0.99900421938755119613422857557891595946,0.0,4.1432595301853414074075570993558250817e-05,2.7784993056329249402791077408307744946e-06
0.93999999999999994670929481799248605967,0.99900418837590744267973829488122194592,0.0,3.7880580922438946274531020623655918674e-05,2.3822675140220363008933738038784902347e-06
0.94499999999999995115018691649311222136,0.99900415736426368922455941736499675675,0.0,3.4389384581862387087621680588188383592e-05,2.0164573983693098961402890286192742731e-06
0.94999999999999995559107901499373838305,0.99900412635261993576938053984877156608,0.0,3.0959007554404780358668257455849450597e-05,1.6810691527995018685668328962316611465e-06
0.95499999999999996003197111349436454475,0.99900409534097618231420166233254637691,0.0,2.7589451092161141330250963582723147453e-05,1.3761029658855201136869403486973206272e-06
0.95999999999999996447286321199499070644,0.99900406432933242885902278481632118774,0.0,2.4280716425039393792050707907121263413e-05,1.1015590206483280001512445001603145155e-06
0.96499999999999996891375531049561686814,0.99900403331768867540384390730009599782,0.0,2.1032804760759247911610161266349889994e-05,8.5743749455684148660378343487061549785e-07
0.96999999999999997335464740899624302983,0.9990040023060449219486650297838708079,0.0,1.784571728485109829369495093980413196e-05,6.4373855952782877118169235704611981409e-07
0.97499999999999997779553950749686919153,0.99900397129440116849348615226764561873,0.0,1.4719455160654942270131554540546769547e-05,4.6046238192581247375160016909734307698e-07
0.97999999999999998223643160599749535322,0.99900394028275741503830727475142042881,0.0,1.1654019529319318421964045752577330761e-05,3.0760912256297435097429326290988895133e-07
0.98499999999999998667732370449812151492,0.99900390927111366158312839723519523965,0.0,8.6494115098002653357374217447276017406e-06,1.8517893669906254428705288502877360663e-07
0.98999999999999999111821580299874767661,0.99900387825946990812794951971897004973,0.0,5.7056321988603005956808144786192431743e-06,9.3171974041301360890915883585906483679e-08
0.99499999999999999555910790149937383831,0.9990038472478261546727706422027448598,0.0,2.822682671067420013529455661499921481e-06,3.1588378744303587827951965607870264349e-08
1.0,0.99900381623618240121759176468651967064,0.0,5.6671139309911868489310949854021037588e-10,4.2828940998533923149379088627259392586e-10
