value,sup,dur,Y,S
0.0,7.5683825683497171666437808426727363966e-61,129.0,0.99604126356473749881158068547698459464,0.88888399640339364567959965223036112879
0.0050000000000000001040834085586084256647,1.278609842239117784116297646653589671e-57,129.0,0.99576817317646743412214673343551438825,0.88634881923568363870767226754854208553
0.010000000000000000208166817117216851329,1.4315667996313860305446234309756064812e-53,129.0,0.99548677492921723823603153379582236741,0.88352472820726413708880268496713977679
0.014999999999999999444888487687421729788,1.1906565121758746156414134444244985899e-48,128.0,0.99519332898883730556301601130792633714,0.88124157491235396853113449536593819917
0.020000000000000000416333634234433702659,5.5413971410091251892615228795037836509e-44,128.0,0.99488570431730069209827510424477793838,0.87832424957309975746715740411138963904
0.02500000000000000138777878078144567553,1.7333162798732311787635910672966542546e-40,127.0,0.99456058998387037949577987881270177136,0.87562783784198865539483662565777152064
0.029999999999999998889776975374843459576,9.4207922808876752128003317193655356081e-38,127.0,0.99421872771170362262083626388150726177,0.87278943234816290689695918702170481065
0.035000000000000003330669073875469621271,1.5406711561076245643054635438105019641e-35,126.0,0.99386111720831660586268578478927292708,0.86965234076377052762533769531502028345
0.040000000000000000832667268468867405318,1.072389951175367212986732556457520641e-33,126.0,0.99347492860096790583708725589130270074,0.86675805488798248152140941642112061061
0.044999999999999998334665463062265189365,4.0089890647825970905817221999261385051e-32,125.0,0.99307045794015287852266621026709710191,0.86338925291891489461061400982286869131
0.050000000000000002775557561562891351059,9.3869260589675137506936925899929421413e-31,125.0,0.99263459549401003569329201220386739742,0.86022045581772957482657747228321394759
0.055000000000000000277555756156289135106,1.5461393150739409463495393078819825387e-29,120.0,0.9921748664332204097048230479642702384,0.85678711985959647545153597370259430427
0.059999999999999997779553950749686919153,1.9568670780132428043272627882056924914e-28,114.0,0.99167088733623923708414266164407928724,0.85301012093162098991112044562444455988
0.065000000000000002220446049250313080847,2.0342722546300583765507687145110948614e-27,109.0,0.99114759362000411254248572200115738341,0.84959637099549732700070651873369029779
0.070000000000000006661338147750939242542,1.8505233835194227906088929260976107505e-26,104.0,0.99057839039966342839963578043694947371,0.84563837376048466642910303798498462326
0.074999999999999997224442438437108648941,1.5374160880384609083345215908805875776e-25,99.0,0.98996061884619158926269502651558484875,0.84127646811320719264512250075882850787
0.080000000000000001665334536937734810635,1.2432400850835254875768699878056309838e-24,95.0,0.98929228643694513950241933333476266904,0.83736259286392208866222581624532134828
0.08500000000000000610622663543836097233,1.023291029572730109346431591449719612e-23,91.0,0.98856983362989050670184257959978439123,0.83308221077352745343607712872968519488
0.089999999999999996669330926124530378729,8.934855177632099853059596845457493061e-23,87.0,0.98778737593390820059430986417701296499,0.82850592534461632766171979971358657933
0.095000000000000001110223024625156540424,8.7684350902664604023368881903261610377e-22,83.0,0.98693557242080842541314538289474735607,0.8236705432388990203632848626388408234
0.10000000000000000555111512312578270212,1.0125078216475273525014196148377621221e-20,78.0,0.98599992354536477741223244448890378566,0.818564573650809318854890433460663728
0.10499999999999999611421941381195210852,1.4181534429201941974392210918498610405e-19,73.0,0.98495818019676497148459166013814915682,0.81311360028533068536754419777325272263
0.11000000000000000055511151231257827021,2.4630275602779194415715169748179052305e-18,69.0,0.98378223360338792513820593208453281973,0.80716319699129231007712652110135983319
0.11500000000000000499600361081320443191,5.49147516321586010497872206546735458e-17,63.0,0.98247537543660202802127690571267380515,0.80145426379177071785897302859780821255
0.11999999999999999555910790149937383831,1.5616160400820975501533181413072499715e-15,58.0,0.98093200545560937929225526511535470555,0.79494945528624996986068346993185888551
0.125,5.7828957939727230344856754679969323859e-14,52.0,0.97912781942618207596674328329303845297,0.78815860401852455761309410544617312547
0.13000000000000000444089209850062616169,2.8130679268926496134552104847236977817e-12,46.0,0.97687956487777438613000200455171050888,0.780512615624840309509427097915005748
0.13500000000000000888178419700125232339,1.7706255528666571127685877127881155496e-10,40.0,0.9739885113530101208239897819575295539,0.7722422365560361133394078908914602488
0.14000000000000001332267629550187848508,1.3559978438665880008466459907142370381e-08,34.0,0.97014032143214663086178273068377635506,0.76311209814935586366466039645987902376
0.14499999999999999000799277837359113619,1.0620086497586383278715942468416955132e-06,27.0,0.96482798081253909514637969956227067168,0.75275420308568812123934094762680163952
0.14999999999999999444888487687421729788,6.6932319451743221802434925913575471362e-05,20.0,0.95766957455719289211232063050334531877,0.74029195995515921900259776042764238382
0.15499999999999999888977697537484345958,0.0020590256654415030805257670702248796493,12.0,0.94959550389484875144170523036866559137,0.7247478176623632355948300755666370616
0.16000000000000000333066907387546962127,0.017947235060493270678307542174115581739,0.0,0.97435433249736258811785282628534895652,0.70562171129384723544942556666260954127
0.16500000000000000777156117237609578297,0.056916642379537633116919707962521150547,0.0,0.97575651888945033667268026486760654026,0.68386485925808908772704797730472660734
0.17000000000000001221245327087672194466,0.11130245764087415165980053153657874391,0.0,0.97666238601311838445002006397601033078,0.66204979970895392592480367268550983383
0.17499999999999998889776975374843459576,0.16737132600324585331327040270247674413,0.0,0.97722203577265437854690677838866416336,0.64228625571507275063080204266677946635
0.17999999999999999333866185224906075746,0.21257667470322629155240010644482891059,0.0,0.97753992434546125888455387351023903969,0.62672321928366527684859562459482574942
0.18499999999999999777955395074968691915,0.24310831979809946084123656028199083134,0.0,0.97768671890316374451018527685653368611,0.61296920130024578760063665310437096329
0.19000000000000000222044604925031308085,0.26334472896551453281651875819543406339,0.0,0.97770834725814820442441712751510677633,0.60222140788395980985843166492036517559
0.19500000000000000666133814775093924254,0.27818847703887670577933112427893361794,0.0,0.97763320717949108941686361221901923269,0.59112977957312772006290847606512207077
0.20000000000000001110223024625156540424,0.28894827942357624877742839194354833713,0.0,0.9774777262450745722389811923758471064,0.58103579903219885038288898754940290694
0.20499999999999998778754672912327805534,0.29850581907317634873867488591899419399,0.0,0.97725040804206493314815823297430328988,0.57122404744101383149696272406790261459
0.20999999999999999222843882762390421703,0.30742375230818575343601401866239263498,0.0,0.97695460515003880890238756519211255859,0.56026090303512101458690553997574795892
0.21499999999999999666933092612453037873,0.31593518687457969760722762277466105409,0.0,0.97659031302738705422461073147538752872,0.55048368680436311422264125813462854468
0.22000000000000000111022302462515654042,0.32456329733753457445093328219229881194,0.0,0.97615526198429568408265502119626686732,0.53959927992466859366305554448238251307
0.22500000000000000555111512312578270212,0.33421636898108792516533095213652835948,0.0,0.975645530082700189831032811605605435,0.5281133111433166039617032254445957967
0.23000000000000000999200722162640886381,0.34285204665440248260124271993129966481,0.0,0.97505583736652537380914739298603558951,0.51758328234804151152518150542715835863
0.23499999999999998667732370449812151492,0.35220970466398665926023162146968449999,0.0,0.97437962588054703553345597069967526611,0.50635093728062152533733906654484625553
0.23999999999999999111821580299874767661,0.36207841786259962218169833792547294201,0.0,0.97360898404661495324945486288584345765,0.49471944129146992103985172593495296258
0.24499999999999999555910790149937383831,0.37242556137683907938070100065541280115,0.0,0.9727344354543942766741097339737148473,0.48271410661668329713062570453721672853
0.25,0.38347771006187392672437059478505188503,0.0,0.97174457442380908530044096036834488091,0.47005518053204775272738024849693096407
0.25500000000000000444089209850062616169,0.39414375809416340543111760299535361828,0.0,0.97062548279469470106653090287645279586,0.45825801225893220418143592018271062945
0.26000000000000000888178419700125232339,0.40570824744614723459130259323661574016,0.0,0.96935978463629809589657425616007565035,0.44538730828276347793075711992651275738
0.26500000000000001332267629550187848508,0.41738918727605640003071198352287290047,0.0,0.96792504888341929763266719052035007275,0.43288101919256844796490952621594319546
0.27000000000000001776356839400250464678,0.42983445834734635491829561509616598145,0.0,0.96629095034632498733900784407058956284,0.4197366357400783689882709809424623623
0.27500000000000002220446049250313080847,0.44264463628979139838861808136749505537,0.0,0.96441395664047207977086499831689867957,0.40638473029698239094368500317344694076
0.28000000000000002664535259100375697017,0.45610377286138102007265679281191232698,0.0,0.96222687052645214982207618817619265393,0.3925210563774269678199053184408105272
0.28499999999999997557509345824655611068,0.47000025112925095856559311828500826141,0.0,0.95961720454720240707373689029085479678,0.37882975074652567299988364848333925142
0.28999999999999998001598555674718227237,0.48463572691409506589884933636507447047,0.0,0.95638019489656704581028989176726874762,0.36456624458312644404616965656864551818
0.29499999999999998445687765524780843407,0.49944303107052021767527547911213677311,0.0,0.95211139167289950823001700848260482627,0.35031232705437152079228034181629378562
0.29999999999999998889776975374843459576,0.51523860240892622551098243990106957945,0.0,0.94594804659870134100583601541608607935,0.3352954921268548249532637341000034339
0.30499999999999999333866185224906075746,0.53145042193273544504517538553561545574,0.0,0.93591746468631063489151712387306247138,0.32047623628326445261669363029741118093
0.30999999999999999777955395074968691915,0.54828515850646718130105900076666887796,0.0,0.91728619449234966398372195303614203962,0.30560210599423648861732262562811058531
0.31500000000000000222044604925031308085,0.56589018497566722829898150993450591243,0.0,0.87895591543971981358870472564297359577,0.29021324434485233154226193119789488114
0.32000000000000000666133814775093924254,0.58439860528515397392762545423920030413,0.0,0.79923966682799578892207227441754849549,0.27433806794477059175294850336550952921
0.32500000000000001110223024625156540424,0.62051049420166773329043166521566801767,0.0,0.64904249262577008459637375635829501785,0.25496544736681314751505346625843034268
0.33000000000000001554312234475219156593,0.74656876463833674879567271320254815013,0.0,0.42541090499941492584151238171888037272,0.17086220446991026370665576952429220827
0.33500000000000001998401444325281772763,0.87840777157784563054851095167866110381,0.0,0.20998902008064091350914235244931595573,0.079283233909140217012065474384894511
0.34000000000000002442490654175344388932,0.95365154661729914528675348860483301084,0.0,0.082593838873194367121547263949200577386,0.029399961615733960358760442229675543793
0.34499999999999997335464740899624302983,0.98426805985286168914758077793500628929,0.0,0.028846460041312007858850902164567889191,0.0098050246139865526541027894411220572971
0.34999999999999997779553950749686919153,0.99492231221470586550404547166477645112,0.0,0.0095905217150922568646453994145462557701,0.0031245015779448570187606795718337123603
0.35499999999999998223643160599749535322,0.99839885414470944711508465555848209459,0.0,0.0031278481936186588203145531043149604807,0.00097439343923917308679273060471443969112
0.35999999999999998667732370449812151492,0.9990069172381226098293621540153334343,0.0,0.001012364024231122507262174158949507908,0.00034626694079231731805232426691593676526
0.36499999999999999111821580299874767661,0.99900687449334644607388178398962800995,0.0,0.00073206113477206812409474991964726458368,0.00034090179474596290143820537114838629274
0.36999999999999999555910790149937383831,0.99900683174857028231840141396392258709,0.0,0.00072102494833577559986009924132293948766,0.00033557849401615962986713519127584720275
0.375,0.99900678900379411856292104393821716349,0.0,0.00071007226823119870570717196742358097492,0.00033029703996852197451622602004247254663
0.38000000000000000444089209850062616169,0.99900674625901795480744067391251173989,0.0,0.00069920309995805108467548349062433584746,0.00032505743395816935809444053152035904258
0.38500000000000000888178419700125232339,0.99900670351424179105196030388680631628,0.0,0.00068841744897429110848063734013995566931,0.00031985967732972529796990046465707657337
0.39000000000000001332267629550187848508,0.99900666076946562729647993386110089268,0.0,0.00067771532069611503218586007899767340693,0.00031470377141731655586887172952715987756
0.39500000000000001776356839400250464678,0.99900661802468946354099956383539546983,0.0,0.00066709672049795020093176713295493577064,0.00030958971754457229414742573429009086403
0.40000000000000002220446049250313080847,0.99900657527991329978551919380969004623,0.0,0.0006565616537124483087402496082262384471,0.00030451751702462323863676905950324393454
0.40500000000000002664535259100375697017,0.99900653253513713603003882378398462337,0.0,0.00064611012563047870940825131339669135876,0.00029948717116010084806322593321273521179
0.40999999999999997557509345824655611068,0.99900648979036097227503301610507369794,0.0,0.00063574214150112189415104988519530228022,0.00029449868124313654519486198822171272017
0.41499999999999998001598555674718227237,0.99900644704558480851955264607936827434,0.0,0.0006254577065316624472191650992176875419,0.0002895520485553606783449325130601084035
0.41999999999999998445687765524780843407,0.99900640430080864476407227605366285074,0.0,0.00061525682588758320380178117344074614912,0.0002846472743679020428218564688186277018
0.42499999999999998889776975374843459576,0.99900636155603248100859190602795742788,0.0,0.00060513950469255830807677793209063346681,0.00027978435994138685465933557026514060663
0.42999999999999999333866185224906075746,0.99900631881125631725311153600225200428,0.0,0.0005951057480284469003577822622323278217,0.00027496330652593800853981207801686282679
0.43499999999999999777955395074968691915,0.99900627606648015349763116597654658068,0.0,0.00058515556093528674085166533745969210887,0.00027018411536117428668261166736797695557
0.44000000000000000222044604925031308085,0.99900623332170398974215079595084115707,0.0,0.00057528894841128788561292606481793883862,0.00026544678767620957431341526735676330316
0.44500000000000000666133814775093924254,0.99900619057692782598667042592513573347,0.0,0.00056550591541282641470976114159735758191,0.00026075132468965208171598287204377096522
0.45000000000000001110223024625156540424,0.99900614783215166223119005589943031062,0.0,0.00055580646685443821261650075000119493488,0.00025609772760960357286704463655119119624
0.45500000000000001554312234475219156593,0.99900610508737549847570968587372488701,0.0,0.00054619060760881280084696750388380903544,0.00025148599763365860065526687926471847398
0.46000000000000001998401444325281772763,0.99900606234259933472022931584801946341,0.0,0.00053665834250678722284319479323016577632,0.00024691613594890374868519291873722351597
0.46500000000000002442490654175344388932,0.99900601959782317096474894582231403981,0.0,0.00052720967633733998113381914925721806773,0.00024238814373191687966705097927294529589
0.46999999999999997335464740899624302983,0.99900597685304700720974313814340311513,0.0,0.00051784461384758513028530860587938905169,0.00023790202214876643996683543688868515418
0.47499999999999997779553950749686919153,0.99900593410827084345426276811769769152,0.0,0.00050856315974276590367801939261332587413,0.0002334577723550105224115312192755000771
0.47999999999999998223643160599749535322,0.99900589136349467969878239809199226867,0.0,0.00049936531868624943139684061531360226756,0.00022905539549569643327754696732147427651
0.48499999999999998667732370449812151492,0.99900584861871851594330202806628684432,0.0,0.00049025109529952046978842791923233249859,0.00022469489270535976734406822740076521
0.48999999999999999111821580299874767661,0.99900580587394235218782165804058142147,0.0,0.00048122049416217570461561068897496653652,0.00022037626510802373926370036878797584291
0.49499999999999999555910790149937383831,0.99900576312916618843234128801487599786,0.0,0.00047227351981191800212762361835153919775,0.00021609951381719847148578470909112543469
0.50,0.99900572038439002467686091798917057501,0.0,0.00046341017674455071249680755980735384327,0.00021186463993588028877161175886381556952
0.50500000000000000444089209850062616169,0.99900567763961386092138054796346515065,0.0,0.00045463046941397202563512019486775438417,0.00020767164455655101930236220347168327863
0.51000000000000000888178419700125232339,0.99900563489483769716590017793775972705,0.0,0.00044593440223216937940367507627704814929,0.00020352052876117730238059853108975148899
0.51500000000000001332267629550187848508,0.9990055921500615334104198079120543042,0.0,0.00043732197956921392022840555203576155871,0.00019941129362120990272612250495468530837
0.52000000000000001776356839400250464678,0.9990055494052853696549394378863488806,0.0,0.00042879320575325501613482799179920728976,0.00019534394019758303136700596570371850931
0.52500000000000002220446049250313080847,0.99900550666050920589945906786064345775,0.0,0.0004203480850705148222147565975500543943,0.00019131846954071367312659473581461030166
0.53000000000000002664535259100375697017,0.99900546391573304214397869783493803339,0.0,0.00041198662176528289853769989355472929737,0.0001873348826905009207072776828329143837
0.53500000000000003108624468950438313186,0.99900542117095687838849832780923261054,0.0,0.00040370882003991088051954675581481003152,0.0001833931806763253153718052812485808844
0.54000000000000003552713678800500929356,0.99900537842618071463301795778352718693,0.0,0.00039551468405480720176102755898714716188,0.00017949336451704819422293429457796189165
0.54500000000000003996802888650563545525,0.99900533568140455087753758775782176333,0.0,0.00038740421792843186936831368952755241395,0.00017563543522101104408216747943415151335
0.55000000000000004440892098500626161695,0.99900529293662838712205721773211634048,0.0,0.00037937742573729129176799629807009960779,0.00017181939378603486196834949214276479514
0.55500000000000004884981308350688777864,0.99900525019185222336657684770641091612,0.0,0.00037143431151593315902856274224519783931,0.00016804524119941952217687245579625307695
0.56000000000000005329070518200751394033,0.99900520744707605961109647768070549327,0.0,0.00036357487925694137570036670372269397624,0.00016431297843794314996023692155217746493
0.56499999999999994670929481799248605967,0.99900516470229989585656523234858906676,0.0,0.00035579913291093121791308870869364546148,0.00016062260646786158328833654022530267431
0.56999999999999995115018691649311222136,0.99900512195752373210108486232288364316,0.0,0.00034810707638654368252136799600021891999,0.00015697412624490743289322070221230392323
0.57499999999999995559107901499373838305,0.99900507921274756834560449229717822031,0.0,0.00034049871355044161350864963317266941878,0.00015336753871428996741446232864695279093
0.57999999999999996003197111349436454475,0.99900503646797140459012412227147279671,0.0,0.00033297404822730415253532566635403272413,0.00014980284481069418479138143093332443764
0.58499999999999996447286321199499070644,0.9990049937231952408346437522457673731,0.0,0.00032553308419982210813219122742665333731,0.00014628004545828030136910198942313970188
0.58999999999999996891375531049561686814,0.9990049509784190770791633822200619495,0.0,0.00031817582520869320389642854950789863986,0.00014279914157068316520247296545786572798
0.59499999999999997335464740899624302983,0.99900490823364291332368301219435652665,0.0,0.00031090227495261737928662372073767905254,0.00013936013405101167596634845329866805786
0.59999999999999997779553950749686919153,0.99900486548886674956820264216865110304,0.0,0.00030371243708829214302783083397042550488,0.00013596302379184821147291086353872115296
0.60499999999999998223643160599749535322,0.99900482274409058581272227214294567869,0.0,0.00029660631523040797913757533274894576632,0.00013260781167524806079671329334531089584
0.60999999999999998667732370449812151492,0.99900477999931442205724190211724025584,0.0,0.00028958391295164380558356545568845710617,0.00012929449857273886400810950135373862751
0.61499999999999999111821580299874767661,0.99900473725453825830176153209153483223,0.0,0.00028264523378266248558375774259677347975,0.00012602308534532005851573216624581375951
0.61999999999999999555910790149937383831,0.99900469450976209454628116206582940938,0.0,0.00027579028121210639155929958676203436163,0.00012279357284346233201867236800725639729
0.625,0.99900465176498593079080079204012398578,0.0,0.00026901905868659302175074879931364390286,0.00011960596190710708206900548958518178164
0.63000000000000000444089209850062616169,0.99900460902020976703532042201441856217,0.0,0.00026233156961071066950784709386660667047,0.00011646025336566588224530099417356695033
0.63500000000000000888178419700125232339,0.99900456627543360327984005198871313857,0.0,0.00025572781734701414526300130325577951639,0.0001133564480380199549377457896557727089
0.64000000000000001332267629550187848508,0.99900452353065743952435968196300771497,0.0,0.00024920780521602055119850300551650157349,0.00011029454673251965074550314684337984577
0.64500000000000001776356839400250464678,0.99900448078588127576887931193730229212,0.0,0.00024277153649620510861739406383362044773,0.00010727455024698393448692139208436988213
0.65000000000000002220446049250313080847,0.99900443804110511201339894191159686776,0.0,0.00023641901442399703802776237542431591454,0.00010429645936869987782319884758561325336
0.65500000000000002664535259100375697017,0.99900439529632894825791857188589144491,0.0,0.0002301502421937754919501288777037520155,0.00010136027487442215849610374441930048769
0.66000000000000003108624468950438313186,0.99900435255155278450243820186018602131,0.0,0.00022396522295786554045746357706908760122,9.846599753037256618034008367494676739e-05
0.66500000000000003552713678800500929356,0.99900430980677662074695783183448059845,0.0,0.0002178639598265342094572450466895679996,9.5613628092239514951142670592502409031e-05
0.67000000000000003996802888650563545525,0.99900426706200045699147746180877517485,0.0,0.00021184645586798657172485448527132927846,9.2803167305177562367676794782499594073e-05
0.67500000000000004440892098500626161695,0.99900422431722429323599709178306975049,0.0,0.00020591271410836189069747203933838994206,9.0034615903806935172810276820650438676e-05
0.68000000000000004884981308350688777864,0.99900418157244812948051672175736432764,0.0,0.00020006273753172981703751966759949484699,8.7307974612213061609817847611477624748e-05
0.68500000000000005329070518200751394033,0.99900413882767196572503635173165890404,0.0,0.00019429652908008663797457136791761536295,8.4623244143946110356570071963003622886e-05
0.68999999999999994670929481799248605967,0.99900409608289580197050510639954247828,0.0,0.00018861409165335170467991900217090779552,8.1980425202020594294803496363069397828e-05
0.69499999999999995115018691649311222136,0.99900405333811963821502473637383705468,0.0,0.00018301542810936328434993679772288620431,7.9379518478914688882049555093881006843e-05
0.69999999999999995559107901499373838305,0.99900401059334347445954436634813163183,0.0,0.00017750054126387572498852274686092449639,7.6820524656570143035748603097018692935e-05
0.70499999999999996003197111349436454475,0.99900396784856731070406399632242620747,0.0,0.00017206943389055540938762172037261303253,7.4303444406391608882627930599976299898e-05
0.70999999999999996447286321199499070644,0.99900392510379114694858362629672078387,0.0,0.00016672210872097739559647465975774757133,7.1828278389246272936007866116072283505e-05
0.71499999999999996891375531049561686814,0.99900388235901498319310325627101536102,0.0,0.0001614585684446219831147523824069408068,6.939502725546343474605999837979158377e-05
0.71999999999999997335464740899624302983,0.99900383961423881943762288624530993741,0.0,0.00015627881570887133192314290215455690803,6.7003691644834092171198197966015401267e-05
0.72499999999999997779553950749686919153,0.99900379686946265568214251621960451381,0.0,0.00015118285311900613435932425007535439431,6.4654272186610533271092574017389031436e-05
0.72999999999999998223643160599749535322,0.99900375412468649192666214619389909021,0.0,0.00014617068323820233984713103650425706882,6.2346769499505934821788737671382998107e-05
0.73499999999999998667732370449812151492,0.9990037113799103281711817761681936666,0.0,0.00014124230858752793248659922193361908681,6.0081184191693967453406979032314901225e-05
0.73999999999999999111821580299874767661,0.99900366863513416441570140614248824375,0.0,0.00013639773164593976151244976214774190347,5.7857516860808407410888198888346086397e-05
0.74499999999999999555910790149937383831,0.99900362589035800066022103611678282015,0.0,0.00013163695485028042462844796215593147482,5.567576809394275493824566984387836375e-05
0.75,0.99900358314558183690474066609107739655,0.0,0.00012695998059527520422495151464890479029,5.3535938467649859286773934138483978649e-05
0.75500000000000000444089209850062616169,0.99900354040080567314926029606537197294,0.0,0.0001223668112335290564868363122948717996,5.1438028547941550347658377169141629312e-05
0.76000000000000000888178419700125232339,0.99900349765602950939377992603966655009,0.0,0.00011785744907552365339886520967729067493,4.9382038890288276909421246637759727149e-05
0.76500000000000001332267629550187848508,0.99900345491125334563829955601396112649,0.0,0.00011343189638961447765544097052242950784,4.7367970039618751540632117325384806137e-05
0.77000000000000001776356839400250464678,0.99900341216647718188281918598825570213,0.0,0.00010909015540202797048156066953792189137,4.5395822530319602098303030762759794938e-05
0.77500000000000002220446049250313080847,0.99900336942170101812733881596255027928,0.0,0.00010483222829685873237166482615007770028,4.3465596886235029862380767538657824141e-05
0.78000000000000002664535259100375697017,0.99900332667692485437185844593684485568,0.0,0.00010065811721606677675295053015454652431,4.1577293620666474296740937677318600513e-05
0.78500000000000003108624468950438313186,0.99900328393214869061637807591113943282,0.0,9.6567824259474836579593777248911728851e-05,3.9730913236372284437080801439004567512e-05
0.79000000000000003552713678800500929356,0.99900324118737252686089770588543400922,0.0,9.2561351484765723864202166063937289346e-05,3.7926456225567396906099959067823648104e-05
0.79500000000000003996802888650563545525,0.99900319844259636310541733585972858562,0.0,8.8638700907479742152695018119650893838e-05,3.6163923069923020556350273443186964444e-05
0.80000000000000004440892098500626161695,0.99900315569782019934993696583402316201,0.0,8.4799874501012151948683868570510870281e-05,3.4443314240566327741128614300238256176e-05
0.80500000000000004884981308350688777864,0.99900311295304403559445659580831773841,0.0,8.1044874196610689093302139137985881459e-05,3.2764630198080152213778236684963461546e-05
0.81000000000000005329070518200751394033,0.99900307020826787183897622578261231556,0.0,7.7373701883373136106308645726516489959e-05,3.1127871392502693655756829616122765504e-05
0.81499999999999994670929481799248605967,0.99900302746349170808444498045049588905,0.0,7.3786359408245025218458074074111835035e-05,2.953303826332726378075899545390275205e-05
0.81999999999999995115018691649311222136,0.9990029847187155443289646104247904662,0.0,7.0282848576016998893502594350156396319e-05,2.7980131239501863402659395054965394509e-05
0.82499999999999995559107901499373838305,0.99900294197393938057348424039908504184,0.0,6.6863171149323018016908556070298699656e-05,2.6469150739429119326420786166719956908e-05
0.82999999999999996003197111349436454475,0.99900289922916321681800387037337961899,0.0,6.3527328848637824656357168134258896741e-05,2.5000097170965872814068426274259128296e-05
0.83499999999999996447286321199499070644,0.99900285648438705306252350034767419539,0.0,6.0275323352274858877949077429067844412e-05,2.3572970931422953139569109371320365164e-05
0.83999999999999996891375531049561686814,0.99900281373961088930704313032196877179,0.0,5.7107156296384147970312979312651636722e-05,2.2187772407564921896582412696973441197e-05
0.84499999999999997335464740899624302983,0.99900277099483472555156276029626334818,0.0,5.4022829274950248667282394565268386344e-05,2.0844501975609823937267062852681495601e-05
0.84999999999999997779553950749686919153,0.99900272825005856179608239027055792458,0.0,5.1022343839790242373971242518725550108e-05,1.9543160001228944942438220501241204977e-05
0.85499999999999998223643160599749535322,0.99900268550528239804060202024485250173,0.0,4.8105701500551783400954500301959960514e-05,1.8283746839546575623363700570044999562e-05
0.85999999999999998667732370449812151492,0.99900264276050623428512165021914707812,0.0,4.5272903724711200211135880615587895065e-05,1.7066262835139782555479362054793609084e-05
0.86499999999999999111821580299874767661,0.99900260001573007052964128019344165527,0.0,4.2523951937571649683760085636193236725e-05,1.5890708322038185644296118160898283693e-05
0.86999999999999999555910790149937383831,0.99900255727095390677416091016773623092,0.0,3.9858847522261324399902803022277915734e-05,1.4757083623723742223763233643027919767e-05
0.875,0.99900251452617774301868054014203080731,0.0,3.7277591819731712953647202016903288674e-05,1.3665389053130537787344791823257568103e-05
0.88000000000000000444089209850062616169,0.99900247178140157926320017011632538446,0.0,3.4780186128755913293031263786147280735e-05,1.26156249126445833520584288997433847e-05
0.88500000000000000888178419700125232339,0.99900242903662541550771980009061996086,0.0,3.236663170592699909472584086672121536e-05,1.1607791494103619455717647815468301829e-05
0.89000000000000001332267629550187848508,0.99900238629184925175223943006491453801,0.0,3.003692976565643917627888638964878895e-05,1.0641889078796926787611238155057191483e-05
0.89500000000000001776356839400250464678,0.99900234354707308799675906003920911365,0.0,2.7791081480172569949636825069106777207e-05,9.7179179374651434528455422916359712269e-06
0.90000000000000002220446049250313080847,0.9990023008022969242412786900135036908,0.0,2.5629087979519120919529555265742039448e-05,8.8358783303000888705675213298931086346e-06
0.90500000000000002664535259100375697017,0.9990022580575207604857983199877982672,0.0,2.3550950351553793230181075221468953781e-05,7.9957705069445943062787873005826643082e-06
0.91000000000000003108624468950438313186,0.99900221531274459673031794996209284359,0.0,2.155666964194689126368321728744716496e-05,7.1975947064923400384429805703748674447e-06
0.91500000000000003552713678800500929356,0.99900217256796843297483757993638741999,0.0,1.9646246854180007293245452098245396458e-05,6.4413511574876991595810835539038655438e-06
0.92000000000000003996802888650563545525,0.99900212982319226921935720991068199638,0.0,1.7819682949544759194409190652786627516e-05,5.7270400779255880120414735667744089942e-06
0.92500000000000004440892098500626161695,0.99900208707841610546387683988497657353,0.0,1.6076978847141581217190466616283889235e-05,5.054661675251323258623729053862557211e-06
0.93000000000000004884981308350688777864,0.99900204433363994170839646985927114993,0.0,1.4418135423878567821990324326819453668e-05,4.4242161463604855882274144811737321906e-06
0.93500000000000005329070518200751394033,0.99900200158886377795291609983356572708,0.0,1.2843153514470370581987670445360371162e-05,3.8357036775987900566892799064992732984e-06
0.93999999999999994670929481799248605967,0.99900195884408761419838485450144930057,0.0,1.1352033911437180333046818593673665557e-05,3.289124444761974733907820413521815614e-06
0.94499999999999995115018691649311222136,0.99900191609931145044290448447574387621,0.0,9.9447773651035996408110771662680704421e-06,2.7844786130956367006329533140994122558e-06
0.94999999999999995559107901499373838305,0.99900187335453528668742411445003845336,0.0,8.6213845835978975746485949854826182184e-06,2.3217663372951951147585735955083559499e-06
0.95499999999999996003197111349436454475,0.99900183060975912293194374442433302976,0.0,7.381856232850984600468356088842368851e-06,1.9009877615057386172947327743047158707e-06
0.95999999999999996447286321199499070644,0.99900178786498295917646337439862760691,0.0,6.2261929365956088924539681629628358458e-06,1.5221430193219414533758593084702710493e-06
0.96499999999999996891375531049561686814,0.9990017451202067954209830043729221833,0.0,5.1543952763655716843841986863274713914e-06,1.1852322337879736272243657792476243132e-06
0.96999999999999997335464740899624302983,0.99900170237543063166550263434721675895,0.0,4.1664637914949957029505877277773340944e-06,8.9025551739741769322859883628931854848e-07
0.97499999999999997779553950749686919153,0.9990016596306544679100222643215113361,0.0,3.2623989791176466847900256681234003842e-06,6.372129720931921832362437306122658164e-07
0.97999999999999998223643160599749535322,0.99900161688587830415454189429580591249,0.0,2.4422012941663079788255412916465814177e-06,4.2610468926748167015650370567005917763e-07
0.98499999999999998667732370449812151492,0.99900157414110214039906152427010048964,0.0,1.7058711493722082353838968608047943116e-06,2.5693074976167346795658278271671855646e-07
0.98999999999999999111821580299874767661,0.99900153139632597664358115424439506529,0.0,1.0534089152645021834339324115967030241e-06,1.2969122386630096813020857723858993444e-07
0.99499999999999999555910790149937383831,0.99900148865154981288810078421868964244,0.0,4.8481492016980449716494205914495697876e-07,4.4386171320993612708139733279398973744e-08
1.0,0.99900144590677364913262041419298421883,0.0,9.6013669444114297726457724398560194922e-11,1.015641314433503872810376680207845663e-09
