value,sup,dur,Y,S
0.0,3.5402202832773760802876312902124055102e-58,108.0,0.99608547830263100926629743163630466075,0.26949632711198441033307571867437365597
0.0050000000000000001040834085586084256647,8.7983825200654139063028639352237205355e-56,106.0,0.99495103897635865512979912258981997723,0.26218392163352196361391934608848892992
0.010000000000000000208166817117216851329,5.2140808811541874270823904899651991003e-53,104.0,0.99362922758218393536590020069378825293,0.25467478029046923948520845913295153631
0.014999999999999999444888487687421729788,8.039067326631979706571474424491813706e-50,101.0,0.99206019012670593312402954481018568783,0.24683163702867802005396614733697411578
0.020000000000000000416333634234433702659,3.3615691965529692462041777645112257281e-46,98.0,0.99016855874618696851548037996196790459,0.23885331260621807559351987588051204719
0.02500000000000000138777878078144567553,3.8043634891213797046399252303967805456e-42,95.0,0.98785425881936840203747027850168358125,0.23049492493796407623001999905928584489
0.029999999999999998889776975374843459576,1.1570548003097000030909449464094526262e-37,91.0,0.98498042251486361611511017630709497018,0.2218791840937521066165758652160793081
0.035000000000000003330669073875469621271,1.0151414223232407903695478501606218893e-32,87.0,0.98134240674840991578134080760371982467,0.21276973316765899616539032937218729554
0.040000000000000000832667268468867405318,3.3274545534439495807214174684028298351e-27,81.0,0.97663031868904215956316550864429763658,0.20321402076794946578021338140092203332
0.044999999999999998334665463062265189365,6.3244136717694781646845151086022832507e-21,75.0,0.97033087818898835000734168808582176294,0.19306123283933152223599233195280948325
0.050000000000000002775557561562891351059,2.8942234901778101296573930869923186937e-14,67.0,0.96150390715011278183102138036122173939,0.18210467197802357670110424829346212767
0.055000000000000000277555756156289135106,8.7689349013430648943633163174976167923e-08,56.0,0.94828472950578772149627998928400533084,0.17007062589228198249568773978918474154
0.059999999999999997779553950749686919153,0.0049426231410894874345196618221088551586,18.0,0.92738224935716965813668758302800456399,0.15619248202760476880844445726963788802
0.065000000000000002220446049250313080847,0.096394068654845225388322783812078573328,0.0,0.90690167560727654908466366319910312438,0.13882036944516297886912365726811007818
0.070000000000000006661338147750939242542,0.28506100573791546783833957597223265328,0.0,0.88744891090567244249849863165192036572,0.11713547879198607940209909118193457217
0.074999999999999997224442438437108648941,0.53661777532246233097757229907390393505,0.0,0.85313291129466196375906537659144530851,0.098588485572418037702524673627873897314
0.080000000000000001665334536937734810635,0.7459397824480561171982989142237281316,0.0,0.79488180035095640508456643500879856955,0.088302926885706825918208707919331485354
0.08500000000000000610622663543836097233,0.83147552665020759090221950088589684769,0.0,0.69929407582529184706486537512977636571,0.082201888682425273700176704085881554663
0.089999999999999996669330926124530378729,0.87553092695791541447292190372010414931,0.0,0.55686217647032466726992249550542670112,0.069462817248387254031130612826615335115
0.095000000000000001110223024625156540424,0.920404447150533600067275813734589393,0.0,0.38342629083135820606391310596128087322,0.047820015132673291053937751617024148084
0.10000000000000000555111512312578270212,0.95655958666675650397589774519895906647,0.0,0.22468989863144037387867239481309902955,0.027038325399392552299587732909635393923
0.10499999999999999611421941381195210852,0.97904521384918976007888755867202749465,0.0,0.11548962064132604538700988524018336506,0.013221399181319134181538199933400824165
0.11000000000000000055511151231257827021,0.99062860047328850009407028058405300884,0.0,0.054707628761670651993277953226189086442,0.005926996231345520101711909702750816794
0.11500000000000000499600361081320443191,0.99542142925925896503943350807027960627,0.0,0.02484552807032382538442558224475757004,0.002537621282890093880109058651188480886
0.11999999999999999555910790149937383831,0.99585044949943083901169648843310171426,0.0,0.011070918302480800478059583008084550972,0.0010612354715237904226323570019687674172
0.125,0.99620242148471831552889103635782075058,0.0,0.0048978158175714919477550368840478143796,0.00067882652476114730183140794859925122626
0.13000000000000000444089209850062616169,0.99649808000537989675708110688073549822,0.0,0.003029764381405953579567441669755565977,0.00067111821349818440887744750212398139707
0.13500000000000000888178419700125232339,0.99674774651317545508543356880969957689,0.0,0.0028095487694620550591230912202779764855,0.00066345382922940713738063754925384797804
0.14000000000000001332267629550187848508,0.996959918419892542317208447107626453,0.0,0.0026280603126063910607713353088445117664,0.00065583337397895630559823164174740391869
0.14499999999999999000799277837359113619,0.99715209725941694846851318050678537579,0.0,0.0024625971543761557716618255943876898093,0.00064825684975941744751333953744287085909
0.14999999999999999444888487687421729788,0.99731239081270706625219092549931805512,0.0,0.0023235564558149041191253940780903412796,0.00064072425857181931719254760879575108092
0.15499999999999999888977697537484345958,0.99746035845460201277421585260379510667,0.0,0.0021918369598508237021110208671566507319,0.00063323560240563282106135332917612338396
0.16000000000000000333066907387546962127,0.99759454901568666622219977424452201663,0.0,0.0020826655575623638903881339537140094285,0.00062579088323876953693582635120805087793
0.16500000000000000777156117237609578297,0.99770709099648446467667543580295550839,0.0,0.001981822763601862644182327625287337507,0.00061839010303758045129419376826721740147
0.17000000000000001221245327087672194466,0.99781480521187007298696416274598858362,0.0,0.0018854386616328003226362839371685508876,0.00061103326375685466195325701287313758054
0.17499999999999998889776975374843459576,0.99791787917482474448283998419188913466,0.0,0.0018018118297976025991986072513819578799,0.00060372036733981812880409027566876355577
0.17999999999999999333866185224906075746,0.99800308776330610138361254009159156757,0.0,0.0017294232128831419433475940093816391851,0.0005964514157181322295280973941150048558
0.18499999999999999777955395074968691915,0.9980803800328308532573862630712676714,0.0,0.0016596050997763520016940972498079706421,0.00058922641081189272860613972243473822068
0.19000000000000000222044604925031308085,0.99815501117504931150835994420797286332,0.0,0.0015922784107458800215653892299470413306,0.00058204535452962834772765919229516375208
0.19500000000000000666133814775093924254,0.99822706104741580714633973995096118328,0.0,0.001527366101802459525594920886923790945,0.00057490824876829954713217698847881507722
0.20000000000000001110223024625156540424,0.99829660749057033954430534216137744922,0.0,0.0014750060289847505781317502227801948094,0.00056781509541329727382845855071715202581
0.20499999999999998778754672912327805534,0.99835478176320225189232194194782729232,0.0,0.001427842573638145039812882475571748843,0.00056076589633844175641849776306147671956
0.20999999999999999222843882762390421703,0.99840486398751975600872981770859237649,0.0,0.0013819399376734937819173661793243485605,0.00055376065340598111223035398489854946297
0.21499999999999999666933092612453037873,0.9984536565893253005369428314505471862,0.0,0.0013372710732162196456394443830419612895,0.00054679936846659035311512516666887147218
0.22000000000000000111022302462515654042,0.99850118647619316757765967484050291693,0.0,0.001293809364648047876247240043764472032,0.00053988204335937000729121329973274177153
0.22500000000000000555111512312578270212,0.9985474801335041787770071880001332512,0.0,0.0012515286243951084046267668760750934785,0.00053300867991184494481114922677912940532
0.23000000000000000999200722162640886381,0.99859256362850803376068961235464398459,0.0,0.0012104030887128808165579315600994194116,0.00052617927993996317137897143013688299931
0.23499999999999998667732370449812151492,0.99863646261438943148570259194244671777,0.0,0.0011749013951802643711815663118531100966,0.00051939384524809466731725635421238893615
0.23999999999999999111821580299874767661,0.99867920233433695136238397206621965705,0.0,0.0011473393717214124209430526417674551495,0.00051265237762903004617301879434473113306
0.24499999999999999555910790149937383831,0.99870924178914879136666002939824833687,0.0,0.0011202590539930351595619876859858847941,0.00050595487886397959735475973085449580196
0.25,0.99873747555419987242503982559637930601,0.0,0.0010936549151435411260232502678072889004,0.00049930135072257195946749281572891644168
0.25500000000000000444089209850062616169,0.99876523405525273129195712315807828919,0.0,0.0010675214578934144890412720502576393766,0.00049269179496285298995831498264920227861
0.26000000000000000888178419700125232339,0.99879252263857145735823255281324981249,0.0,0.0010418532145959840377910565783620792349,0.00048612621333128460458545713040521722383
0.26500000000000001332267629550187848508,0.99881934662168597151562863341385020046,0.0,0.0010166447472971545245590113243408830033,0.00047960460756274362450100292817575388452
0.27000000000000001776356839400250464678,0.99884571129332850553825402524387163979,0.0,0.00099189064779411149598148415133585965012,0.00047312697938052063094869550473706303999
0.27500000000000002220446049250313080847,0.99887162191337107844412952235006671693,0.0,0.00096758553769301071675232196420044163278,0.00046669333049631882757824245886071137547
0.28000000000000002664535259100375697017,0.9988970837127639591279888818973674726,0.0,0.00094372406846566325598993720771399260614,0.00046030366261025291037752030057055852805
0.28499999999999997557509345824655611068,0.99892210189347510431234514431149410103,0.0,0.000920300921505227529509517593043930433,0.00045395797741084801543116908288346130893
0.28999999999999998001598555674718227237,0.99894668162843056282804326102033827117,0.0,0.00089731080818091774756294284780342421944,0.00044765627657503832277603199049273053897
0.29499999999999998445687765524780843407,0.99896383740074655831973292392091721413,0.0,0.00087607417116068644778147531079714994789,0.00044139856176816637190294826497162434526
0.29999999999999998889776975374843459576,0.99897607502181956693522228407201264036,0.0,0.00086370236554626877568675006675559517006,0.00043518483464398167988101948101454980772
0.30499999999999999333866185224906075746,0.99898822652136912987459202043737032366,0.0,0.00085141831222923581083751494158944687667,0.00042901509684463972009541535315191306861
0.30999999999999999777955395074968691915,0.99900029188479907193216450439508745152,0.0,0.00083922201769424199739034328098573918673,0.00042288935000070083791587537323276679929
0.31500000000000000222044604925031308085,0.99900715807908820553546833686578727208,0.0,0.0008271134883798513726593542818287711478,0.00041680759573112917399265624341442142673
0.32000000000000000666133814775093924254,0.99900711312237946207706019641887033786,0.0,0.00081509273067852907923976335183265758209,0.00041076983564329159518125149536980897235
0.32500000000000001110223024625156540424,0.99900706816567071861865205597195340364,0.0,0.00080315975093663293745795345798692741193,0.00040477607133295663309720033455027536911
0.33000000000000001554312234475219156593,0.99900702320896197516024391552503647017,0.0,0.00079131455545440507816878391683792824273,0.00039882630438429343030229339386223923367
0.33500000000000001998401444325281772763,0.9990069782522532317018357750781195367,0.0,0.00077955715048596363592070614861262009745,0.00039292053636987069412347372404919177832
0.34000000000000002442490654175344388932,0.99900693329554448824342763463120260324,0.0,0.00076788754223929450250910890499653097735,0.00038705876885065565810572198843423059967
0.34499999999999997335464740899624302983,0.999006888338835744785518613915869215,0.0,0.00075630573687624326903461160501468098974,0.00038124100337601311544611116899623631853
0.34999999999999997779553950749686919153,0.99900684338212700132711047346895228153,0.0,0.00074481174051250658693286521235734671458,0.00037546724148370413784632041942461427574
0.35499999999999998223643160599749535322,0.99900679842541825786870233302203534806,0.0,0.00073340555921762487431697030949416567452,0.00036973748469988544741616956228705417354
0.35999999999999998667732370449812151492,0.99900675346870951441029419257511841385,0.0,0.00072208719901497379597465564770585202125,0.00036405173453910814982591538940141952099
0.36499999999999999111821580299874767661,0.99900670851200077095188605212820148038,0.0,0.00071085666588175644823524243525419960079,0.00035840999250431679878249971782268943397
0.36999999999999999555910790149937383831,0.99900666355529202749347791168128454691,0.0,0.00069971396574899547527299634630285298536,0.000352812260086848403312883672783691898
0.375,0.99900661859858328403506977123436761344,0.0,0.00068865910450152524593754353224069264092,0.00034725853876643144269012666681293120055
0.38000000000000000444089209850062616169,0.99900657364187454057666163078745067998,0.0,0.00067769208797798409113059419413262407331,0.00034174883001118488900342407531023972992
0.38500000000000000888178419700125232339,0.99900652868516579711825349034053374576,0.0,0.00066681292197080660174806955807726422845,0.00033628313527761723737330822693035749872
0.39000000000000001332267629550187848508,0.99900648372845705365984534989361681229,0.0,0.00065602161222621598720658030288144108317,0.00033086145601062554381320794280906728799
0.39500000000000001776356839400250464678,0.99900643877174831020143720944669987882,0.0,0.00064531816444421649457305662224545532818,0.00032548379364349447073855247198467542006
0.40000000000000002220446049250313080847,0.99900639381503956674302906899978294535,0.0,0.00063470258427858588831618216216901953541,0.00032015014959789534012459628133792034068
0.40500000000000002664535259100375697017,0.99900634885833082328462092855286601113,0.0,0.00062417487733686799069813605911444439213,0.00031486052528388519431413176701431343631
0.40999999999999997557509345824655611068,0.99900630390162207982671190783753262365,0.0,0.00061373504918036539824252943477147120912,0.00030961492209990592246977038594695059356
0.41499999999999998001598555674718227237,0.99900625894491333636830376739061569018,0.0,0.00060338310532413168081582083217410295752,0.00030441334143278310422204775926901148525
0.41999999999999998445687765524780843407,0.99900621398820459290989562694369875596,0.0,0.00059311905123696479948187405736411281002,0.00029925578465772544286109767117267442558
0.42499999999999998889776975374843459576,0.99900616903149584945148748649678182249,0.0,0.00058294289234139942503978604278620628697,0.00029414225313832362331507114191064951501
0.42999999999999999333866185224906075746,0.99900612407478710599307934604986488903,0.0,0.00057285463401369989828275858207227312961,0.00028907274822654946970672915934978265523
0.43499999999999999777955395074968691915,0.99900607911807836253467120560294795556,0.0,0.00056285428158385313461197972049650514818,0.00028404727126275505208446512058801706541
0.44000000000000000222044604925031308085,0.99900603416136961907626306515603102134,0.0,0.00055294184033556158941619233192163192484,0.00027906582357567180081112151396857074173
0.44500000000000000666133814775093924254,0.99900598920466087561785492470911408787,0.0,0.00054311731550623628423426740316050798051,0.00027412840648240962861169269594755007645
0.45000000000000001110223024625156540424,0.9990059442479521321594467842621971544,0.0,0.00053338071228698989371795089441333380072,0.00026923502128845606028099620578139249278
0.45500000000000001554312234475219156593,0.99900589929124338870103864381528022094,0.0,0.0005237320358226298934118043242979807814,0.00026438566928767537005238564736669296566
0.46000000000000001998401444325281772763,0.99900585433453464524263050336836328672,0.0,0.00051417129121165176836721044055247986169,0.0002595803517623077266285687518056915569
0.46500000000000002442490654175344388932,0.99900580937782590178422236292144635325,0.0,0.00050469848350623228260716648333837893248,0.00025481906998296834587558481640455904906
0.46999999999999997335464740899624302983,0.99900576442111715832631334220611296576,0.0,0.00049531361771222291316318543189628215954,0.00025010182520864670330846479684585825468
0.47499999999999997779553950749686919153,0.99900571946440841486790520175919603154,0.0,0.00048601669878914282549581524089970561782,0.00024542861868670549311580870153610108995
0.47999999999999998223643160599749535322,0.99900567450769967140949706131227909808,0.0,0.00047680773165017295076836823744527262645,0.00024079945165288011808111857172031320614
0.48499999999999998667732370449812151492,0.99900562955099092795108892086536216461,0.0,0.00046768672116214908113093100739204845963,0.00023621432533127766296309129176317702761
0.48999999999999999111821580299874767661,0.99900558459428218449268078041844523114,0.0,0.00045865367214555554836584450359249546873,0.00023167324093437613813727049128420297571
0.49499999999999999555910790149937383831,0.99900553963757344103427263997152829692,0.0,0.00044970858937451885880005141943643623607,0.0002271761996630236782905906913183626489
0.5,0.99900549468086469757586449952461136346,0.0,0.0004408514775768013891811153062278051847,0.00022272320270643774878619632353513760695
0.50500000000000000444089209850062616169,0.99900544972415595411745635907769442999,0.0,0.00043208234143379514353244077665447973645,0.00021831425124220435969951440167821676286
0.51000000000000000888178419700125232339,0.99900540476744721065904821863077749652,0.0,0.00042340118558051557100307470838070775747,0.00021394934643627728752655018839714132623
0.51500000000000001332267629550187848508,0.99900535981073846720064007818386056305,0.0,0.00041480801460559544472731887270617120773,0.00020962848944297730456536576273049983897
0.52000000000000001776356839400250464678,0.99900531485402972374223193773694362883,0.0,0.00040630283305127880170923486388326795723,0.00020535168140499141597169195368645869879
0.52500000000000002220446049250313080847,0.99900526989732098028382379729002669537,0.0,0.00039788564541341494374697259565282487239,0.00020111892345337210448961466366912274721
0.53000000000000002664535259100375697017,0.9990052249406122368254156568431097619,0.0,0.00038955645614145249941170396343659269336,0.00019693021670753658285826716193710867355
0.53500000000000003108624468950438313186,0.99900517998390349336700751639619282843,0.0,0.00038131526963843354709579354400127617102,0.00019278556227526605389545048287243906311
0.54000000000000003552713678800500929356,0.99900513502719474990859937594927589421,0.0,0.00037316209026098779914468841987262052416,0.00018868496125270497825909461660209035128
0.54500000000000003996802888650563545525,0.99900509007048600645019123550235896074,0.0,0.00036509692231932684708685937391864243526,0.0001846284147243603498874637304699223526
0.55000000000000004440892098500626161695,0.99900504511377726299178309505544202728,0.0,0.00035711977007723846797597580092822810262,0.00018061592376310097911899920902195439726
0.55500000000000004884981308350688777864,0.99900500015706851953337495460852509381,0.0,0.00034923063775208099185934672827511900402,0.00017664748943015678349268484756171253556
0.56000000000000005329070518200751394033,0.99900495520035977607496681416160816034,0.0,0.00034142952951477773038651032746819068867,0.00017272311277511808622980907997333806074
0.56499999999999994670929481799248605967,0.99900491024365103261755691317785831733,0.0,0.00033371644948981163685914517200067484151,0.00016884279483593500806919841882448159726
0.56999999999999995115018691649311222136,0.99900486528694228915914877273094138387,0.0,0.00032609140175521917405648536007341780283,0.00016500653663891643745119144174134265985
0.57499999999999995559107901499373838305,0.9990048203302335457007406322840244504,0.0,0.00031855439034258595393496883110623533043,0.00016121433919872986901097929336364535445
0.57999999999999996003197111349436454475,0.99900477537352480224233249183710751693,0.0,0.00031110541923704072391939448928186422037,0.00015746620351840038717472341932473690401
0.58499999999999996447286321199499070644,0.99900473041681605878392435139019058271,0.0,0.00030374449237725027365734107130127297941,0.00015376213058931008971061535934531878198
0.58999999999999996891375531049561686814,0.99900468546010731532551621094327364924,0.0,0.00029647161365541423075177019414609305901,0.00015010212139119743231686401506730958448
0.59499999999999997335464740899624302983,0.99900464050339857186710807049635671578,0.0,0.00028928678691725991772674973592982402107,0.00014648617689215658089693925167770622994
0.59999999999999997779553950749686919153,0.99900459554668982840869993004943978231,0.0,0.00028219001596203727023897792037643175012,0.00014291429804863677152287101829105954375
0.60499999999999998223643160599749535322,0.99900455058998108495029178960252284809,0.0,0.00027518130454251381654763799182070743987,0.00013938648580544167808739370276661889115
0.60999999999999998667732370449812151492,0.99900450563327234149188364915560591387,0.0,0.00026826065636496971825496283434898482007,0.00013590274109572878764571596577795959388
0.61499999999999999111821580299874767661,0.9990044606765635980334755087086889804,0.0,0.00026142807508919287232973830638530504577,0.00013246306484100878344768682654772373442
0.61999999999999999555910790149937383831,0.99900441571985485457506736826177204694,0.0,0.00025468356432847407442582343127093893213,0.00012906745795114493566111929872672146874
0.625,0.99900437076314611111665922781485511347,0.0,0.00024802712764960224350761490577867196889,0.00012571592132435249978702339945380240253
0.63000000000000000444089209850062616169,0.99900432580643736765825108736793817925,0.0,0.00024145876857285970779423266264205417396,0.00012240845584719812276749087769936562548
0.63500000000000000888178419700125232339,0.99900428084972862419984294692102124578,0.0,0.00023497849057201755203405245065881389521,0.00011914506239459925678696452958988761823
0.64000000000000001332267629550187848508,0.99900423589301988074143480647410431231,0.0,0.00022858629707433102612106057734200304051,0.00011592574182982358076761548855216876288
0.64500000000000001776356839400250464678,0.99900419093631113728302666602718737885,0.0,0.00022228219146053501506435509503761923841,0.00011275049500448842955954239682289508011
0.65000000000000002220446049250313080847,0.99900414597960239382461852558027044538,0.0,0.00021606617706483957032196680249914055097,0.00010961932275856023082649688216034979385
0.65500000000000002664535259100375697017,0.99900410102289365036621038513335351116,0.0,0.00020993825717492550251002248070357392353,0.00010653222592035394962783027948946115733
0.66000000000000003108624468950438313186,0.99900405606618490690780224468643657769,0.0,0.00020389843503194003549812178480647994658,0.00010348920530653254069734705172761453205
0.66500000000000003552713678800500929356,0.99900401110947616344939410423951964422,0.0,0.00019794671383049252190164817416146811832,0.0001004902617221064084197408771955678808
0.67000000000000003996802888650563545525,0.99900396615276741999098596379260271076,0.0,0.00019208309671865021998158317986958318984,9.7535395960432874505279882834174386942e-05
0.67500000000000004440892098500626161695,0.99900392119605867653257782334568577654,0.0,0.00018630758679793413196224218497279603352,9.4624608803215653363398012942221626263e-05
0.68000000000000004884981308350688777864,0.99900387623934993307416968289876884307,0.0,0.00018062018712331490377719872676068668853,9.1757901020504335175840032342335093732e-05
0.68500000000000005329070518200751394033,0.9990038312826411896157615424518519096,0.0,0.00017502090070320878625351312431781790676,8.8935273370693876669998170789360336553e-05
0.68999999999999994670929481799248605967,0.99900378632593244615835164146810206735,0.0,0.0001695097304994737791384828580329395141,8.6156726600524160799799369372769580081e-05
0.69499999999999995115018691649311222136,0.99900374136922370269994350102118513388,0.0,0.0001640866794274052276565409522564516443,8.3422261445079257115562916588409014296e-05
0.69999999999999995559107901499373838305,0.99900369641251495924153536057426819966,0.0,0.00015875175035573270230304317272215569212,8.0731878627787305818461509639631624676e-05
0.70499999999999996003197111349436454475,0.99900365145580621578312722012735126619,0.0,0.00015350494610661571443295298764797894056,7.8085578860419791577475341485407636238e-05
0.70999999999999996447286321199499070644,0.99900360649909747232471907968043433272,0.0,0.00014834626945564010813389232681603786987,7.5483362843091134998455544876113494817e-05
0.71499999999999996891375531049561686814,0.99900356154238872886631093923351739926,0.0,0.00014327572313181439024415549402363234818,7.2925231264258229611477113069903780076e-05
0.71999999999999997335464740899624302983,0.99900351658567998540790279878660046504,0.0,0.00013829330981756612187560095617320177345,7.0411184800719986562583626979801479775e-05
0.72499999999999997779553950749686919153,0.99900347162897124194949465833968353157,0.0,0.00013339903214873837145032576809439181726,6.7941224117616887010485814852111445206e-05
0.72999999999999998223643160599749535322,0.9990034266722624984910865178927665981,0.0,0.00012859289271458622925987584650497764599,6.5515349868430542228766467773069734638e-05
0.73499999999999998667732370449812151492,0.99900338171555375503267837744584966463,0.0,0.00012387489405777338355559372612151042312,6.3133562694983261414134730400927434542e-05
0.73999999999999999111821580299874767661,0.99900333675884501157427023699893273117,0.0,0.00011924503867436875817855381642506443723,6.0795863227437627201263281343764801507e-05
0.74499999999999999555910790149937383831,0.99900329180213626811586209655201579695,0.0,0.00011470332901384321173738352957242698129,5.8502252084296078884732411568076814075e-05
0.75,0.99900324684542752465745395610509886348,0.0,0.00011024976747906629834211696901875127893,5.6252729872400503348595502148404062227e-05
0.75500000000000000444089209850062616169,0.99900320188871878119904581565818193001,0.0,0.00010588435642630308990207615518453509093,5.4047297186931833704070894572846023428e-05
0.76000000000000000888178419700125232339,0.99900315693201003774063767521126499655,0.0,0.00010160709816521105999562301955843267053,5.1885954611409655635855637722032814636e-05
0.76500000000000001332267629550187848508,0.99900311197530129428222953476434806233,0.0,9.7417994958837029319473622578678466822e-05,4.9768702717691821457547085558895003066e-05
0.77000000000000001776356839400250464678,0.99900306701859255082382139431743112886,0.0,9.331704902361417272511424408080134812e-05,4.7695542065974071876648808522210453e-05
0.77500000000000002220446049250313080847,0.99900302206188380736541325387051419539,0.0,8.9304262529359087849707158639019419103e-05,4.5666473204789665469627769627276655146e-05
0.78000000000000002664535259100375697017,0.99900297710517506390700511342359726192,0.0,8.5379637599268925348722042364583095525e-05,4.3681496671009015867480203361013532085e-05
0.78500000000000003108624468950438313186,0.99900293214846632044859697297668032846,0.0,8.1543176309918580737377063257903663913e-05,4.1740612989839336652254121635204979277e-05
0.79000000000000003552713678800500929356,0.99900288719175757699018883252976339424,0.0,7.7794880691257947847821784644258845713e-05,3.9843822674824293964966856349299704815e-05
0.79500000000000003996802888650563545525,0.99900284223504883353178069208284646077,0.0,7.4134752726609233908842061157062047785e-05,3.7991126227843666825346532532078149654e-05
0.80000000000000004440892098500626161695,0.9990027972783400900733725516359295273,0.0,7.0562794352664336254715129770134147952e-05,3.6182524139113015163816849598419826022e-05
0.80500000000000004884981308350688777864,0.99900275232163134661496441118901259383,0.0,6.707900745948228066969109512329848751e-05,3.44180168871833555661350309922442188e-05
0.81000000000000005329070518200751394033,0.99900270736492260315655627074209565961,0.0,6.3683393890486721374424979436256751934e-05,3.2697604938940844731083284408320736157e-05
0.81499999999999994670929481799248605967,0.99900266240821385969914636975834581736,0.0,6.0375955442463575121464268773635406389e-05,3.1021288749606507373736622093966658579e-05
0.81999999999999995115018691649311222136,0.99900261745150511624073822931142888389,0.0,5.7156693865558352682276163955819024403e-05,2.9389068762735787202758964230493381996e-05
0.82499999999999995559107901499373838305,0.99900257249479637278233008886451195042,0.0,5.4025610863274284435332078487174273647e-05,2.7800945410218476849756358944556271627e-05
0.82999999999999996003197111349436454475,0.99900252753808762932392194841759501696,0.0,5.0982708092469771263069784871647648028e-05,2.6256919112278282317074922081320123853e-05
0.83499999999999996447286321199499070644,0.99900248258137888586551380797067808274,0.0,4.8027987163356267256451514817028835892e-05,2.4756990277472582717691326291565195626e-05
0.83999999999999996891375531049561686814,0.99900243762467014240710566752376114927,0.0,4.5161449639496149677390266338034955849e-05,2.3301159302692160019099400675624427537e-05
0.84499999999999997335464740899624302983,0.9990023926679613989486975270768442158,0.0,4.2383097037800650603137025337467636606e-05,2.1889426573160936502786065814557316238e-05
0.84999999999999997779553950749686919153,0.99900234771125265549028938662992728233,0.0,3.969293082852785025773598777146414146e-05,2.0521792462435719939620774743876417406e-05
0.85499999999999998223643160599749535322,0.99900230275454391203188124618301034811,0.0,3.7090952435280732035502635453456829648e-05,1.9198257332405956481473105877443451711e-05
0.85999999999999998667732370449812151492,0.99900225779783516857347310573609341465,0.0,3.4577163235005299221327265838702574476e-05,1.7918821533293491269363628717080798739e-05
0.86499999999999999111821580299874767661,0.99900221284112642511506496528917648118,0.0,3.2151564557988753412454304360922422712e-05,1.6683485403652336758443637405896128115e-05
0.86999999999999999555910790149937383831,0.99900216788441768165665682484225954696,0.0,2.9814157687857734646235437668589799241e-05,1.5492249270368448760089820819190129054e-05
0.875,0.99900212292770893819824868439534261349,0.0,2.756494386157662323820229803471832093e-05,1.4345113448659510201390410955008546908e-05
0.88000000000000000444089209850062616169,0.99900207797100019473984054394842567927,0.0,2.5403924269445903334652103894727068255e-05,1.3242078242074722602289823905810473318e-05
0.88500000000000000888178419700125232339,0.99900203301429145128143240350150874581,0.0,2.3331100055100588183787319506301640157e-05,1.2183143942494605270649279682257113602e-05
0.89000000000000001332267629550187848508,0.99900198805758270782302426305459181234,0.0,2.1346472315508707129298038727419970648e-05,1.1168310830130802215471358638682649116e-05
0.89500000000000001776356839400250464678,0.99900194310087396436461612260767487887,0.0,1.9450042100969854330123424478262593132e-05,1.0197579173525896778526923236296415907e-05
0.90000000000000002220446049250313080847,0.99900189814416522090620798216075794465,0.0,1.764181041511379920997614719405744923e-05,9.2709492295532339846133043934899241873e-06
0.90500000000000002664535259100375697017,0.99900185318745647744779984171384101118,0.0,1.5921778214899158640061363093585446748e-05,8.388421243416750610663121731691146683e-06
0.91000000000000003108624468950438313186,0.99900180823074773398939170126692407772,0.0,1.4289946410612130858269356986743544324e-05,7.5499954486508129739135766489312033112e-06
0.91500000000000003552713678800500929356,0.99900176327403899053098356082000714425,0.0,1.2746315865865291127968545228955219942e-05,6.75567206712006243933652636057554757e-06
0.92000000000000003996802888650563545525,0.99900171831733024707257542037309021078,0.0,1.1290887397596449139373092905137564789e-05,6.0054513090192686465201158564346983975e-06
0.92500000000000004440892098500626161695,0.99900167336062150361416727992617327656,0.0,9.9236617760675681563069459962559602002e-06,5.2993333728731904561832131546213047647e-06
0.93000000000000004884981308350688777864,0.99900162840391276015575913947925634309,0.0,8.6446397248637459110336147521660935355e-06,4.6373184455364446164943613039748262451e-06
0.93500000000000005329070518200751394033,0.99900158344720401669735099903233940963,0.0,7.4538219208922572496685693704688781524e-06,4.0194067021933821493574283175473510797e-06
0.93999999999999994670929481799248605967,0.99900153849049527323994109804858956737,0.0,6.3512089943816820341885252765296248013e-06,3.4455983063579847082757950996231554108e-06
0.94499999999999995115018691649311222136,0.99900149353378652978153295760167263315,0.0,5.3368015288809753227892842288558573975e-06,2.9158934098737064198870398913045181153e-06
0.94999999999999995559107901499373838305,0.99900144857707778632312481715475569968,0.0,4.4106000612588421781926635278999393481e-06,2.4302921529134498776666326535628891025e-06
0.95499999999999996003197111349436454475,0.99900140362036904286471667670783876622,0.0,3.5726050817029274472499268146765644572e-06,1.9887946639794214657929663037421685226e-06
0.95999999999999996447286321199499070644,0.99900135866366029940630853626092183275,0.0,2.8228170337191926538811326351728387929e-06,1.5914010599030595781175209267793411947e-06
0.96499999999999996891375531049561686814,0.99900131370695155594790039581400489928,0.0,2.1612363141313291922974976704105822373e-06,1.2381114458449573271226608733489534983e-06
0.96999999999999997335464740899624302983,0.99900126875024281248949225536708796506,0.0,1.5878632730802332841543336282652308705e-06,9.2892591529479297371446987221781208835e-07
0.97499999999999997779553950749686919153,0.99900122379353406903108411492017103159,0.0,1.1026982140235427009313091177433945971e-06,6.6384455007126807793653718662111900749e-07
0.97999999999999998223643160599749535322,0.99900117883682532557267597447325409813,0.0,7.057413937352352526842445851209922834e-07,4.4286742032205337068107335942335444758e-07
0.98499999999999998667732370449812151492,0.99900113388011658211426783402633716466,0.0,3.9699302230528904416010060831096328512e-07,2.659945845237423464641994551924552511e-07
0.98999999999999999111821580299874767661,0.99900108892340783865585969357942023044,0.0,1.7645326313940449911426812655842974992e-07,1.3322608948181257732271893801708997227e-07
0.99499999999999999555910790149937383831,0.99900104396669909519745155313250329697,0.0,4.4122232958788153516714132569361949703e-08,4.4561970330594747880146440857360895432e-08
1.0,0.99900099900999035173904341268558636351,0.0,1.6361526466062708915225193149391234374e-14,2.2505332494116202327043626626788515146e-12
