value,sup,dur,Y,S
0.0,7.9116448586434504474822005224197578248e-38,129.0,0.99604126356473749881158068547698459163,0.88888399640339364567959965223036112503
0.0050000000000000001040834085586084256647,1.160318755435938450293767387880354177e-34,128.0,0.9957681731764674341221467334355143875,0.88634881923568363870767226754854208703
0.010000000000000000208166817117216851329,4.9292168426712549932220686585926937847e-31,128.0,0.99548677492921723823603153379582236591,0.88352472820726413708880268496713976476
0.014999999999999999444888487687421729788,2.2772473164065764671690824425039799434e-28,127.0,0.99519332898883730556301601130792633563,0.88124157491235396853113449536593820443
0.020000000000000000416333634234433702659,2.1033625129275997636285083811694428845e-26,127.0,0.99488570431730069209827510424477793988,0.87832424957309975746715740411138963077
0.02500000000000000138777878078144567553,7.2260550137586980705167952480335923721e-25,127.0,0.99456058998387037949577987881270176986,0.87562783784198865539483662565777152441
0.029999999999999998889776975374843459576,1.2949626592454835781219468820258683796e-23,126.0,0.99421872771170362262083626388150725951,0.87278943234816290689695918702170480613
0.035000000000000003330669073875469621271,1.4788432883651960873177698232745938894e-22,123.0,0.99386111720831660586268578478927292407,0.86965234076377052762533769531502028646
0.040000000000000000832667268468867405318,1.2223414256327082557293492552287288379e-21,114.0,0.99347492860096790583708725589130269623,0.86675805488798248152140941642112061061
0.044999999999999998334665463062265189365,7.9413746793806704918511476878859573525e-21,107.0,0.99307045794015287852266621026709709815,0.86338925291891489461061400982286868981
0.050000000000000002775557561562891351059,4.3053838446405375025368534830577643352e-20,101.0,0.99263459549401003569329201220386739291,0.8602204558177295748265774722832139491
0.055000000000000000277555756156289135106,2.0457350709709186178778775607273571115e-19,95.0,0.99217486643322040970482304796427023389,0.85678711985959647545153597370259430502
0.059999999999999997779553950749686919153,8.8270857261430642269010358787538496669e-19,91.0,0.99167088733623923708414266164407928799,0.85301012093162098991112044562444455687
0.065000000000000002220446049250313080847,3.5312238423481084947219491192276332827e-18,86.0,0.99114759362000411254248572200115738567,0.84959637099549732700070651873369029252
0.070000000000000006661338147750939242542,1.3538727915297764907141709835768812568e-17,82.0,0.99057839039966342839963578043694947371,0.84563837376048466642910303798498462401
0.074999999999999997224442438437108648941,5.0856314511645454459561993576543498437e-17,78.0,0.98996061884619158926269502651558484574,0.84127646811320719264512250075882851013
0.080000000000000001665334536937734810635,1.9187263755956859305181737751743124039e-16,76.0,0.98929228643694513950241933333476266754,0.83736259286392208866222581624532134452
0.08500000000000000610622663543836097233,7.4301571101833778873336222403608469286e-16,72.0,0.98856983362989050670184257959978439048,0.83308221077352745343607712872968519262
0.089999999999999996669330926124530378729,3.0266491154374616491638819276527348287e-15,69.0,0.98778737593390820059430986417701296198,0.82850592534461632766171979971358657632
0.095000000000000001110223024625156540424,1.3445988011425957047119162665243644528e-14,65.0,0.98693557242080842541314538289474735682,0.82367054323889902036328486263884081964
0.10000000000000000555111512312578270212,6.6822706863027635737593323106678349609e-14,62.0,0.98599992354536477741223244448890378416,0.8185645736508093188548904334606637295
0.10499999999999999611421941381195210852,3.8043378045047007229961473640215882557e-13,57.0,0.98495818019676497148459166013814915531,0.81311360028533068536754419777325272714
0.11000000000000000055511151231257827021,2.5843799185652723317878250138810204385e-12,53.0,0.98378223360338792513820593208453281973,0.80716319699129231007712652110135983018
0.11500000000000000499600361081320443191,2.1615143811661781638355980770428720202e-11,49.0,0.98247537543660202802127690571267380364,0.8014542637917707178589730285978082118
0.11999999999999999555910790149937383831,2.2299559438157544963972173294659923514e-10,44.0,0.98093200545560937929225526511535470706,0.79494945528624996986068346993185888401
0.125,2.963681960009049063779790089459500563e-09,39.0,0.97912781942618207596674328329303845147,0.78815860401852455761309410544617312923
0.13000000000000000444089209850062616169,5.0122956093629984197603245433296492866e-08,34.0,0.97687956487777438613000200455171050964,0.78051261562484030950942709791500575251
0.13500000000000000888178419700125232339,1.0299169940506317953951972632784776008e-06,29.0,0.97398851135301012082398978195752955465,0.77224223655603611333940789089146024579
0.14000000000000001332267629550187848508,2.3306730554806532725291915006681881973e-05,24.0,0.97014032143214663086178273068377635732,0.76311209814935586366466039645987902376
0.14499999999999999000799277837359113619,0.00043828047714580745093194599685014061801,17.0,0.96482798081253909514637969956227067544,0.75275420308568812123934094762680163801
0.14999999999999999444888487687421729788,0.0045407590817995621741195526020199385878,9.0,0.95766957455719289211232063050334531727,0.74029195995515921900259776042764238457
0.15499999999999999888977697537484345958,0.020160025141918613412361376710167591939,0.0,0.97224220430188396483843490158475835882,0.72474781766236323559483007556663706837
0.16000000000000000333066907387546962127,0.050691743170516174476338291217163110306,0.0,0.97435433249736258811785282628534895727,0.70562171129384723544942556666260954203
0.16500000000000000777156117237609578297,0.094896598870336102777936427326758356828,0.0,0.97575651888945033667268026486760653574,0.6838648592580890877270479773047266096
0.17000000000000001221245327087672194466,0.14913036224047257508174225308921356838,0.0,0.97666238601311838445002006397601033605,0.66204979970895392592480367268550983684
0.17499999999999998889776975374843459576,0.20356877457460579061872634757514107619,0.0,0.97722203577265437854690677838866416186,0.64228625571507275063080204266677946635
0.17999999999999999333866185224906075746,0.2467897549378822165808629651006217229,0.0,0.97753992434546125888455387351023903668,0.62672321928366527684859562459482574942
0.18499999999999999777955395074968691915,0.27610733165689003007168089602662269413,0.0,0.97768671890316374451018527685653368235,0.61296920130024578760063665310437096479
0.19000000000000000222044604925031308085,0.29590836794623317281149961045608450617,0.0,0.97770834725814820442441712751510677934,0.60222140788395980985843166492036517333
0.19500000000000000666133814775093924254,0.30950557929563990842209696582899254364,0.0,0.97763320717949108941686361221901923871,0.59112977957312772006290847606512207453
0.20000000000000001110223024625156540424,0.32051682992810942492563400075138873347,0.0,0.97747772624507457223898119237584711618,0.58103579903219885038288898754940290844
0.20499999999999998778754672912327805534,0.32913823002262389460818408450523374416,0.0,0.97725040804206493314815823297430329289,0.57122404744101383149696272406790261308
0.20999999999999999222843882762390421703,0.33833095406506628937866764632465183342,0.0,0.97695460515003880890238756519211256085,0.56026090303512101458690553997574795666
0.21499999999999999666933092612453037873,0.34587534692417421561351251064686865138,0.0,0.9765903130273870542246107314753875227,0.55048368680436311422264125813462854468
0.22000000000000000111022302462515654042,0.35460771200223464821792955505775578346,0.0,0.97615526198429568408265502119626687033,0.53959927992466859366305554448238251081
0.22500000000000000555111512312578270212,0.36317900188777685789775292667350923575,0.0,0.97564553008270018983103281160560543049,0.52811331114331660396170322544459579519
0.23000000000000000999200722162640886381,0.37168360640127823573553498020370904925,0.0,0.97505583736652537380914739298603559402,0.51758328234804151152518150542715836013
0.23499999999999998667732370449812151492,0.38079756362688554938505333266908609855,0.0,0.97437962588054703553345597069967526762,0.50635093728062152533733906654484625854
0.23999999999999999111821580299874767661,0.3902900653542735989283380657121664586,0.0,0.97360898404661495324945486288584345389,0.49471944129146992103985172593495296333
0.24499999999999999555910790149937383831,0.40013549795474858973740666701825550664,0.0,0.97273443545439427667410973397371484881,0.48271410661668329713062570453721672928
0.25,0.41056048330055106694790557672243855153,0.0,0.97174457442380908530044096036834487866,0.47005518053204775272738024849693096482
0.25500000000000000444089209850062616169,0.42129468151263849861923848981446828401,0.0,0.97062548279469470106653090287645280113,0.4582580122589322041814359201827106272
0.26000000000000000888178419700125232339,0.43198926561261519399019381363532337725,0.0,0.9693597846362980958965742561600756496,0.44538730828276347793075711992651275851
0.26500000000000001332267629550187848508,0.44340586724385932060540143516585122603,0.0,0.9679250488834192976326671905203500735,0.43288101919256844796490952621594319697
0.27000000000000001776356839400250464678,0.4554056064532991563492228257749228474,0.0,0.96629095034632498733900784407058956359,0.41973663574007836898827098094246236305
0.27500000000000002220446049250313080847,0.46761702489304843063040478537974846187,0.0,0.96441395664047207977086499831689867581,0.40638473029698239094368500317344693775
0.28000000000000002664535259100375697017,0.48032875971518992160994136779275269669,0.0,0.96222687052645214982207618817619265618,0.39252105637742696781990531844081052457
0.28499999999999997557509345824655611068,0.493856117077812373208097369157153709,0.0,0.95961720454720240707373689029085479001,0.3788297507465256729998836484833392518
0.28999999999999998001598555674718227237,0.50791829760448353087978793743907190073,0.0,0.95638019489656704581028989176726874838,0.36456624458312644404616965656864551554
0.29499999999999998445687765524780843407,0.52199202087153989401814206071527157577,0.0,0.95211139167289950823001700848260482702,0.35031232705437152079228034181629378712
0.29999999999999998889776975374843459576,0.53688451422868987205719019309188293864,0.0,0.94594804659870134100583601541608607408,0.33529549212685482495326373410000343616
0.30499999999999999333866185224906075746,0.55241130399054673738314633727617249836,0.0,0.9359174646863106348915171238730624646,0.32047623628326445261669363029741118131
0.30999999999999999777955395074968691915,0.56868579445026807705448666699332500397,0.0,0.91728619449234966398372195303614204038,0.30560210599423648861732262562811058493
0.31500000000000000222044604925031308085,0.58550521383575838994843247074371052875,0.0,0.8789559154397198135887047256429736063,0.29021324434485233154226193119789488377
0.32000000000000000666133814775093924254,0.60303360195328849530181023529865536744,0.0,0.79923966682799578892207227441754849625,0.27433806794477059175294850336550952959
0.32500000000000001110223024625156540424,0.63694971146627305476867214515294641031,0.0,0.64904249262577008459637375635829501785,0.25496544736681314751505346625843034117
0.33000000000000001554312234475219156593,0.75702724437595217458432433723964758269,0.0,0.4254109049994149258415123817188803746,0.17086220446991026370665576952429221015
0.33500000000000001998401444325281772763,0.88333953404650593425909092227035189021,0.0,0.20998902008064091350914235244931595742,0.079283233909140217012065474384894510906
0.34000000000000002442490654175344388932,0.95552826392976463569278511559263263185,0.0,0.082593838873194367121547263949200581806,0.029399961615733960358760442229675545204
0.34499999999999997335464740899624302983,0.98490810295994537814710327522814536715,0.0,0.028846460041312007858850902164567889638,0.0098050246139865526541027894411220574381
0.34999999999999997779553950749686919153,0.99513037123947417197436337771743045137,0.0,0.0095905217150922568646453994145462552646,0.0031245015779448570187606795718337121928
0.35499999999999998223643160599749535322,0.99846498666246068128177116831815042585,0.0,0.0031278481936186588203145531043149603867,0.00097439343923917308679273060471443966026
0.35999999999999998667732370449812151492,0.99900691723812260982936215401533343656,0.0,0.0010123640242311225072621741589495079432,0.00034626694079231731805232426691593676563
0.36499999999999999111821580299874767661,0.9990068744933464460738817839896280122,0.0,0.00073206113477206812409474991964726458368,0.00034090179474596290143820537114838629274
0.36999999999999999555910790149937383831,0.99900683174857028231840141396392258935,0.0,0.00072102494833577559986009924132293948766,0.00033557849401615962986713519127584720275
0.375,0.99900678900379411856292104393821716575,0.0,0.00071007226823119870570717196742358097492,0.000330297039968521974516226020042472547
0.38000000000000000444089209850062616169,0.99900674625901795480744067391251174214,0.0,0.00069920309995805108467548349062433584746,0.00032505743395816935809444053152035904295
0.38500000000000000888178419700125232339,0.99900670351424179105196030388680631854,0.0,0.00068841744897429110848063734013995567004,0.00031985967732972529796990046465707657373
0.39000000000000001332267629550187848508,0.99900666076946562729647993386110089494,0.0,0.00067771532069611503218586007899767340693,0.00031470377141731655586887172952715987793
0.39500000000000001776356839400250464678,0.99900661802468946354099956383539547209,0.0,0.00066709672049795020093176713295493577211,0.0003095897175445722941474257342900908644
0.40000000000000002220446049250313080847,0.99900657527991329978551919380969004848,0.0,0.0006565616537124483087402496082262384471,0.00030451751702462323863676905950324393454
0.40500000000000002664535259100375697017,0.99900653253513713603003882378398462563,0.0,0.00064611012563047870940825131339669135803,0.00029948717116010084806322593321273521179
0.40999999999999997557509345824655611068,0.9990064897903609722750330161050737002,0.0,0.00063574214150112189415104988519530227948,0.00029449868124313654519486198822171272017
0.41499999999999998001598555674718227237,0.9990064470455848085195526460793682766,0.0,0.00062545770653166244721916509921768754263,0.0002895520485553606783449325130601084035
0.41999999999999998445687765524780843407,0.99900640430080864476407227605366285299,0.0,0.00061525682588758320380178117344074614912,0.00028464727436790204282185646881862770217
0.42499999999999998889776975374843459576,0.99900636155603248100859190602795743014,0.0,0.00060513950469255830807677793209063346681,0.00027978435994138685465933557026514060663
0.42999999999999999333866185224906075746,0.99900631881125631725311153600225200654,0.0,0.00059510574802844690035778226223232782243,0.00027496330652593800853981207801686282716
0.43499999999999999777955395074968691915,0.99900627606648015349763116597654658293,0.0,0.00058515556093528674085166533745969210813,0.00027018411536117428668261166736797695557
0.44000000000000000222044604925031308085,0.99900623332170398974215079595084115933,0.0,0.00057528894841128788561292606481793883862,0.00026544678767620957431341526735676330316
0.44500000000000000666133814775093924254,0.99900619057692782598667042592513573573,0.0,0.00056550591541282641470976114159735758117,0.00026075132468965208171598287204377096522
0.45000000000000001110223024625156540424,0.99900614783215166223119005589943031288,0.0,0.00055580646685443821261650075000119493488,0.00025609772760960357286704463655119119661
0.45500000000000001554312234475219156593,0.99900610508737549847570968587372488927,0.0,0.00054619060760881280084696750388380903544,0.00025148599763365860065526687926471847435
0.46000000000000001998401444325281772763,0.99900606234259933472022931584801946567,0.0,0.00053665834250678722284319479323016577559,0.00024691613594890374868519291873722351597
0.46500000000000002442490654175344388932,0.99900601959782317096474894582231404206,0.0,0.0005272096763373399811338191492572180692,0.00024238814373191687966705097927294529626
0.46999999999999997335464740899624302983,0.99900597685304700720974313814340311738,0.0,0.00051784461384758513028530860587938905242,0.00023790202214876643996683543688868515436
0.47499999999999997779553950749686919153,0.99900593410827084345426276811769769378,0.0,0.00050856315974276590367801939261332587413,0.00023345777235501052241153121927550007729
0.47999999999999998223643160599749535322,0.99900589136349467969878239809199227093,0.0,0.00049936531868624943139684061531360226756,0.00022905539549569643327754696732147427651
0.48499999999999998667732370449812151492,0.99900584861871851594330202806628684657,0.0,0.00049025109529952046978842791923233249859,0.00022469489270535976734406822740076521037
0.48999999999999999111821580299874767661,0.99900580587394235218782165804058142372,0.0,0.00048122049416217570461561068897496653652,0.0002203762651080237392637003687879758431
0.49499999999999999555910790149937383831,0.99900576312916618843234128801487600012,0.0,0.00047227351981191800212762361835153919812,0.00021609951381719847148578470909112543487
0.50,0.99900572038439002467686091798917057727,0.0,0.0004634101767445507124968075598073538429,0.00021186463993588028877161175886381556933
0.50500000000000000444089209850062616169,0.99900567763961386092138054796346515291,0.0,0.00045463046941397202563512019486775438454,0.00020767164455655101930236220347168327882
0.51000000000000000888178419700125232339,0.99900563489483769716590017793775972931,0.0,0.00044593440223216937940367507627704815002,0.00020352052876117730238059853108975148917
0.51500000000000001332267629550187848508,0.99900559215006153341041980791205430646,0.0,0.00043732197956921392022840555203576155871,0.00019941129362120990272612250495468530856
0.52000000000000001776356839400250464678,0.99900554940528536965493943788634888285,0.0,0.00042879320575325501613482799179920729013,0.00019534394019758303136700596570371850949
0.52500000000000002220446049250313080847,0.99900550666050920589945906786064346,0.0,0.0004203480850705148222147565975500543943,0.00019131846954071367312659473581461030184
0.53000000000000002664535259100375697017,0.99900546391573304214397869783493803565,0.0,0.00041198662176528289853769989355472929737,0.00018733488269050092070727768283291438389
0.53500000000000003108624468950438313186,0.9990054211709568783884983278092326128,0.0,0.00040370882003991088051954675581481003115,0.00018339318067632531537180528124858088458
0.54000000000000003552713678800500929356,0.99900537842618071463301795778352718919,0.0,0.00039551468405480720176102755898714716188,0.00017949336451704819422293429457796189184
0.54500000000000003996802888650563545525,0.99900533568140455087753758775782176559,0.0,0.00038740421792843186936831368952755241395,0.00017563543522101104408216747943415151335
0.55000000000000004440892098500626161695,0.99900529293662838712205721773211634274,0.0,0.00037937742573729129176799629807009960779,0.00017181939378603486196834949214276479532
0.55500000000000004884981308350688777864,0.99900525019185222336657684770641091838,0.0,0.00037143431151593315902856274224519783968,0.00016804524119941952217687245579625307713
0.56000000000000005329070518200751394033,0.99900520744707605961109647768070549553,0.0,0.0003635748792569413757003667037226939766,0.00016431297843794314996023692155217746493
0.56499999999999994670929481799248605967,0.99900516470229989585656523234858906902,0.0,0.00035579913291093121791308870869364546148,0.00016062260646786158328833654022530267431
0.56999999999999995115018691649311222136,0.99900512195752373210108486232288364542,0.0,0.00034810707638654368252136799600021892036,0.00015697412624490743289322070221230392323
0.57499999999999995559107901499373838305,0.99900507921274756834560449229717822257,0.0,0.00034049871355044161350864963317266941878,0.00015336753871428996741446232864695279112
0.57999999999999996003197111349436454475,0.99900503646797140459012412227147279896,0.0,0.0003329740482273041525353256663540327245,0.00014980284481069418479138143093332443783
0.58499999999999996447286321199499070644,0.99900499372319524083464375224576737536,0.0,0.00032553308419982210813219122742665333804,0.00014628004545828030136910198942313970224
0.58999999999999996891375531049561686814,0.99900495097841907707916338222006195176,0.0,0.00031817582520869320389642854950789863986,0.00014279914157068316520247296545786572835
0.59499999999999997335464740899624302983,0.9990049082336429133236830121943565289,0.0,0.00031090227495261737928662372073767905254,0.00013936013405101167596634845329866805805
0.59999999999999997779553950749686919153,0.9990048654888667495682026421686511053,0.0,0.00030371243708829214302783083397042550525,0.00013596302379184821147291086353872115296
0.60499999999999998223643160599749535322,0.99900482274409058581272227214294568094,0.0,0.00029660631523040797913757533274894576632,0.00013260781167524806079671329334531089584
0.60999999999999998667732370449812151492,0.99900477999931442205724190211724025809,0.0,0.0002895839129516438055835654556884571058,0.00012929449857273886400810950135373862769
0.61499999999999999111821580299874767661,0.99900473725453825830176153209153483449,0.0,0.00028264523378266248558375774259677347975,0.0001260230853453200585157321662458137597
0.61999999999999999555910790149937383831,0.99900469450976209454628116206582941164,0.0,0.00027579028121210639155929958676203436126,0.00012279357284346233201867236800725639729
0.625,0.99900465176498593079080079204012398803,0.0,0.00026901905868659302175074879931364390323,0.00011960596190710708206900548958518178182
0.63000000000000000444089209850062616169,0.99900460902020976703532042201441856443,0.0,0.00026233156961071066950784709386660667047,0.00011646025336566588224530099417356695033
0.63500000000000000888178419700125232339,0.99900456627543360327984005198871314083,0.0,0.00025572781734701414526300130325577951639,0.00011335644803801995493774578965577270899
0.64000000000000001332267629550187848508,0.99900452353065743952435968196300771722,0.0,0.00024920780521602055119850300551650157349,0.00011029454673251965074550314684337984586
0.64500000000000001776356839400250464678,0.99900448078588127576887931193730229437,0.0,0.00024277153649620510861739406383362044773,0.00010727455024698393448692139208436988223
0.65000000000000002220446049250313080847,0.99900443804110511201339894191159687002,0.0,0.00023641901442399703802776237542431591454,0.00010429645936869987782319884758561325345
0.65500000000000002664535259100375697017,0.99900439529632894825791857188589144717,0.0,0.00023015024219377549195012887770375201568,0.00010136027487442215849610374441930048769
0.66000000000000003108624468950438313186,0.99900435255155278450243820186018602356,0.0,0.00022396522295786554045746357706908760159,9.846599753037256618034008367494676739e-05
0.66500000000000003552713678800500929356,0.99900430980677662074695783183448060071,0.0,0.0002178639598265342094572450466895679996,9.5613628092239514951142670592502409123e-05
0.67000000000000003996802888650563545525,0.99900426706200045699147746180877517711,0.0,0.00021184645586798657172485448527132927828,9.2803167305177562367676794782499594073e-05
0.67500000000000004440892098500626161695,0.99900422431722429323599709178306975275,0.0,0.00020591271410836189069747203933838994225,9.0034615903806935172810276820650438952e-05
0.68000000000000004884981308350688777864,0.9990041815724481294805167217573643299,0.0,0.00020006273753172981703751966759949484699,8.7307974612213061609817847611477624748e-05
0.68500000000000005329070518200751394033,0.9990041388276719657250363517316589063,0.0,0.00019429652908008663797457136791761536314,8.4623244143946110356570071963003622886e-05
0.68999999999999994670929481799248605967,0.99900409608289580197050510639954248054,0.0,0.00018861409165335170467991900217090779571,8.1980425202020594294803496363069397828e-05
0.69499999999999995115018691649311222136,0.99900405333811963821502473637383705694,0.0,0.00018301542810936328434993679772288620413,7.9379518478914688882049555093881006843e-05
0.69999999999999995559107901499373838305,0.99900401059334347445954436634813163409,0.0,0.00017750054126387572498852274686092449639,7.6820524656570143035748603097018693119e-05
0.70499999999999996003197111349436454475,0.99900396784856731070406399632242620973,0.0,0.00017206943389055540938762172037261303271,7.4303444406391608882627930599976299898e-05
0.70999999999999996447286321199499070644,0.99900392510379114694858362629672078613,0.0,0.00016672210872097739559647465975774757133,7.1828278389246272936007866116072283597e-05
0.71499999999999996891375531049561686814,0.99900388235901498319310325627101536327,0.0,0.00016145856844462198311475238240694080698,6.939502725546343474605999837979158377e-05
0.71999999999999997335464740899624302983,0.99900383961423881943762288624530993967,0.0,0.00015627881570887133192314290215455690803,6.7003691644834092171198197966015401267e-05
0.72499999999999997779553950749686919153,0.99900379686946265568214251621960451607,0.0,0.00015118285311900613435932425007535439431,6.4654272186610533271092574017389031528e-05
0.72999999999999998223643160599749535322,0.99900375412468649192666214619389909246,0.0,0.00014617068323820233984713103650425706919,6.2346769499505934821788737671382998198e-05
0.73499999999999998667732370449812151492,0.99900371137991032817118177616819366886,0.0,0.00014124230858752793248659922193361908699,6.0081184191693967453406979032314901271e-05
0.73999999999999999111821580299874767661,0.99900366863513416441570140614248824601,0.0,0.00013639773164593976151244976214774190328,5.7857516860808407410888198888346086397e-05
0.74499999999999999555910790149937383831,0.99900362589035800066022103611678282241,0.0,0.00013163695485028042462844796215593147482,5.5675768093942754938245669843878363796e-05
0.75,0.9990035831455818369047406660910773988,0.0,0.00012695998059527520422495151464890479029,5.3535938467649859286773934138483978695e-05
0.75500000000000000444089209850062616169,0.9990035404008056731492602960653719752,0.0,0.00012236681123352905648683631229487179978,5.1438028547941550347658377169141629358e-05
0.76000000000000000888178419700125232339,0.99900349765602950939377992603966655235,0.0,0.00011785744907552365339886520967729067512,4.9382038890288276909421246637759727241e-05
0.76500000000000001332267629550187848508,0.99900345491125334563829955601396112874,0.0,0.00011343189638961447765544097052242950784,4.7367970039618751540632117325384806137e-05
0.77000000000000001776356839400250464678,0.99900341216647718188281918598825570439,0.0,0.00010909015540202797048156066953792189156,4.5395822530319602098303030762759794938e-05
0.77500000000000002220446049250313080847,0.99900336942170101812733881596255028154,0.0,0.00010483222829685873237166482615007770019,4.3465596886235029862380767538657824187e-05
0.78000000000000002664535259100375697017,0.99900332667692485437185844593684485793,0.0,0.00010065811721606677675295053015454652431,4.1577293620666474296740937677318600559e-05
0.78500000000000003108624468950438313186,0.99900328393214869061637807591113943508,0.0,9.6567824259474836579593777248911728943e-05,3.9730913236372284437080801439004567558e-05
0.79000000000000003552713678800500929356,0.99900324118737252686089770588543401148,0.0,9.2561351484765723864202166063937289438e-05,3.792645622556739690609995906782364815e-05
0.79500000000000003996802888650563545525,0.99900319844259636310541733585972858787,0.0,8.8638700907479742152695018119650893838e-05,3.616392306992302055635027344318696449e-05
0.80000000000000004440892098500626161695,0.99900315569782019934993696583402316427,0.0,8.479987450101215194868386857051087019e-05,3.4443314240566327741128614300238256176e-05
0.80500000000000004884981308350688777864,0.99900311295304403559445659580831774067,0.0,8.1044874196610689093302139137985881459e-05,3.2764630198080152213778236684963461546e-05
0.81000000000000005329070518200751394033,0.99900307020826787183897622578261231782,0.0,7.7373701883373136106308645726516490051e-05,3.1127871392502693655756829616122765596e-05
0.81499999999999994670929481799248605967,0.99900302746349170808444498045049589131,0.0,7.3786359408245025218458074074111834943e-05,2.9533038263327263780758995453902752096e-05
0.81999999999999995115018691649311222136,0.99900298471871554432896461042479046846,0.0,7.0282848576016998893502594350156396227e-05,2.7980131239501863402659395054965394555e-05
0.82499999999999995559107901499373838305,0.9990029419739393805734842403990850441,0.0,6.6863171149323018016908556070298699656e-05,2.6469150739429119326420786166719956931e-05
0.82999999999999996003197111349436454475,0.99900289922916321681800387037337962125,0.0,6.3527328848637824656357168134258896741e-05,2.5000097170965872814068426274259128319e-05
0.83499999999999996447286321199499070644,0.99900285648438705306252350034767419765,0.0,6.0275323352274858877949077429067844412e-05,2.3572970931422953139569109371320365186e-05
0.83999999999999996891375531049561686814,0.99900281373961088930704313032196877404,0.0,5.7107156296384147970312979312651636722e-05,2.2187772407564921896582412696973441197e-05
0.84499999999999997335464740899624302983,0.99900277099483472555156276029626335044,0.0,5.4022829274950248667282394565268386344e-05,2.0844501975609823937267062852681495624e-05
0.84999999999999997779553950749686919153,0.99900272825005856179608239027055792683,0.0,5.1022343839790242373971242518725550153e-05,1.9543160001228944942438220501241204977e-05
0.85499999999999998223643160599749535322,0.99900268550528239804060202024485250398,0.0,4.810570150055178340095450030195996056e-05,1.8283746839546575623363700570044999585e-05
0.85999999999999998667732370449812151492,0.99900264276050623428512165021914708038,0.0,4.5272903724711200211135880615587895111e-05,1.7066262835139782555479362054793609084e-05
0.86499999999999999111821580299874767661,0.99900260001573007052964128019344165753,0.0,4.2523951937571649683760085636193236725e-05,1.5890708322038185644296118160898283716e-05
0.86999999999999999555910790149937383831,0.99900255727095390677416091016773623317,0.0,3.9858847522261324399902803022277915688e-05,1.4757083623723742223763233643027919767e-05
0.875,0.99900251452617774301868054014203080957,0.0,3.7277591819731712953647202016903288674e-05,1.3665389053130537787344791823257568103e-05
0.88000000000000000444089209850062616169,0.99900247178140157926320017011632538672,0.0,3.4780186128755913293031263786147280781e-05,1.2615624912644583352058428899743384711e-05
0.88500000000000000888178419700125232339,0.99900242903662541550771980009061996311,0.0,3.236663170592699909472584086672121536e-05,1.1607791494103619455717647815468301841e-05
0.89000000000000001332267629550187848508,0.99900238629184925175223943006491454026,0.0,3.003692976565643917627888638964878895e-05,1.0641889078796926787611238155057191483e-05
0.89500000000000001776356839400250464678,0.99900234354707308799675906003920911591,0.0,2.7791081480172569949636825069106777184e-05,9.7179179374651434528455422916359712383e-06
0.90000000000000002220446049250313080847,0.99900230080229692424127869001350369306,0.0,2.5629087979519120919529555265742039471e-05,8.8358783303000888705675213298931086231e-06
0.90500000000000002664535259100375697017,0.99900225805752076048579831998779826945,0.0,2.3550950351553793230181075221468953804e-05,7.9957705069445943062787873005826643082e-06
0.91000000000000003108624468950438313186,0.99900221531274459673031794996209284585,0.0,2.155666964194689126368321728744716496e-05,7.1975947064923400384429805703748674504e-06
0.91500000000000003552713678800500929356,0.99900217256796843297483757993638742225,0.0,1.9646246854180007293245452098245396458e-05,6.4413511574876991595810835539038655438e-06
0.92000000000000003996802888650563545525,0.99900212982319226921935720991068199864,0.0,1.7819682949544759194409190652786627493e-05,5.7270400779255880120414735667744089999e-06
0.92500000000000004440892098500626161695,0.99900208707841610546387683988497657579,0.0,1.6076978847141581217190466616283889235e-05,5.0546616752513232586237290538625572167e-06
0.93000000000000004884981308350688777864,0.99900204433363994170839646985927115219,0.0,1.4418135423878567821990324326819453691e-05,4.4242161463604855882274144811737321964e-06
0.93500000000000005329070518200751394033,0.99900200158886377795291609983356572934,0.0,1.2843153514470370581987670445360371162e-05,3.8357036775987900566892799064992733041e-06
0.93999999999999994670929481799248605967,0.99900195884408761419838485450144930283,0.0,1.1352033911437180333046818593673665557e-05,3.2891244447619747339078204135218156168e-06
0.94499999999999995115018691649311222136,0.99900191609931145044290448447574387847,0.0,9.9447773651035996408110771662680704421e-06,2.7844786130956367006329533140994122558e-06
0.94999999999999995559107901499373838305,0.99900187335453528668742411445003845562,0.0,8.6213845835978975746485949854826182184e-06,2.3217663372951951147585735955083559556e-06
0.95499999999999996003197111349436454475,0.99900183060975912293194374442433303202,0.0,7.381856232850984600468356088842368851e-06,1.9009877615057386172947327743047158721e-06
0.95999999999999996447286321199499070644,0.99900178786498295917646337439862760917,0.0,6.2261929365956088924539681629628358515e-06,1.5221430193219414533758593084702710507e-06
0.96499999999999996891375531049561686814,0.99900174512020679542098300437292218556,0.0,5.1543952763655716843841986863274713971e-06,1.1852322337879736272243657792476243132e-06
0.96999999999999997335464740899624302983,0.99900170237543063166550263434721676121,0.0,4.1664637914949957029505877277773341001e-06,8.9025551739741769322859883628931854848e-07
0.97499999999999997779553950749686919153,0.99900165963065446791002226432151133835,0.0,3.2623989791176466847900256681234003842e-06,6.3721297209319218323624373061226581784e-07
0.97999999999999998223643160599749535322,0.99900161688587830415454189429580591475,0.0,2.4422012941663079788255412916465814177e-06,4.2610468926748167015650370567005917835e-07
0.98499999999999998667732370449812151492,0.9990015741411021403990615242701004919,0.0,1.7058711493722082353838968608047943101e-06,2.5693074976167346795658278271671855646e-07
0.98999999999999999111821580299874767661,0.99900153139632597664358115424439506754,0.0,1.0534089152645021834339324115967030256e-06,1.296912238663009681302085772385899348e-07
0.99499999999999999555910790149937383831,0.99900148865154981288810078421868964469,0.0,4.8481492016980449716494205914495697876e-07,4.4386171320993612708139733279398973879e-08
1.0,0.99900144590677364913262041419298422109,0.0,9.601366944411429772645772439856019536e-11,1.015641314433503872810376680207845663e-09
