value,sup,dur,Y,S
0.0,1.3117066601152218389419870538718383481e-111,113.0,0.99608517062250971376375689442954661979,0.26945857525651123824616849868608101695
0.0050000000000000001040834085586084256647,1.6650380524354690042525653004232233203e-110,112.0,0.99610424591676639541162028674641746744,0.26337770759492128761100165545544479874
0.010000000000000000208166817117216851329,2.396402190422262677416715091553883964e-109,111.0,0.99611278330210055532301906763252211088,0.25725096888407516203017466670147747781
0.014999999999999999444888487687421729788,3.9542217324860407227156533781326414127e-108,111.0,0.99610979277080784685798127222694901574,0.25107005190562795913158734601396007734
0.020000000000000000416333634234433702659,7.5740431287362965746113331507396479276e-107,110.0,0.99609419736484474269830818630789341775,0.2448182344542207467097948851383534852
0.02500000000000000138777878078144567553,1.7077590703178278882190720463340469534e-105,109.0,0.99606481491400017657481243369424512214,0.23847031403027820012389494466636073472
0.029999999999999998889776975374843459576,4.6045971863440843265752637612807975911e-104,108.0,0.99602033365714370906290256991202092285,0.23202440674804264163896463488272600109
0.035000000000000003330669073875469621271,1.511278522785035493836653301922024881e-102,107.0,0.99595928011677620221622739237744086007,0.22562741258368209331111593259289391748
0.040000000000000000832667268468867405318,6.1608167649354793766044692739969013517e-101,106.0,0.99587998674603843564693620887495364532,0.21903297032339729412398862963248429521
0.044999999999999998334665463062265189365,3.1917701698281996878856057339754420092e-99,104.0,0.99578065333025027765792668321175551089,0.21248691229248570830605677228155659613
0.050000000000000002775557561562891351059,2.157249122837916265517560690212829309e-97,103.0,0.99565880198235887879035054605688934965,0.20579765460897766080508581240022223282
0.055000000000000000277555756156289135106,1.9601825176129477044656130535986576423e-95,102.0,0.99551167321164131486952404576065616486,0.19902529924209845348438423120846798684
0.059999999999999997779553950749686919153,2.4789510387343730419147534891294049165e-93,100.0,0.99533591025400542897407157263649332668,0.19219728735654749308980711265043382219
0.065000000000000002220446049250313080847,4.5420692844284700976173854129072636406e-91,99.0,0.99512783983357977921069738758565085025,0.18530853563746116658647570494604550531
0.070000000000000006661338147750939242542,1.2635092747240509238913278341415366784e-88,97.0,0.99488216979930616608387414404701867118,0.17832210904011607383382113438125857721
0.074999999999999997224442438437108648941,5.6373016246110833249170952171451310345e-86,95.0,0.9945927266188647661852342535347221966,0.17124182967046052264816442536412604552
0.080000000000000001665334536937734810635,4.3037322871383397711056667430419250141e-83,93.0,0.99425196279303662218762354376415520922,0.16406423006781625538731555309119911836
0.08500000000000000610622663543836097233,6.0711998006704095998576798393067101653e-80,91.0,0.99385076276974680352624360503289302129,0.15683447627510434977727510420456452655
0.089999999999999996669330926124530378729,1.7346295498381789952489524896552137302e-76,88.0,0.99337689905214521530478516129299380882,0.14952643309418172755444240425998737486
0.095000000000000001110223024625156540424,1.1205170958947427640846352694436725949e-72,86.0,0.99281426594970299104404776173636899819,0.14209771262060228017733968342456216623
0.10000000000000000555111512312578270212,1.8673510716601551765445887142472224878e-68,83.0,0.99213403272711269707257536758882888657,0.13458909977560352967627855569804641866
0.10499999999999999611421941381195210852,9.3948523603177862823591619137525421028e-64,79.0,0.99121225221044766426256037980160408241,0.12696872007076146742215443731470739065
0.11000000000000000055511151231257827021,1.7129579122963261355417285818169762762e-58,75.0,0.98986842309775683097538621675259700257,0.1192664391066696057938354763213095654
0.11500000000000000499600361081320443191,1.3812525949687108564591950393505325634e-52,71.0,0.98777282292955078355327486889689238962,0.11145121976393856200210973911055500224
0.11999999999999999555910790149937383831,5.9081082990256982575354817193704993155e-46,66.0,0.98426003899032148045858503736820985891,0.10352887435798361870425683347104773717
0.125,1.4449212151932721584934467588057921193e-38,60.0,0.97792997455333547663427047750151065594,0.095489193455557105505021615399369882444
0.13000000000000000444089209850062616169,1.6199584925804041820995658092076956851e-30,53.0,0.96578564620258221834640697583642043653,0.087342802156436628215389951235446685442
0.13500000000000000888178419700125232339,3.7321417636363573015490514077271684819e-22,45.0,0.9416348371621050894205142474732978403,0.079066565407701956768838233407592064042
0.14000000000000001332267629550187848508,3.60367054390040885496989819482718963e-14,34.0,0.89410291306270166082573296973105385524,0.06966476012663596298548577211004893572
0.14499999999999999000799277837359113619,1.5968367531794935962623724104263116075e-07,21.0,0.80701333592108033880162634419400622427,0.054471193219922463388666376370092778003
0.14999999999999999444888487687421729788,0.0032369377539027119692150706623753809717,3.0,0.66885593731205144122792602512112807737,0.03662712687652230212731344595346414168
0.15499999999999999888977697537484345958,0.13976621386169629886288946712305936746,0.0,0.49274170351371848409157203221231402162,0.021045032186100852950764925540694161897
0.16000000000000000333066907387546962127,0.41801345529963633831346258534041929285,0.0,0.32046797446165103651519756786294619516,0.010561787364380238119724568289839853771
0.16500000000000000777156117237609578297,0.65091672484415042752705680923793291206,0.0,0.18940046639226243733849343390005991954,0.0048204168514719915793674707772150294388
0.17000000000000001221245327087672194466,0.80130800105697386915880530748138062697,0.0,0.10664744712878498941252644692050019601,0.0020765641647676014517297201111037003018
0.17499999999999998889776975374843459576,0.88752251380790178180679091068468012127,0.0,0.05979522804841371915172776213039984076,0.00086555230009638761096783522268268013909
0.17999999999999999333866185224906075746,0.93455762152572546121859614647512401847,0.0,0.034495967437050097252557840487190066624,0.00050268413880456367288618614781645387651
0.18499999999999999777955395074968691915,0.95759977394159341972467558586228373079,0.0,0.022300165215305064117474355208365598092,0.00049815012622420546947845285638290988896
0.19000000000000000222044604925031308085,0.96773091706577521719048507024706648289,0.0,0.016971237198571984118460704131391524937,0.00049509654746319843346798988805493642279
0.19500000000000000666133814775093924254,0.9736352773164268329994066632431952532,0.0,0.013866237500952685138851325837218605688,0.00049204295004155213938537914120657963663
0.20000000000000001110223024625156540424,0.97758132234717503553971066128835617562,0.0,0.011791131159867155298849853439561007821,0.00048898933395909553194658789922736425139
0.20499999999999998778754672912327805534,0.98043329816725978649421909972805429005,0.0,0.010291679916145523049502564613672927212,0.00048593569921565757072803820130123006087
0.20999999999999999222843882762390421703,0.98260414332888651471494356061055524024,0.0,0.0091503117771533548584088697830228800393,0.00048288204581106716236215929314904487096
0.21499999999999999666933092612453037873,0.98431795197899060934378696608512266433,0.0,0.0082491795942820875282291174357459629922,0.00047982837374515326224382371286745361636
0.22000000000000000111022302462515654042,0.98570833966191175749118901611678187687,0.0,0.0075181806577146430912723624257679829013,0.00047677468301774480672610691996155775718
0.22500000000000000555111512312578270212,0.98686278697114822485447080366776473101,0.0,0.006911238062805189898531745787420856953,0.00047372097362867073007128156264637224146
0.23000000000000000999200722162640886381,0.98783623542750313313329228985039026251,0.0,0.0063995424652242284228374499506551325993,0.00047066724557775996445078553454800281662
0.23499999999999998667732370449812151492,0.98867033001244361857784552180586031712,0.0,0.0059610767124153496820778860684570935823,0.00046761349886484145689694138889013491783
0.23999999999999999111821580299874767661,0.98939347781374514729603228926556466434,0.0,0.0055809301206354296568280481215316034675,0.00046455973348974410149602255811808874827
0.24499999999999999555910790149937383831,0.99002674681125022403503315109339093944,0.0,0.0052480786165984818491243374507671725919,0.00046150594945229684109841876908451111292
0.25,0.99058582538075552867630590186345457699,0.0,0.0049542014149329457221765298695254893632,0.00045845214675232859951190945235871389395
0.25500000000000000444089209850062616169,0.99108338937317274180782809982051873229,0.0,0.0046926793854544229443152672318979205481,0.00045539832538966829845327955864217034529
0.26000000000000000888178419700125232339,0.99152971873606872575291372466388015526,0.0,0.0044580871698883766035589503463852661108,0.00045234448536414485754828761195567832319
0.26500000000000001332267629550187848508,0.99193218101262703519215375283758816054,0.0,0.0042465607594425614927785860036937570597,0.00044929062667558719433163376224081063203
0.27000000000000001776356839400250464678,0.99229696729346209174174181048839809615,0.0,0.004054853703777279431353581614978365216,0.00044623674932382422424692783737564000433
0.27500000000000002220446049250313080847,0.9926293259358930711458260789521151294,0.0,0.0038802148846143921380201736842804627993,0.00044318285330868486064665739460472613284
0.28000000000000002664535259100375697017,0.99293375092717782866308279376179393882,0.0,0.0037202900974047660931383757242054398653,0.00044012893862999801479215577138335227872
0.28499999999999997557509345824655611068,0.99321393159899329072274156202947437849,0.0,0.0035730416372952052980236383004986735684,0.00043707500528759262975914486480914316035
0.28999999999999998001598555674718227237,0.99347057775086038802988986035936185464,0.0,0.0034381099187076334570386189793406468441,0.00043402105328129754481561147635231284693
0.29499999999999998445687765524780843407,0.99370892178676269165311704503541571171,0.0,0.0033130037914595168250089363344170051384,0.00043096708261094169885460210263060769454
0.29999999999999998889776975374843459576,0.99393061426192271085721572549150509989,0.0,0.0031963092925941625988923465721175092339,0.00042791309327635399477251369866914692925
0.30499999999999999333866185224906075746,0.99413560380191417135300921108425944666,0.0,0.0030887956197965858033789077504071965481,0.00042485908527736333337442924513826107951
0.30999999999999999777955395074968691915,0.99432866546695190993310667979055240464,0.0,0.0029874937299527794469124379181310805562,0.00042180505861379861337408579568296275064
0.31500000000000000222044604925031308085,0.99450706802919424696050149295893741861,0.0,0.0028936691799378578937285180752659095746,0.00041875101328548873139384252366657926215
0.32000000000000000666133814775093924254,0.99467627539702731977433927123325736409,0.0,0.0028047671338350913579297487956830639217,0.00041569694929226258196464876832853457788
0.32500000000000001110223024625156540424,0.99483346940186384965964544765658032096,0.0,0.0027223127463917604265381414399667348827,0.00041264286663394905752601208035626801643
0.33000000000000001554312234475219156593,0.99498258015101127037472772543326644558,0.0,0.002643719833931647360485076379025268398,0.00040958876531037704842596626687127721763
0.33500000000000001998401444325281772763,0.99512294716286107387380018490248016245,0.0,0.0025704788839633724166690683867820736322,0.00040653464532137544292103943582927281071
0.34000000000000002442490654175344388932,0.99525493499265539545682711492989004976,0.0,0.0025008731970243866702758375426818863288,0.00040348050666677312717622203983443227338
0.34499999999999997335464740899624302983,0.99538115150524096121992235581281404827,0.0,0.0024347069563862574188536456187779558676,0.00040042634934639901917299631491767199107
0.34999999999999997779553950749686919153,0.99549938791550057514197400467859138436,0.0,0.0023728466463353783846431779218810801688,0.00039737217336008193307726597552556893686
0.35499999999999998223643160599749535322,0.99561181732914889996668477663193188707,0.0,0.0023135043684254081705365190137435883437,0.00039431797870765078268707092813755281213
0.35999999999999998667732370449812151492,0.99571968220412020076046079241995331759,0.0,0.0022570074370930707812879865146111958467,0.00039126376538893444580093143037577522899
0.36499999999999999111821580299874767661,0.99582140893002524249343605118963005575,0.0,0.0022039959057014429582080284110522721842,0.00038820953340376179812567029479317298081
0.36999999999999999555910790149937383831,0.99591796135692143234559088323553899533,0.0,0.0021529826247869928158217404651677145006,0.00038515528275196171327638092917205379319
0.375,0.99601087973742618174157310505060764503,0.0,0.0021038796886959743767369021570404903071,0.00038210101343336306277639537623669350224
0.38000000000000000444089209850062616169,0.99610032650671036816078004209948191187,0.0,0.0020579429553554101253232874792695358315,0.00037904672544779471605725235277993216324
0.38500000000000000888178419700125232339,0.99618398724348772563259798437309138791,0.0,0.0020137981037421414218318018249422767522,0.00037599241879508554045866528820375652282
0.39000000000000001332267629550187848508,0.99626453329632873180872284144041318257,0.0,0.0019711808539109490252635366494586897188,0.0003729380934750644012284903624738563251
0.39500000000000001776356839400250464678,0.99634229415339613883108574736595010147,0.0,0.0019300297165051291646582083258643679721,0.00036988374948756016152269454348814193748
0.40000000000000002220446049250313080847,0.99641738409588700059539520713153878891,0.0,0.0018916418341693018035182472059396907173,0.00036682938683240168240532362385921072711
0.40500000000000002664535259100375697017,0.99648842316514106812265251191323544003,0.0,0.0018544794276335983967624325262914580603,0.00036377500550941782284847025711074968047
0.40999999999999997557509345824655611068,0.99655631426600930579610857946569224654,0.0,0.0018184941980033886883734454729930087019,0.00036072060551843747364299758613193255225
0.41499999999999998001598555674718227237,0.99662205338127790648682752673778072485,0.0,0.0017836431612688416345163963113610038196,0.0003576661868592894217556921660711627988
0.41999999999999998445687765524780843407,0.99668572101623154041091349745568313971,0.0,0.0017505426011744199414594792909807974759,0.00035461174953180255379314378000139658269
0.42499999999999998889776975374843459576,0.99674739459062381078188719563022783637,0.0,0.0017189952755723302271964679836810994853,0.00035155729353580572035931287533301454865
0.42999999999999999333866185224906075746,0.99680607611089999398325909638611998289,0.0,0.0016883581824558550132701431429930317378,0.00034850281887112776996604693257810468866
0.43499999999999999777955395074968691915,0.99686207508248529701382960369660031272,0.0,0.0016586015481349315443412926135619942182,0.00034544832553759754903304849803021906032
0.44000000000000000222044604925031308085,0.99691646142852477321374943067650796892,0.0,0.0016296965423958447097068570933307483094,0.00034239381353504390188784321585797896674
0.44500000000000000666133814775093924254,0.99696928961347899593729898869135762484,0.0,0.0016020400585423285520434455335301255288,0.00033933928286329567076574785961251606546
0.45000000000000001110223024625156540424,0.99702061224510143680353923058006589031,0.0,0.0015758136040693111036188599947054125274,0.00033628473352218169580983836314873686711
0.45500000000000001554312234475219156593,0.99707048013246286300992722937956187067,0.0,0.0015502687350257488153621652102044705492,0.00033323016551153081507091785096039807531
0.46000000000000001998401444325281772763,0.9971183040467155477415784600404966511,0.0,0.0015253858176346709741505681604697802552,0.00033017557883117186450748466792898024642
0.46500000000000002442490654175344388932,0.99716375746164047788357781350274810617,0.0,0.0015011457449682387399896617201720320352,0.00032712097348093367798570040848634721135
0.46999999999999997335464740899624302983,0.99720803218746786694947397824110015512,0.0,0.0014775299254490319410815410726928407343,0.00032406634946064512119260077439829940381
0.47499999999999997779553950749686919153,0.99725116373820836976616384020083725461,0.0,0.001454997617527154668339647528879518513,0.00032101170677013495598329956797514704419
0.47999999999999998223643160599749535322,0.99729318657068341803314992722697761883,0.0,0.0014335353005673023239395916595538873766,0.00031795704540923204385979185047219515458
0.48499999999999998667732370449812151492,0.99733413411230120712573032279531362356,0.0,0.0014125688355784079856657826218107003665,0.00031490236537776521031857249442473457596
0.48999999999999999111821580299874767661,0.99737403878826664155973759499999908872,0.0,0.0013920859569080916050915010734531254188,0.00031184766667556327876363975893808413005
0.49499999999999999555910790149937383831,0.99741293204823160295439285003496306372,0.0,0.0013720746641350291712979710346521490932,0.00030879294930245507050646331533270131187
0.50,0.99744968672034055018662551662171888692,0.0,0.0013525232179498599606538543001194683347,0.00030573821325826940476595227220299092728
0.50500000000000000444089209850062616169,0.99748531053689970845335017509921534005,0.0,0.001333420136064888338999803841876384218,0.00030268345854283509866842319988979918626
0.51000000000000000888178419700125232339,0.99752011324838712013798996167224650795,0.0,0.0013155086876173332118547463130786938884,0.00029962868515598096724756815436658068711
0.51500000000000001332267629550187848508,0.9975541166031678691477077256078309601,0.0,0.0012981487846882071064420432494123160186,0.00029657389309753582344442270053922574627
0.52000000000000001776356839400250464678,0.99758734179750946259444639200922016075,0.0,0.0012811389904689695621241046054283752683,0.00029351908236732847810733393495953552881
0.52500000000000002220446049250313080847,0.99761980948722746385453023656989003459,0.0,0.0012644721811458442881364196345112468366,0.00029046425296518773999192850795233245876
0.53000000000000002664535259100375697017,0.99765153979916474445029429368743699591,0.0,0.0012481413453465907475109767341998783153,0.00028740940489094241576108064515619333206
0.53500000000000003108624468950438313186,0.9976825523425049047183165585335716782,0.0,0.0012321395832095677762840829243943592354,0.00028435453814442130998488016847779260671
0.54000000000000003552713678800500929356,0.99771286621992045686342479412296505222,0.0,0.0012164601054504895879341074877185170938,0.00028129965272545322514060051645984332961
0.54500000000000003996802888650563545525,0.99774209040414418148697861025689122558,0.0,0.0012016454667011332512348252455926413317,0.00027824474863386696161266676406262313239
0.55000000000000004440892098500626161695,0.99776992677092125513738066246565252138,0.0,0.001187489976671114699300660700832830291,0.00027518982586949131769262364185907278222
0.55500000000000004884981308350688777864,0.99779719845584680921809828010436618009,0.0,0.0011735755866249254076610677033714030368,0.00027213488443215508957910355464345471504
0.56000000000000005329070518200751394033,0.99782391832250876481560923338208308388,0.0,0.001159898627132263874947202002454295811,0.00026907992432168707137779459945355901593
0.56499999999999994670929481799248605967,0.99785009896849540921130432550366656155,0.0,0.0011464554608270935203437516098496340536,0.00026602494553791612293577160926172761277
0.56999999999999995115018691649311222136,0.99787575272945744381862377812846920054,0.0,0.0011332424824293485347491130609516596114,0.00026296994808067089850442670112412626608
0.57499999999999995559107901499373838305,0.99790089168314128853054531309046887928,0.0,0.0011202561187661512193314208178686962094,0.00025991493194978025374437154481348868297
0.57999999999999996003197111349436454475,0.9979255276533933784941597220092643155,0.0,0.0011079609794851743270115369014587780788,0.00025685989714507297438919717483433165767
0.58499999999999996447286321199499070644,0.99794967221413517823917217883560579619,0.0,0.0010964581478840417494379249578561567329,0.00025380484366637784407939039924850212402
0.58999999999999996891375531049561686814,0.99797333669330865934948028735704679579,0.0,0.0010851082395995021040737635611148807669,0.00025074977151352364436230181417840432473
0.59499999999999997335464740899624302983,0.99799653217679199249472865274669476209,0.0,0.0010739099165516636233117659345615350747,0.00024769468068633915469211381772368661294
0.59999999999999997779553950749686919153,0.99801926951228521368339674738203788229,0.0,0.0010628618404008925258386437542971180483,0.00024463957118465315242980862329137530827
0.60499999999999998223643160599749535322,0.99804136244505004981023759746503994373,0.0,0.0010519626725518653684739448444742008259,0.00024158444300829441284313627233944308813
0.60999999999999998667732370449812151492,0.99806230869136878530975898721550998063,0.0,0.0010419450278009183162905643960242487854,0.00023852929615709170910658264653379932845
0.61499999999999999111821580299874767661,0.99808288740416195657296531098545977335,0.0,0.0010328277097049152693343090621202871891,0.00023547413063087381230133747931868988293
0.61999999999999999555910790149937383831,0.99810310556446531746414744333751560039,0.0,0.0010237841165485951155716955760119850963,0.00023241894642946949141526236690049372107
0.625,0.9981229700446573022320610500479706438,0.0,0.0010148142523410246572866917188652424068,0.00022936374355270751334285877864490389269
0.63000000000000000444089209850062616169,0.99814248760938156202387648018789472702,0.0,0.001007595134398697506242947367125203828,0.00022630852200041664288523606688748026093
0.63500000000000000888178419700125232339,0.99816166491647167336581406690029366578,0.0,0.001001522600539716466826647003231059889,0.00022325328177242564275007947615756145231
0.64000000000000001332267629550187848508,0.99818050851787796441680594475261451556,0.0,0.00099544999285456528867251063851235752373,0.00022019802286856327355161815181552348114
0.64500000000000001776356839400250464678,0.99819902486059640613177486399018902973,0.0,0.00098937731134189766314195491555708959155,0.00021714274528865829381059314810337248743
0.65000000000000002220446049250313080847,0.99821722028759951677854820962289399875,0.0,0.00098330455600036724886079671202595612114,0.00021408744903253945995422543560865903893
0.65500000000000002664535259100375697017,0.99823510103876922953717894226455880174,0.0,0.00097723172682862767171825817377086172402,0.00021103213410003552631618390814170145502
0.66000000000000003108624468950438313186,0.99825267325183167417267572979031098612,0.0,0.00097115882382533252486597171166392557821,0.00020797680049097524513655338902610558244
0.66500000000000003552713678800500929356,0.99826994296329382501200710732876708114,0.0,0.00096508584698913536871698496213545979392,0.00020492144820518736656180263680256848791
0.67000000000000003996802888650563545525,0.99828691610938196867389765143615359947,0.0,0.00095901279631868973094476571141937191926,0.00020186607724250063864475235034595350388
0.67500000000000004440892098500626161695,0.99830359852698194619553991875281160223,0.0,0.00095293967181264910648220678350444721071,0.00019881068760274380734454317339562408088
0.68000000000000004884981308350688777864,0.99831999595458112537406967432579978949,0.0,0.000946866473469666957520630891789966228,0.00019575527928574561652660369849902388628
0.68500000000000005329070518200751394033,0.99833597807419336508374187837837323977,0.0,0.00094079320128839671350879545444411332,0.00019269985229133480796261847036849060242
0.68999999999999994670929481799248605967,0.99835114722431438376480412758918242277,0.0,0.00093471985526749190600808894654116616217,0.00018964440661934018917522606355118024144
0.69499999999999995115018691649311222136,0.99836609068423954065383074666223837723,0.0,0.00092864643540560562926840896461438565957,0.00018658894226959036205948151639026896898
0.69999999999999995559107901499373838305,0.99838081183721989706978349642700747807,0.0,0.00092257294170139134935939755917013725937,0.0001835334592419141299499605916910408142
0.70499999999999996003197111349436454475,0.99839531403467432613551806464714438501,0.0,0.00091649937415350236474959839503878767975,0.0001804779575361402262430516646578285211
0.70999999999999996447286321199499070644,0.99840960059616486863993658752563312212,0.0,0.0009104257327605919411600133740994499369,0.0001774224371520973822412390706419938814
0.71499999999999996891375531049561686814,0.99842367480937245570960326667322841537,0.0,0.00090435201752131331156310723282269826538,0.00017436689808961432715307110497788007016
0.71999999999999997335464740899624302983,0.99843753993007299121168001998078036715,0.0,0.00089827822843431967618181210350526035339,0.00017131134034851978809312802223190978578
0.72499999999999997779553950749686919153,0.99845119918211378721707591139725351557,0.0,0.0008922043654982642024885320391951417306,0.00016825576392864249008199003486481665359
0.72999999999999998223643160599749535322,0.99846465575739034592060590756858835711,0.0,0.00088613042871180002520414750230563717336,0.00016520016882981115604620531130699732506
0.73499999999999998667732370449812151492,0.99847791281582348148307001441786719817,0.0,0.00088005641807358024629701981691668384531,0.00016214455505185450681825797344697171722
0.73999999999999999111821580299874767661,0.99849097348533677532848818251748693508,0.0,0.00087398233358225793498199558476201089256,0.00015908892259460126113653609353293884425
0.74499999999999999555910790149937383831,0.99850384086183435849825476351704086488,0.0,0.0008679081752364861277194110649005400587,0.00015603327145788013564529969048741567276
0.75,0.99851651800917901473270407552390709199,0.0,0.00086183394303491782821409651707049185382,0.00015297760164151984489464872563494644742
0.75500000000000000444089209850062616169,0.99852900795917059801950121438978884259,0.0,0.00085575963697620600741438050872465175809,0.0001499219131453491013404910978428699316
0.76000000000000000888178419700125232339,0.99854131371152475841738514719968123301,0.0,0.00084968525705900360351109418574525078844,0.0001468662059691966153445106380751320037
0.76500000000000001332267629550187848508,0.99855343823385197003308995544270303305,0.0,0.00084361080328196352193657550683691476871,0.00014381048011289109517413510335913104214
0.77000000000000001776356839400250464678,0.99856538446163685509875056362709505387,0.0,0.00083753627564373863536367344159613650381,0.00014075473557626124700250417016558355729
0.77500000000000002220446049250313080847,0.99857715529821779816675719246228959033,0.0,0.00083146167414298178370475213225572504763,0.00013769897235913577490843742720139749227
0.78000000000000002664535259100375697017,0.99858875361476684450885400386689715844,0.0,0.00082538699877834577411069501910268606113,0.00013464319046134338087640236761554064801
0.78500000000000003108624468950438313186,0.9986001822502698768762779383842115096,0.0,0.00081931224954848338096990892956798736432,0.0001315873898827127647964823806178916613
0.79000000000000003552713678800500929356,0.99861144401150706484789965420814444646,0.0,0.00081323742645204734590732813098666352431,0.00012853157062307262446434474251106098655
0.79500000000000003996802888650563545525,0.99862246627807827320950331381030198683,0.0,0.00080716252948769037778341834702671337515,0.00012547573268225165558120860713516931025
0.80000000000000004440892098500626161695,0.99863297003737438855059922405219858624,0.0,0.00080108755865406515269318073778524421175,0.00012241987606007855175381299572557084647
0.80500000000000004884981308350688777864,0.998643344031751976768430893366994771,0.0,0.00079501251394982431396515584355031639576,0.00011936400075638200449438478618350894486
0.81000000000000005329070518200751394033,0.99865358959416984123334898101729010048,0.0,0.00078893739537362047216042749222694196643,0.00011630810677099070322060670175969145567
0.81499999999999994670929481799248605967,0.99866370805804225304925695537383309478,0.0,0.00078286220292410633996881756849293957907,0.00011325219410373340311068479945328798984
0.81999999999999995115018691649311222136,0.99867370075723600217582019225634932811,0.0,0.00077678693659993419262076661816190403548,0.00011019626275443865368333328277419598972
0.82499999999999995559107901499373838305,0.99868356902606748148929871892850476478,0.0,0.00077071159639975667726456197926959067486,0.00010714031272293520592709501489556695748
0.82999999999999996003197111349436454475,0.99869331419929980830373295279884556296,0.0,0.00076463618232222627338149897767848499226,0.00010408434400905174088115597555972232355
0.83499999999999996447286321199499070644,0.99870293761213998000347054901477391978,0.0,0.00075856069436599542768043521890619905228,0.00010102835661261693748999792446968148692
0.83999999999999996891375531049561686814,0.99871244060023606516843228989000089502,0.0,0.0007524851325297165540967942775039161064,9.7972350533459472603366386449991903656e-05
0.84499999999999997335464740899624302983,0.99872182449967442999348493880094975579,0.0,0.00074640949681204203379156935008816246709,9.4916325771408020976238636020390986571e-05
0.84999999999999997779553950749686919153,0.99873109064697700002907530240734803154,0.0,0.00074033378721162421515032687202435970431,9.1860282326291255268791681382287260991e-05
0.85499999999999998223643160599749535322,0.99874024037909855726998880541725994617,0.0,0.00073425800372711541378221009776061006994,8.8804220197937846046370247818048206761e-05
0.85999999999999998667732370449812151492,0.99874927503342407261880886049833581771,0.0,0.00072818214635716791251894264481016806278,8.5748139386176461779454760503082224778e-05
0.86499999999999999111821580299874767661,0.99875819594776607375037021797205601465,0.0,0.00072210621510043396141383200138105090812,8.2692039890835768843629326730702163337e-05
0.86999999999999999555910790149937383831,0.9987670044603620484032203111718050145,0.0,0.00071603020995556577774077299765124066196,7.9635921711744431519549717549757838848e-05
0.875,0.99877570190987188312382737927405906485,0.0,0.00070995413092121554599325124068793062764,7.6579784848731111992911348815024984764e-05
0.88000000000000000444089209850062616169,0.99878428963537533748900285542102682419,0.0,0.00070387797799603541788334651300926859901,7.3523629301624470354417261650338062342e-05
0.88500000000000000888178419700125232339,0.99879276897636955383173815936098951792,0.0,0.00069780175117867751234073613478704948414,7.0467455070253164599746102324454371319e-05
0.89000000000000001332267629550187848508,0.99880114127276660249539263588075258579,0.0,0.00069172545046779391551169828968880969283,6.7411262154445850629520101539636890627e-05
0.89500000000000001776356839400250464678,0.99880940786489106264090993815876160998,0.0,0.00068564907586203668075811531435777562826,6.4355050554031182249273053132943281805e-05
0.90000000000000002220446049250313080847,0.99881757009347763863148467391872063873,0.0,0.00067957262736005782865647695152911858219,6.1298820268837811169418292190208491301e-05
0.90500000000000002664535259100375697017,0.9988256292996688120188496169297549304,0.0,0.00067349610496050934699688356678096822353,5.8242571298694387005216672572708383501e-05
0.91000000000000003108624468950438313186,0.99883358682501252915510624192580790629,0.0,0.0006674195086620431907820493289186367562,5.5186303643429557276744543856491834278e-05
0.91500000000000003552713678800500929356,0.99884144401145992445377777227848764834,0.0,0.00066134283846331128222630535399050584812,5.2130017302871967408861727684368722332e-05
0.92000000000000003996802888650563545525,0.99884920220136307932352434155847597578,0.0,0.00065526609436296551075460281293402827562,4.9073712276850260731179493530541244526e-05
0.92500000000000004440892098500626161695,0.99885686273747281679772426719659932016,0.0,0.00064918927635965773300151600285029616178,4.6017388565193078478028533877865991709e-05
0.93000000000000004884981308350688777864,0.99886442696293653188289382147483005587,0.0,0.00064311238445203977281024538190562764501,4.2961046167729059788426938807734212147e-05
0.93500000000000005329070518200751394033,0.99887189622129605764869026664147980815,0.0,0.00063703541863876342123162056785862372785,3.9904685084286841706048170002557698139e-05
0.93999999999999994670929481799248605967,0.99887927185648556691927677812751263937,0.0,0.00063095837891848057146131222319046580526,3.6848305314695127044660337350592510356e-05
0.94499999999999995115018691649311222136,0.99888655521282951056684000238065628405,0.0,0.00062488126528984267908764039907670260609,3.379190685878241292662388059206803002e-05
0.94999999999999995559107901499373838305,0.99889374763504058997800808774467156647,0.0,0.00061880407775150157171490766224901059521,3.0735489716377397974442599770721489327e-05
0.95499999999999996003197111349436454475,0.99890085046821776699035417004953041951,0.0,0.00061272681630210890921448952656162900802,2.767905388730871085009117124962470887e-05
0.95999999999999996447286321199499070644,0.9989078650578443088589943174899054399,0.0,0.00060664948094031631866040511242422241717,2.4622599371404978120039504193943848584e-05
0.96499999999999996891375531049561686814,0.99891479274978586926148806322865113646,0.0,0.00060057207166477539432831992704924097415,2.1566126168494824255220711048795048188e-05
0.96999999999999997335464740899624302983,0.99892163489028860519749873195995828509,0.0,0.00059449458847413769769454860831391088574,1.8509634278406871630999077429617697377e-05
0.97499999999999997779553950749686919153,0.99892839282597732980428171454216196212,0.0,0.00058841703136705475743505763223530631589,1.5453123700969740527138031425052762065e-05
0.97999999999999998223643160599749535322,0.99893506790385370110887737396407726933,0.0,0.00058233940034217806942446798405695373847,1.2396594436012049127768112312313596798e-05
0.98499999999999998667732370449812151492,0.99894166147129444673769783222596317113,0.0,0.00057626169539815909673505779294541974348,9.3400464833624135213549386850366699089e-06
0.98999999999999999111821580299874767661,0.99894817487604962460401349514470903285,0.0,0.00057018391653364926963576493029533320742,6.2834798428494477006671759935996294207e-06
0.99499999999999999555910790149937383831,0.99895460946624091959366582452818876076,0.0,0.00056410606374729998559118957164129267413,3.2268945143017635627445034978941368653e-06
1.0,0.99896096659035997626915756845036379507,0.0,0.00055802813703776260926059672217510971189,1.702904975479709088655806325408963736e-07
