value,sup,dur,Y,S
0.0,7.5683825683497171666437808426727363966e-61,129.0,0.99604126356473749881158068547698459464,0.88888399640339364567959965223036112879
0.0050000000000000001040834085586084256647,1.5124096922903658246169452896670350725e-60,129.0,0.99605940377515836447131194263855874245,0.8868136554266051674931683463284013462
0.010000000000000000208166817117216851329,2.8743277916193362488921800906975778571e-60,129.0,0.9960834097863389018261191861683398847,0.88463117096509514216576997915550240924
0.014999999999999999444888487687421729788,5.2426031386147499019679095173150072448e-60,129.0,0.99611383848637135341992873447981869544,0.88232484037487018948991936324066114307
0.020000000000000000416333634234433702659,9.2502036424863979068360944979150815212e-60,129.0,0.99615299065551408228836268785842496427,0.87988269458836962419530043420088701352
0.02500000000000000138777878078144567553,1.5898002999869151933232342151050309532e-59,128.0,0.99620358649056654759771268397286434316,0.8777688170824214844126226823971801565
0.029999999999999998889776975374843459576,2.6773136036144720324285622502656705103e-59,128.0,0.99626523084014829416629992082106119665,0.87567196516791920124466593807848260409
0.035000000000000003330669073875469621271,4.440482167893147585604890361813730132e-59,128.0,0.99633363156660594397071001639254992755,0.87342464672767639775823291791441480294
0.040000000000000000832667268468867405318,7.2848647192327061461759394853418424141e-59,128.0,0.99640701679999868937053425001320263944,0.87101137580215396503103974029279590334
0.044999999999999998334665463062265189365,1.1865423435312292547841251026656182701e-58,128.0,0.99648216730342198995863216480615299038,0.8684162429707039988924098002515083025
0.050000000000000002775557561562891351059,1.92482972741318291601546293496987861e-58,127.0,0.99655769703992416933179838548326398045,0.8657036957184789675849583370377711349
0.055000000000000000277555756156289135106,3.118400521834046164729176342475802172e-58,127.0,0.99663336242925922774570329210494583452,0.86349794000753731573815005780957690909
0.059999999999999997779553950749686919153,5.0573831962731669116608269705609596835e-58,127.0,0.99670730831029501532157150493007948612,0.86108150185031094846816826522691856102
0.065000000000000002220446049250313080847,8.2275119316460736037048661444461942595e-58,127.0,0.99677851239919993540771647709096680849,0.85843428781655335777891443914245909387
0.070000000000000006661338147750939242542,1.3450853062095429310277182962331917926e-57,126.0,0.99684841236002451189368145606383074147,0.85553523474115311090918911458797565537
0.074999999999999997224442438437108648941,2.2134854061083276371698432817195584044e-57,126.0,0.9969143063766329840825786179666350591,0.85273741541662970689308286340785510377
0.080000000000000001665334536937734810635,3.6718986985859073810239895774071913527e-57,126.0,0.9969778800438453343515409947355286666,0.85023743383710113682861469214418572043
0.08500000000000000610622663543836097233,6.1487010774883531280562319067445026468e-57,126.0,0.9970368399450363558457757020335015031,0.84743726303053830637433869367169640806
0.089999999999999996669330926124530378729,1.0406595150631228250844002250435669022e-56,125.0,0.99709347814473313192730772977360063941,0.84431032058728680282816092162433729179
0.095000000000000001110223024625156540424,1.7823528340928378894807766017512645423e-56,125.0,0.99714538159469675467484228275376889088,0.84123133096693920958775882265517847988
0.10000000000000000555111512312578270212,3.0927730209291504208932729875296973419e-56,125.0,0.99719360934360423774395682044467716017,0.83849088953473175777101082026822753376
0.10499999999999999611421941381195210852,5.4434198680908321788715173597443818318e-56,124.0,0.99723814189381777412729623137695166199,0.83535431168290114616369557759254920257
0.11000000000000000055511151231257827021,9.728875577873131632892913203906373124e-56,124.0,0.99727786594344693198408578651009489942,0.83178739158157117820136813652695420409
0.11500000000000000499600361081320443191,1.7677546074788644292824499976402970333e-55,124.0,0.99731407559346536419351466232990034444,0.82883503682824534505198545214894245908
0.11999999999999999555910790149937383831,3.2693465856531728622651322040311791545e-55,123.0,0.99734616087485945004368057147083302297,0.8255866639076316019449467821549587763
0.125,6.1617743825855628693277845999850640778e-55,123.0,0.9973733286416687010227345400184086994,0.82181123935396249388719405357170469872
0.13000000000000000444089209850062616169,1.1849576125805978856977738618589536461e-54,123.0,0.99739668304598581901579029727527165341,0.81852690331471540511547507372363711774
0.13500000000000000888178419700125232339,2.3282172326327344884408285844626490337e-54,122.0,0.99741592222137632742343064104024326971,0.81500040802908233503046155489603482699
0.14000000000000001332267629550187848508,4.6802529348904573089967955422548016323e-54,122.0,0.99742999994296433790666872999876432773,0.81082284264066402431795638404487451023
0.14499999999999999000799277837359113619,9.6399926154177087400477119269339243917e-54,122.0,0.99743980658276090832092724067744285444,0.80747703341578060532885507289953998571
0.14999999999999999444888487687421729788,2.0376143701244866827449888340922796783e-53,121.0,0.99744545607024331042609189882930050411,0.80342084329567174711265391243024514462
0.15499999999999999888977697537484345958,4.4271753326200419240005279120688477822e-53,121.0,0.99744544624642022956407455132568383933,0.79938451333382177537960901822483333841
0.16000000000000000333066907387546962127,9.9051942827704536448618930805010907901e-53,120.0,0.99744087726694681594826130162184314951,0.79536885303827064467371601442567103647
0.16500000000000000777156117237609578297,2.2864373142942340281246840793700216478e-52,120.0,0.99743150772191726536881666008730566071,0.79083486668893155714659187028438090691
0.17000000000000001221245327087672194466,5.4564050692761714850763410490715828598e-52,119.0,0.99741554891850204587911143319702504835,0.78673811765146166770647069861071559432
0.17499999999999998889776975374843459576,1.3491647619943036070758415336929887509e-51,119.0,0.99739535284282177870289518160124235075,0.78188637115463423770568105274652976683
0.17999999999999999333866185224906075746,3.4647407602945626698762939364305311313e-51,118.0,0.99736833635848504860733633276310488447,0.77753603675814563975273378568472684549
0.18499999999999999777955395074968691915,9.2649711709236014224358346919460555529e-51,118.0,0.99733487649605973272401298412039212922,0.77251693858869923004085380242049770711
0.19000000000000000222044604925031308085,2.5870060706683798702546818997375863004e-50,117.0,0.99729517038933781607750936227048435114,0.76767923114716792175691022599501066157
0.19500000000000000666133814775093924254,7.5656234505356214854690902650459884889e-50,117.0,0.99724714226860148552698390446506983769,0.76259438711817168201729102584061317318
0.20000000000000001110223024625156540424,2.3249361314504229898334939248913206378e-49,116.0,0.99719241781049525094850103955216853372,0.75696288353870532294372690176760205099
0.20499999999999998778754672912327805534,7.5343114720934765985470315713563289728e-49,115.0,0.99712800853098870190251385592033454536,0.75184416592368192932682584883579482844
0.20999999999999999222843882762390421703,2.5847788865397852220435082892186889616e-48,115.0,0.99705486782958926887925578679168334407,0.74614781465797087775946470398973578591
0.21499999999999999666933092612453037873,9.4271016759516151770116366063407480775e-48,114.0,0.99697151276338334178094530792680775944,0.73999409327214617142629278926961245589
0.22000000000000000111022302462515654042,3.6719451110131094972082338130226094318e-47,113.0,0.99687503552820673176429544120197010659,0.73408906576006544445025168766756181231
0.22500000000000000555111512312578270212,1.5351160957551150862334934781711065896e-46,112.0,0.99676875691193402043354904278561472562,0.72794462305730411332972562278977416615
0.23000000000000000999200722162640886381,6.9257867632338936314692301966205805805e-46,111.0,0.9966473489169450754204829401250532894,0.7214569298565052736824738366196402898
0.23499999999999998667732370449812151492,3.3919162355634997450227147370730375038e-45,110.0,0.99650932556642499234907691391187743102,0.71468266339468873424694059582879109775
0.23999999999999999111821580299874767661,1.8149419786752895230478014873476639667e-44,110.0,0.99635314651111495099887411471028575775,0.70765370533830354871005012016504000658
0.24499999999999999555910790149937383831,1.0684733278843943140391473248920974652e-43,108.0,0.99617809995566013733711244066862600839,0.70037202555816513838262678827893551141
0.25,6.9736273312511458635124739321507245214e-43,107.0,0.9959805713708257370414121498829953398,0.69280457222264821357090288910113518682
0.25500000000000000444089209850062616169,5.0880276514850023009954618076144826811e-42,106.0,0.99575649301836410239781646523701372319,0.68487833957025886962874083850325128788
0.26000000000000000888178419700125232339,4.1874548604269774004727135347749622873e-41,105.0,0.99550189036949792749555110631694262832,0.67647566614580617333513034821034236783
0.26500000000000001332267629550187848508,3.9256285979039868095193105287753039449e-40,104.0,0.99521549435937452196670032207875867962,0.66818638264290346020199983164120514077
0.27000000000000001776356839400250464678,4.236714514244015560414548223033629446e-39,102.0,0.99488887376409741721650724500522398439,0.6592959901031755484020916128661889093
0.27500000000000002220446049250313080847,5.3245554855636317006831718129743517425e-38,101.0,0.99451279387493671104623124726323191547,0.65013505266246325869323619688289165407
0.28000000000000002664535259100375697017,7.8890818604643181510801104811838608653e-37,99.0,0.99408462652437256894030138850104676639,0.64038107543280307984809659208174966527
0.28499999999999997557509345824655611068,1.3963556751779479444706620396102013556e-35,97.0,0.99358813182028062328235995283397486551,0.64945572368231074606990076401469142317
0.28999999999999998001598555674718227237,2.9943209954775496087247954777589662603e-34,95.0,0.99302020637015824234551061759755099263,0.66499634302009613141451034265845500768
0.29499999999999998445687765524780843407,7.8953335077621180328147116110391128932e-33,93.0,0.99235787100088062201034052907072105838,0.6806982541579105689682770565099024824
0.29999999999999998889776975374843459576,2.5995986691494555361436995084197436947e-31,91.0,0.99158338787110114952109811742574553616,0.69653909509953508380434860841543845824
0.30499999999999999333866185224906075746,1.0857432311781047820142972435940906617e-29,88.0,0.99066891224438882709045833498552057403,0.71247452828316654539999903255356568316
0.30999999999999999777955395074968691915,5.8420958259886631318185491188163139191e-28,86.0,0.98959907106348100718179961216173124795,0.72847103222700642525778073407115123983
0.31500000000000000222044604925031308085,4.109049529398527995291301169322142272e-26,83.0,0.98831510661843750960731423221538377092,0.74447020750946145856788372126492484309
0.32000000000000000666133814775093924254,3.824706144386160618789246445836050322e-24,79.0,0.98677608500383275734646858853130155102,0.76042278360009635746927575618675549277
0.32500000000000001110223024625156540424,4.7501495746927976612309857696527028434e-22,75.0,0.98490484944569419539895184820710811267,0.77626328564451407889236202108250149188
0.33000000000000001554312234475219156593,7.8808326287767060544575416962172480897e-20,71.0,0.98261790468953539349402582401061171973,0.79191768897176786277109849634940595541
0.33500000000000001998401444325281772763,1.7283767953563316605833778594724530018e-17,66.0,0.9797703722598137083157368865794951602,0.80730873368672576503096233310909771573
0.34000000000000002442490654175344388932,4.8659692042628778440465981559557953373e-15,60.0,0.97620323210990571811094663323278231849,0.82235192357533276275829040870034133644
0.34499999999999997335464740899624302983,1.6567393200925138254085608258878132263e-12,53.0,0.9716603942219067567765637312502214107,0.83695612643147595564958964379703690259
0.34999999999999997779553950749686919153,6.1176004013064798696528071560524814686e-10,45.0,0.96577288982264538936155653175074769059,0.85103068406682324624082717322703413293
0.35499999999999998223643160599749535322,2.0228863541759557023536374075913304846e-07,35.0,0.95797596606811768829890520835741255594,0.86413795066878670441019275284859465681
0.35999999999999998667732370449812151492,4.2570245149454496633892931607523136153e-05,23.0,0.94742904190338367039831702049655681777,0.87264938232389425801354258659371629294
0.36499999999999999111821580299874767661,0.0031669884956523443582897719050401201367,7.0,0.93275035297081274682778983379147185133,0.82800887722240740470531440948119089011
0.36999999999999999555910790149937383831,0.049970437191398187738986115109748625601,0.0,0.8766715886649708110104937544744967774,0.45994087377073720925627734021642792526
0.375,0.21404491249327944258895968284732437659,0.0,0.72469255837850444855650247434736205674,0.23716782865250278447583610873595010304
0.38000000000000000444089209850062616169,0.48726150321842675182127483510165849971,0.0,0.47593231530875905670746281736934975581,0.11464045485234739583572393674803292854
0.38500000000000000888178419700125232339,0.74625751445558768628146807437299202548,0.0,0.23643073568637988782166508197678004245,0.043688568384809146345043134902302785623
0.39000000000000001332267629550187848508,0.89587023480447583872644227451585435941,0.0,0.09685596329968233189926327577297335206,0.014273745055001079341261512284648662758
0.39500000000000001776356839400250464678,0.95986624228978805340980480131885015839,0.0,0.037155894313221176282162749830986550735,0.004355111237693030763464571354663835596
0.40000000000000002220446049250313080847,0.98414836085053096182743051388470596399,0.0,0.014599356726879453874510378449987095772,0.0012980134201337450409703688596270911853
0.40500000000000002664535259100375697017,0.99320520112215514732860530004513962318,0.0,0.0062299167636912802681971167884712088125,0.00050235166265667011778346592267620720961
0.40999999999999997557509345824655611068,0.99613616209552830207007064686926483238,0.0,0.0035383893728841026221969670815909502215,0.00049736847586557052939682763436040669806
0.41499999999999998001598555674718227237,0.99717513472219810074370868718717142334,0.0,0.0025851747425086586937197895365448312428,0.0004931589898131901963709165223302243125
0.41999999999999998445687765524780843407,0.99773738628140799943753729229787916371,0.0,0.0020690034392296553743248821746147324959,0.00048894946829497382372185056705571856301
0.42499999999999998889776975374843459576,0.99809521542904675574779400844990138873,0.0,0.0017400152535726721799278076993533456025,0.00048473991131047319848167348584729584046
0.42999999999999999333866185224906075746,0.99834357342185102483105059458470148725,0.0,0.0015111878740954032295771613277466027724,0.00048053031885924010012978177731015127945
0.43499999999999999777955395074968691915,0.99852494881937404039081149357618337992,0.0,0.0013433036011428790881246965848244490348,0.00047632069094082630059276563759282409288
0.44000000000000000222044604925031308085,0.99866071873084855278357465578265426859,0.0,0.0012164493277409148648729053792997560245,0.00047211102755478356424424987261473947551
0.44500000000000000666133814775093924254,0.99876198406611859047373349829338479609,0.0,0.0011198034037671147689043344208654925628,0.00046790132870066364790473480627261850463
0.45000000000000001110223024625156540424,0.99883181990758639147632975201324074965,0.0,0.0010483201331733821055625019539077219364,0.00046369159437801830084143718462563745778
0.45500000000000001554312234475219156593,0.99886700240416560367765732826900068561,0.0,0.0010043068743050600296960283112079868947,0.00045948182458639926476813107605921794402
0.46000000000000001998401444325281772763,0.99888401316332846053731456907828436204,0.0,0.00099335679343908111956751775412479202207,0.00045527201932535827384498876742732931387
0.46500000000000002442490654175344388932,0.9988986348855745793576996835975152146,0.0,0.00098498645270992204830328964587513495647,0.00045106217859444705467842165617318468134
0.46999999999999997335464740899624302983,0.99890691778157453967131567519734248391,0.0,0.00097661597171504725192869827138467173502,0.0004468523023932173730601329341759944899
0.47499999999999997779553950749686919153,0.99891520174471597901313583619420330254,0.0,0.00096824535045093076770135406911938496861,0.00044264239072122084701050509594549238943
0.47999999999999998223643160599749535322,0.99892348677502568041670689849665337541,0.0,0.0009598745889140467935029448695342876618,0.00043843244357800922721253017681533895732
0.48499999999999998667732370449812151492,0.99893177287253042882525084276168913158,0.0,0.00095150368710086931611181347257572497612,0.00043422246096313421005598485735648886658
0.48999999999999999111821580299874767661,0.99894006003725701099978852945352451701,0.0,0.00094313264500787220412823541556468044819,0.00043001244287614748437608932900437460565
0.49499999999999999555910790149937383831,0.99894834826923221551921602851087676491,0.0,0.00093476146263152920796946785286386219172,0.00042580238931660073145334816204747380954
0.50,0.9989566375684828327803809528517596465,0.0,0.00092639013996831395986479818662755571281,0.0004215923002840456250133911695934399868
0.50500000000000000444089209850062616169,0.99896492793503565499815879571600924864,0.0,0.00091801867701469997385059244861964326742,0.00041738217577803383122681426751267802593
0.51000000000000000888178419700125232339,0.99897321936891747620552927184576731037,0.0,0.00090964707376716064576534343308518862386,0.00041317201579811700870902033035924585477
0.51500000000000001332267629550187848508,0.99898151187015509225365266250414740789,0.0,0.00090127533022216925324471858066098513665,0.00040896182034384680852006004326896363098
0.52000000000000001776356839400250464678,0.99898980543877530081194616433230893948,0.0,0.0008929034463761989557166076133104640492,0.00040475158941477487416447274983461179754
0.52500000000000002220446049250313080847,0.99899810007480490136816024204516418856,0.0,0.0008845314222257227943961699202683590104,0.00040054132301045284159112729595809940599
0.53000000000000002664535259100375697017,0.99900546396022097710556523517317135417,0.0,0.00087615925776721369228088169498052174328,0.0003963310211304323391930628696794840424
0.53500000000000003108624468950438313186,0.99900542121586451084972247434194573817,0.0,0.0008677869529971444541455828230242828607,0.0003921206837742649878073298369827246934
0.54000000000000003552713678800500929356,0.99900537847150804459387971351072012142,0.0,0.00085941450791198776653752352099475085894,0.00038791031094150240071483057357804894137
0.54500000000000003996802888650563545525,0.99900533572715157833803695267949450467,0.0,0.00085104192250821619777141072634244129087,0.00038369990263169618364016029266081578547
0.55000000000000004440892098500626161695,0.99900529298279511208219419184826888868,0.0,0.00084266919678230219792445423814762722922,0.00037948945884439793475144786864675548121
0.55500000000000004884981308350688777864,0.99900525023843864582635143101704327117,0.0,0.00083429633073071809883141260881680100343,0.00037527897957915924466019665688346768449
0.56000000000000005329070518200751394033,0.99900520749408217957050867018581765442,0.0,0.00082592332434993611407963878668663640302,0.00037106846483553169642112530933805927269
0.56499999999999994670929481799248605967,0.99900516474972571331561502472902448579,0.0,0.00081755017763642852492688893988170134561,0.00036685791461306695902539855022075725037
0.56999999999999995115018691649311222136,0.99900512200536924705977226389779886904,0.0,0.00080917689058666693660843000921939671633,0.00036264732891131641342769593116125986751
0.57499999999999995559107901499373838305,0.99900507926101278080392950306657325305,0.0,0.00080080346319712339385931687403592015507,0.00035843670772983171350402901841143043308
0.57999999999999996003197111349436454475,0.9990050365166563145480867422353476363,0.0,0.0007924298954642696372277315100694911701,0.00035422605106816441208038572681159032459
0.58499999999999996447286321199499070644,0.99900499377229984829224398140412201879,0.0,0.00078405618738457728898967476510937785884,0.0003500153589258660544251732858976985156
0.58999999999999996891375531049561686814,0.99900495102794338203640122057289640279,0.0,0.00077568233895451785314401050673797773889,0.0003458046313024881782490590314433351176
0.59499999999999997335464740899624302983,0.99900490828358691578055845974167078604,0.0,0.00076730835017056271540750952087809528668,0.00034159386819758231370481119297699381888
0.59999999999999997779553950749686919153,0.99900486553923044952471569891044516929,0.0,0.00075893422102918314320989316113079732966,0.00033738306961069998338713967727456448568
0.60499999999999998223643160599749535322,0.99900482279487398326887293807921955254,0.0,0.00075055995152685028568887674888922667533,0.00033317223554139270233253684782688725574
0.60999999999999998667732370449812151492,0.99900478005051751701303017724799393579,0.0,0.00074218554166003517368521272421375319102,0.0003289613659892119780191183002822593865
0.61499999999999999111821580299874767661,0.99900473730616105075718741641676831904,0.0,0.00073381099142520871973773354745384071045,0.00032475046095370931036646363386377617774
0.61999999999999999555910790149937383831,0.99900469456180458450134465558554270305,0.0,0.00072543630081884171807839435160200705607,0.00032053952043443619173545721876138722922
0.625,0.9990046518174481182455018947543170863,0.0,0.00071706146983740484462731534536525356682,0.00031632854443094410692812895949854931661
0.63000000000000000444089209850062616169,0.99900460907309165198965913392309146879,0.0,0.00070868649847736865698782396693933949377,0.00031211753294278453318749505427335718818
0.63500000000000000888178419700125232339,0.9990045663287351857338163730918658528,0.0,0.00070031138673520359444149678847127564833,0.00030790648596950894019739875027403351085
0.64000000000000001332267629550187848508,0.99900452358437871947797361226064023605,0.0,0.00069193613460737997794320117119541072983,0.00030369540351066879008235109496865928269
0.64500000000000001776356839400250464678,0.9990044808400222532221308514294146193,0.0,0.00068356074209036801011613667122848276259,0.00029948428556581553740737168336902593582
0.65000000000000002220446049250313080847,0.99900443809566578696628809059818900255,0.0,0.00067518520918063777524687619600900708946,0.00029527313213450062917782940126849041505
0.65500000000000002664535259100375697017,0.9990043953513093207104453297669633858,0.0,0.0006668095358746592392804069113663714059,0.00029106194321627550483928316445371448605
0.66000000000000003108624468950438313186,0.99900435260695285445460256893573776904,0.0,0.00065843372216890224981517089920500729912,0.00028685071881069159627732265389016950957
0.66500000000000003552713678800500929356,0.99900430986259638819875980810451215305,0.0,0.00065005776805983653609810556578900684211,0.0002826394589173003278174090468812879622
0.67000000000000003996802888650563545525,0.9990042671182399219429170472732865363,0.0,0.00064168167354393170901968380061255172566,0.0002784281635356531162247157442011429036
0.67500000000000004440892098500626161695,0.99900422437388345568707428644206091879,0.0,0.00063330543861765726110895388584152150767,0.00027421683266530137070396909320053668269
0.68000000000000004884981308350688777864,0.9990041816295269894312315256108353028,0.0,0.0006249290632774825665285791563116465314,0.00027000546630579649289928910688638007214
0.68500000000000005329070518200751394033,0.99900413888517052317538876477960968605,0.0,0.00061655254751987688106987741006857011497,0.00026579406445668987689403017897424310344
0.68999999999999994670929481799248605967,0.99900409614081405692049511932281651742,0.0,0.00060817589134130952814855025770437460361,0.00026158262711753300272370983090817722622
0.69499999999999995115018691649311222136,0.99900405339645759066465235849159090067,0.0,0.00059979909473824915480007937016674957076,0.00025737115428787706232428532724542840421
0.69999999999999995559107901499373838305,0.99900401065210112440880959766036528392,0.0,0.00059142215770716484766955208094169073636,0.0002531596459672735206081584474655940777
0.70499999999999996003197111349436454475,0.99900396790774465815296683682913966717,0.0,0.00058304508024452538901329315664363458441,0.0002489481021552737414140281781038340242
0.70999999999999996447286321199499070644,0.99900392516338819189712407599791405042,0.0,0.00057466786234679944269147513741357219691,0.00024473652285142908101903140126013951497
0.71499999999999996891375531049561686814,0.99900388241903172564128131516668843367,0.0,0.0005662905040104555541631562504031682886,0.00024052490805529088813858358548841990128
0.71999999999999997335464740899624302983,0.99900383967467525938543855433546281767,0.0,0.00055791300523196215048131807369831411866,0.00023631325776641050392621947265792939827
0.72499999999999997779553950749686919153,0.99900379693031879312959579350423720017,0.0,0.00054953536600778754028790295066747099036,0.00023210157198433926197343376078691527274
0.72999999999999998223643160599749535322,0.99900375418596232687375303267301158342,0.0,0.00054115758633439991380885115472016011613,0.00022788985070862848830952178284836862994
0.73499999999999998667732370449812151492,0.99900371144160586061791027184178596742,0.0,0.00053277966620826734284913780446095357763,0.00022367809393882950140142018154775898393
0.73999999999999999111821580299874767661,0.99900366869724939436206751101056035067,0.0,0.00052440160562585778078780952922432021195,0.00021946630167449361215354758007263381628
0.74499999999999999555910790149937383831,0.99900362595289292810622475017933473392,0.0,0.00051602340458363906257302088497567918259,0.00021525447391517212390764524881396429042
0.75,0.99900358320853646185038198934810911717,0.0,0.00050764506307807890471707052056401308921,0.00021104261066041633244261776805911831709
0.75500000000000000444089209850062616169,0.99900354046417999559453922851688350042,0.0,0.00049926658110564490529143709431139143886,0.00020683071190977752597437368665634213638
0.76000000000000000888178419700125232339,0.99900349771982352933869646768565788367,0.0,0.00049088795866280454392181494092475433664,0.00020261877766280698515566617665063159993
0.76500000000000001332267629550187848508,0.99900345497546706308285370685443226767,0.0,0.00048250919574602518178314948871530527146,0.00019840680791905598307593368389087430552
0.77000000000000001776356839400250464678,0.99900341223111059682701094602320665017,0.0,0.00047413029235177406159467242711086089859,0.00019419480267807578526114057460814377487
0.77500000000000002220446049250313080847,0.99900336948675413057116818519198103342,0.0,0.00046575124847651830761493662444650469834,0.00018998276193941764967361777796502680469
0.78000000000000002664535259100375697017,0.99900332674239766431532542436075541742,0.0,0.00045737206411672492563685079601889047453,0.00018577068570263282671190342457586517216
0.78500000000000003108624468950438313186,0.99900328399804119805948266352952980067,0.0,0.00044899273926886080298271392238954060533,0.00018155857396727255921058348099779283632
0.79000000000000003552713678800500929356,0.99900324125368473180363990269830418392,0.0,0.000440613273929392708499249417922483024,0.00017734642673288808244013238019244978262
0.79500000000000003996802888650563545525,0.99900319850932826554779714186707856717,0.0,0.00043223366809478729255263904954156990244,0.00017313424399903062410675364795825366566
0.80000000000000004440892098500626161695,0.99900315576497179929195438103585295042,0.0,0.0004238539217615110870235566056928200222,0.00016892202576525140435222052533311037472
0.80500000000000004884981308350688777864,0.99900311302061533303611162020462733367,0.0,0.00041547403492603050530220131549712587019,0.00016470977203110163575371658696744467817
0.81000000000000005329070518200751394033,0.99900307027625886678026885937340171767,0.0,0.00040709400758481184228333101807866544994,0.00016049748279613252332367635546743206139
0.81499999999999994670929481799248605967,0.99900302753190240052537521391660854829,0.0,0.00039871383973432146043996103126151956323,0.00015628515805989535804241824565695748762
0.81999999999999995115018691649311222136,0.99900298478754593426953245308538293229,0.0,0.00039033353137102504550685307465849947642,0.00015207279782194114272760413652074058618
0.82499999999999995559107901499373838305,0.99900294204318946801368969225415731479,0.0,0.00038195308249138872293818331230998777626,0.00014786040208182115322846908275188612518
0.82999999999999996003197111349436454475,0.99900289929883300175784693142293169804,0.0,0.00037357249309187831359727071964099502349,0.00014364797083908656429685746161192230287
0.83499999999999996447286321199499070644,0.99900285655447653550200417059170608204,0.0,0.00036519176316895951982715498084427970588,0.00013943550409328854311906760958314462596
0.83999999999999996891375531049561686814,0.99900281381012006924616140976048046529,0.0,0.00035681089271909792544562815895507399882,0.00013522300184397824931569241253055852265
0.84499999999999997335464740899624302983,0.99900277106576360299031864892925484779,0.0,0.00034842988173875899574026611599886692702,0.00013101046409070683494145989183319096965
0.84999999999999997779553950749686919153,0.99900272832140713673447588809802923179,0.0,0.00034004873022440807746345968319757708311,0.00012679789083302544448507378648465224174
0.85499999999999998223643160599749535322,0.99900268557705067047863312726680361504,0.0,0.00033166743817251039882744558121944607725,0.00012258528207048521486905413116282887332
0.85999999999999998667732370449812151492,0.99900264283269420422279036643557799829,0.0,0.00032328600557953106949933709045798291867,0.00011837263780263727544957783026858893039
0.86499999999999999111821580299874767661,0.99900260008833773796694760560435238229,0.0,0.00031490443244193508059615447132528853655,0.00011415995802903274801631922793338067635
0.86999999999999999555910790149937383831,0.99900255734398127171110484477312676479,0.0,0.00030652271875618730467985513454508865229,0.00010994724274922274679229067399560572224
0.875,0.99900251459962480545526208394190114804,0.0,0.00029814086451875249575236356143080226146,0.00010573449196275837843368308594564773437
0.88000000000000000444089209850062616169,0.99900247185526833919941932311067553204,0.0,0.00028975886972609528925060097413397196857,0.00010152170566919074202970650683943778354
0.88500000000000000888178419700125232339,0.99900242911091187294357656227944991529,0.0,0.00028137673437468020204151475584838145371,9.7308883868070929102430659180437403059e-05
0.89000000000000001332267629550187848508,0.99900238636655540668773380144822429854,0.0,0.00027299445846097163241710762095518435622,9.3096026558950023606625494769920427687e-05
0.89500000000000001776356839400250464678,0.99900234362219894043189104061699868179,0.0,0.00026461204198143386008946653509436787636,8.8883133741379101929601740525434674448e-05
0.90000000000000002220446049250313080847,0.99900230087784247417604827978577306504,0.0,0.00025622948493253104618579138514787341743,8.4670205414909232891051440267324529764e-05
0.90500000000000002664535259100375697017,0.99900225813348600792020551895454744829,0.0,0.00024784678731072723324342339911969560243,8.0457241579091477742888492473195495035e-05
0.91000000000000003108624468950438313186,0.99900221538912954166436275812332183229,0.0,0.00023946394911248634520487331589828001516,7.6244242233476890169089184000201748199e-05
0.91500000000000003552713678800500929356,0.99900217264477307540851999729209621479,0.0,0.00023108097033427218741284930488653901763,7.2031207377616516285532719775037766831e-05
0.92000000000000003996802888650563545525,0.99900212990041660915267723646087059804,0.0,0.0002226978509725484466052846354848040541,6.7818137011061394639841748451515054235e-05
0.92500000000000004440892098500626161695,0.99900208715606014289683447562964498204,0.0,0.00021431459102377869091036509641203180197,6.3605031133362556211222884035605017131e-05
0.93000000000000004884981308350688777864,0.99900204441170367664099171479841936529,0.0,0.00020593119048442636984155616485058060254,5.9391889744071024410307223477829024155e-05
0.93500000000000005329070518200751394033,0.99900200166734721038514895396719374854,0.0,0.00019754764935095481429262992539987259034,5.5178712842737815078990860232876680374e-05
0.93999999999999994670929481799248605967,0.99900195892299074413025530851040057991,0.0,0.00018916396761982742268938249309403433452,5.0965500428914030042778254233590309591e-05
0.94499999999999995115018691649311222136,0.99900191617863427787441254767917496241,0.0,0.00018078014528750691636101942775216731358,4.6752252502150482901399846246447516421e-05
0.94999999999999995559107901499373838305,0.99900187343427781161856978684794934641,0.0,0.00017239618235045645646596046772224466114,4.2538969061998260341304080033353394037e-05
0.95499999999999996003197111349436454475,0.99900183068992134536272702601672372966,0.0,0.00016401207880513889936946831247489803713,3.8325650108008347927852090002421542419e-05
0.95999999999999996447286321199499070644,0.99900178794556487910688426518549811291,0.0,0.00015562783464801698279224311028539004874,3.4112295639731723656872514368284266051e-05
0.96499999999999996891375531049561686814,0.99900174520120841285104150435427249691,0.0,0.00014724344987555332580544787573215933093,2.9898905656719357954501984512581601564e-05
0.96999999999999997335464740899624302983,0.99900170245685194659519874352304687941,0.0,0.00013885892448421042882573365690143171266,2.5685480158522213677025610310845674044e-05
0.97499999999999997779553950749686919153,0.99900165971249548033935598269182126266,0.0,0.00013047425847045067361026445228320501998,2.1472019144691246110717461425661385488e-05
0.97999999999999998223643160599749535322,0.99900161696813901408351322186059564666,0.0,0.00012208945183073632325174187734391406311,1.7258522614777402971681044565984430266e-05
0.98499999999999998667732370449812151492,0.99900157422378254782767046102937002991,0.0,0.00011370450456152952217342958076108138632,1.3044990568331624405689776712497630428e-05
0.98999999999999999111821580299874767661,0.99900153147942608157182770019814441241,0.0,0.00010531941665929229612417741030525835728,8.8314230049048429880274543088865788726e-06
0.99499999999999999555910790149937383831,0.99900148873506961531598493936691879641,0.0,9.6934188120486552173445328354560207088e-05,4.6178199240479837233287184189155751818e-06
1.0,0.99900144599071314906014217853569317966,0.0,8.8548818941574078706327077027097622418e-05,4.0418132531196404541951584918483401226e-07
