value,sup,dur,Y,S
0.0,3.2542499015216151059637742148873948742e-25,101.0,0.99608517062250971376375689442954661903,0.26945857525651123824616849868608101695
0.0050000000000000001040834085586084256647,8.444391555525404143479416415138492693e-25,100.0,0.99610424591676639541162028674641746819,0.26337770759492128761100165545544479761
0.010000000000000000208166817117216851329,2.2737120572760718172688391938642717888e-24,99.0,0.99611278330210055532301906763252210938,0.25725096888407516203017466670147747856
0.014999999999999999444888487687421729788,6.3735624051874450378473853023498089825e-24,97.0,0.99610979277080784685798127222694901423,0.25107005190562795913158734601396007546
0.020000000000000000416333634234433702659,1.8668353446604534591631733651266341151e-23,96.0,0.99609419736484474269830818630789342076,0.24481823445422074670979488513835348238
0.02500000000000000138777878078144567553,5.7370713301593303144760472637307216712e-23,95.0,0.99606481491400017657481243369424512515,0.23847031403027820012389494466636073585
0.029999999999999998889776975374843459576,1.8583432254419207955433181070134810704e-22,93.0,0.9960203336571437090629025699120209251,0.2320244067480426416389646348827260009
0.035000000000000003330669073875469621271,6.3772873326720244096489921307705688836e-22,92.0,0.99595928011677620221622739237744085856,0.22562741258368209331111593259289391541
0.040000000000000000832667268468867405318,2.3318651206139098326873521657562421334e-21,90.0,0.99587998674603843564693620887495364757,0.21903297032339729412398862963248429371
0.044999999999999998334665463062265189365,9.1433176333204089159532065103906710335e-21,88.0,0.99578065333025027765792668321175550939,0.21248691229248570830605677228155659801
0.050000000000000002775557561562891351059,3.8720655801992804497476202787976318185e-20,86.0,0.9956588019823588787903505460568893519,0.20579765460897766080508581240022223414
0.055000000000000000277555756156289135106,1.7852491110298507406359670491837328026e-19,84.0,0.99551167321164131486952404576065616486,0.19902529924209845348438423120846798666
0.059999999999999997779553950749686919153,9.0421804945723658564932687308594129968e-19,82.0,0.99533591025400542897407157263649332668,0.192197287356547493089807112650433822
0.065000000000000002220446049250313080847,5.0821112489883851431240471650826940752e-18,79.0,0.99512783983357977921069738758565084649,0.18530853563746116658647570494604550531
0.070000000000000006661338147750939242542,3.2057336851684001005635464558577653733e-17,76.0,0.99488216979930616608387414404701867343,0.1783221090401160738338211343812585789
0.074999999999999997224442438437108648941,2.2984556801084955041586400753876959838e-16,74.0,0.99459272661886476618523425353472219283,0.17124182967046052264816442536412604853
0.080000000000000001665334536937734810635,1.8999025669465615155898274652190657614e-15,70.0,0.99425196279303662218762354376415520922,0.16406423006781625538731555309119911986
0.08500000000000000610622663543836097233,1.839238426230780650255398631333317639e-14,67.0,0.99385076276974680352624360503289301828,0.15683447627510434977727510420456452637
0.089999999999999996669330926124530378729,2.1211441418365212188603840280724275771e-13,63.0,0.99337689905214521530478516129299380806,0.1495264330941817275544424042599873743
0.095000000000000001110223024625156540424,2.9664373087500020046026645300806492815e-12,58.0,0.99281426594970299104404776173636899894,0.14209771262060228017733968342456216473
0.10000000000000000555111512312578270212,5.1146989564684746489442173615255883475e-11,54.0,0.99213403272711269707257536758882888206,0.13458909977560352967627855569804641866
0.10499999999999999611421941381195210852,1.0989334933652618823324510085155967864e-09,48.0,0.99121225221044766426256037980160408166,0.12696872007076146742215443731470739028
0.11000000000000000055511151231257827021,2.9239843409039389925276143858629613997e-08,42.0,0.98986842309775683097538621675259700333,0.11926643910666960579383547632130956559
0.11500000000000000499600361081320443191,9.1724114817302826183206123027442008559e-07,34.0,0.98777282292955078355327486889689239263,0.11145121976393856200210973911055500224
0.11999999999999999555910790149937383831,2.9179561406347824223179746432346202481e-05,26.0,0.98426003899032148045858503736820986192,0.10352887435798361870425683347104773652
0.125,0.00066045152242450592695755113121732503708,15.0,0.97792997455333547663427047750151066045,0.095489193455557105505021615399369882914
0.13000000000000000444089209850062616169,0.0065577157316296179333079526354548955914,3.0,0.96578564620258221834640697583642043653,0.08734280215643662821538995123544668469
0.13500000000000000888178419700125232339,0.028231537589625550057160599924693273393,0.0,0.94163483716210508942051424747329783955,0.079066565407701956768838233407592064136
0.14000000000000001332267629550187848508,0.077391624323142253813397187886952146798,0.0,0.89410291306270166082573296973105384696,0.069664760126635962985485772110048934686
0.14499999999999999000799277837359113619,0.16914377774954440167611183893876769703,0.0,0.80701333592108033880162634419400622126,0.054471193219922463388666376370092777345
0.14999999999999999444888487687421729788,0.31371987976971707993495640228495748165,0.0,0.66885593731205144122792602512112807512,0.036627126876522302127313445953464141257
0.15499999999999999888977697537484345958,0.49592910252244935900609955905073569802,0.0,0.49274170351371848409157203221231402839,0.021045032186100852950764925540694162462
0.16000000000000000333066907387546962127,0.67246291302691339653049882158925262918,0.0,0.32046797446165103651519756786294620344,0.010561787364380238119724568289839854136
0.16500000000000000777156117237609578297,0.8061014429148296576395634578848268895,0.0,0.18940046639226243733849343390005992612,0.0048204168514719915793674707772150295858
0.17000000000000001221245327087672194466,0.8904410601869492376496770278775557122,0.0,0.10664744712878498941252644692050019394,0.0020765641647676014517297201111037002224
0.17499999999999998889776975374843459576,0.93831316724031664549078255000072933459,0.0,0.059795228048413719151727762130399839678,0.00086555230009638761096783522268268011704
0.17999999999999999333866185224906075746,0.96426497847842351485940946116630203492,0.0,0.034495967437050097252557840487190066107,0.00050268413880456367288618614781645387945
0.18499999999999999777955395074968691915,0.97687059922497303630636451312546903254,0.0,0.022300165215305064117474355208365598139,0.0004981501262242054694784528563829098897
0.19000000000000000222044604925031308085,0.9823960686987100591996508788972205002,0.0,0.016971237198571984118460704131391524772,0.00049509654746319843346798988805493642279
0.19500000000000000666133814775093924254,0.98561617415698496410302307803540037731,0.0,0.013866237500952685138851325837218605641,0.00049204295004155213938537914120657963736
0.20000000000000001110223024625156540424,0.98776830176520730750110082712453963903,0.0,0.011791131159867155298849853439561007786,0.00048898933395909553194658789922736425139
0.20499999999999998778754672912327805534,0.98932358606021018420549310523525881373,0.0,0.010291679916145523049502564613672927259,0.00048593569921565757072803820130123006124
0.20999999999999999222843882762390421703,0.99050745125448513570295815920580735792,0.0,0.0091503117771533548584088697830228801216,0.00048288204581106716236215929314904487133
0.21499999999999999666933092612453037873,0.99144213328347119401217197533204082978,0.0,0.0082491795942820875282291174357459628864,0.00047982837374515326224382371286745361672
0.22000000000000000111022302462515654042,0.9922003226877552265052044992703633404,0.0,0.0075181806577146430912723624257679829718,0.00047677468301774480672610691996155775792
0.22500000000000000555111512312578270212,0.99282986243064906797705739735853734868,0.0,0.0069112380628051898985317457874208570235,0.00047372097362867073007128156264637224219
0.23000000000000000999200722162640886381,0.99336067205491643868954493456466149134,0.0,0.0063995424652242284228374499506551326346,0.00047066724557775996445078553454800281699
0.23499999999999998667732370449812151492,0.99381549121564872603175121494844835619,0.0,0.0059610767124153496820778860684570935881,0.00046761349886484145689694138889013491857
0.23999999999999999111821580299874767661,0.99420978870205021013846290442261455949,0.0,0.0055809301206354296568280481215316034558,0.00046455973348974410149602255811808874864
0.24499999999999999555910790149937383831,0.99455512315359471795038129001213398101,0.0,0.0052480786165984818491243374507671726742,0.00046150594945229684109841876908451111328
0.25,0.99485988796180476054547205784340685563,0.0,0.0049542014149329457221765298695254893925,0.00045845214675232859951190945235871389431
0.25500000000000000444089209850062616169,0.99513119847894847661604704871518990925,0.0,0.0046926793854544229443152672318979205893,0.00045539832538966829845327955864217034602
0.26000000000000000888178419700125232339,0.99537456052963714643718451978726566025,0.0,0.0044580871698883766035589503463852660637,0.00045234448536414485754828761195567832355
0.26500000000000001332267629550187848508,0.99559398324449583077216706106773785775,0.0,0.004246560759442561492778586003693757048,0.0004492906266755871943316337622408106324
0.27000000000000001776356839400250464678,0.99579283469086357400785106023145337719,0.0,0.0040548537037772794313535816149783652866,0.00044623674932382422424692783737564000469
0.27500000000000002220446049250313080847,0.99597396869261347203847447727518062413,0.0,0.0038802148846143921380201736842804628287,0.00044318285330868486064665739460472613358
0.28000000000000002664535259100375697017,0.99613982693211667700252793003712155096,0.0,0.0037202900974047660931383757242054398888,0.00044012893862999801479215577138335227945
0.28499999999999997557509345824655611068,0.99629252235681576648117389880965533307,0.0,0.0035730416372952052980236383004986736037,0.00043707500528759262975914486480914316072
0.28999999999999998001598555674718227237,0.99643260212800302484512252015599144918,0.0,0.0034381099187076334570386189793406468353,0.00043402105328129754481561147635231284729
0.29499999999999998445687765524780843407,0.99656231250361731076479968808830854405,0.0,0.003313003791459516825008936334417005112,0.00043096708261094169885460210263060769527
0.29999999999999998889776975374843459576,0.99668343372018732988764233689413619535,0.0,0.0031963092925941625988923465721175092162,0.00042791309327635399477251369866914692999
0.30499999999999999333866185224906075746,0.99679490928639376654936707071864579506,0.0,0.0030887956197965858033789077504071965628,0.00042485908527736333337442924513826107987
0.30999999999999999777955395074968691915,0.99689989313026631567422263978572562951,0.0,0.0029874937299527794469124379181310805533,0.00042180505861379861337408579568296275101
0.31500000000000000222044604925031308085,0.99699731415640070190867589658904375873,0.0,0.0028936691799378578937285180752659095717,0.00041875101328548873139384252366657926289
0.32000000000000000666133814775093924254,0.99708941537523307317427273197898899695,0.0,0.0028047671338350913579297487956830639393,0.00041569694929226258196464876832853457861
0.32500000000000001110223024625156540424,0.99717503703774244262429873499287992499,0.0,0.0027223127463917604265381414399667348974,0.0004126428666339490575260120803562680168
0.33000000000000001554312234475219156593,0.99725664744039223270019503024328625218,0.0,0.0026437198339316473604850763790252684479,0.00040958876531037704842596626687127721799
0.33500000000000001998401444325281772763,0.99733248210945468509929504279392829289,0.0,0.0025704788839633724166690683867820736293,0.00040653464532137544292103943582927281107
0.34000000000000002442490654175344388932,0.99740476724848022098862874191646535129,0.0,0.002500873197024386670275837542681886317,0.00040348050666677312717622203983443227375
0.34499999999999997335464740899624302983,0.99747323544149482794664235482637341525,0.0,0.0024347069563862574188536456187779558676,0.00040042634934639901917299631491767199181
0.34999999999999997779553950749686919153,0.99753748463975340334014949600044673823,0.0,0.0023728466463353783846431779218810801688,0.00039737217336008193307726597552556893723
0.35499999999999998223643160599749535322,0.99759911767277945923476335660394228268,0.0,0.0023135043684254081705365190137435883408,0.0003943179787076507826870709281375528125
0.35999999999999998667732370449812151492,0.99765752425067495968096606101624898478,0.0,0.0022570074370930707812879865146111958526,0.00039126376538893444580093143037577522936
0.36499999999999999111821580299874767661,0.99771259020743315110241950026235775235,0.0,0.0022039959057014429582080284110522721871,0.00038820953340376179812567029479317298155
0.36999999999999999555910790149937383831,0.9977655798361866010647894829983193632,0.0,0.0021529826247869928158217404651677145124,0.00038515528275196171327638092917205379356
0.375,0.99781648306754418192185567453421522394,0.0,0.0021038796886959743767369021570404902954,0.00038210101343336306277639537623669350261
0.38000000000000000444089209850062616169,0.99786400006015295117539259504332650123,0.0,0.0020579429553554101253232874792695358404,0.00037904672544779471605725235277993216361
0.38500000000000000888178419700125232339,0.99790986303648080531425235999388046292,0.0,0.002013798103742141421831801824942276758,0.00037599241879508554045866528820375652356
0.39000000000000001332267629550187848508,0.99795413852145628648285725985137984684,0.0,0.00197118085391094902526353664945868971,0.00037293809347506440122849036247385632547
0.39500000000000001776356839400250464678,0.99799653826965176433836428803249874984,0.0,0.0019300297165051291646582083258643679794,0.00036988374948756016152269454348814193785
0.40000000000000002220446049250313080847,0.99803642497801508901730870953073874173,0.0,0.0018916418341693018035182472059396907099,0.00036682938683240168240532362385921072747
0.40500000000000002664535259100375697017,0.99807504196126481820984977744080192222,0.0,0.0018544794276335983967624325262914580588,0.0003637750055094178228484702571107496812
0.40999999999999997557509345824655611068,0.99811243549018001781102033731601796382,0.0,0.0018184941980033886883734454729930087136,0.00036072060551843747364299758613193255262
0.41499999999999998001598555674718227237,0.99814865016629426603338519820255002547,0.0,0.0017836431612688416345163963113610038049,0.00035766618685928942175569216607116279917
0.41999999999999998445687765524780843407,0.99818262707879206381505093074417315373,0.0,0.0017505426011744199414594792909807974833,0.00035461174953180255379314378000139658305
0.42499999999999998889776975374843459576,0.99821541834889699764540965141582202515,0.0,0.0017189952755723302271964679836810994956,0.00035155729353580572035931287533301454901
0.42999999999999999333866185224906075746,0.99824726357944813661073588900467110121,0.0,0.0016883581824558550132701431429930317392,0.00034850281887112776996604693257810468903
0.43499999999999999777955395074968691915,0.99827819363951992638430127947783657213,0.0,0.0016586015481349315443412926135619942167,0.00034544832553759754903304849803021906069
0.44000000000000000222044604925031308085,0.99830823842508514121878326913846849725,0.0,0.0016296965423958447097068570933307483139,0.0003423938135350439018878432158579789671
0.44500000000000000666133814775093924254,0.99833646368946388676489462522988424507,0.0,0.0016020400585423285520434455335301255273,0.00033933928286329567076574785961251606583
0.45000000000000001110223024625156540424,0.99836373440432137373986594620277152285,0.0,0.0015758136040693111036188599947054125319,0.00033628473352218169580983836314873686748
0.45500000000000001554312234475219156593,0.99839029676640061537041360755393048341,0.0,0.0015502687350257488153621652102044705536,0.00033323016551153081507091785096039807568
0.46000000000000001998401444325281772763,0.99841617110390223275822419641142333827,0.0,0.0015253858176346709741505681604697802523,0.00033017557883117186450748466792898024678
0.46500000000000002442490654175344388932,0.99844137720360196276470141673291059502,0.0,0.0015011457449682387399896617201720320484,0.00032712097348093367798570040848634721172
0.46999999999999997335464740899624302983,0.99846582485683946339780919679989027975,0.0,0.0014775299254490319410815410726928407343,0.00032406634946064512119260077439829940418
0.47499999999999997779553950749686919153,0.99848868130386123253014373817069543081,0.0,0.0014549976175271546683396475288795185012,0.00032101170677013495598329956797514704456
0.47999999999999998223643160599749535322,0.99851100964545531053608686793772501713,0.0,0.0014335353005673023239395916595538873898,0.00031795704540923204385979185047219515495
0.48499999999999998667732370449812151492,0.99853282282406446778742988929759089003,0.0,0.0014125688355784079856657826218107003636,0.00031490236537776521031857249442473457632
0.48999999999999999111821580299874767661,0.99855413350711267412620188485653141788,0.0,0.0013920859569080916050915010734531254276,0.00031184766667556327876363975893808413042
0.49499999999999999555910790149937383831,0.99857495409116016855327633281746893822,0.0,0.0013720746641350291712979710346521490962,0.00030879294930245507050646331533270131224
0.50,0.99859529670603147609583022183272774821,0.0,0.001352523217949859960653854300119468342,0.00030573821325826940476595227220299092764
0.50500000000000000444089209850062616169,0.99861440221734359788661986630049387661,0.0,0.0013334201360648883389998038418763842121,0.00030268345854283509866842319988979918663
0.51000000000000000888178419700125232339,0.99863284626779424097937422344590539105,0.0,0.0013155086876173332118547463130786938928,0.00029962868515598096724756815436658068748
0.51500000000000001332267629550187848508,0.99865091951247936735278495291173265361,0.0,0.0012981487846882071064420432494123160216,0.00029657389309753582344442270053922574664
0.52000000000000001776356839400250464678,0.9986686293856919579638874766499332883,0.0,0.0012811389904689695621241046054283752654,0.00029351908236732847810733393495953552918
0.52500000000000002220446049250313080847,0.99868598320736629003561189481165605158,0.0,0.0012644721811458442881364196345112468366,0.00029046425296518773999192850795233245913
0.53000000000000002664535259100375697017,0.99870298818397969054756767485181105144,0.0,0.0012481413453465907475109767341998782991,0.00028740940489094241576108064515619333243
0.53500000000000003108624468950438313186,0.99871963727667234935183157835950040081,0.0,0.0012321395832095677762840829243943592383,0.00028435453814442130998488016847779260707
0.54000000000000003552713678800500929356,0.99873489571454771019424763816366373675,0.0,0.0012164601054504895879341074877185170967,0.00028129965272545322514060051645984332997
0.54500000000000003996802888650563545525,0.99874989721649837256011985627138855101,0.0,0.0012016454667011332512348252455926413361,0.00027824474863386696161266676406262313276
0.55000000000000004440892098500626161695,0.99876464557258187460848610449276490893,0.0,0.0011874899766711146993006607008328302984,0.00027518982586949131769262364185907278259
0.55500000000000004884981308350688777864,0.99877914454147067709868066282030758159,0.0,0.0011735755866249254076610677033714030427,0.0002721348844321550895791035546434547154
0.56000000000000005329070518200751394033,0.99879339785041978778290829066176554425,0.0,0.0011598986271322638749472020024542958169,0.00026907992432168707137779459945355901629
0.56499999999999994670929481799248605967,0.99880740919523489867383386679796367473,0.0,0.0011464554608270935203437516098496340595,0.00026602494553791612293577160926172761314
0.56999999999999995115018691649311222136,0.99882044659736001567191386014732171092,0.0,0.0011332424824293485347491130609516596099,0.00026296994808067089850442670112412626645
0.57499999999999995559107901499373838305,0.99883274587517279847216857803618896789,0.0,0.0011202561187661512193314208178686962182,0.00025991493194978025374437154481348868334
0.57999999999999996003197111349436454475,0.99884488597099889730356195441108124055,0.0,0.0011079609794851743270115369014587780773,0.00025685989714507297438919717483433165804
0.58499999999999996447286321199499070644,0.99885686820390618381082347169724637643,0.0,0.0010964581478840417494379249578561567417,0.00025380484366637784407939039924850212438
0.58999999999999996891375531049561686814,0.99886869389352335599764056710203313273,0.0,0.0010851082395995021040737635611148807699,0.00025074977151352364436230181417840432509
0.59499999999999997335464740899624302983,0.99888002838630765772421168668455550172,0.0,0.001073909916551663623311765934561535085,0.00024769468068633915469211381772368661331
0.59999999999999997779553950749686919153,0.99888967927018298488273561598399323391,0.0,0.0010628618404008925258386437542971180468,0.00024463957118465315242980862329137530864
0.60499999999999998223643160599749535322,0.99889925718203253210755301676484355016,0.0,0.0010519626725518653684739448444742008289,0.00024158444300829441284313627233944308849
0.60999999999999998667732370449812151492,0.99890876210666540864895118573256381077,0.0,0.0010419450278009183162905643960242487899,0.00023852929615709170910658264653379932863
0.61499999999999999111821580299874767661,0.9989181940289225339893422308782194639,0.0,0.0010328277097049152693343090621202871862,0.0002354741306308738123013374793186898833
0.61999999999999999555910790149937383831,0.99892699646044948126143663522055540914,0.0,0.0010237841165485951155716955760119850934,0.00023241894642946949141526236690049372125
0.625,0.99893302421861361120255777691484615968,0.0,0.0010148142523410246572866917188652424068,0.00022936374355270751334285877864490389288
0.63000000000000000444089209850062616169,0.99893905258089551107903692982035772135,0.0,0.001007595134398697506242947367125203828,0.00022630852200041664288523606688748026111
0.63500000000000000888178419700125232339,0.99894508154730619122657359086395552285,0.0,0.001001522600539716466826647003231059889,0.00022325328177242564275007947615756145249
0.64000000000000001332267629550187848508,0.99895111111785666259998995285796244123,0.0,0.00099544999285456528867251063851235752373,0.00022019802286856327355161815181552348151
0.64500000000000001776356839400250464678,0.99895714129255793677324977190025224234,0.0,0.00098937731134189766314195491555708959155,0.00021714274528865829381059314810337248761
0.65000000000000002220446049250313080847,0.9989631720714210259394772354624950072,0.0,0.00098330455600036724886079671202595612261,0.0002140874490325394599542254356086590393
0.65500000000000002664535259100375697017,0.99896920345445694291097583116658383565,0.0,0.00097723172682862767171825817377086172402,0.0002110321341000355263161839081417014552
0.66000000000000003108624468950438313186,0.9989752354416767011192472162492721354,0.0,0.00097115882382533252486597171166392557895,0.00020797680049097524513655338902610558281
0.66500000000000003552713678800500929356,0.99898126803309131461501008771505069747,0.0,0.00096508584698913536871698496213545979392,0.0002049214482051873665618026368025684881
0.67000000000000003996802888650563545525,0.99898730122871179806821905317729400079,0.0,0.00095901279631868973094476571141937192073,0.00020186607724250063864475235034595350425
0.67500000000000004440892098500626161695,0.99899333502854916676808350238770484558,0.0,0.00095293967181264910648220678350444721071,0.00019881068760274380734454317339562408106
0.68000000000000004884981308350688777864,0.99899936943261443662308647945408671815,0.0,0.00094686647346966695752063089178996622874,0.00019575527928574561652660369849902388646
0.68500000000000005329070518200751394033,0.99900540444091862416100355574647324797,0.0,0.00094079320128839671350879545444411332,0.0001926998522913348079626184703684906026
0.68999999999999994670929481799248605967,0.99900573899066308129490270035466639831,0.0,0.0009347198552674919060080889465411661629,0.00018964440661934018917522606355118024163
0.69499999999999995115018691649311222136,0.99900570797925532759231511091627258796,0.0,0.0009286464354056056292684089646143856603,0.00018658894226959036205948151639026896917
0.69999999999999995559107901499373838305,0.99900567696784757388972752147787877837,0.0,0.00092257294170139134935939755917013725937,0.00018353345924191412994996059169104081438
0.70499999999999996003197111349436454475,0.99900564595643982018713993203948496877,0.0,0.00091649937415350236474959839503878768049,0.00018047795753614022624305166465782852128
0.70999999999999996447286321199499070644,0.99900561494503206648455234260109115917,0.0,0.0009104257327605919411600133740994499369,0.00017742243715209738224123907064199388159
0.71499999999999996891375531049561686814,0.99900558393362431278196475316269734882,0.0,0.00090435201752131331156310723282269826685,0.00017436689808961432715307110497788007053
0.71999999999999997335464740899624302983,0.99900555292221655907937716372430353923,0.0,0.00089827822843431967618181210350526035339,0.00017131134034851978809312802223190978597
0.72499999999999997779553950749686919153,0.99900552191080880537678957428590972963,0.0,0.00089220436549826420248853203919514173207,0.00016825576392864249008199003486481665396
0.72999999999999998223643160599749535322,0.99900549089940105167420198484751592003,0.0,0.00088613042871180002520414750230563717336,0.00016520016882981115604620531130699732524
0.73499999999999998667732370449812151492,0.99900545988799329797161439540912211044,0.0,0.00088005641807358024629701981691668384604,0.0001621445550518545068182579734469717174
0.73999999999999999111821580299874767661,0.99900542887658554426902680597072830009,0.0,0.00087398233358225793498199558476201089256,0.00015908892259460126113653609353293884444
0.74499999999999999555910790149937383831,0.99900539786517779056643921653233449049,0.0,0.0008679081752364861277194110649005400587,0.00015603327145788013564529969048741567295
0.75,0.99900536685377003686385162709394068089,0.0,0.00086183394303491782821409651707049185456,0.00015297760164151984489464872563494644761
0.75500000000000000444089209850062616169,0.9990053358423622831612640376555468713,0.0,0.00085575963697620600741438050872465175882,0.00014992191314534910134049109784286993178
0.76000000000000000888178419700125232339,0.99900530483095452945867644821715306095,0.0,0.00084968525705900360351109418574525078844,0.00014686620596919661534451063807513200388
0.76500000000000001332267629550187848508,0.99900527381954677575608885877875925135,0.0,0.00084361080328196352193657550683691476871,0.00014381048011289109517413510335913104232
0.77000000000000001776356839400250464678,0.99900524280813902205350126934036544176,0.0,0.00083753627564373863536367344159613650455,0.00014075473557626124700250417016558355748
0.77500000000000002220446049250313080847,0.99900521179673126835091367990197163216,0.0,0.00083146167414298178370475213225572504837,0.00013769897235913577490843742720139749245
0.78000000000000002664535259100375697017,0.99900518078532351464832609046357782256,0.0,0.00082538699877834577411069501910268606186,0.0001346431904613433808764023676155406482
0.78500000000000003108624468950438313186,0.99900514977391576094573850102518401297,0.0,0.00081931224954848338096990892956798736432,0.00013158738988271276479648238061789166148
0.79000000000000003552713678800500929356,0.99900511876250800724315091158679020337,0.0,0.00081323742645204734590732813098666352505,0.00012853157062307262446434474251106098673
0.79500000000000003996802888650563545525,0.99900508775110025354056332214839639377,0.0,0.00080716252948769037778341834702671337515,0.00012547573268225165558120860713516931043
0.80000000000000004440892098500626161695,0.99900505673969249983797573271000258342,0.0,0.00080108755865406515269318073778524421248,0.00012241987606007855175381299572557084647
0.80500000000000004884981308350688777864,0.99900502572828474613538814327160877383,0.0,0.00079501251394982431396515584355031639576,0.00011936400075638200449438478618350894495
0.81000000000000005329070518200751394033,0.99900499471687699243280055383321496423,0.0,0.00078893739537362047216042749222694196643,0.00011630810677099070322060670175969145576
0.81499999999999994670929481799248605967,0.99900496370546923873090155597310514762,0.0,0.00078286220292410633996881756849293957981,0.00011325219410373340311068479945328798993
0.81999999999999995115018691649311222136,0.99900493269406148502831396653471133803,0.0,0.00077678693659993419262076661816190403548,0.00011019626275443865368333328277419598981
0.82499999999999995559107901499373838305,0.99900490168265373132572637709631752843,0.0,0.0007707115963997566772645619792695906756,0.00010714031272293520592709501489556695766
0.82999999999999996003197111349436454475,0.99900487067124597762313878765792371883,0.0,0.00076463618232222627338149897767848499226,0.00010408434400905174088115597555972232373
0.83499999999999996447286321199499070644,0.99900483965983822392055119821952990848,0.0,0.00075856069436599542768043521890619905302,0.00010102835661261693748999792446968148711
0.83999999999999996891375531049561686814,0.99900480864843047021796360878113609889,0.0,0.00075248513252971655409679427750391610714,9.797235053345947260336638644999190384e-05
0.84499999999999997335464740899624302983,0.99900477763702271651537601934274228929,0.0,0.00074640949681204203379156935008816246783,9.4916325771408020976238636020390986663e-05
0.84999999999999997779553950749686919153,0.99900474662561496281278842990434848045,0.0,0.00074033378721162421515032687202435970505,9.1860282326291255268791681382287261082e-05
0.85499999999999998223643160599749535322,0.9990047156142072091102008404659546701,0.0,0.00073425800372711541378221009776061006994,8.8804220197937846046370247818048206853e-05
0.85999999999999998667732370449812151492,0.9990046846027994554076132510275608605,0.0,0.00072818214635716791251894264481016806278,8.5748139386176461779454760503082224869e-05
0.86499999999999999111821580299874767661,0.9990046535913917017050256615891670509,0.0,0.00072210621510043396141383200138105090812,8.2692039890835768843629326730702163429e-05
0.86999999999999999555910790149937383831,0.99900462257998394800243807215077324131,0.0,0.00071603020995556577774077299765124066269,7.963592171174443151954971754975783894e-05
0.875,0.99900459156857619429985048271237943096,0.0,0.00070995413092121554599325124068793062764,7.6579784848731111992911348815024984856e-05
0.88000000000000000444089209850062616169,0.99900456055716844059726289327398562136,0.0,0.00070387797799603541788334651300926859901,7.3523629301624470354417261650338062433e-05
0.88500000000000000888178419700125232339,0.99900452954576068689467530383559181176,0.0,0.00069780175117867751234073613478704948414,7.0467455070253164599746102324454371411e-05
0.89000000000000001332267629550187848508,0.99900449853435293319208771439719800217,0.0,0.00069172545046779391551169828968880969283,6.7411262154445850629520101539636890719e-05
0.89500000000000001776356839400250464678,0.99900446752294517948950012495880419182,0.0,0.00068564907586203668075811531435777562826,6.4355050554031182249273053132943281897e-05
0.90000000000000002220446049250313080847,0.99900443651153742578691253552041038222,0.0,0.00067957262736005782865647695152911858219,6.1298820268837811169418292190208491301e-05
0.90500000000000002664535259100375697017,0.99900440550012967208432494608201657263,0.0,0.00067349610496050934699688356678096822353,5.8242571298694387005216672572708383547e-05
0.91000000000000003108624468950438313186,0.99900437448872191838173735664362276303,0.0,0.00066741950866204319078204932891863675693,5.518630364342955727674454385649183437e-05
0.91500000000000003552713678800500929356,0.99900434347731416467914976720522895343,0.0,0.00066134283846331128222630535399050584885,5.2130017302871967408861727684368722424e-05
0.92000000000000003996802888650563545525,0.99900431246590641097656217776683514308,0.0,0.00065526609436296551075460281293402827636,4.9073712276850260731179493530541244572e-05
0.92500000000000004440892098500626161695,0.99900428145449865727397458832844133349,0.0,0.00064918927635965773300151600285029616251,4.6017388565193078478028533877865991755e-05
0.93000000000000004884981308350688777864,0.99900425044309090357138699889004752389,0.0,0.00064311238445203977281024538190562764501,4.2961046167729059788426938807734212193e-05
0.93500000000000005329070518200751394033,0.99900421943168314986879940945165371429,0.0,0.00063703541863876342123162056785862372859,3.9904685084286841706048170002557698185e-05
0.93999999999999994670929481799248605967,0.99900418842027539616690041159154389844,0.0,0.00063095837891848057146131222319046580526,3.6848305314695127044660337350592510402e-05
0.94499999999999995115018691649311222136,0.99900415740886764246431282215315008884,0.0,0.00062488126528984267908764039907670260682,3.3791906858782412926623880592068030066e-05
0.94999999999999995559107901499373838305,0.99900412639745988876172523271475627849,0.0,0.00061880407775150157171490766224901059521,3.0735489716377397974442599770721489373e-05
0.95499999999999996003197111349436454475,0.99900409538605213505913764327636246889,0.0,0.00061272681630210890921448952656162900876,2.7679053887308710850091171249624708893e-05
0.95999999999999996447286321199499070644,0.9990040643746443813565500538379686593,0.0,0.00060664948094031631866040511242422241791,2.4622599371404978120039504193943848606e-05
0.96499999999999996891375531049561686814,0.9990040333632366276539624643995748497,0.0,0.00060057207166477539432831992704924097415,2.1566126168494824255220711048795048211e-05
0.96999999999999997335464740899624302983,0.99900400235182887395137487496118103935,0.0,0.00059449458847413769769454860831391088574,1.85096342784068716309990774296176974e-05
0.97499999999999997779553950749686919153,0.99900397134042112024878728552278722976,0.0,0.00058841703136705475743505763223530631589,1.5453123700969740527138031425052762088e-05
0.97999999999999998223643160599749535322,0.99900394032901336654619969608439342016,0.0,0.00058233940034217806942446798405695373847,1.2396594436012049127768112312313596809e-05
0.98499999999999998667732370449812151492,0.99900390931760561284361210664599961056,0.0,0.00057626169539815909673505779294541974348,9.3400464833624135213549386850366699204e-06
0.98999999999999999111821580299874767661,0.99900387830619785914102451720760580021,0.0,0.00057018391653364926963576493029533320742,6.2834798428494477006671759935996294265e-06
0.99499999999999999555910790149937383831,0.99900384729479010543843692776921199062,0.0,0.00056410606374729998559118957164129267413,3.2268945143017635627445034978941368682e-06
1.0,0.99900381628338235173584933833081818102,0.0,0.00055802813703776260926059672217510971189,1.7029049754797090886558063254089637378e-07
