value,sup,dur,Y,S
0.0,8.2066703180748318136483688871510043429e-77,108.0,0.99608517062250971376375689442954661903,0.26945857525651123824616849868608101657
0.0050000000000000001040834085586084256647,6.159848834853507726413492845355466809e-76,108.0,0.99610424591676639541162028674641746819,0.26337770759492128761100165545544479761
0.010000000000000000208166817117216851329,5.0927145113952026434647109667325310623e-75,107.0,0.99611278330210055532301906763252211013,0.25725096888407516203017466670147747931
0.014999999999999999444888487687421729788,4.6776494671767870159834416801222586714e-74,106.0,0.99610979277080784685798127222694901724,0.25107005190562795913158734601396007809
0.020000000000000000416333634234433702659,4.8192248160495317123766819517444002223e-73,105.0,0.99609419736484474269830818630789342076,0.24481823445422074670979488513835348125
0.02500000000000000138777878078144567553,5.629673365138618884201835504916105812e-72,104.0,0.99606481491400017657481243369424512439,0.2384703140302782001238949446663607351
0.029999999999999998889776975374843459576,7.5477888527809605485663248936681407254e-71,102.0,0.9960203336571437090629025699120209236,0.23202440674804264163896463488272599883
0.035000000000000003330669073875469621271,1.1774414236893116646446984569873602919e-69,101.0,0.99595928011677620221622739237744085856,0.22562741258368209331111593259289391823
0.040000000000000000832667268468867405318,2.1706024554179997832086948427556216416e-68,100.0,0.99587998674603843564693620887495364607,0.21903297032339729412398862963248429408
0.044999999999999998334665463062265189365,4.8127844620454156541646487339291845905e-67,98.0,0.99578065333025027765792668321175551315,0.21248691229248570830605677228155659764
0.050000000000000002775557561562891351059,1.3095246324547095257469482522006905416e-65,97.0,0.99565880198235887879035054605688935115,0.20579765460897766080508581240022223395
0.055000000000000000277555756156289135106,4.4742647813649336400139263461049103906e-64,95.0,0.99551167321164131486952404576065616411,0.19902529924209845348438423120846798572
0.059999999999999997779553950749686919153,1.9710988627569426258510085006881986925e-62,93.0,0.99533591025400542897407157263649332593,0.19219728735654749308980711265043382294
0.065000000000000002220446049250313080847,1.1543824578952641744089032892239480153e-60,92.0,0.99512783983357977921069738758565084874,0.1853085356374611665864757049460455055
0.070000000000000006661338147750939242542,9.312542033253124523989320771082336687e-59,89.0,0.99488216979930616608387414404701867118,0.17832210904011607383382113438125857834
0.074999999999999997224442438437108648941,1.0786472084770880933959447945898200057e-56,87.0,0.99459272661886476618523425353472219584,0.17124182967046052264816442536412604872
0.080000000000000001665334536937734810635,1.8834120601277952837543473822035254679e-54,85.0,0.99425196279303662218762354376415520922,0.1640642300678162553873155530911991193
0.08500000000000000610622663543836097233,5.2511746660368708404691623594343384935e-52,82.0,0.99385076276974680352624360503289301978,0.15683447627510434977727510420456452731
0.089999999999999996669330926124530378729,2.5029360608112301732582939003695618546e-49,79.0,0.99337689905214521530478516129299380957,0.14952643309418172755444240425998737505
0.095000000000000001110223024625156540424,2.2117250355616737283482975484523550418e-46,76.0,0.99281426594970299104404776173636899744,0.14209771262060228017733968342456216548
0.10000000000000000555111512312578270212,3.9879786419813412266342912965031555247e-43,72.0,0.99213403272711269707257536758882888582,0.13458909977560352967627855569804641735
0.10499999999999999611421941381195210852,1.6405537843913243075437761540637094637e-39,68.0,0.99121225221044766426256037980160408316,0.1269687200707614674221544373147073899
0.11000000000000000055511151231257827021,1.7434221163646228624995769013355140757e-35,63.0,0.98986842309775683097538621675259700709,0.11926643910666960579383547632130956578
0.11500000000000000499600361081320443191,5.4117432967378279267619802664801198128e-31,58.0,0.98777282292955078355327486889689239113,0.11145121976393856200210973911055500271
0.11999999999999999555910790149937383831,5.3166639327931980814193549371942098331e-26,51.0,0.98426003899032148045858503736820986192,0.10352887435798361870425683347104773614
0.125,1.5512149555466191460104336936478327677e-20,44.0,0.97792997455333547663427047750151065895,0.095489193455557105505021615399369882632
0.13000000000000000444089209850062616169,8.8715845728266141526020193455753484601e-15,35.0,0.96578564620258221834640697583642043804,0.08734280215643662821538995123544668469
0.13500000000000000888178419700125232339,3.3615666091825007491756761513475187547e-09,25.0,0.94163483716210508942051424747329784256,0.079066565407701956768838233407592063948
0.14000000000000001332267629550187848508,0.00011236355326960440585986054196856285923,11.0,0.89410291306270166082573296973105384771,0.069664760126635962985485772110048934592
0.14499999999999999000799277837359113619,0.028128793607601020008646795880969200425,0.0,0.80701333592108033880162634419400621825,0.05447119321992246338866637637009277758
0.14999999999999999444888487687421729788,0.17451581873605448715454235813894780516,0.0,0.66885593731205144122792602512112806157,0.036627126876522302127313445953464140035
0.15499999999999999888977697537484345958,0.38945865114146261155351136874187679433,0.0,0.49274170351371848409157203221231402651,0.021045032186100852950764925540694162438
0.16000000000000000333066907387546962127,0.60210208940266834585699619155372597176,0.0,0.32046797446165103651519756786294619403,0.01056178736438023811972456828983985383
0.16500000000000000777156117237609578297,0.76400280305262442404174317692727927914,0.0,0.18940046639226243733849343390005992123,0.0048204168514719915793674707772150295094
0.17000000000000001221245327087672194466,0.86645384055190830867329244885456805022,0.0,0.10664744712878498941252644692050019488,0.0020765641647676014517297201111037002694
0.17499999999999998889776975374843459576,0.92470995053267301787435802408044791733,0.0,0.059795228048413719151727762130399839537,0.00086555230009638761096783522268268010823
0.17999999999999999333866185224906075746,0.95633603379410352152617649462294635155,0.0,0.034495967437050097252557840487190064509,0.00050268413880456367288618614781645387798
0.18499999999999999777955395074968691915,0.97173133096314470423209637271795536233,0.0,0.022300165215305064117474355208365597622,0.00049815012622420546947845285638290988896
0.19000000000000000222044604925031308085,0.97848482194323157121546340733693612504,0.0,0.016971237198571984118460704131391524866,0.00049509654746319843346798988805493642279
0.19500000000000000666133814775093924254,0.98242033172093627731157961798025307379,0.0,0.01386623750095268513885132583721860577,0.00049204295004155213938537914120657963663
0.20000000000000001110223024625156540424,0.98505077650322962418375496110732911704,0.0,0.011791131159867155298849853439561008068,0.00048898933395909553194658789922736425139
0.20499999999999998778754672912327805534,0.98695161605530561536257868661406632808,0.0,0.010291679916145523049502564613672927201,0.00048593569921565757072803820130123006087
0.20999999999999999222843882762390421703,0.98839845615594122449774603001622866968,0.0,0.0091503117771533548584088697830228802157,0.00048288204581106716236215929314904487096
0.21499999999999999666933092612453037873,0.98954081844572815606655994319371567906,0.0,0.0082491795942820875282291174357459629922,0.00047982837374515326224382371286745361636
0.22000000000000000111022302462515654042,0.99046835725635344981570898340857424879,0.0,0.0075181806577146430912723624257679828954,0.00047677468301774480672610691996155775792
0.22500000000000000555111512312578270212,0.99123731359746558780431822442260240746,0.0,0.0069112380628051898985317457874208569883,0.00047372097362867073007128156264637224146
0.23000000000000000999200722162640886381,0.99188646874972806510051272569520719011,0.0,0.006399542465224228422837449950655132664,0.00047066724557775996445078553454800281625
0.23499999999999998667732370449812151492,0.99244233903262678946717123291763870722,0.0,0.0059610767124153496820778860684570935764,0.00046761349886484145689694138889013491857
0.23999999999999999111821580299874767661,0.99292461034105035293225223831909390966,0.0,0.0055809301206354296568280481215316035146,0.00046455973348974410149602255811808874827
0.24499999999999999555910790149937383831,0.99334586806088630028569137856494518927,0.0,0.0052480786165984818491243374507671726918,0.00046150594945229684109841876908451111328
0.25,0.99371923475750232424880664397655128752,0.0,0.0049542014149329457221765298695254893984,0.00045845214675232859951190945235871389358
0.25500000000000000444089209850062616169,0.99405050722372083127263314178979951068,0.0,0.004692679385454422944315267231897920601,0.00045539832538966829845327955864217034529
0.26000000000000000888178419700125232339,0.99434775279375555351326271429859516441,0.0,0.0044580871698883766035589503463852660343,0.00045234448536414485754828761195567832319
0.26500000000000001332267629550187848508,0.99461589672362558990585127625403434254,0.0,0.0042465607594425614927785860036937570832,0.0004492906266755871943316337622408106324
0.27000000000000001776356839400250464678,0.99485903967830271847120379435723487259,0.0,0.0040548537037772794313535816149783652631,0.00044623674932382422424692783737564000469
0.27500000000000002220446049250313080847,0.995080660646136625679845719828572288,0.0,0.0038802148846143921380201736842804628228,0.00044318285330868486064665739460472613284
0.28000000000000002664535259100375697017,0.9952837410164313099996488884877461497,0.0,0.0037202900974047660931383757242054398653,0.00044012893862999801479215577138335227908
0.28499999999999997557509345824655611068,0.99546951920112949145967322264134239512,0.0,0.0035730416372952052980236383004986735714,0.00043707500528759262975914486480914316072
0.28999999999999998001598555674718227237,0.99564085749400048368016138995089047961,0.0,0.0034381099187076334570386189793406468206,0.00043402105328129754481561147635231284693
0.29499999999999998445687765524780843407,0.99580004249664079079901797696527284483,0.0,0.0033130037914595168250089363344170051443,0.0004309670826109416988546021026306076949
0.29999999999999998889776975374843459576,0.99594706459507820250714569923457017548,0.0,0.0031963092925941625988923465721175092427,0.00042791309327635399477251369866914692962
0.30499999999999999333866185224906075746,0.99608405675763842555217504466615416329,0.0,0.0030887956197965858033789077504071965305,0.00042485908527736333337442924513826107987
0.30999999999999999777955395074968691915,0.99621213326023884586922843839763193373,0.0,0.002987493729952779446912437918131080568,0.00042180505861379861337408579568296275064
0.31500000000000000222044604925031308085,0.99633141337697179416031732538006969988,0.0,0.0028936691799378578937285180752659095746,0.00041875101328548873139384252366657926289
0.32000000000000000666133814775093924254,0.99644368836695457743712677744280176419,0.0,0.0028047671338350913579297487956830639158,0.00041569694929226258196464876832853457825
0.32500000000000001110223024625156540424,0.99654881791585582975905167834835395134,0.0,0.0027223127463917604265381414399667348621,0.0004126428666339490575260120803562680168
0.33000000000000001554312234475219156593,0.99664776656377024357723853662734093467,0.0,0.0026437198339316473604850763790252684215,0.00040958876531037704842596626687127721726
0.33500000000000001998401444325281772763,0.996741644553586389357179663573015421,0.0,0.0025704788839633724166690683867820736381,0.00040653464532137544292103943582927281071
0.34000000000000002442490654175344388932,0.99682922629397875351645175486707726975,0.0,0.0025008731970243866702758375426818863023,0.00040348050666677312717622203983443227375
0.34499999999999997335464740899624302983,0.99691304143242014721549281529709323879,0.0,0.002434706956386257418853645618777955844,0.00040042634934639901917299631491767199144
0.34999999999999997779553950749686919153,0.99699205685736906115926076542400625521,0.0,0.0023728466463353783846431779218810801688,0.00039737217336008193307726597552556893686
0.35499999999999998223643160599749535322,0.99706670313041761412600742659080594398,0.0,0.0023135043684254081705365190137435883643,0.00039431797870765078268707092813755281176
0.35999999999999998667732370449812151492,0.99713837171651115273452223145991443082,0.0,0.0022570074370930707812879865146111958467,0.00039126376538893444580093143037577522936
0.36499999999999999111821580299874767661,0.99720622691149365155006692869000330355,0.0,0.0022039959057014429582080284110522721783,0.00038820953340376179812567029479317298118
0.36999999999999999555910790149937383831,0.99727035879726207752681429300655840429,0.0,0.0021529826247869928158217404651677145035,0.00038515528275196171327638092917205379319
0.375,0.99733212280679686212676648060474934946,0.0,0.0021038796886959743767369021570404902895,0.00038210101343336306277639537623669350224
0.38000000000000000444089209850062616169,0.99739162106165292672286625726585230609,0.0,0.0020579429553554101253232874792695358286,0.00037904672544779471605725235277993216361
0.38500000000000000888178419700125232339,0.99744716242462524213390331486524195446,0.0,0.0020137981037421414218318018249422767639,0.00037599241879508554045866528820375652319
0.39000000000000001332267629550187848508,0.9975007179574816461936015745321415863,0.0,0.0019711808539109490252635366494586897129,0.0003729380934750644012284903624738563251
0.39500000000000001776356839400250464678,0.99755245952475119569952785991996864475,0.0,0.0019300297165051291646582083258643679691,0.00036988374948756016152269454348814193748
0.40000000000000002220446049250313080847,0.9976024585857888726634914824980994095,0.0,0.0018916418341693018035182472059396907041,0.00036682938683240168240532362385921072711
0.40500000000000002664535259100375697017,0.99764922229410642193491429606695281519,0.0,0.0018544794276335983967624325262914580559,0.0003637750055094178228484702571107496812
0.40999999999999997557509345824655611068,0.99769440474531116757546466612565456444,0.0,0.0018184941980033886883734454729930087166,0.00036072060551843747364299758613193255225
0.41499999999999998001598555674718227237,0.99773818798192354950749719894042362752,0.0,0.0017836431612688416345163963113610038137,0.00035766618685928942175569216607116279844
0.41999999999999998445687765524780843407,0.99778062188674829537060430580172422863,0.0,0.0017505426011744199414594792909807974935,0.00035461174953180255379314378000139658305
0.42499999999999998889776975374843459576,0.99782130398749003208362028735504253592,0.0,0.0017189952755723302271964679836810994824,0.00035155729353580572035931287533301454901
0.42999999999999999333866185224906075746,0.99785971372753458893204436467394867164,0.0,0.0016883581824558550132701431429930317216,0.00034850281887112776996604693257810468903
0.43499999999999999777955395074968691915,0.99789704215339023583773858817294475001,0.0,0.0016586015481349315443412926135619942167,0.00034544832553759754903304849803021906069
0.44000000000000000222044604925031308085,0.99793332368041884849578500047953997124,0.0,0.0016296965423958447097068570933307483036,0.0003423938135350439018878432158579789671
0.44500000000000000666133814775093924254,0.9979685916654305013025406650488560199,0.0,0.0016020400585423285520434455335301255317,0.00033933928286329567076574785961251606546
0.45000000000000001110223024625156540424,0.99800287843491853214479016059451165499,0.0,0.0015758136040693111036188599947054125319,0.00033628473352218169580983836314873686711
0.45500000000000001554312234475219156593,0.99803491022723353507783163735187796017,0.0,0.001550268735025748815362165210204470561,0.00033323016551153081507091785096039807568
0.46000000000000001998401444325281772763,0.99806606986808954902681686994232793814,0.0,0.0015253858176346709741505681604697802478,0.00033017557883117186450748466792898024642
0.46500000000000002442490654175344388932,0.99809644388721495868043613378545267469,0.0,0.0015011457449682387399896617201720320396,0.00032712097348093367798570040848634721172
0.46999999999999997335464740899624302983,0.99812605424111769912211039472042946689,0.0,0.0014775299254490319410815410726928407314,0.00032406634946064512119260077439829940381
0.47499999999999997779553950749686919153,0.99815492231510141384501333396296113534,0.0,0.0014549976175271546683396475288795185218,0.00032101170677013495598329956797514704419
0.47999999999999998223643160599749535322,0.9981830689353259107019622000266342968,0.0,0.0014335353005673023239395916595538874001,0.00031795704540923204385979185047219515495
0.48499999999999998667732370449812151492,0.99820941229873939844933647357533488689,0.0,0.0014125688355784079856657826218107003709,0.00031490236537776521031857249442473457632
0.48999999999999999111821580299874767661,0.99823499930624446239924104445675609745,0.0,0.0013920859569080916050915010734531254232,0.00031184766667556327876363975893808413042
0.49499999999999999555910790149937383831,0.99826001490626438249857829911386639419,0.0,0.0013720746641350291712979710346521490962,0.00030879294930245507050646331533270131187
0.50,0.99828447272521074800761740045126816804,0.0,0.0013525232179498599606538543001194683508,0.00030573821325826940476595227220299092728
0.50500000000000000444089209850062616169,0.99830838610616747879756216267216957202,0.0,0.0013334201360648883389998038418763842135,0.00030268345854283509866842319988979918626
0.51000000000000000888178419700125232339,0.99833176811309842397270089011003118419,0.0,0.0013155086876173332118547463130786938825,0.00029962868515598096724756815436658068748
0.51500000000000001332267629550187848508,0.99835453513292165696113469986730167469,0.0,0.0012981487846882071064420432494123160216,0.00029657389309753582344442270053922574664
0.52000000000000001776356839400250464678,0.99837568207714236883167758168553838944,0.0,0.0012811389904689695621241046054283752757,0.00029351908236732847810733393495953552881
0.52500000000000002220446049250313080847,0.99839641964296548328619821401302048202,0.0,0.0012644721811458442881364196345112468337,0.00029046425296518773999192850795233245876
0.53000000000000002664535259100375697017,0.99841675574066925241406011149645317845,0.0,0.0012481413453465907475109767341998783094,0.00028740940489094241576108064515619333206
0.53500000000000003108624468950438313186,0.99843669816293468945331817228536634534,0.0,0.0012321395832095677762840829243943592383,0.00028435453814442130998488016847779260707
0.54000000000000003552713678800500929356,0.99845625458574183470861535225140373603,0.0,0.0012164601054504895879341074877185170952,0.00028129965272545322514060051645984332961
0.54500000000000003996802888650563545525,0.99847543256926891160240216748834039512,0.0,0.0012016454667011332512348252455926413317,0.00027824474863386696161266676406262313276
0.55000000000000004440892098500626161695,0.9984942395587943003572890578798268604,0.0,0.001187489976671114699300660700832830291,0.00027518982586949131769262364185907278222
0.55500000000000004884981308350688777864,0.99851168047582462600187106369482517212,0.0,0.0011735755866249254076610677033714030456,0.0002721348844321550895791035546434547154
0.56000000000000005329070518200751394033,0.99852855256400677304089649167945235423,0.0,0.0011598986271322638749472020024542958095,0.00026907992432168707137779459945355901629
0.56499999999999994670929481799248605967,0.99854515252250032514215271676952673589,0.0,0.0011464554608270935203437516098496340551,0.00026602494553791612293577160926172761277
0.56999999999999995115018691649311222136,0.99856148423254017704966098139683346184,0.0,0.0011332424824293485347491130609516596099,0.00026296994808067089850442670112412626608
0.57499999999999995559107901499373838305,0.99857755154400731111830922017632998507,0.0,0.0011202561187661512193314208178686962167,0.00025991493194978025374437154481348868334
0.57999999999999996003197111349436454475,0.99859335827539626499016898733224210619,0.0,0.0011079609794851743270115369014587780744,0.00025685989714507297438919717483433165767
0.58499999999999996447286321199499070644,0.99860890821378310933650059413898835409,0.0,0.0010964581478840417494379249578561567388,0.00025380484366637784407939039924850212438
0.58999999999999996891375531049561686814,0.9986238624858160308565370698119837734,0.0,0.0010851082395995021040737635611148807684,0.00025074977151352364436230181417840432509
0.59499999999999997335464740899624302983,0.99863740307651471375714082300653195681,0.0,0.0010739099165516636233117659345615350865,0.00024769468068633915469211381772368661294
0.59999999999999997779553950749686919153,0.99865077767315948916302906399807414936,0.0,0.0010628618404008925258386437542971180439,0.00024463957118465315242980862329137530827
0.60499999999999998223643160599749535322,0.99866398759346112728838752538654013993,0.0,0.0010519626725518653684739448444742008274,0.00024158444300829441284313627233944308831
0.60999999999999998667732370449812151492,0.99867703415569712055207842858241456714,0.0,0.0010419450278009183162905643960242487928,0.00023852929615709170910658264653379932845
0.61499999999999999111821580299874767661,0.99868991867870754227580020578519820205,0.0,0.001032827709704915269334309062120287192,0.00023547413063087381230133747931868988311
0.61999999999999999555910790149937383831,0.9987026424818909394452665649241163551,0.0,0.0010237841165485951155716955760119850948,0.00023241894642946949141526236690049372107
0.625,0.99871520688520025957611691603202383135,0.0,0.0010148142523410246572866917188652424038,0.00022936374355270751334285877864490389269
0.63000000000000000444089209850062616169,0.9987276132091388117258253850585810406,0.0,0.001007595134398697506242947367125203828,0.00022630852200041664288523606688748026111
0.63500000000000000888178419700125232339,0.99873798471410036222871959246480765389,0.0,0.001001522600539716466826647003231059889,0.00022325328177242564275007947615756145212
0.64000000000000001332267629550187848508,0.99874805375219721627153576343017038189,0.0,0.00099544999285456528867251063851235752373,0.00022019802286856327355161815181552348114
0.64500000000000001776356839400250464678,0.99875804982327668232996878100634064263,0.0,0.00098937731134189766314195491555708959008,0.00021714274528865829381059314810337248743
0.65000000000000002220446049250313080847,0.99876797291218713249456334529765134106,0.0,0.00098330455600036724886079671202595612114,0.0002140874490325394599542254356086590393
0.65500000000000002664535259100375697017,0.99877782300380874201076337526191837217,0.0,0.00097723172682862767171825817377086172549,0.00021103213410003552631618390814170145484
0.66000000000000003108624468950438313186,0.99878760008305350180114379394252198912,0.0,0.00097115882382533252486597171166392557895,0.00020797680049097524513655338902610558262
0.66500000000000003552713678800500929356,0.99879730413486523095355023310971755727,0.0,0.00096508584698913536871698496213545979392,0.0002049214482051873665618026368025684881
0.67000000000000003996802888650563545525,0.99880693514421958917512522724685530184,0.0,0.00095901279631868973094476571141937191999,0.00020186607724250063864475235034595350425
0.67500000000000004440892098500626161695,0.9988164930961240892121995360153369343,0.0,0.00095293967181264910648220678350444721071,0.00019881068760274380734454317339562408106
0.68000000000000004884981308350688777864,0.99882597797561810923602730359244034271,0.0,0.00094686647346966695752063089178996622874,0.00019575527928574561652660369849902388628
0.68500000000000005329070518200751394033,0.99883538976777290519434383259837587617,0.0,0.00094079320128839671350879545444411332073,0.0001926998522913348079626184703684906026
0.68999999999999994670929481799248605967,0.9988447284576916229221759562992066994,0.0,0.00093471985526749190600808894654116616217,0.00018964440661934018917522606355118024144
0.69499999999999995115018691649311222136,0.9988518002049554755669971680263338053,0.0,0.0009286464354056056292684089646143856603,0.0001865889422695903620594815163902689688
0.69999999999999995559107901499373838305,0.9988578308536713778196703960134484657,0.0,0.00092257294170139134935939755917013725937,0.00018353345924191412994996059169104081438
0.70499999999999996003197111349436454475,0.99886386210650731276500466197984673693,0.0,0.00091649937415350236474959839503878767975,0.00018047795753614022624305166465782852128
0.70999999999999996447286321199499070644,0.9988698939634742888116614182602955115,0.0,0.0009104257327605919411600133740994499369,0.00017742243715209738224123907064199388159
0.71499999999999996891375531049561686814,0.99887592642458331498737612489179711132,0.0,0.00090435201752131331156310723282269826612,0.00017436689808961432715307110497788007034
0.71999999999999997335464740899624302983,0.99888195948984540093897710815012274721,0.0,0.00089827822843431967618181210350526035413,0.00017131134034851978809312802223190978578
0.72499999999999997779553950749686919153,0.99888799315927155693240441977423454753,0.0,0.00089220436549826420248853203919514173133,0.00016825576392864249008199003486481665378
0.72999999999999998223643160599749535322,0.99889402743287279385272869687862553599,0.0,0.00088613042871180002520414750230563717409,0.00016520016882981115604620531130699732488
0.73499999999999998667732370449812151492,0.99890006231066012320417002255360671716,0.0,0.00088005641807358024629701981691668384531,0.00016214455505185450681825797344697171722
0.73999999999999999111821580299874767661,0.99890609779264455711011678715357067976,0.0,0.00087398233358225793498199558476201089329,0.00015908892259460126113653609353293884444
0.74499999999999999555910790149937383831,0.9989121338788371083131445502732608363,0.0,0.0008679081752364861277194110649005400587,0.00015603327145788013564529969048741567295
0.75,0.99891817056924879017503490341207571822,0.0,0.00086183394303491782821409651707049185456,0.00015297760164151984489464872563494644742
0.75500000000000000444089209850062616169,0.9989242078638906166767943333264375445,0.0,0.00085575963697620600741438050872465175809,0.00014992191314534910134049109784286993141
0.76000000000000000888178419700125232339,0.99893024576277360241867308607025431278,0.0,0.00084968525705900360351109418574525078917,0.00014686620596919661534451063807513200388
0.76500000000000001332267629550187848508,0.99893628426590876262018403172350480769,0.0,0.00084361080328196352193657550683691476871,0.00014381048011289109517413510335913104232
0.77000000000000001776356839400250464678,0.99894232337330711312012152980897566651,0.0,0.00083753627564373863536367344159613650455,0.00014075473557626124700250417016558355729
0.77500000000000002220446049250313080847,0.9989483630849796703765802953971798869,0.0,0.00083146167414298178370475213225572504763,0.00013769897235913577490843742720139749245
0.78000000000000002664535259100375697017,0.99895440340093745146697426589948607271,0.0,0.00082538699877834577411069501910268606186,0.0001346431904613433808764023676155406482
0.78500000000000003108624468950438313186,0.99896044432119147408805546854948762197,0.0,0.00081931224954848338096990892956798736432,0.00013158738988271276479648238061789166148
0.79000000000000003552713678800500929356,0.99896648584575275655593288857264122901,0.0,0.00081323742645204734590732813098666352505,0.00012853157062307262446434474251106098655
0.79500000000000003996802888650563545525,0.9989725279746323178060913380442039659,0.0,0.00080716252948769037778341834702671337662,0.00012547573268225165558120860713516931043
0.80000000000000004440892098500626161695,0.99897857070784117739341032543549818933,0.0,0.00080108755865406515269318073778524421175,0.00012241987606007855175381299572557084628
0.80500000000000004884981308350688777864,0.99898461404539035549218292584853368422,0.0,0.0007950125139498243139651558435503163965,0.00011936400075638200449438478618350894477
0.81000000000000005329070518200751394033,0.99899065798729087289613465193901619158,0.0,0.00078893739537362047216042749222694196716,0.00011630810677099070322060670175969145567
0.81499999999999994670929481799248605967,0.9989967025335537508842197269869280394,0.0,0.00078286220292410633996881756849293957981,0.00011325219410373340311068479945328798974
0.81999999999999995115018691649311222136,0.99900274768419001175751693145249866819,0.0,0.00077678693659993419262076661816190403695,0.00011019626275443865368333328277419598972
0.82499999999999995559107901499373838305,0.99900490168265373132572637709631752918,0.0,0.0007707115963997566772645619792695906756,0.00010714031272293520592709501489556695757
0.82999999999999996003197111349436454475,0.99900487067124597762313878765792371958,0.0,0.00076463618232222627338149897767848499299,0.00010408434400905174088115597555972232355
0.83499999999999996447286321199499070644,0.99900483965983822392055119821952990924,0.0,0.00075856069436599542768043521890619905302,0.00010102835661261693748999792446968148692
0.83999999999999996891375531049561686814,0.99900480864843047021796360878113609964,0.0,0.00075248513252971655409679427750391610714,9.7972350533459472603366386449991903748e-05
0.84499999999999997335464740899624302983,0.99900477763702271651537601934274229004,0.0,0.00074640949681204203379156935008816246783,9.4916325771408020976238636020390986571e-05
0.84999999999999997779553950749686919153,0.9990047466256149628127884299043484812,0.0,0.00074033378721162421515032687202435970505,9.1860282326291255268791681382287260991e-05
0.85499999999999998223643160599749535322,0.99900471561420720911020084046595467085,0.0,0.00073425800372711541378221009776061006994,8.8804220197937846046370247818048206669e-05
0.85999999999999998667732370449812151492,0.99900468460279945540761325102756086125,0.0,0.00072818214635716791251894264481016806278,8.5748139386176461779454760503082224778e-05
0.86499999999999999111821580299874767661,0.99900465359139170170502566158916705166,0.0,0.00072210621510043396141383200138105090812,8.2692039890835768843629326730702163429e-05
0.86999999999999999555910790149937383831,0.99900462257998394800243807215077324206,0.0,0.00071603020995556577774077299765124066343,7.963592171174443151954971754975783894e-05
0.875,0.99900459156857619429985048271237943171,0.0,0.00070995413092121554599325124068793062764,7.6579784848731111992911348815024984764e-05
0.88000000000000000444089209850062616169,0.99900456055716844059726289327398562211,0.0,0.00070387797799603541788334651300926859901,7.352362930162447035441726165033806225e-05
0.88500000000000000888178419700125232339,0.99900452954576068689467530383559181252,0.0,0.00069780175117867751234073613478704948488,7.0467455070253164599746102324454371319e-05
0.89000000000000001332267629550187848508,0.99900449853435293319208771439719800292,0.0,0.00069172545046779391551169828968880969283,6.7411262154445850629520101539636890627e-05
0.89500000000000001776356839400250464678,0.99900446752294517948950012495880419257,0.0,0.00068564907586203668075811531435777562826,6.4355050554031182249273053132943281897e-05
0.90000000000000002220446049250313080847,0.99900443651153742578691253552041038297,0.0,0.00067957262736005782865647695152911858219,6.1298820268837811169418292190208491209e-05
0.90500000000000002664535259100375697017,0.99900440550012967208432494608201657338,0.0,0.00067349610496050934699688356678096822426,5.8242571298694387005216672572708383501e-05
0.91000000000000003108624468950438313186,0.99900437448872191838173735664362276378,0.0,0.0006674195086620431907820493289186367562,5.518630364342955727674454385649183437e-05
0.91500000000000003552713678800500929356,0.99900434347731416467914976720522895418,0.0,0.00066134283846331128222630535399050584885,5.2130017302871967408861727684368722332e-05
0.92000000000000003996802888650563545525,0.99900431246590641097656217776683514384,0.0,0.00065526609436296551075460281293402827636,4.9073712276850260731179493530541244526e-05
0.92500000000000004440892098500626161695,0.99900428145449865727397458832844133424,0.0,0.00064918927635965773300151600285029616251,4.6017388565193078478028533877865991755e-05
0.93000000000000004884981308350688777864,0.99900425044309090357138699889004752464,0.0,0.00064311238445203977281024538190562764575,4.2961046167729059788426938807734212147e-05
0.93500000000000005329070518200751394033,0.99900421943168314986879940945165371505,0.0,0.00063703541863876342123162056785862372859,3.9904685084286841706048170002557698185e-05
0.93999999999999994670929481799248605967,0.99900418842027539616690041159154389919,0.0,0.00063095837891848057146131222319046580526,3.6848305314695127044660337350592510402e-05
0.94499999999999995115018691649311222136,0.99900415740886764246431282215315008959,0.0,0.00062488126528984267908764039907670260609,3.3791906858782412926623880592068030066e-05
0.94999999999999995559107901499373838305,0.99900412639745988876172523271475627924,0.0,0.00061880407775150157171490766224901059594,3.0735489716377397974442599770721489373e-05
0.95499999999999996003197111349436454475,0.99900409538605213505913764327636246965,0.0,0.00061272681630210890921448952656162900802,2.767905388730871085009117124962470887e-05
0.95999999999999996447286321199499070644,0.99900406437464438135655005383796866005,0.0,0.00060664948094031631866040511242422241864,2.4622599371404978120039504193943848606e-05
0.96499999999999996891375531049561686814,0.99900403336323662765396246439957485045,0.0,0.00060057207166477539432831992704924097341,2.1566126168494824255220711048795048211e-05
0.96999999999999997335464740899624302983,0.9990040023518288739513748749611810401,0.0,0.00059449458847413769769454860831391088574,1.8509634278406871630999077429617697377e-05
0.97499999999999997779553950749686919153,0.99900397134042112024878728552278723051,0.0,0.00058841703136705475743505763223530631662,1.5453123700969740527138031425052762088e-05
0.97999999999999998223643160599749535322,0.99900394032901336654619969608439342091,0.0,0.00058233940034217806942446798405695373921,1.2396594436012049127768112312313596809e-05
0.98499999999999998667732370449812151492,0.99900390931760561284361210664599961131,0.0,0.00057626169539815909673505779294541974421,9.3400464833624135213549386850366699204e-06
0.98999999999999999111821580299874767661,0.99900387830619785914102451720760580097,0.0,0.00057018391653364926963576493029533320742,6.2834798428494477006671759935996294265e-06
0.99499999999999999555910790149937383831,0.99900384729479010543843692776921199137,0.0,0.00056410606374729998559118957164129267486,3.2268945143017635627445034978941368682e-06
1.0,0.99900381628338235173584933833081818177,0.0,0.00055802813703776260926059672217510971262,1.702904975479709088655806325408963736e-07
