value,sup,dur,Y,S
0.0,6.500770118667155972454301278809594323e-141,132.0,0.99604126356473749881158068547698459539,0.88888399640339364567959965223036112428
0.0050000000000000001040834085586084256647,1.5938620492438676519267619564307402867e-140,131.0,0.99605940377515836447131194263855874019,0.8868136554266051674931683463284013462
0.010000000000000000208166817117216851329,3.7353707868167586516151461999464601376e-140,131.0,0.99608340978633890182611918616833988093,0.88463117096509514216576997915550240924
0.014999999999999999444888487687421729788,8.4457998901669490015374918570579653561e-140,131.0,0.99611383848637135341992873447981869694,0.8823248403748701894899193632406611378
0.020000000000000000416333634234433702659,1.8574180564027304468849842158830271318e-139,131.0,0.99615299065551408228836268785842496728,0.87988269458836962419530043420088701277
0.02500000000000000138777878078144567553,4.0015315282656106236438455647037116565e-139,131.0,0.99620358649056654759771268397286434166,0.87776881708242148441262268239718015575
0.029999999999999998889776975374843459576,8.497015266047224344747634846731170238e-139,131.0,0.99626523084014829416629992082106119439,0.87567196516791920124466593807848260861
0.035000000000000003330669073875469621271,1.7878934803609595140603775110846936875e-138,130.0,0.99633363156660594397071001639254992303,0.87342464672767639775823291791441480746
0.040000000000000000832667268468867405318,3.7449541361151163577325739365421398508e-138,130.0,0.99640701679999868937053425001320263869,0.87101137580215396503103974029279589882
0.044999999999999998334665463062265189365,7.8398029922421180246592812023010430566e-138,130.0,0.99648216730342198995863216480615299339,0.86841624297070399889240980025150830701
0.050000000000000002775557561562891351059,1.6459443918311125134764660488099715718e-137,130.0,0.99655769703992416933179838548326398346,0.86570369571847896758495833703777113039
0.055000000000000000277555756156289135106,3.4760594539450334994455230439724479252e-137,130.0,0.99663336242925922774570329210494583301,0.86349794000753731573815005780957690532
0.059999999999999997779553950749686919153,7.4042313779419307541433561577614529053e-137,130.0,0.99670730831029501532157150493007948537,0.86108150185031094846816826522691855576
0.065000000000000002220446049250313080847,1.5945220455938648504605450852651241269e-136,129.0,0.99677851239919993540771647709096680548,0.85843428781655335777891443914245908259
0.070000000000000006661338147750939242542,3.4792045435173548805707234178863626244e-136,129.0,0.99684841236002451189368145606383073996,0.85553523474115311090918911458797564709
0.074999999999999997224442438437108648941,7.7071787713673672023750100123174416067e-136,129.0,0.99691430637663298408257861796663505533,0.85273741541662970689308286340785510302
0.080000000000000001665334536937734810635,1.7365555281161090427336807086974846166e-135,129.0,0.99697788004384533435154099473552866284,0.8502374338371011368286146921441857272
0.08500000000000000610622663543836097233,3.9868672789564952311908189948256235643e-135,129.0,0.99703683994503635584577570203350150386,0.84743726303053830637433869367169640355
0.089999999999999996669330926124530378729,9.3426630631959062591384544098598950143e-135,128.0,0.9970934781447331319273077297736006364,0.84431032058728680282816092162433728577
0.095000000000000001110223024625156540424,2.2383957213019133108149223893174692605e-134,128.0,0.99714538159469675467484228275376888863,0.84123133096693920958775882265517848665
0.10000000000000000555111512312578270212,5.4923416479122927073679528998212177702e-134,128.0,0.99719360934360423774395682044467715791,0.83849088953473175777101082026822753075
0.10499999999999999611421941381195210852,1.3824989846860293321238424131047639247e-133,128.0,0.99723814189381777412729623137695166199,0.83535431168290114616369557759254920332
0.11000000000000000055511151231257827021,3.5760530924249603919436581868883394036e-133,127.0,0.9972778659434469319840857865100948949,0.83178739158157117820136813652695420334
0.11500000000000000499600361081320443191,9.5222822548962684218188081482164931247e-133,127.0,0.99731407559346536419351466232990034594,0.82883503682824534505198545214894247112
0.11999999999999999555910790149937383831,2.6149915614276115812291149168778762868e-132,127.0,0.99734616087485945004368057147083302447,0.8255866639076316019449467821549587763
0.125,7.4202920054325172153806256411013612242e-132,126.0,0.99737332864166870102273454001840870392,0.82181123935396249388719405357170470624
0.13000000000000000444089209850062616169,2.1800403371756966058497446777647769237e-131,126.0,0.9973966830459858190157902972752716489,0.81852690331471540511547507372363711699
0.13500000000000000888178419700125232339,6.6454023513727719997817160315672022647e-131,126.0,0.99741592222137632742343064104024326594,0.81500040802908233503046155489603482247
0.14000000000000001332267629550187848508,2.1065307297824214805581689006306620944e-130,126.0,0.99742999994296433790666872999876432773,0.81082284264066402431795638404487451098
0.14499999999999999000799277837359113619,6.9605604587570472000056247746119658124e-130,125.0,0.9974398065827609083209272406774428552,0.80747703341578060532885507289953998646
0.14999999999999999444888487687421729788,2.4035990944440560647921332312703800888e-129,125.0,0.99744545607024331042609189882930050562,0.80342084329567174711265391243024514161
0.15499999999999999888977697537484345958,8.6978616797955750116284305892576501208e-129,125.0,0.99744544624642022956407455132568384159,0.79938451333382177537960901822483334518
0.16000000000000000333066907387546962127,3.3080762091275860576240335091994133923e-128,124.0,0.99744087726694681594826130162184314876,0.79536885303827064467371601442567104249
0.16500000000000000777156117237609578297,1.3265674293439499561687928785271523626e-127,124.0,0.99743150772191726536881666008730565996,0.79083486668893155714659187028438090842
0.17000000000000001221245327087672194466,5.6280921245685119717851507163186822755e-127,123.0,0.99741554891850204587911143319702504534,0.78673811765146166770647069861071559883
0.17499999999999998889776975374843459576,2.5355892880912171861359702996580799748e-126,123.0,0.99739535284282177870289518160124235,0.78188637115463423770568105274652976382
0.17999999999999999333866185224906075746,1.2179336542129697882492288766218540723e-125,123.0,0.99736833635848504860733633276310488598,0.77753603675814563975273378568472684549
0.18499999999999999777955395074968691915,6.2644660977539637499371477572215355752e-125,122.0,0.99733487649605973272401298412039212771,0.77251693858869923004085380242049771012
0.19000000000000000222044604925031308085,3.4666671618385654840203951440527699508e-124,122.0,0.99729517038933781607750936227048435114,0.76767923114716792175691022599501065932
0.19500000000000000666133814775093924254,2.0746295761120143240304377315964655645e-123,121.0,0.99724714226860148552698390446506983844,0.76259438711817168201729102584061317469
0.20000000000000001110223024625156540424,1.3502129683650777822741243502924972115e-122,121.0,0.99719241781049525094850103955216853673,0.75696288353870532294372690176760204422
0.20499999999999998778754672912327805534,9.6150680468644027389621674733600200582e-122,120.0,0.99712800853098870190251385592033454687,0.75184416592368192932682584883579483295
0.20999999999999999222843882762390421703,7.5421046770874793925937325617317377624e-121,120.0,0.99705486782958926887925578679168334708,0.74614781465797087775946470398973578742
0.21499999999999999666933092612453037873,6.5644567047179399031936097596819576796e-120,119.0,0.99697151276338334178094530792680775944,0.73999409327214617142629278926961245589
0.22000000000000000111022302462515654042,6.3907562072585735925750057208860649661e-119,118.0,0.99687503552820673176429544120197010584,0.73408906576006544445025168766756181306
0.22500000000000000555111512312578270212,7.0206037775251864773247111095146353267e-118,118.0,0.99676875691193402043354904278561472562,0.72794462305730411332972562278977416539
0.23000000000000000999200722162640886381,8.787533321655118443549248782121672171e-117,117.0,0.99664734891694507542048294012505329091,0.72145692985650527368247383661964028904
0.23499999999999998667732370449812151492,1.2666495508030078018268017291850930377e-115,116.0,0.99650932556642499234907691391187742876,0.71468266339468873424694059582879109549
0.23999999999999999111821580299874767661,2.1273843886086913376894831437388436956e-114,115.0,0.99635314651111495099887411471028576376,0.70765370533830354871005012016504000432
0.24499999999999999555910790149937383831,4.2176778168483899523626358171455160615e-113,115.0,0.99617809995566013733711244066862600839,0.70037202555816513838262678827893551592
0.25,1.0013330910510683087897664876970264072e-111,114.0,0.9959805713708257370414121498829953413,0.69280457222264821357090288910113518532
0.25500000000000000444089209850062616169,2.8925442076307469018471205918755952027e-110,113.0,0.99575649301836410239781646523701372319,0.68487833957025886962874083850325128713
0.26000000000000000888178419700125232339,1.0348169673785998051154264755282856721e-108,112.0,0.99550189036949792749555110631694262682,0.67647566614580617333513034821034236331
0.26500000000000001332267629550187848508,4.676109277101305044071161008770782962e-107,111.0,0.99521549435937452196670032207875868112,0.66818638264290346020199983164120514528
0.27000000000000001776356839400250464678,2.7282690329326410595468309867389763447e-105,110.0,0.99488887376409741721650724500522398289,0.6592959901031755484020916128661889093
0.27500000000000002220446049250313080847,2.1064040027115461737109213028166991748e-103,108.0,0.99451279387493671104623124726323191697,0.65013505266246325869323619688289165482
0.28000000000000002664535259100375697017,2.21211090249600440969431865605452486e-101,107.0,0.99408462652437256894030138850104676413,0.64038107543280307984809659208174966377
0.28499999999999997557509345824655611068,3.2592658199211295003238898352876063184e-99,106.0,0.99358813182028062328235995283397486476,0.64945572368231074606990076401469142317
0.28999999999999998001598555674718227237,6.9762038412879306963806440484323780271e-97,104.0,0.99302020637015824234551061759755099413,0.66499634302009613141451034265845500844
0.29499999999999998445687765524780843407,2.2563733549867415997256462374867269177e-94,103.0,0.99235787100088062201034052907072105838,0.68069825415791056896827705650990248315
0.29999999999999998889776975374843459576,1.1531452218107072170952208184438194682e-91,101.0,0.99158338787110114952109811742574553165,0.6965390950995350838043486084154384605
0.30499999999999999333866185224906075746,9.7968909933637959829530709420539649835e-89,99.0,0.99066891224438882709045833498552057252,0.71247452828316654539999903255356568392
0.30999999999999999777955395074968691915,1.4661931243300335890157536862804288367e-85,97.0,0.98959907106348100718179961216173124795,0.72847103222700642525778073407115123908
0.31500000000000000222044604925031308085,4.1307839445200752397492297792925746475e-82,94.0,0.98831510661843750960731423221538377393,0.74447020750946145856788372126492483858
0.32000000000000000666133814775093924254,2.3648674679854228325583320715755863234e-78,92.0,0.98677608500383275734646858853130155328,0.76042278360009635746927575618675548751
0.32500000000000001110223024625156540424,3.0054907516693884087980524400108894801e-74,89.0,0.98490484944569419539895184820710811117,0.77626328564451407889236202108250149338
0.33000000000000001554312234475219156593,9.3983300065323074496868051155705963221e-70,85.0,0.98261790468953539349402582401061172198,0.79191768897176786277109849634940594939
0.33500000000000001998401444325281772763,8.1586090159364282748278359389020334178e-65,81.0,0.97977037225981370831573688657949516245,0.80730873368672576503096233310909771348
0.34000000000000002442490654175344388932,2.2680645039255230290418568015950109916e-59,77.0,0.976203232109905718110946633232782323,0.8223519235753327627582904087003413372
0.34499999999999997335464740899624302983,2.396648927456746733636220668248101343e-53,72.0,0.9716603942219067567765637312502214107,0.83695612643147595564958964379703690635
0.34999999999999997779553950749686919153,1.1870052391385616625965612128616310665e-46,66.0,0.96577288982264538936155653175074769059,0.85103068406682324624082717322703412917
0.35499999999999998223643160599749535322,3.5845993508633805658156699287878642253e-39,59.0,0.9579759660681176882989052083574125612,0.86413795066878670441019275284859465456
0.35999999999999998667732370449812151492,9.2992451913067266370109734706302169193e-31,50.0,0.94742904190338367039831702049655681626,0.87264938232389425801354258659371629595
0.36499999999999999111821580299874767661,3.1233911938651112515744064599660688237e-21,39.0,0.93275035297081274682778983379147184832,0.82800887722240740470531440948119089086
0.36999999999999999555910790149937383831,2.9016368129373907727082956819938235532e-11,25.0,0.87667158866497081101049375447449677439,0.45994087377073720925627734021642791774
0.375,0.00049492625282732195949929752644905441877,7.0,0.72469255837850444855650247434736205674,0.23716782865250278447583610873595010098
0.38000000000000000444089209850062616169,0.17263327680216653041510784608447764373,0.0,0.47593231530875905670746281736934975694,0.1146404548523473958357239367480329277
0.38500000000000000888178419700125232339,0.57084327114078733286271211347476748408,0.0,0.23643073568637988782166508197678004396,0.043688568384809146345043134902302786234
0.39000000000000001332267629550187848508,0.82154240862529732206310348974212131368,0.0,0.096855963299682331899263275772973350649,0.014273745055001079341261512284648662488
0.39500000000000001776356839400250464678,0.93066544837795445492849173017049647056,0.0,0.037155894313221176282162749830986550359,0.004355111237693030763464571354663835596
0.40000000000000002220446049250313080847,0.97243364084588674867649003365229281993,0.0,0.014599356726879453874510378449987095643,0.0012980134201337450409703688596270912
0.40500000000000002664535259100375697017,0.98811724829156660285249526753298939779,0.0,0.0062299167636912802681971167884712088948,0.00050235166265667011778346592267620720668
0.40999999999999997557509345824655611068,0.9932389904498500895822724392818686805,0.0,0.0035383893728841026221969670815909503126,0.00049736847586557052939682763436040669806
0.41499999999999998001598555674718227237,0.99505739054900861348673196565118792855,0.0,0.0025851747425086586937197895365448311722,0.00049315898981319019637091652233022431177
0.41999999999999998445687765524780843407,0.99604147080901561102410627724612830222,0.0,0.0020690034392296553743248821746147325283,0.00048894946829497382372185056705571856374
0.42499999999999998889776975374843459576,0.99666781992183839096270081215798787794,0.0,0.0017400152535726721799278076993533455981,0.00048473991131047319848167348584729584009
0.42999999999999999333866185224906075746,0.9971025416761139718583314736607946453,0.0,0.001511187874095403229577161327746602787,0.00048053031885924010012978177731015127945
0.43499999999999999777955395074968691915,0.99742000929972400483214265005040670317,0.0,0.0013433036011428790881246965848244490363,0.00047632069094082630059276563759282409325
0.44000000000000000222044604925031308085,0.99765771455145391294611692251216377442,0.0,0.0012164493277409148648729053792997560231,0.00047211102755478356424424987261473947514
0.44500000000000000666133814775093924254,0.99783515620553915944153620056522806979,0.0,0.001119803403767114768904334420865492551,0.00046790132870066364790473480627261850463
0.45000000000000001110223024625156540424,0.99796039108521373576846255848966314398,0.0,0.001048320133173382105562501953907721932,0.00046369159437801830084143718462563745778
0.45500000000000001554312234475219156593,0.99804701788258665099456376856570113245,0.0,0.0010043068743050600296960283112079869065,0.00045948182458639926476813107605921794402
0.46000000000000001998401444325281772763,0.99811268322390402263744105996681930339,0.0,0.00099335679343908111956751775412479202207,0.00045527201932535827384498876742732931351
0.46500000000000002442490654175344388932,0.99816811912058948407817252752091803272,0.0,0.000984986452709922048303289645875134955,0.00045106217859444705467842165617318468134
0.46999999999999997335464740899624302983,0.99821404755322180340688449019482587108,0.0,0.00097661597171504725192869827138467173502,0.00044685230239321737306013293417599449027
0.47499999999999997779553950749686919153,0.99825643200746664943682541409471961019,0.0,0.00096824535045093076770135406911938496788,0.00044264239072122084701050509594549238907
0.47999999999999998223643160599749535322,0.99829790196878731133430723766971681435,0.0,0.00095987458891404679350294486953428766106,0.00043843244357800922721253017681533895768
0.48499999999999998667732370449812151492,0.99832892100631760615298499067500365468,0.0,0.00095150368710086931611181347257572497538,0.00043422246096313421005598485735648886695
0.48999999999999999111821580299874767661,0.99835890674406706834758773830822294741,0.0,0.00094313264500787220412823541556468044745,0.00043001244287614748437608932900437460528
0.49499999999999999555910790149937383831,0.99838845552163802755337465087312923097,0.0,0.00093476146263152920796946785286386219098,0.00042580238931660073145334816204747380917
0.50,0.99841757072436412180862201897722152325,0.0,0.00092639013996831395986479818662755571281,0.0004215923002840456250133911695934399868
0.50500000000000000444089209850062616169,0.99844625574012421233637896579400678296,0.0,0.00091801867701469997385059244861964326742,0.00041738217577803383122681426751267802629
0.51000000000000000888178419700125232339,0.99847402431938921171730895904356191241,0.0,0.00090964707376716064576534343308518862313,0.00041317201579811700870902033035924585514
0.51500000000000001332267629550187848508,0.99849248959551139104234503181442544344,0.0,0.00090127533022216925324471858066098513665,0.00040896182034384680852006004326896363135
0.52000000000000001776356839400250464678,0.99851081742828956827194352576288294324,0.0,0.00089290344637619895571660761331046404847,0.0004047515894147748741644727498346117968
0.52500000000000002220446049250313080847,0.99852900777892321064686305576885343077,0.0,0.00088453142222572279439616992026835900966,0.00040054132301045284159112729595809940599
0.53000000000000002664535259100375697017,0.99854706060872509296132383099525070037,0.0,0.00087615925776721369228088169498052174254,0.0003963310211304323391930628696794840424
0.53500000000000003108624468950438313186,0.99856497587912135972428616309778232772,0.0,0.00086778695299714445414558282302428285923,0.0003921206837742649878073298369827246934
0.54000000000000003552713678800500929356,0.99858275355165158708953839572165354321,0.0,0.0008594145079119877665375235209947508582,0.00038791031094150240071483057357804894137
0.54500000000000003996802888650563545525,0.99860039358796884455438885000241965613,0.0,0.00085104192250821619777141072634244129013,0.00038369990263169618364016029266081578547
0.55000000000000004440892098500626161695,0.99861789594983975642675726845350413805,0.0,0.00084266919678230219792445423814762722775,0.00037948945884439793475144786864675548084
0.55500000000000004884981308350688777864,0.99863526059914456306046212843390932492,0.0,0.0008342963307307180988314126088168010027,0.00037527897957915924466019665688346768449
0.56000000000000005329070518200751394033,0.99865248749787718185850108634093096576,0.0,0.00082592332434993611407963878668663640229,0.00037106846483553169642112530933805927232
0.56499999999999994670929481799248605967,0.99866957660814526766619827004559215329,0.0,0.00081755017763642852492688893988170134487,0.00036685791461306695902539855022075725
0.56999999999999995115018691649311222136,0.99868652789217027482462484824896518211,0.0,0.00080917689058666693660843000921939671486,0.00036264732891131641342769593116125986714
0.57499999999999995559107901499373838305,0.99870334131228751519992324914281118704,0.0,0.00080080346319712339385931687403592015507,0.00035843670772983171350402901841143043345
0.57999999999999996003197111349436454475,0.99871645443307222455035897969089661066,0.0,0.00079242989546426963722773151006949116937,0.00035422605106816441208038572681159032422
0.58499999999999996447286321199499070644,0.99872474274834322835153475330769586442,0.0,0.00078405618738457728898967476510937785811,0.0003500153589258660544251732858976985156
0.58999999999999996891375531049561686814,0.99873303213070628476666074264626882935,0.0,0.00077568233895451785314401050673797773889,0.0003458046313024881782490590314433351176
0.59499999999999997335464740899624302983,0.99874132258018815731922577902296367296,0.0,0.00076730835017056271540750952087809528668,0.00034159386819758231370481119297699381888
0.59999999999999997779553950749686919153,0.99874961409681561134979235689870296632,0.0,0.00075893422102918314320989316113079732892,0.00033738306961069998338713967727456448568
0.60499999999999998223643160599749535322,0.9987579066806154140160728733390244827,0.0,0.00075055995152685028568887674888922667459,0.00033317223554139270233253684782688725537
0.60999999999999998667732370449812151492,0.9987662003316143342930058713077748754,0.0,0.00074218554166003517368521272421375319102,0.0003289613659892119780191183002822593865
0.61499999999999999111821580299874767661,0.99877449504983914297283228679468122674,0.0,0.00073381099142520871973773354745384070971,0.00032475046095370931036646363386377617774
0.61999999999999999555910790149937383831,0.99878279083531661266517169977702526072,0.0,0.00072543630081884171807839435160200705534,0.00032053952043443619173545721876138722922
0.625,0.99879108768807351779709858901564530678,0.0,0.00071706146983740484462731534536525356609,0.00031632854443094410692812895949854931661
0.63000000000000000444089209850062616169,0.99879938560813663461321859068549078752,0.0,0.00070868649847736865698782396693933949377,0.00031211753294278453318749505427335718782
0.63500000000000000888178419700125232339,0.99880768459553274117574476084095436992,0.0,0.0007003113867352035944414967884712756476,0.00030790648596950894019739875027403351085
0.64000000000000001332267629550187848508,0.99881598465028861736457384171620662713,0.0,0.0006919361346073799779432011711954107291,0.00030369540351066879008235109496865928305
0.64500000000000001776356839400250464678,0.99882428577243104487736253186075822653,0.0,0.00068356074209036801011613667122848276185,0.00029948428556581553740737168336902593582
0.65000000000000002220446049250313080847,0.99883258796198680722960376011047475196,0.0,0.00067518520918063777524687619600900708873,0.00029527313213450062917782940126849041505
0.65500000000000002664535259100375697017,0.99884089121898268975470296339426900893,0.0,0.0006668095358746592392804069113663714059,0.00029106194321627550483928316445371448605
0.66000000000000003108624468950438313186,0.99884919554344547960405436837669605304,0.0,0.00065843372216890224981517089920500729838,0.00028685071881069159627732265389016950994
0.66500000000000003552713678800500929356,0.99885750093540196574711727693667581153,0.0,0.00065005776805983653609810556578900684211,0.0002826394589173003278174090468812879622
0.67000000000000003996802888650563545525,0.99886580739487893897149235548256847804,0.0,0.00064168167354393170901968380061255172566,0.0002784281635356531162247157442011429036
0.67500000000000004440892098500626161695,0.99887411492190319188299792810382773243,0.0,0.00063330543861765726110895388584152150694,0.00027421683266530137070396909320053668269
0.68000000000000004884981308350688777864,0.99888242351650151890574627355945689971,0.0,0.0006249290632774825665285791563116465314,0.0002700054663057964928992891068863800725
0.68500000000000005329070518200751394033,0.99889073317870071628221992610349310582,0.0,0.00061655254751987688106987741006857011497,0.00026579406445668987689403017897424310344
0.68999999999999994670929481799248605967,0.99889904390852758188880085479668836525,0.0,0.00060817589134130952814855025770437460361,0.00026158262711753300272370983090817722622
0.69499999999999995115018691649311222136,0.99890735570600891597401156642193758282,0.0,0.00059979909473824915480007937016674957076,0.00025737115428787706232428532724542840421
0.69999999999999995559107901499373838305,0.99891566857117152005137978608776089052,0.0,0.00059142215770716484766955208094169073636,0.0002531596459672735206081584474655940777
0.70499999999999996003197111349436454475,0.99892398250404219763763215503157271595,0.0,0.00058304508024452538901329315664363458367,0.0002489481021552737414140281781038340242
0.70999999999999996447286321199499070644,0.9989322975046477540682471316765428453,0.0,0.00057466786234679944269147513741357219691,0.00024473652285142908101903140126013951534
0.71499999999999996891375531049561686814,0.99894061357301499649753131548397704306,0.0,0.00056629050401045555416315625040316828787,0.0002405249080552908881385835854884199011
0.71999999999999997335464740899624302983,0.99894893070917073389869577464430200924,0.0,0.00055791300523196215048131807369831411793,0.00023631325776641050392621947265792939809
0.72499999999999997779553950749686919153,0.99895724891314177706393237760687973909,0.0,0.00054953536600778754028790295066747099036,0.00023210157198433926197343376078691527311
0.72999999999999998223643160599749535322,0.99896556818495493860449012844887671191,0.0,0.0005411575863343999138088511547201601154,0.00022788985070862848830952178284836863012
0.73499999999999998667732370449812151492,0.99897388852463703295075150608341302578,0.0,0.0005327796662082673428491378044609535769,0.00022367809393882950140142018154775898411
0.73999999999999999111821580299874767661,0.99898220993221487635230880730721684999,0.0,0.00052440160562585778078780952922432021195,0.00021946630167449361215354758007263381628
0.74499999999999999555910790149937383831,0.99899053240771528687804049368800946768,0.0,0.00051602340458363906257302088497567918259,0.0002152544739151721239076452488139642906
0.75,0.99899885595116508441618754229184617505,0.0,0.00050764506307807890471707052056401308921,0.00021104261066041633244261776805911831709
0.75500000000000000444089209850062616169,0.99900354046417999559453922851688350267,0.0,0.00049926658110564490529143709431139143886,0.00020683071190977752597437368665634213638
0.76000000000000000888178419700125232339,0.99900349771982352933869646768565788592,0.0,0.0004908879586628045439218149409247543359,0.00020261877766280698515566617665063159993
0.76500000000000001332267629550187848508,0.99900345497546706308285370685443226993,0.0,0.00048250919574602518178314948871530527109,0.0001984068079190559830759336838908743057
0.77000000000000001776356839400250464678,0.99900341223111059682701094602320665242,0.0,0.00047413029235177406159467242711086089822,0.00019419480267807578526114057460814377487
0.77500000000000002220446049250313080847,0.99900336948675413057116818519198103567,0.0,0.00046575124847651830761493662444650469834,0.00018998276193941764967361777796502680469
0.78000000000000002664535259100375697017,0.99900332674239766431532542436075541968,0.0,0.00045737206411672492563685079601889047453,0.00018577068570263282671190342457586517234
0.78500000000000003108624468950438313186,0.99900328399804119805948266352952980293,0.0,0.00044899273926886080298271392238954060496,0.00018155857396727255921058348099779283632
0.79000000000000003552713678800500929356,0.99900324125368473180363990269830418617,0.0,0.000440613273929392708499249417922483024,0.00017734642673288808244013238019244978262
0.79500000000000003996802888650563545525,0.99900319850932826554779714186707856942,0.0,0.00043223366809478729255263904954156990171,0.00017313424399903062410675364795825366566
0.80000000000000004440892098500626161695,0.99900315576497179929195438103585295267,0.0,0.00042385392176151108702355660569282002183,0.00016892202576525140435222052533311037472
0.80500000000000004884981308350688777864,0.99900311302061533303611162020462733592,0.0,0.00041547403492603050530220131549712587056,0.00016470977203110163575371658696744467854
0.81000000000000005329070518200751394033,0.99900307027625886678026885937340171993,0.0,0.00040709400758481184228333101807866545031,0.00016049748279613252332367635546743206139
0.81499999999999994670929481799248605967,0.99900302753190240052537521391660855054,0.0,0.00039871383973432146043996103126151956323,0.00015628515805989535804241824565695748781
0.81999999999999995115018691649311222136,0.99900298478754593426953245308538293455,0.0,0.00039033353137102504550685307465849947606,0.00015207279782194114272760413652074058636
0.82499999999999995559107901499373838305,0.99900294204318946801368969225415731704,0.0,0.00038195308249138872293818331230998777662,0.00014786040208182115322846908275188612536
0.82999999999999996003197111349436454475,0.99900289929883300175784693142293170029,0.0,0.00037357249309187831359727071964099502386,0.00014364797083908656429685746161192230287
0.83499999999999996447286321199499070644,0.9990028565544765355020041705917060843,0.0,0.00036519176316895951982715498084427970588,0.00013943550409328854311906760958314462614
0.83999999999999996891375531049561686814,0.99900281381012006924616140976048046755,0.0,0.00035681089271909792544562815895507399882,0.00013522300184397824931569241253055852265
0.84499999999999997335464740899624302983,0.99900277106576360299031864892925485004,0.0,0.00034842988173875899574026611599886692665,0.00013101046409070683494145989183319096984
0.84999999999999997779553950749686919153,0.99900272832140713673447588809802923405,0.0,0.00034004873022440807746345968319757708275,0.00012679789083302544448507378648465224174
0.85499999999999998223643160599749535322,0.9990026855770506704786331272668036173,0.0,0.00033166743817251039882744558121944607762,0.00012258528207048521486905413116282887332
0.85999999999999998667732370449812151492,0.99900264283269420422279036643557800055,0.0,0.00032328600557953106949933709045798291867,0.0001183726378026372754495778302685889303
0.86499999999999999111821580299874767661,0.99900260008833773796694760560435238455,0.0,0.00031490443244193508059615447132528853655,0.00011415995802903274801631922793338067635
0.86999999999999999555910790149937383831,0.99900255734398127171110484477312676704,0.0,0.00030652271875618730467985513454508865229,0.00010994724274922274679229067399560572224
0.875,0.99900251459962480545526208394190115029,0.0,0.00029814086451875249575236356143080226146,0.00010573449196275837843368308594564773437
0.88000000000000000444089209850062616169,0.9990024718552683391994193231106755343,0.0,0.00028975886972609528925060097413397196857,0.00010152170566919074202970650683943778354
0.88500000000000000888178419700125232339,0.99900242911091187294357656227944991755,0.0,0.00028137673437468020204151475584838145371,9.7308883868070929102430659180437403059e-05
0.89000000000000001332267629550187848508,0.9990023863665554066877338014482243008,0.0,0.00027299445846097163241710762095518435622,9.3096026558950023606625494769920427687e-05
0.89500000000000001776356839400250464678,0.99900234362219894043189104061699868405,0.0,0.00026461204198143386008946653509436787636,8.888313374137910192960174052543467454e-05
0.90000000000000002220446049250313080847,0.9990023008778424741760482797857730673,0.0,0.00025622948493253104618579138514787341743,8.4670205414909232891051440267324529764e-05
0.90500000000000002664535259100375697017,0.99900225813348600792020551895454745055,0.0,0.00024784678731072723324342339911969560243,8.0457241579091477742888492473195495035e-05
0.91000000000000003108624468950438313186,0.99900221538912954166436275812332183455,0.0,0.00023946394911248634520487331589828001516,7.6244242233476890169089184000201748199e-05
0.91500000000000003552713678800500929356,0.99900217264477307540851999729209621705,0.0,0.00023108097033427218741284930488653901763,7.2031207377616516285532719775037766831e-05
0.92000000000000003996802888650563545525,0.9990021299004166091526772364608706003,0.0,0.0002226978509725484466052846354848040541,6.7818137011061394639841748451515054235e-05
0.92500000000000004440892098500626161695,0.9990020871560601428968344756296449843,0.0,0.00021431459102377869091036509641203180197,6.3605031133362556211222884035605017223e-05
0.93000000000000004884981308350688777864,0.99900204441170367664099171479841936755,0.0,0.00020593119048442636984155616485058060254,5.9391889744071024410307223477829024155e-05
0.93500000000000005329070518200751394033,0.9990020016673472103851489539671937508,0.0,0.00019754764935095481429262992539987259052,5.5178712842737815078990860232876680374e-05
0.93999999999999994670929481799248605967,0.99900195892299074413025530851040058217,0.0,0.00018916396761982742268938249309403433452,5.0965500428914030042778254233590309591e-05
0.94499999999999995115018691649311222136,0.99900191617863427787441254767917496466,0.0,0.00018078014528750691636101942775216731358,4.6752252502150482901399846246447516467e-05
0.94999999999999995559107901499373838305,0.99900187343427781161856978684794934867,0.0,0.00017239618235045645646596046772224466096,4.2538969061998260341304080033353394037e-05
0.95499999999999996003197111349436454475,0.99900183068992134536272702601672373192,0.0,0.00016401207880513889936946831247489803713,3.8325650108008347927852090002421542465e-05
0.95999999999999996447286321199499070644,0.99900178794556487910688426518549811517,0.0,0.00015562783464801698279224311028539004892,3.4112295639731723656872514368284266097e-05
0.96499999999999996891375531049561686814,0.99900174520120841285104150435427249917,0.0,0.00014724344987555332580544787573215933075,2.9898905656719357954501984512581601564e-05
0.96999999999999997335464740899624302983,0.99900170245685194659519874352304688167,0.0,0.00013885892448421042882573365690143171266,2.5685480158522213677025610310845674044e-05
0.97499999999999997779553950749686919153,0.99900165971249548033935598269182126492,0.0,0.00013047425847045067361026445228320501998,2.1472019144691246110717461425661385488e-05
0.97999999999999998223643160599749535322,0.99900161696813901408351322186059564892,0.0,0.00012208945183073632325174187734391406311,1.7258522614777402971681044565984430266e-05
0.98499999999999998667732370449812151492,0.99900157422378254782767046102937003217,0.0,0.00011370450456152952217342958076108138623,1.3044990568331624405689776712497630439e-05
0.98999999999999999111821580299874767661,0.99900153147942608157182770019814441467,0.0,0.00010531941665929229612417741030525835737,8.8314230049048429880274543088865788726e-06
0.99499999999999999555910790149937383831,0.99900148873506961531598493936691879867,0.0,9.6934188120486552173445328354560207088e-05,4.6178199240479837233287184189155751818e-06
1.0,0.99900144599071314906014217853569318192,0.0,8.8548818941574078706327077027097622327e-05,4.0418132531196404541951584918483401226e-07
