value,sup,dur,Y,S
0.0,7.9116448586434504474822005224197578248e-38,129.0,0.99604126356473749881158068547698459163,0.88888399640339364567959965223036112503
0.0050000000000000001040834085586084256647,1.4753820881079055074190759167815587727e-37,128.0,0.99605940377515836447131194263855874169,0.88681365542660516749316834632840134695
0.010000000000000000208166817117216851329,2.6121144619491751911920667793760459222e-37,128.0,0.99608340978633890182611918616833987868,0.88463117096509514216576997915550240849
0.014999999999999999444888487687421729788,4.4304160400617624342439001854892003145e-37,128.0,0.99611383848637135341992873447981869544,0.88232484037487018948991936324066114232
0.020000000000000000416333634234433702659,7.255727528747272825561343775584508054e-37,128.0,0.99615299065551408228836268785842496577,0.87988269458836962419530043420088701728
0.02500000000000000138777878078144567553,1.1552157167580938216207795734023826811e-36,128.0,0.99620358649056654759771268397286434241,0.87776881708242148441262268239718016177
0.029999999999999998889776975374843459576,1.798604913895364025468665144494402429e-36,127.0,0.99626523084014829416629992082106119665,0.8756719651679192012446659380784826056
0.035000000000000003330669073875469621271,2.7521526340726940667407059119802633116e-36,127.0,0.99633363156660594397071001639254992529,0.87342464672767639775823291791441480821
0.040000000000000000832667268468867405318,4.1564474949221746797608970637008440869e-36,127.0,0.9964070167999986893705342500132026417,0.87101137580215396503103974029279589958
0.044999999999999998334665463062265189365,6.2180712749593972261476959166387636257e-36,127.0,0.99648216730342198995863216480615298963,0.86841624297070399889240980025150830476
0.050000000000000002775557561562891351059,9.2428964402046980385477076910581571824e-36,127.0,0.99655769703992416933179838548326398045,0.86570369571847896758495833703777113791
0.055000000000000000277555756156289135106,1.3687329297556209596316764691063341676e-35,126.0,0.99663336242925922774570329210494583301,0.86349794000753731573815005780957691586
0.059999999999999997779553950749686919153,2.0237878904812733252181519367793744047e-35,126.0,0.99670730831029501532157150493007948537,0.86108150185031094846816826522691856178
0.065000000000000002220446049250313080847,2.9935878649534356298033233088020934608e-35,126.0,0.99677851239919993540771647709096680397,0.85843428781655335777891443914245909538
0.070000000000000006661338147750939242542,4.4374918847508802021506744002873441231e-35,126.0,0.99684841236002451189368145606383074297,0.85553523474115311090918911458797565612
0.074999999999999997224442438437108648941,6.601661435768375517925509737710549231e-35,125.0,0.99691430637663298408257861796663505684,0.85273741541662970689308286340785510904
0.080000000000000001665334536937734810635,9.8701099523294233266198936971771322335e-35,125.0,0.9969778800438453343515409947355286666,0.85023743383710113682861469214418572795
0.08500000000000000610622663543836097233,1.4848168338296572332564169053004623393e-34,125.0,0.9970368399450363558457757020335015031,0.84743726303053830637433869367169640581
0.089999999999999996669330926124530378729,2.250056935579409086617917200372336261e-34,124.0,0.9970934781447331319273077297736006349,0.84431032058728680282816092162433728803
0.095000000000000001110223024625156540424,3.4382732617604421203963500942878742085e-34,124.0,0.99714538159469675467484228275376888712,0.84123133096693920958775882265517847913
0.10000000000000000555111512312578270212,5.3033204805281805916484251160273689988e-34,124.0,0.99719360934360423774395682044467715716,0.83849088953473175777101082026822752699
0.10499999999999999611421941381195210852,8.264864700216830008449388762291921318e-34,124.0,0.99723814189381777412729623137695166425,0.83535431168290114616369557759254919881
0.11000000000000000055511151231257827021,1.3026144852043369391469649624941382299e-33,123.0,0.99727786594344693198408578651009489641,0.83178739158157117820136813652695420033
0.11500000000000000499600361081320443191,2.0782518739291099955923376265260202075e-33,123.0,0.9973140755934653641935146623299003467,0.82883503682824534505198545214894245908
0.11999999999999999555910790149937383831,3.3596624719330196469963993030840631761e-33,123.0,0.99734616087485945004368057147083302447,0.82558666390763160194494678215495877329
0.125,5.5084499473849073308518134498016155565e-33,122.0,0.99737332864166870102273454001840870091,0.82181123935396249388719405357170470097
0.13000000000000000444089209850062616169,9.169234354780067073477569057854666808e-33,122.0,0.9973966830459858190157902972752716504,0.81852690331471540511547507372363712
0.13500000000000000888178419700125232339,1.5511615041437163526440908950115266125e-32,121.0,0.99741592222137632742343064104024326745,0.81500040802908233503046155489603481871
0.14000000000000001332267629550187848508,2.6697615927944547979161109601364841957e-32,121.0,0.99742999994296433790666872999876432923,0.81082284264066402431795638404487451249
0.14499999999999999000799277837359113619,4.6803205742272603562776644548534901243e-32,121.0,0.99743980658276090832092724067744285444,0.80747703341578060532885507289953999022
0.14999999999999999444888487687421729788,8.3674177905273696399877581617706335748e-32,120.0,0.99744545607024331042609189882930050712,0.80342084329567174711265391243024514086
0.15499999999999999888977697537484345958,1.5274892091915342393340477120792059163e-31,120.0,0.99744544624642022956407455132568383933,0.79938451333382177537960901822483334518
0.16000000000000000333066907387546962127,2.8512220396746935834721159816989932313e-31,119.0,0.99744087726694681594826130162184315027,0.79536885303827064467371601442567104174
0.16500000000000000777156117237609578297,5.4498816721428303430187295369377209747e-31,119.0,0.99743150772191726536881666008730565921,0.79083486668893155714659187028438090616
0.17000000000000001221245327087672194466,1.0683889295533522146014085527998703385e-30,118.0,0.99741554891850204587911143319702504534,0.78673811765146166770647069861071559883
0.17499999999999998889776975374843459576,2.1517513014322906217019058309782351238e-30,118.0,0.99739535284282177870289518160124235,0.78188637115463423770568105274652976307
0.17999999999999999333866185224906075746,4.460313204261065216126891496802661598e-30,117.0,0.99736833635848504860733633276310488673,0.77753603675814563975273378568472684474
0.18499999999999999777955395074968691915,9.5345655903294546728634968326947410633e-30,117.0,0.99733487649605973272401298412039212997,0.7725169385886992300408538024204977056
0.19000000000000000222044604925031308085,2.1062875345508419490573336687849779218e-29,116.0,0.99729517038933781607750936227048435264,0.76767923114716792175691022599501065857
0.19500000000000000666133814775093924254,4.8195651168007686309452222670808922673e-29,115.0,0.99724714226860148552698390446506983618,0.76259438711817168201729102584061317544
0.20000000000000001110223024625156540424,1.1451003860279637084239891687747707543e-28,115.0,0.99719241781049525094850103955216853372,0.75696288353870532294372690176760204874
0.20499999999999998778754672912327805534,2.8325885911719160278979051624744264307e-28,114.0,0.99712800853098870190251385592033454386,0.75184416592368192932682584883579482768
0.20999999999999999222843882762390421703,7.316110195907894988026065353294067486e-28,113.0,0.99705486782958926887925578679168334708,0.74614781465797087775946470398973578892
0.21499999999999999666933092612453037873,1.9791909153202208866465237826487968163e-27,112.0,0.99697151276338334178094530792680775944,0.7399940932721461714262927892696124589
0.22000000000000000111022302462515654042,5.6268958542699324395368531305973962621e-27,112.0,0.99687503552820673176429544120197010659,0.73408906576006544445025168766756181607
0.22500000000000000555111512312578270212,1.6873447356238382104837417899207482274e-26,111.0,0.99676875691193402043354904278561472788,0.72794462305730411332972562278977416615
0.23000000000000000999200722162640886381,5.3579344286183716596216406212860378153e-26,110.0,0.99664734891694507542048294012505329166,0.72145692985650527368247383661964028904
0.23499999999999998667732370449812151492,1.8092014428477448509140082795040462165e-25,109.0,0.99650932556642499234907691391187743252,0.71468266339468873424694059582879110001
0.23999999999999999111821580299874767661,6.5260318829101189627687456657129909461e-25,108.0,0.99635314651111495099887411471028576226,0.70765370533830354871005012016504000357
0.24499999999999999555910790149937383831,2.5270063463920725577679020985806028823e-24,107.0,0.99617809995566013733711244066862600613,0.70037202555816513838262678827893551442
0.25,1.0559175798816931808873758086309181404e-23,106.0,0.99598057137082573704141214988299534055,0.69280457222264821357090288910113518532
0.25500000000000000444089209850062616169,4.7878764928401617040016782863103316308e-23,104.0,0.99575649301836410239781646523701372394,0.68487833957025886962874083850325128637
0.26000000000000000888178419700125232339,2.369825043138383965875073409888731111e-22,103.0,0.99550189036949792749555110631694262832,0.67647566614580617333513034821034236406
0.26500000000000001332267629550187848508,1.2884318809678144878995910228175526049e-21,102.0,0.99521549435937452196670032207875867962,0.66818638264290346020199983164120514377
0.27000000000000001776356839400250464678,7.7448574535316098371393312174380865998e-21,100.0,0.99488887376409741721650724500522398665,0.6592959901031755484020916128661889093
0.27500000000000002220446049250313080847,5.1820558799192759266980812428814274508e-20,99.0,0.99451279387493671104623124726323191396,0.65013505266246325869323619688289165181
0.28000000000000002664535259100375697017,3.8860348041511933590662934860393453768e-19,97.0,0.99408462652437256894030138850104676188,0.64038107543280307984809659208174966753
0.28499999999999997557509345824655611068,3.2884093278379853282059055413047731235e-18,95.0,0.99358813182028062328235995283397486401,0.64945572368231074606990076401469142693
0.28999999999999998001598555674718227237,3.1606262134949665002956938942759353868e-17,93.0,0.99302020637015824234551061759755099789,0.66499634302009613141451034265845501145
0.29499999999999998445687765524780843407,3.4707424426768841284874560219216640425e-16,91.0,0.99235787100088062201034052907072105687,0.68069825415791056896827705650990248766
0.29999999999999998889776975374843459576,4.3750346962428875330260752085884886836e-15,88.0,0.99158338787110114952109811742574553691,0.6965390950995350838043486084154384605
0.30499999999999999333866185224906075746,6.3483501058868284373006308746268393115e-14,85.0,0.99066891224438882709045833498552057252,0.71247452828316654539999903255356568467
0.30999999999999999777955395074968691915,1.0600999494368824304446295492131465066e-12,82.0,0.98959907106348100718179961216173124795,0.72847103222700642525778073407115123832
0.31500000000000000222044604925031308085,2.0271327931237939605218459793922091167e-11,79.0,0.98831510661843750960731423221538377167,0.74447020750946145856788372126492484309
0.32000000000000000666133814775093924254,4.1912649451607584272242927522330333427e-10,75.0,0.98677608500383275734646858853130155102,0.7604227836000963574692757561867554845
0.32500000000000001110223024625156540424,8.6740113514208413855032336946316888418e-09,71.0,0.98490484944569419539895184820710811117,0.77626328564451407889236202108250149188
0.33000000000000001554312234475219156593,1.7267267105503702950769264363261572917e-07,66.0,0.98261790468953539349402582401061172499,0.79191768897176786277109849634940595164
0.33500000000000001998401444325281772763,3.0789923875698172675000575890777816998e-06,61.0,0.97977037225981370831573688657949516396,0.80730873368672576503096233310909771498
0.34000000000000002442490654175344388932,4.4139028194921040485815447789542506504e-05,54.0,0.97620323210990571811094663323278231773,0.82235192357533276275829040870034134021
0.34499999999999997335464740899624302983,0.00042352303853268077184935743920382271986,47.0,0.9716603942219067567765637312502214107,0.83695612643147595564958964379703690183
0.34999999999999997779553950749686919153,0.0022811593618975320891921067472029263123,37.0,0.96577288982264538936155653175074769285,0.85103068406682324624082717322703413067
0.35499999999999998223643160599749535322,0.0072465322720798843416988510346643311615,17.0,0.9579759660681176882989052083574125597,0.86273215214188435290304594088028149874
0.35999999999999998667732370449812151492,0.016438517298219119767926937614871370953,0.0,0.94742904190338367039831702049655681401,0.87264938232389425801354258659371629595
0.36499999999999999111821580299874767661,0.030989519012656785659023957681884945368,0.0,0.93275035297081274682778983379147185133,0.82800887722240740470531440948119089312
0.36999999999999999555910790149937383831,0.086190638045651754953374520225450535337,0.0,0.87667158866497081101049375447449677213,0.45994087377073720925627734021642792037
0.375,0.24717368757627313544567486060225148919,0.0,0.7246925583785044485565024743473620605,0.23716782865250278447583610873595010398
0.38000000000000000444089209850062616169,0.50947481027313206533332454506299465685,0.0,0.47593231530875905670746281736934975242,0.11464045485234739583572393674803292685
0.38500000000000000888178419700125232339,0.75739641379066200747787749751267930406,0.0,0.2364307356863798878216650819767800464,0.043688568384809146345043134902302786516
0.39000000000000001332267629550187848508,0.90048662838332790937761935710404262003,0.0,0.096855963299682331899263275772973349051,0.014273745055001079341261512284648662276
0.39500000000000001776356839400250464678,0.96166132480299157613473076485471716553,0.0,0.037155894313221176282162749830986551111,0.0043551112376930307634645713546638356724
0.40000000000000002220446049250313080847,0.98486318871104091604010953015713494827,0.0,0.014599356726879453874510378449987095772,0.0012980134201337450409703688596270912058
0.40500000000000002664535259100375697017,0.9935137986414404292360182298756074545,0.0,0.0062299167636912802681971167884712088184,0.00050235166265667011778346592267620720594
0.40999999999999997557509345824655611068,0.99631177896834923821815552696600596201,0.0,0.0035383893728841026221969670815909502802,0.00049736847586557052939682763436040669806
0.41499999999999998001598555674718227237,0.99730351621811043337915202834618394951,0.0,0.0025851747425086586937197895365448312369,0.0004931589898131901963709165223302243125
0.41999999999999998445687765524780843407,0.9978402045322808220965781135917166594,0.0,0.0020690034392296553743248821746147325106,0.00048894946829497382372185056705571856374
0.42499999999999998889776975374843459576,0.99818177452580176700841140498429565816,0.0,0.001740015253572672179927807699353345604,0.00048473991131047319848167348584729584046
0.42999999999999999333866185224906075746,0.99841883886840773536133830003573739651,0.0,0.0015111878740954032295771613277466027724,0.00048053031885924010012978177731015127981
0.43499999999999999777955395074968691915,0.99859195450980661613792732371489588695,0.0,0.0013433036011428790881246965848244490289,0.00047632069094082630059276563759282409361
0.44000000000000000222044604925031308085,0.99872155304802610263524604164964621312,0.0,0.0012164493277409148648729053792997560231,0.00047211102755478356424424987261473947551
0.44500000000000000666133814775093924254,0.99881821025688832534144073533796854448,0.0,0.0011198034037671147689043344208654925525,0.000467901328700663647904734806272618505
0.45000000000000001110223024625156540424,0.99888488888063994756381873294897476562,0.0,0.0010483201331733821055625019539077219422,0.00046369159437801830084143718462563745815
0.45500000000000001554312234475219156593,0.9989171549299710330336215751623150741,0.0,0.0010043068743050600296960283112079869094,0.00045948182458639926476813107605921794476
0.46000000000000001998401444325281772763,0.99893175889439690556741332689120130113,0.0,0.00099335679343908111956751775412479202207,0.00045527201932535827384498876742732931387
0.46500000000000002442490654175344388932,0.99894004284887880514120414530679482358,0.0,0.00098498645270992204830328964587513495647,0.00045106217859444705467842165617318468171
0.46999999999999997335464740899624302983,0.99894832787054933367012299182490355483,0.0,0.00097661597171504725192869827138467173502,0.00044685230239321737306013293417599449064
0.47499999999999997779553950749686919153,0.99895661395943527947180514358729359573,0.0,0.00096824535045093076770135406911938496861,0.00044264239072122084701050509594549238943
0.47999999999999998223643160599749535322,0.99896490111556343240585877373402393242,0.0,0.0009598745889140467935029448695342876618,0.00043843244357800922721253017681533895805
0.48499999999999998667732370449812151492,0.9989731893389605842418583170189635781,0.0,0.00095150368710086931611181347257572497612,0.00043422246096313421005598485735648886732
0.48999999999999999111821580299874767661,0.99898147862965352856744452101372650555,0.0,0.00094313264500787220412823541556468044819,0.00043001244287614748437608932900437460565
0.49499999999999999555910790149937383831,0.99898976898766906078840079519475722226,0.0,0.00093476146263152920796946785286386219172,0.00042580238931660073145334816204747380954
0.50,0.9989980604130339781287295638689038309,0.0,0.00092639013996831395986479818662755571281,0.0004215923002840456250133911695934399868
0.50500000000000000444089209850062616169,0.99900567768200330838477903932929944018,0.0,0.00091801867701469997385059244861964326816,0.00041738217577803383122681426751267802666
0.51000000000000000888178419700125232339,0.99900563493764684212893627849807382343,0.0,0.00090964707376716064576534343308518862386,0.00041317201579811700870902033035924585551
0.51500000000000001332267629550187848508,0.99900559219329037587309351766684820668,0.0,0.00090127533022216925324471858066098513738,0.00040896182034384680852006004326896363172
0.52000000000000001776356839400250464678,0.99900554944893390961725075683562259068,0.0,0.0008929034463761989557166076133104640492,0.00040475158941477487416447274983461179717
0.52500000000000002220446049250313080847,0.99900550670457744336140799600439697393,0.0,0.0008845314222257227943961699202683590104,0.00040054132301045284159112729595809940636
0.53000000000000002664535259100375697017,0.99900546396022097710556523517317135643,0.0,0.00087615925776721369228088169498052174328,0.00039633102113043233919306286967948404277
0.53500000000000003108624468950438313186,0.99900542121586451084972247434194574043,0.0,0.00086778695299714445414558282302428285997,0.00039212068377426498780732983698272469377
0.54000000000000003552713678800500929356,0.99900537847150804459387971351072012368,0.0,0.00085941450791198776653752352099475085894,0.00038791031094150240071483057357804894173
0.54500000000000003996802888650563545525,0.99900533572715157833803695267949450693,0.0,0.00085104192250821619777141072634244129087,0.00038369990263169618364016029266081578584
0.55000000000000004440892098500626161695,0.99900529298279511208219419184826889093,0.0,0.00084266919678230219792445423814762722848,0.00037948945884439793475144786864675548121
0.55500000000000004884981308350688777864,0.99900525023843864582635143101704327343,0.0,0.00083429633073071809883141260881680100343,0.00037527897957915924466019665688346768486
0.56000000000000005329070518200751394033,0.99900520749408217957050867018581765668,0.0,0.00082592332434993611407963878668663640302,0.00037106846483553169642112530933805927269
0.56499999999999994670929481799248605967,0.99900516474972571331561502472902448805,0.0,0.00081755017763642852492688893988170134561,0.00036685791461306695902539855022075725037
0.56999999999999995115018691649311222136,0.9990051220053692470597722638977988713,0.0,0.0008091768905866669366084300092193967156,0.00036264732891131641342769593116125986751
0.57499999999999995559107901499373838305,0.9990050792610127808039295030665732553,0.0,0.0008008034631971233938593168740359201558,0.00035843670772983171350402901841143043382
0.57999999999999996003197111349436454475,0.99900503651665631454808674223534763855,0.0,0.0007924298954642696372277315100694911701,0.00035422605106816441208038572681159032459
0.58499999999999996447286321199499070644,0.99900499377229984829224398140412202105,0.0,0.00078405618738457728898967476510937785884,0.00035001535892586605442517328589769851596
0.58999999999999996891375531049561686814,0.99900495102794338203640122057289640505,0.0,0.00077568233895451785314401050673797773963,0.00034580463130248817824905903144333511797
0.59499999999999997335464740899624302983,0.9990049082835869157805584597416707883,0.0,0.00076730835017056271540750952087809528668,0.00034159386819758231370481119297699381888
0.59999999999999997779553950749686919153,0.99900486553923044952471569891044517155,0.0,0.00075893422102918314320989316113079732966,0.00033738306961069998338713967727456448605
0.60499999999999998223643160599749535322,0.9990048227948739832688729380792195548,0.0,0.00075055995152685028568887674888922667533,0.00033317223554139270233253684782688725574
0.60999999999999998667732370449812151492,0.99900478005051751701303017724799393805,0.0,0.00074218554166003517368521272421375319102,0.0003289613659892119780191183002822593865
0.61499999999999999111821580299874767661,0.9990047373061610507571874164167683213,0.0,0.00073381099142520871973773354745384071045,0.00032475046095370931036646363386377617811
0.61999999999999999555910790149937383831,0.9990046945618045845013446555855427053,0.0,0.00072543630081884171807839435160200705607,0.00032053952043443619173545721876138722959
0.625,0.99900465181744811824550189475431708855,0.0,0.00071706146983740484462731534536525356609,0.00031632854443094410692812895949854931661
0.63000000000000000444089209850062616169,0.99900460907309165198965913392309147105,0.0,0.0007086864984773686569878239669393394945,0.00031211753294278453318749505427335718818
0.63500000000000000888178419700125232339,0.99900456632873518573381637309186585505,0.0,0.00070031138673520359444149678847127564833,0.00030790648596950894019739875027403351122
0.64000000000000001332267629550187848508,0.9990045235843787194779736122606402383,0.0,0.0006919361346073799779432011711954107291,0.00030369540351066879008235109496865928305
0.64500000000000001776356839400250464678,0.99900448084002225322213085142941462155,0.0,0.00068356074209036801011613667122848276259,0.00029948428556581553740737168336902593618
0.65000000000000002220446049250313080847,0.9990044380956657869662880905981890048,0.0,0.00067518520918063777524687619600900708946,0.00029527313213450062917782940126849041541
0.65500000000000002664535259100375697017,0.99900439535130932071044532976696338805,0.0,0.0006668095358746592392804069113663714059,0.00029106194321627550483928316445371448605
0.66000000000000003108624468950438313186,0.9990043526069528544546025689357377713,0.0,0.00065843372216890224981517089920500729912,0.0002868507188106915962773226538901695103
0.66500000000000003552713678800500929356,0.9990043098625963881987598081045121553,0.0,0.00065005776805983653609810556578900684285,0.00028263945891730032781740904688128796257
0.67000000000000003996802888650563545525,0.99900426711823992194291704727328653855,0.0,0.00064168167354393170901968380061255172566,0.0002784281635356531162247157442011429036
0.67500000000000004440892098500626161695,0.99900422437388345568707428644206092105,0.0,0.00063330543861765726110895388584152150694,0.00027421683266530137070396909320053668269
0.68000000000000004884981308350688777864,0.99900418162952698943123152561083530505,0.0,0.00062492906327748256652857915631164653213,0.00027000546630579649289928910688638007287
0.68500000000000005329070518200751394033,0.9990041388851705231753887647796096883,0.0,0.00061655254751987688106987741006857011497,0.00026579406445668987689403017897424310344
0.68999999999999994670929481799248605967,0.99900409614081405692049511932281651967,0.0,0.00060817589134130952814855025770437460361,0.00026158262711753300272370983090817722622
0.69499999999999995115018691649311222136,0.99900405339645759066465235849159090292,0.0,0.0005997990947382491548000793701667495715,0.00025737115428787706232428532724542840457
0.69999999999999995559107901499373838305,0.99900401065210112440880959766036528617,0.0,0.00059142215770716484766955208094169073709,0.00025315964596727352060815844746559407807
0.70499999999999996003197111349436454475,0.99900396790774465815296683682913966942,0.0,0.00058304508024452538901329315664363458367,0.0002489481021552737414140281781038340242
0.70999999999999996447286321199499070644,0.99900392516338819189712407599791405267,0.0,0.00057466786234679944269147513741357219691,0.00024473652285142908101903140126013951534
0.71499999999999996891375531049561686814,0.99900388241903172564128131516668843592,0.0,0.0005662905040104555541631562504031682886,0.00024052490805529088813858358548841990147
0.71999999999999997335464740899624302983,0.99900383967467525938543855433546281992,0.0,0.00055791300523196215048131807369831411793,0.00023631325776641050392621947265792939846
0.72499999999999997779553950749686919153,0.99900379693031879312959579350423720242,0.0,0.00054953536600778754028790295066747099036,0.00023210157198433926197343376078691527329
0.72999999999999998223643160599749535322,0.99900375418596232687375303267301158567,0.0,0.00054115758633439991380885115472016011613,0.0002278898507086284883095217828483686303
0.73499999999999998667732370449812151492,0.99900371144160586061791027184178596967,0.0,0.0005327796662082673428491378044609535769,0.0002236780939388295014014201815477589843
0.73999999999999999111821580299874767661,0.99900366869724939436206751101056035292,0.0,0.00052440160562585778078780952922432021195,0.00021946630167449361215354758007263381665
0.74499999999999999555910790149937383831,0.99900362595289292810622475017933473617,0.0,0.00051602340458363906257302088497567918259,0.00021525447391517212390764524881396429078
0.75,0.99900358320853646185038198934810911942,0.0,0.00050764506307807890471707052056401308921,0.00021104261066041633244261776805911831728
0.75500000000000000444089209850062616169,0.99900354046417999559453922851688350267,0.0,0.00049926658110564490529143709431139143886,0.00020683071190977752597437368665634213675
0.76000000000000000888178419700125232339,0.99900349771982352933869646768565788592,0.0,0.00049088795866280454392181494092475433664,0.00020261877766280698515566617665063160012
0.76500000000000001332267629550187848508,0.99900345497546706308285370685443226993,0.0,0.00048250919574602518178314948871530527256,0.00019840680791905598307593368389087430589
0.77000000000000001776356839400250464678,0.99900341223111059682701094602320665242,0.0,0.00047413029235177406159467242711086089969,0.00019419480267807578526114057460814377524
0.77500000000000002220446049250313080847,0.99900336948675413057116818519198103567,0.0,0.00046575124847651830761493662444650469834,0.00018998276193941764967361777796502680506
0.78000000000000002664535259100375697017,0.99900332674239766431532542436075541968,0.0,0.00045737206411672492563685079601889047526,0.00018577068570263282671190342457586517271
0.78500000000000003108624468950438313186,0.99900328399804119805948266352952980293,0.0,0.0004489927392688608029827139223895406057,0.00018155857396727255921058348099779283669
0.79000000000000003552713678800500929356,0.99900324125368473180363990269830418617,0.0,0.00044061327392939270849924941792248302474,0.0001773464267328880824401323801924497828
0.79500000000000003996802888650563545525,0.99900319850932826554779714186707856942,0.0,0.00043223366809478729255263904954156990318,0.00017313424399903062410675364795825366603
0.80000000000000004440892098500626161695,0.99900315576497179929195438103585295267,0.0,0.0004238539217615110870235566056928200233,0.00016892202576525140435222052533311037491
0.80500000000000004884981308350688777864,0.99900311302061533303611162020462733592,0.0,0.00041547403492603050530220131549712587129,0.00016470977203110163575371658696744467854
0.81000000000000005329070518200751394033,0.99900307027625886678026885937340171993,0.0,0.00040709400758481184228333101807866545031,0.00016049748279613252332367635546743206176
0.81499999999999994670929481799248605967,0.99900302753190240052537521391660855054,0.0,0.00039871383973432146043996103126151956397,0.00015628515805989535804241824565695748799
0.81999999999999995115018691649311222136,0.99900298478754593426953245308538293455,0.0,0.00039033353137102504550685307465849947679,0.00015207279782194114272760413652074058636
0.82499999999999995559107901499373838305,0.99900294204318946801368969225415731704,0.0,0.00038195308249138872293818331230998777662,0.00014786040208182115322846908275188612555
0.82999999999999996003197111349436454475,0.99900289929883300175784693142293170029,0.0,0.00037357249309187831359727071964099502386,0.00014364797083908656429685746161192230324
0.83499999999999996447286321199499070644,0.9990028565544765355020041705917060843,0.0,0.00036519176316895951982715498084427970588,0.00013943550409328854311906760958314462614
0.83999999999999996891375531049561686814,0.99900281381012006924616140976048046755,0.0,0.00035681089271909792544562815895507399955,0.00013522300184397824931569241253055852302
0.84499999999999997335464740899624302983,0.99900277106576360299031864892925485004,0.0,0.00034842988173875899574026611599886692739,0.00013101046409070683494145989183319096984
0.84999999999999997779553950749686919153,0.99900272832140713673447588809802923405,0.0,0.00034004873022440807746345968319757708422,0.00012679789083302544448507378648465224211
0.85499999999999998223643160599749535322,0.9990026855770506704786331272668036173,0.0,0.00033166743817251039882744558121944607836,0.0001225852820704852148690541311628288735
0.85999999999999998667732370449812151492,0.99900264283269420422279036643557800055,0.0,0.00032328600557953106949933709045798291941,0.00011837263780263727544957783026858893039
0.86499999999999999111821580299874767661,0.99900260008833773796694760560435238455,0.0,0.00031490443244193508059615447132528853729,0.00011415995802903274801631922793338067645
0.86999999999999999555910790149937383831,0.99900255734398127171110484477312676704,0.0,0.00030652271875618730467985513454508865303,0.00010994724274922274679229067399560572233
0.875,0.99900251459962480545526208394190115029,0.0,0.0002981408645187524957523635614308022622,0.00010573449196275837843368308594564773437
0.88000000000000000444089209850062616169,0.9990024718552683391994193231106755343,0.0,0.00028975886972609528925060097413397196931,0.00010152170566919074202970650683943778363
0.88500000000000000888178419700125232339,0.99900242911091187294357656227944991755,0.0,0.00028137673437468020204151475584838145371,9.7308883868070929102430659180437403151e-05
0.89000000000000001332267629550187848508,0.9990023863665554066877338014482243008,0.0,0.00027299445846097163241710762095518435622,9.3096026558950023606625494769920427779e-05
0.89500000000000001776356839400250464678,0.99900234362219894043189104061699868405,0.0,0.00026461204198143386008946653509436787636,8.888313374137910192960174052543467454e-05
0.90000000000000002220446049250313080847,0.9990023008778424741760482797857730673,0.0,0.00025622948493253104618579138514787341779,8.4670205414909232891051440267324529856e-05
0.90500000000000002664535259100375697017,0.99900225813348600792020551895454745055,0.0,0.0002478467873107272332434233991196956028,8.0457241579091477742888492473195495127e-05
0.91000000000000003108624468950438313186,0.99900221538912954166436275812332183455,0.0,0.00023946394911248634520487331589828001535,7.6244242233476890169089184000201748291e-05
0.91500000000000003552713678800500929356,0.99900217264477307540851999729209621705,0.0,0.00023108097033427218741284930488653901763,7.2031207377616516285532719775037766831e-05
0.92000000000000003996802888650563545525,0.9990021299004166091526772364608706003,0.0,0.00022269785097254844660528463548480405428,6.7818137011061394639841748451515054327e-05
0.92500000000000004440892098500626161695,0.9990020871560601428968344756296449843,0.0,0.00021431459102377869091036509641203180216,6.3605031133362556211222884035605017315e-05
0.93000000000000004884981308350688777864,0.99900204441170367664099171479841936755,0.0,0.00020593119048442636984155616485058060273,5.93918897440710244103072234778290242e-05
0.93500000000000005329070518200751394033,0.9990020016673472103851489539671937508,0.0,0.00019754764935095481429262992539987259052,5.517871284273781507899086023287668042e-05
0.93999999999999994670929481799248605967,0.99900195892299074413025530851040058217,0.0,0.00018916396761982742268938249309403433452,5.0965500428914030042778254233590309637e-05
0.94499999999999995115018691649311222136,0.99900191617863427787441254767917496466,0.0,0.00018078014528750691636101942775216731358,4.6752252502150482901399846246447516467e-05
0.94999999999999995559107901499373838305,0.99900187343427781161856978684794934867,0.0,0.00017239618235045645646596046772224466114,4.2538969061998260341304080033353394083e-05
0.95499999999999996003197111349436454475,0.99900183068992134536272702601672373192,0.0,0.00016401207880513889936946831247489803713,3.8325650108008347927852090002421542465e-05
0.95999999999999996447286321199499070644,0.99900178794556487910688426518549811517,0.0,0.00015562783464801698279224311028539004892,3.4112295639731723656872514368284266143e-05
0.96499999999999996891375531049561686814,0.99900174520120841285104150435427249917,0.0,0.00014724344987555332580544787573215933093,2.9898905656719357954501984512581601587e-05
0.96999999999999997335464740899624302983,0.99900170245685194659519874352304688167,0.0,0.00013885892448421042882573365690143171284,2.5685480158522213677025610310845674066e-05
0.97499999999999997779553950749686919153,0.99900165971249548033935598269182126492,0.0,0.00013047425847045067361026445228320501998,2.1472019144691246110717461425661385511e-05
0.97999999999999998223643160599749535322,0.99900161696813901408351322186059564892,0.0,0.00012208945183073632325174187734391406311,1.7258522614777402971681044565984430289e-05
0.98499999999999998667732370449812151492,0.99900157422378254782767046102937003217,0.0,0.00011370450456152952217342958076108138632,1.3044990568331624405689776712497630451e-05
0.98999999999999999111821580299874767661,0.99900153147942608157182770019814441467,0.0,0.00010531941665929229612417741030525835737,8.831423004904842988027454308886578884e-06
0.99499999999999999555910790149937383831,0.99900148873506961531598493936691879867,0.0,9.6934188120486552173445328354560207088e-05,4.6178199240479837233287184189155751876e-06
1.0,0.99900144599071314906014217853569318192,0.0,8.8548818941574078706327077027097622327e-05,4.0418132531196404541951584918483401262e-07
