value,sup,dur,Y,S
0.0,1.5601863072533429391356247619602985947e-62,111.0,0.99876964219633355276883098225692597768,0.28189930696585635349173111061232815564
0.0050000000000000001040834085586084256647,1.396457644884944593212778567080495069e-60,110.0,0.99756331713531991826707509354102417276,0.27580004810290949204727945893903176427
0.010000000000000000208166817117216851329,3.5402202832773769882236961961288949467e-58,108.0,0.99608547830263100919916777066179815815,0.26949632711198441008235917166186532428
0.014999999999999999444888487687421729788,3.4749244703805433157634570515639079598e-55,106.0,0.99430445254652771573495204057446731933,0.26300709083848258609866471992008728567
0.020000000000000000416333634234433702659,1.7279233717497041928410783137600349147e-51,104.0,0.99211745393506559111953141001154535893,0.25623522892140065905978782330545745065
0.02500000000000000138777878078144567553,4.777682001321673377513537606599985165e-47,101.0,0.98940775174982549612328940447285254157,0.24925174373367909620279545715145415973
0.029999999999999998889776975374843459576,6.0611922003984274679383210388132569058e-42,98.0,0.98602693672140380061539505472616404185,0.24192922889130910610636553639438937254
0.035000000000000003330669073875469621271,2.2350095650914812133300871244809528903e-36,95.0,0.9817727543087978670953627488895393336,0.2342274100570254995327078877816411115
0.040000000000000000832667268468867405318,1.3940710718077246308847494335899995865e-30,91.0,0.97636501497049054002342701969967096392,0.22613732356489643423864868066589447184
0.044999999999999998334665463062265189365,9.0716767862066004141382095901044068529e-25,86.0,0.96939861132121588460212055047310368687,0.2175046187991986256063745258459447113
0.050000000000000002775557561562891351059,2.8941042237229769877466483372730468335e-19,80.0,0.96026727774317756091231226717728680253,0.20827098476888091139257661385727624618
0.055000000000000000277555756156289135106,6.9487896202721822013495022777768511971e-14,73.0,0.94801053083833966254162315117389412191,0.1981960732473506629667234337818106815
0.059999999999999997779553950749686919153,1.3816876297677509805106482425547471051e-08,63.0,0.93091801735027169596749599700052485146,0.18705797873292119179207183752088941063
0.065000000000000002220446049250313080847,0.00050126286431713168963922883479689503269,37.0,0.90568343260373690769932840290261943464,0.17438763966787739032852603450215744245
0.070000000000000006661338147750939242542,0.042511212398030513331002536495839784721,0.0,0.86587275085085371280181641831273159273,0.15935720562119986130351202133967348848
0.074999999999999997224442438437108648941,0.16460676852289293942440535606709380046,0.0,0.8053342712908581430969313160575746003,0.14082640324685098402983179660778461893
0.080000000000000001665334536937734810635,0.36430698832191308160341503864049618684,0.0,0.764700512866295807442491970523143751,0.12073139807879461545855673079934553849
0.08500000000000000610622663543836097233,0.60203975867493780832615438489705533133,0.0,0.72463045171167464049454806286488342336,0.10677415524573741395755140670670571742
0.089999999999999996669330926124530378729,0.77344891367187695539265916721039767514,0.0,0.66411420985854230485962326792589072731,0.099504425442826488229393559118771550463
0.095000000000000001110223024625156540424,0.83004513249679284477480974080330731784,0.0,0.57454560559485231741301101023360265402,0.093572771213073055357016884746788621742
0.10000000000000000555111512312578270212,0.87285595555559839829141752273165635694,0.0,0.45207642582105551970638870602915503112,0.077430129652879217264528572853766044994
0.10499999999999999611421941381195210852,0.91713013447076894007971586790690452594,0.0,0.31052123160371807985977350521635361667,0.053235464598911531917187339906463287415
0.11000000000000000055511151231257827021,0.95353674712728452144436656205859614721,0.0,0.18289324313323402651600344402598188829,0.030579214514662398895265051792320574591
0.11500000000000000499600361081320443191,0.97690624496793704771713496739518417856,0.0,0.094530395907461949386031256905191485187,0.015325371619073584612839670854883758042
0.11999999999999999555910790149937383831,0.98935463753080858210141685595578826166,0.0,0.044861537395644456974779913233098262238,0.007067331191834454771072006087751942956
0.125,0.99528039792357009001300176300425778043,0.0,0.020333908866196191263555579691295207784,0.0031227227961657033407310824885726669765
0.13000000000000000444089209850062616169,0.99591861935843704898198455965231095404,0.0,0.0090205182298727509628589445923164983795,0.0013551543421308974658592146380422627204
0.13500000000000000888178419700125232339,0.99626133170284790409838495510030939254,0.0,0.003968037599494128228812086927883670524,0.00067744348209233220667472568894143746703
0.14000000000000001332267629550187848508,0.99654904283313574792012865101813278899,0.0,0.0029701102397736713509288118778782829891,0.00066969145214704556347562105358228176225
0.14499999999999999000799277837359113619,0.99679636043147945613557927948497624811,0.0,0.0027588520458124113107480386371117620181,0.00066198424224015338227040262734181297708
0.14999999999999999444888487687421729788,0.99700224727874877310657105565508209262,0.0,0.0025787135802808060194984261728532713273,0.00065432185444846006137672399433174676668
0.15499999999999999888977697537484345958,0.9971927882605593058490242293764683658,0.0,0.002421055412281930775063986596290700377,0.000646704290836739901631033481654056931
0.16000000000000000333066907387546962127,0.99734785110099382602651441339493393281,0.0,0.0022828542050480103602403675922738377606,0.00063913155345773554523979042806176714688
0.16500000000000000777156117237609578297,0.99749474079655763367611941030679845206,0.0,0.0021545949025913132023540284483252372257,0.00063160364435215663697438306204378183114
0.17000000000000001221245327087672194466,0.99762426990532497966938442405466811652,0.0,0.0020495571786164925807389507449146216473,0.00062412056554867845051220599806835457998
0.17499999999999998889776975374843459576,0.99773617731818684577856236082671087321,0.0,0.0019491951842781717283071110102467834139,0.00061668231906394056399975803474205990727
0.17999999999999999333866185224906075746,0.99784322906685584888470858916301049173,0.0,0.0018533212192207090674237293246343715225,0.00060928890690254533759384378799189597272
0.18499999999999999777955395074968691915,0.99794561609832086691076869985137784921,0.0,0.0017759173694411781626486207661823854104,0.00060194033105705681171886506511947967566
0.19000000000000000222044604925031308085,0.99802706182323527557219507942181016259,0.0,0.0017037381765303225280970523466899748566,0.00059463659350799920023059714391771561489
0.19500000000000000666133814775093924254,0.99810401799129208310169494069396215432,0.0,0.0016341520998752750731578418537067854786,0.00058737769622385559846879058713902661106
0.20000000000000001110223024625156540424,0.99817829179835175609514131078384579733,0.0,0.0015670784165844876799345041151549511514,0.00058016364116106665795914211396101319424
0.20499999999999998778754672912327805534,0.99824996480947351527515906719952340359,0.0,0.0015042161690562714877664242875750163854,0.00057299443026402930885394175069512681511
0.20999999999999999222843882762390421703,0.99831911650025290095039182299353665691,0.0,0.0014557976397929716945871637782492604569,0.00056587006546509529182823592710264332179
0.21499999999999999666933092612453037873,0.99837396662803571546654458243848501198,0.0,0.0014086821887953636128331391304830308545,0.00055879054868457009576755428696615525198
0.22000000000000000111022302462515654042,0.9984239304694082393589779865214014278,0.0,0.0013628416748160670129564967736946899036,0.00055175588183071150530648715368777221163
0.22500000000000000555111512312578270212,0.9984725901049668253622026354008692789,0.0,0.0013182484091696122557263995706585917654,0.00054476606679972835579884392179405097085
0.23000000000000000999200722162640886381,0.99851997314528556909323922614026998427,0.0,0.0012748751513056806961512980850614999257,0.00053782110547577925644042969428088311597
0.23499999999999998667732370449812151492,0.99856610676057512961328231037272054292,0.0,0.001232695104378345929352164864937971403,0.00053092099973097135964640704659116134469
0.23999999999999999111821580299874767661,0.99861101768501882395543065147709534766,0.0,0.0011916819108124510992458613817269236233,0.00052406575142535894736315074670567239883
0.24499999999999999555910790149937383831,0.99865473222111140290811744218387015504,0.0,0.0011617581165055274907725722828366352367,0.00051725536240694240824291855012140854482
0.25,0.99869538546576347919650409087112369912,0.0,0.001134151870363618022598438067715172726,0.00051048983451166683961723988372291800715
0.25500000000000000444089209850062616169,0.99872412480084368110562397347389597411,0.0,0.0011070343722053569711542481261451994182,0.00050376916956342084944234378272056864565
0.26000000000000000888178419700125232339,0.99875237542033592238414451805501420183,0.0,0.0010803999409277502433533809198777669594,0.00049709336937403532790047886049425435231
0.26500000000000001332267629550187848508,0.99878014288769885528444756224118780722,0.0,0.0010542429262443938710727172350107492866,0.00049046243574328222708645093298170914878
0.27000000000000001776356839400250464678,0.99880743273586356355361908637654114025,0.0,0.0010285577087488278525272416375492770731,0.00048387637045887334878091150062841782236
0.27500000000000002220446049250313080847,0.99883425046717117951414903063556171157,0.0,0.001003338699976793826454573296289856881,0.00047733517529645914031192018870581724634
0.28000000000000002664535259100375697017,0.998860601553311575906018465029432661,0.0,0.00097858034246740850965461803184480497352,0.00047083885201962749850629414152064857566
0.28499999999999997557509345824655611068,0.99888649143526312048120671571809503227,0.0,0.00095427710982326505970523953334356605016,0.00046438740237990265310862140599579891383
0.28999999999999998001598555674718227237,0.99891192552323348337725534087587937961,0.0,0.0009304235067694726114955474910651191432,0.00045798082811674370091295981636194026396
0.29499999999999998445687765524780843407,0.99893690919660148132074840266943620665,0.0,0.00090701406921164984165670317561573692133,0.00045161913095754386374542902642303374023
0.29999999999999998889776975374843459576,0.99896144780385995279686600772822951082,0.0,0.00088404336429287894532025727002456234403,0.00044530231261762903778949810218182733535
0.30499999999999999333866185224906075746,0.99897411154662940182405468980654401901,0.0,0.0008686914215525866991089441269205195121,0.00043903037480025670988319199852233496417
0.30999999999999999777955395074968691915,0.9989864406492724072633304649006897179,0.0,0.00085624793288585458108879107721499594371,0.00043280331919661481004036930469005866392
0.31500000000000000222044604925031308085,0.99899868103702781414569882660430196549,0.0,0.00084389398216781093648780369892352956569,0.00042662114748582057207209471045329087429
0.32000000000000000666133814775093924254,0.99900999035173904341268558636363636341,0.0,0.00083162957605256536736238322487710860993,0.00042048386133491940230953823798203610321
0.32500000000000001110223024625156540424,0.99900999035173904341268558636363636341,0.0,0.0008194547211462410699515083741422009626,0.0004143914623988837564298231524476814773
0.33000000000000001554312234475219156593,0.99900999035173904341268558636363636341,0.0,0.00080736942400696594880313155922653693883,0.00040834395232061202438623432944248608201
0.33500000000000001998401444325281772763,0.99900999035173904341268558636363636341,0.0,0.00079537369114486379499043162138451348816,0.00040234133273092742344418871956358649874
0.34000000000000002442490654175344388932,0.99900999035173904341268558636363636341,0.0,0.00078346752902204552844004988855591887157,0.00039638360524857689932435940992187539699
0.34499999999999997335464740899624302983,0.99900999035173904341268558636363636341,0.0,0.00077165094405260063508744742329174191268,0.00039047077148023010085076045585321115648
0.34999999999999997779553950749686919153,0.99900999035173904341268558636363636341,0.0,0.00075992394260258801372755740598266647604,0.00038460283302047803522816193149607321668
0.35499999999999998223643160599749535322,0.99900999035173904341268558636363636341,0.0,0.00074828653099002819795292695368956530392,0.00037877979145183238738880031204672101105
0.35999999999999998667732370449812151492,0.99900999035173904341268558636363636341,0.0,0.00073673871548489432939159011636825933346,0.00037300164834472419049682030199956386535
0.36499999999999999111821580299874767661,0.99900999035173904341268558636363636341,0.0,0.00072528050230910385260925627369831725564,0.00036726840525750283354253930219988498951
0.36999999999999999555910790149937383831,0.99900999035173904341268558636363636341,0.0,0.00071391189763651014256518253019792352091,0.00036158006373643501115714632370115305803
0.375,0.99900999035173904341268558636363636341,0.0,0.00070263290759289419633045202177851294953,0.00035593662531570368154401082706717926238
0.38000000000000000444089209850062616169,0.99900999035173904341268558636363636341,0.0,0.00069144353825595638908950818305521448232,0.00035033809151740703252791176277005614158
0.38500000000000000888178419700125232339,0.99900999035173904341268558636363636341,0.0,0.00068034379565530829444563504684833948145,0.00034478446385155745572348692319765452604
0.39000000000000001332267629550187848508,0.99900999035173904341268558636363636341,0.0,0.00066933368577246456905091358605844230209,0.00033927574381608052882419254902122882674
0.39500000000000001776356839400250464678,0.99900999035173904341268558636363636341,0.0,0.00065841321454083490158102396411124379426,0.00033381193289681400601305296230482257532
0.40000000000000002220446049250313080847,0.99900999035173904341268558636363636341,0.0,0.00064758238784571602607510333408780189436,0.00032839303256750681649646982578411730297
0.40500000000000002664535259100375697017,0.99900999035173904341268558636363636341,0.0,0.00063684121152428379966070851911908175961,0.00032301904428981807116235045222357777707
0.40999999999999997557509345824655611068,0.99900999035173904341268558636363636341,0.0,0.00062618969136558546244168882172302670128,0.00031768996951331613627909423132458003524
0.41499999999999998001598555674718227237,0.99900999035173904341268558636363636341,0.0,0.00061562783311053137202572082821038486315,0.00031240580967547742024627338429956316014
0.41999999999999998445687765524780843407,0.99900999035173904341268558636363636341,0.0,0.00060515564245188798405714869678956106368,0.00030716656620168575962088812178937221188
0.42499999999999998889776975374843459576,0.99900999035173904341268558636363636341,0.0,0.00059477312503426971366167554745544387335,0.00030197224050523122112804238085796166623
0.42999999999999999333866185224906075746,0.99900999035173904341268558636363636341,0.0,0.00058448028645413145414530577505934024685,0.000296822833987309208373140278202780858
0.43499999999999999777955395074968691915,0.99900999035173904341268558636363636341,0.0,0.00057427713225976104144198567738733700377,0.00029171834803701951727180647501459747188
0.44000000000000000222044604925031308085,0.99900999035173904341268558636363636341,0.0,0.00056416366795127178308219897377821310806,0.00028665878403136539961265643361103988631
0.44500000000000000666133814775093924254,0.99900999035173904341268558636363636341,0.0,0.00055413989898059505170128123105686744697,0.00028164414333525263475409449572810246833
0.45000000000000001110223024625156540424,0.99900999035173904341268558636363636341,0.0,0.0005442058307514729431060562017737152824,0.00027667442730148860945630751467384911477
0.45500000000000001554312234475219156593,0.99900999035173904341268558636363636341,0.0,0.00053436146861945099891823599291895646527,0.00027174963727078140584961157350870114543
0.46000000000000001998401444325281772763,0.99900999035173904341268558636363636341,0.0,0.00052460681789187099381286582206746017576,0.00026686977457173889754029911903753570069
0.46500000000000002442490654175344388932,0.99900999035173904341268558636363636341,0.0,0.00051494188382786378736993288295011456767,0.00026203484052086785385512363670088651231
0.46999999999999997335464740899624302983,0.99900999035173904341268558636363636341,0.0,0.00050536667163834234636523231443230871281,0.00025724483642257310515586103131087075909
0.47499999999999997779553950749686919153,0.99900999035173904341268558636363636341,0.0,0.00049588118648599430167327971983914465279,0.00025249976356915645114434678650961876904
0.47999999999999998223643160599749535322,0.99900999035173904341268558636363636341,0.0,0.00048648543348527563190286433531572339434,0.00024779962324081610860798573125428021209
0.48499999999999998667732370449812151492,0.99900999035173904341268558636363636341,0.0,0.00047717941770240334765826063388737999407,0.00024314441670564563501220092947431339428
0.48999999999999999111821580299874767661,0.99900999035173904341268558636363636341,0.0,0.00046796314415534877352707870020350733454,0.00023853414521963312688394773303598824328
0.49499999999999999555910790149937383831,0.99900999035173904341268558636363636341,0.0,0.00045883661781383078798232942744402679703,0.00023396881002666037291133157878970121011
0.5,0.99900999035173904341268558636363636341,0.0,0.0004497998435993091280199698396425577418,0.00022944841235850201518953728012403818712
0.50500000000000000444089209850062616169,0.99900999035173904341268558636363636341,0.0,0.00044085282638497775854875560438693114081,0.00022497295343482471861412521952114346259
0.51000000000000000888178419700125232339,0.99900999035173904341268558636363636341,0.0,0.00043199557099575830654906593126699819581,0.00022054243446318634842273962396630447968
0.51500000000000001332267629550187848508,0.99900999035173904341268558636363636341,0.0,0.0004232280822082935600172041145743083692,0.00021615685663903515588626387830997216274
0.52000000000000001776356839400250464678,0.99900999035173904341268558636363636341,0.0,0.00041455036475094103171151497526763085052,0.00021181622114570897215044760283331357991
0.52500000000000002220446049250313080847,0.99900999035173904341268558636363636341,0.0,0.00040596242330376658771649838775232096191,0.00020752052915443441022901999034945261711
0.53000000000000002664535259100375697017,0.99900999035173904341268558636363636341,0.0,0.0003974642624985381408409359422304308591,0.00020326978182432607514929366520241621352
0.53500000000000003108624468950438313186,0.99900999035173904341268558636363636341,0.0,0.0003890558869187194088658855939128611337,0.00019906398030238578225125309152509568792
0.54000000000000003552713678800500929356,0.99900999035173904341268558636363636341,0.0,0.00038073730109946373765823688689575833497,0.00019490312572350178364111132110688791388
0.54500000000000003996802888650563545525,0.99900999035173904341268558636363636341,0.0,0.0003725085095276079891653570136421739614,0.00019078721921044800280030863222173873169
0.55000000000000004440892098500626161695,0.99900999035173904341268558636363636341,0.0,0.00036436951664166649430619558142847888598,0.00018671626187388327735091636979871597372
0.55500000000000004884981308350688777864,0.99900999035173904341268558636363636341,0.0,0.00035632032683182507077405350546531086601,0.00018269025481235060997839905440064275395
0.56000000000000005329070518200751394033,0.99900999035173904341268558636363636341,0.0,0.00034836094443993510576605893533742639374,0.00017870919911227642751267758263237978141
0.56499999999999994670929481799248605967,0.99900999035173904341268558636363636341,0.0,0.0003404913737595078773966600046247421868,0.00017477309584796993506839534531894857803
0.56999999999999995115018691649311222136,0.99900999035173904341268558636363636341,0.0,0.00033271161903570807036091372683717997197,0.00017088194608162204284731421545440218789
0.57499999999999995559107901499373838305,0.99900999035173904341268558636363636341,0.0,0.00032502168446534910197028341506512337294,0.00016703575086330517409416742004318315235
0.57999999999999996003197111349436454475,0.99900999035173904341268558636363636341,0.0,0.00031742157419688676378350308131245331452,0.00016323451123097220622578038272554029121
0.58499999999999996447286321199499070644,0.99900999035173904341268558636363636341,0.0,0.00030991129233041380492623732080640626371,0.00015947822821045585861554869085931944322
0.58999999999999996891375531049561686814,0.99900999035173904341268558636363636341,0.0,0.00030249084291765440468759217243942218837,0.00015576690281546800064353317066118227092
0.59499999999999997335464740899624302983,0.99900999035173904341268558636363636341,0.0,0.00029516022996195871014407797148336821777,0.00015210053604759896791116879894173630624
0.59999999999999997779553950749686919153,0.99900999035173904341268558636363636341,0.0,0.00028791945741829743882476486415120717547,0.0001484791288963168866214482484008585269
0.60499999999999998223643160599749535322,0.99900999035173904341268558636363636341,0.0,0.00028076852919325654643120861719600702005,0.0001449026823389670061254306021899178191
0.60999999999999998667732370449812151492,0.99900999035173904341268558636363636341,0.0,0.000273707449145031959625561264480736594,0.00014137119734077103963591551046755011295
0.61499999999999999111821580299874767661,0.99900999035173904341268558636363636341,0.0,0.00026673622108342437390011798698085804305,0.00013788467485482651310911279699582997067
0.61999999999999999555910790149937383831,0.99900999035173904341268558636363636341,0.0,0.00025985484876983411654138842365192086787,0.0001344431158221061222951272574648350539
0.625,0.99900999035173904341268558636363636341,0.0,0.00025306333591725607470161735866311868231,0.00013104652117145709795806812321644143072
0.63000000000000000444089209850062616169,0.99900999035173904341268558636363636341,0.0,0.00024636168619027468859051642632233218243,0.00012769489181960057926658239438344910378
0.63500000000000000888178419700125232339,0.99900999035173904341268558636363636341,0.0,0.00023974990320505900979980511925610557455,0.0001243882286711309953556009751885544373
0.64000000000000001332267629550187848508,0.99900999035173904341268558636363636341,0.0,0.00023322799052935782477299597871714895459,0.00012112653261851545506007627128000002483
0.64500000000000001776356839400250464678,0.99900999035173904341268558636363636341,0.0,0.00022679595168249484343269538893048831938,0.00011790980454209314482147963453768843154
0.65000000000000002220446049250313080847,0.99900999035173904341268558636363636341,0.0,0.00022045379013536395297752789081575825032,0.00011473804531007473476781676478589433802
0.65500000000000002664535259100375697017,0.99900999035173904341268558636363636341,0.0,0.00021420150931042453686062837489610411408,0.00011161125577854179296790890031720459576
0.66000000000000003108624468950438313186,0.99900999035173904341268558636363636341,0.0,0.00020803911258169685896148290938277550784,0.00010852943679144620786067735008771693579
0.66500000000000003552713678800500929356,0.99900999035173904341268558636363636341,0.0,0.00020196660327475751296273530796808138041,0.00010549258918060961886015863990659929755
0.67000000000000003996802888650563545525,0.99900999035173904341268558636363636341,0.0,0.0001959839846667349369434128434275530708,0.00010250071376572285513696726293462119595
0.67500000000000004440892098500626161695,0.99900999035173904341268558636363636341,0.0,0.00019009125998630499319986076838481616641,9.9553811354345382576912741346988811809e-05
0.68000000000000004884981308350688777864,0.99900999035173904341268558636363636341,0.0,0.00018428843241368661330551151418997198264,9.6651882741904758917467421126523449613e-05
0.68500000000000005329070518200751394033,0.99900999035173904341268558636363636341,0.0,0.00017857550508063750842045060346467159814,9.3794928711696097062771135654699782687e-05
0.68999999999999994670929481799248605967,0.99900999035173904341268558636363636341,0.0,0.00017295248107045006871964197253817692415,9.0982950034881598516985651990768015194e-05
0.69499999999999995115018691649311222136,0.99900999035173904341268558636363636341,0.0,0.00016741936341794670680570419201924967503,8.821594747048978430316341480750635314e-05
0.69999999999999995559107901499373838305,0.99900999035173904341268558636363636341,0.0,0.00016197615510947651296938769424454857543,8.5493921765415357448718637975506365265e-05
0.70499999999999996003197111349436454475,0.99900999035173904341268558636363636341,0.0,0.00015662285908291072518347760399049788224,8.2816873654418448268683985548990396206e-05
0.70999999999999996447286321199499070644,0.99900999035173904341268558636363636341,0.0,0.00015135947822763889167438964106582374963,8.0184803860124181521130493183569122626e-05
0.71499999999999996891375531049561686814,0.99900999035173904341268558636363636341,0.0,0.00014618601538456497295153877639806941515,7.7597713093022188807226088490430396016e-05
0.71999999999999997335464740899624302983,0.99900999035173904341268558636363636341,0.0,0.00014110247334610350915864781876594678426,7.5055602051466129154345799492875191235e-05
0.72499999999999997779553950749686919153,0.99900999035173904341268558636363636341,0.0,0.00013610885485617585275664574407142016357,7.2558471421673217782837448227296333867e-05
0.72999999999999998223643160599749535322,0.99900999035173904341268558636363636341,0.0,0.00013120516261020646654764136845594386777,7.0106321877723763057036328484912461354e-05
0.73499999999999998667732370449812151492,0.99900999035173904341268558636363636341,0.0,0.00012639139925511928704929371759928412535,6.7699154081560711621112067443586411065e-05
0.73999999999999999111821580299874767661,0.99900999035173904341268558636363636341,0.0,0.00012166756738933415322873615786000416935,6.5336968682989201720320570511697684407e-05
0.74499999999999999555910790149937383831,0.99900999035173904341268558636363636341,0.0,0.00011703366956276330060504703118736023011,6.3019766319676124708223647119130047221e-05
0.75,0.99900999035173904341268558636363636341,0.0,0.00011248970827680792072909517561864578533,6.0747547617149694740428612464808371983e-05
0.75500000000000000444089209850062616169,0.99900999035173904341268558636363636341,0.0,0.00010803568598435478604942431733774836219,5.8520313188799026655389856386707590466e-05
0.76000000000000000888178419700125232339,0.99900999035173904341268558636363636341,0.0,0.00010367160508977294017267588937387562117,5.6338063635873722042804065579698471098e-05
0.76500000000000001332267629550187848508,0.99900999035173904341268558636363636341,0.0,9.9397467948910453526885366728301879585e-05,5.4200799547483463500120479369830527025e-05
0.77000000000000001776356839400250464678,0.99900999035173904341268558636363636341,0.0,9.5213276869091244435822708696023033511e-05,5.2108521500597617077677252181525514069e-05
0.77500000000000002220446049250313080847,0.99900999035173904341268558636363636341,0.0,9.1119034109111965612382967063027690543e-05,5.0061230060044842912964687727512678548e-05
0.78000000000000002664535259100375697017,0.99900999035173904341268558636363636341,0.0,8.7114741879238956078868554373332065569e-05,4.8058925778512714054505800831029193225e-05
0.78500000000000003108624468950438313186,0.99900999035173904341268558636363636341,0.0,8.3200402341205258521840070238014977642e-05,4.6101609196547343475834352676689130036e-05
0.79000000000000003552713678800500929356,0.99900999035173904341268558636363636341,0.0,7.9376017608207702089047956366444592211e-05,4.4189280842553019280040194201347853755e-05
0.79500000000000003996802888650563545525,0.99900999035173904341268558636363636341,0.0,7.5641589744904050635792593303112300836e-05,4.2321941232791848095341440300114773281e-05
0.80000000000000004440892098500626161695,0.99900999035173904341268558636363636341,0.0,7.199712076741021642789576441756364912e-05,4.0499590871383406662132684556257643403e-05
0.80500000000000004884981308350688777864,0.99900999035173904341268558636363636341,0.0,6.844261264329753930830169618560043489e-05,3.8722230250304401611948150327960565247e-05
0.81000000000000005329070518200751394033,0.99900999035173904341268558636363636341,0.0,6.4978067291590131334161138883153417421e-05,3.6989859849388337438768359260612629327e-05
0.81499999999999994670929481799248605967,0.99900999035173904341268558636363636341,0.0,6.1603486582762360823009453042449288317e-05,3.530248013632522963094438755318696423e-05
0.81999999999999995115018691649311222136,0.99900999035173904341268558636363636341,0.0,5.8318872338736030225352268723171482745e-05,3.3660091566661140158003795775184018376e-05
0.82499999999999995559107901499373838305,0.99900999035173904341268558636363636341,0.0,5.5124226332878366797196460701651815195e-05,3.2062694583798094825608395646069249405e-05
0.82999999999999996003197111349436454475,0.99900999035173904341268558636363636341,0.0,5.2019550289999327463664790481301121162e-05,3.0510289618993633151883843731601076997e-05
0.83499999999999996447286321199499070644,0.99900999035173904341268558636363636341,0.0,4.9004845886349346835088213711578568018e-05,2.9002877091360555273366395170689558559e-05
0.83999999999999996891375531049561686814,0.99900999035173904341268558636363636341,0.0,4.6080114749617074801681823117948486831e-05,2.7540457407866639078793145691133457021e-05
0.84499999999999997335464740899624302983,0.99900999035173904341268558636363636341,0.0,4.3245358458927179642062976719752085801e-05,2.612303096333436553794697488058785413e-05
0.84999999999999997779553950749686919153,0.99900999035173904341268558636363636341,0.0,4.0500578544838216651146173420272122752e-05,2.4750598140440652225902224185910358077e-05
0.85499999999999998223643160599749535322,0.99900999035173904341268558636363636341,0.0,3.7845776489340562292784267462798851639e-05,2.342315930971659504300682129264878945e-05
0.85999999999999998667732370449812151492,0.99900999035173904341268558636363636341,0.0,3.5280953725854413882360620916513870492e-05,2.2140714829547218130926240035350465317e-05
0.86499999999999999111821580299874767661,0.99900999035173904341268558636363636341,0.0,3.2806111639227854804371779954063789364e-05,2.090326504617123198506436182948560391e-05
0.86999999999999999555910790149937383831,0.99900999035173904341268558636363636341,0.0,3.0421251565734985269875226876491996825e-05,1.9710810293680799763665980817979687537e-05
0.875,0.99900999035173904341268558636363636341,0.0,2.8126374793074118618511706298549432785e-05,1.8563350894021311793895370510538471821e-05
0.88000000000000000444089209850062616169,0.99900999035173904341268558636363636341,0.0,2.5921482560366043169646551296246576061e-05,1.7460887156991168275175004683023171974e-05
0.88500000000000000888178419700125232339,0.99900999035173904341268558636363636341,0.0,2.3806576058152349627009344306884499537e-05,1.6403419380241570180058199717992433782e-05
0.89000000000000001332267629550187848508,0.99900999035173904341268558636363636341,0.0,2.1781656428393824041046138827867710907e-05,1.5390947849276318352899119427073932297e-05
0.89500000000000001776356839400250464678,0.99900999035173904341268558636363636341,0.0,1.9846724764468906333033342152615822026e-05,1.442347283745162080657325672196543292e-05
0.90000000000000002220446049250313080847,0.99900999035173904341268558636363636341,0.0,1.800178211117221438483721717821640604e-05,1.350099460597590821749117931449805752e-05
0.90500000000000002664535259100375697017,0.99900999035173904341268558636363636341,0.0,1.6246829464713133698037803388556636793e-05,1.2623513403909657619137998948230019259e-05
0.91000000000000003108624468950438313186,0.99900999035173904341268558636363636341,0.0,1.4581867772714472625970884127088763004e-05,1.1791029468165224294360695515385369934e-05
0.91500000000000003552713678800500929356,0.99900999035173904341268558636363636341,0.0,1.3006897934211183182076439893765908806e-05,1.1003543023506681866615098814518895718e-05
0.92000000000000003996802888650563545525,0.99900999035173904341268558636363636341,0.0,1.1521920799649147427776826299757312298e-05,1.0261054282549670590374001676986080944e-05
0.92500000000000004440892098500626161695,0.99900999035173904341268558636363636341,0.0,1.0126937170884029442942701160124623056e-05,9.5635634457612538408875487550381990907e-06
0.93000000000000004884981308350688777864,0.99900999035173904341268558636363636341,0.0,8.8219478011801928818394986675994879759e-06,8.911070701459782803476715442060446782e-06
0.93500000000000005329070518200751394033,0.99900999035173904341268558636363636341,0.0,7.6069533952096841172820103389071433479e-06,8.3035762258147693625303612070401372584e-06
0.93999999999999994670929481799248605967,0.99900999035173904341268558636363636341,0.0,6.4819546090513049563938059802617815731e-06,7.7410801828467791807030675082221883526e-06
0.94499999999999995115018691649311222136,0.99900999035173904341268558636363636341,0.0,5.446952050189629047037950032200976402e-06,7.2235827244272720272703556612881487287e-06
0.94999999999999995559107901499373838305,0.99900999035173904341268558636363636341,0.0,4.5019462775143316812755583209862452444e-06,6.7510839902785742066881001443841094639e-06
0.95499999999999996003197111349436454475,0.99900999035173904341268558636363636341,0.0,3.6469378013193333980382189844074965068e-06,6.3235841079737332890474192030841516006e-06
0.95999999999999996447286321199499070644,0.99900999035173904341268558636363636341,0.0,2.8819270833021370825979598579398126515e-06,5.9410831929364449892899929892336519464e-06
0.96499999999999996891375531049561686814,0.99900999035173904341268558636363636341,0.0,2.2069145365632046879945740425521106954e-06,5.6035813484409752574282018910295342654e-06
0.96999999999999997335464740899624302983,0.99900999035173904341268558636363636341,0.0,1.6219005256053995591364555186142949233e-06,5.3110786656120905693729576135812768496e-06
0.97499999999999997779553950749686919153,0.99900999035173904341268558636363636341,0.0,1.1268853663334943609802570525319965624e-06,5.0635752234249964184570591140295292377e-06
0.97999999999999998223643160599749535322,0.99900999035173904341268558636363636341,0.0,7.2186932605374461202936907251390004785e-07,4.8610710887052840077315729530217145873e-06
0.98499999999999998667732370449812151492,0.99900999035173904341268558636363636341,0.0,4.0685262347352782422589959776718744529e-07,4.703566316128885143102404925132501778e-06
0.98999999999999999111821580299874767661,0.99900999035173904341268558636363636341,0.0,1.8183542870104825014551236092832695655e-07,4.5910609482220353273638969955945846208e-06
0.99499999999999999555910790149937383831,0.99900999035173904341268558636363636341,0.0,4.6817863245107238239153636201676355297e-08,4.5235550153612450551759506203952717279e-06
1.0,0.99900999035173904341268558636363636341,0.0,1.6360234069874554551069417016778306267e-08,4.5010485357732793090208444823207787758e-06
