value,sup,dur,Y,S
0.0,1.8575569289229412892367144377902497996e-117,116.0,0.99876285120160775330580608071747478856,0.28188222029441587893171535916939114641
0.0050000000000000001040834085586084256647,8.6404222245526281573160239977925303628e-115,114.0,0.99756321036132126271576141447309687591,0.27574340357615797883200319701430938535
0.010000000000000000208166817117216851329,1.3117066601152222770338380934886451852e-111,113.0,0.99608517062250971369653417233370236441,0.26945857525651123800457009756373004277
0.014999999999999999444888487687421729788,8.9185496093665958083778591949216874735e-108,111.0,0.99430383463170169647648117114727953426,0.26299301507401046522895375975364042098
0.020000000000000000416333634234433702659,3.5800492040203129004314241711643228418e-103,109.0,0.9921162425086993513622864913220324059,0.25619008282362782291966349497251827824
0.02500000000000000138777878078144567553,9.5704674631098281601395661502923349257e-98,107.0,0.98940437803100039397602326672272529869,0.24922784887158445161980306723919831761
0.029999999999999998889776975374843459576,1.5051510379876763085725629349960090137e-91,105.0,0.98602100287393014786547309852607616244,0.24188705785566315549127737879943811106
0.035000000000000003330669073875469621271,9.9651044519890754592435802226745142768e-85,102.0,0.98176101352647139758397587640938352464,0.2342268424208589432131741991277947147
0.040000000000000000832667268468867405318,1.9264766519271990143020187049111320941e-77,99.0,0.97634588090829441696028856827615567519,0.2261220135678100884838901132373541065
0.044999999999999998334665463062265189365,9.3513144594089961877170077780881448445e-70,95.0,0.96936339359983505600557396591249137035,0.2174757364262307507061367331434740594
0.050000000000000002775557561562891351059,1.4932178936901912666679304345057456075e-61,91.0,0.96019016504913994490436518313806439492,0.20822129542507972287373146825644329122
0.055000000000000000277555756156289135106,1.6620735232775136986081830334950970246e-52,86.0,0.94780595382846417488359215764554362671,0.19813895503872262766169052045038461332
0.059999999999999997779553950749686919153,3.3355423205785241990468727342994234769e-42,79.0,0.93035175924868738847488139270997396322,0.18693475608423889149816131202911518018
0.065000000000000002220446049250313080847,1.6017345052683000206295237145170480925e-30,71.0,0.90406043162528987173765431817384196577,0.1741005037619230305668654729665405186
0.070000000000000006661338147750939242542,3.557147918527154812231430316165058403e-18,60.0,0.8617490987741776284984224043881047433,0.1586323778665707232873090288765018227
0.074999999999999997224442438437108648941,1.9310446414237411296738374356928986694e-07,44.0,0.80036442189137328139019343306828510704,0.13922593484311149507659708329143440403
0.080000000000000001665334536937734810635,0.06157410066273690988276612641650896529,0.0,0.76097585875378755974889668518132322409,0.11921346919480722469573008639470757879
0.08500000000000000610622663543836097233,0.41540646119235233938872302384868313859,0.0,0.71031467179407843867806215588622801394,0.10635781100257187886260657288641794138
0.089999999999999996669330926124530378729,0.65117581854257360001747087587887393329,0.0,0.6358041874956233891447596133620835117,0.099581648154953225017348333316868499886
0.095000000000000001110223024625156540424,0.74150810112252986751567858334960546294,0.0,0.52942464401703393200722584744136314575,0.089768320741780038012555258728482692228
0.10000000000000000555111512312578270212,0.82367127402558087354502684169338894273,0.0,0.39336479030759546248130734867641444894,0.068408879741914881871170356125223229835
0.10499999999999999611421941381195210852,0.89497878782918240618634033684901925608,0.0,0.25185700891097909165880409644006392917,0.043183394165236487206419270400872201784
0.11000000000000000055511151231257827021,0.94512648061888175373977468513622200616,0.0,0.13902107250321340788048932303364266009,0.02314752052965362662156368903856952036
0.11500000000000000499600361081320443191,0.97389211526132431934678830812886158242,0.0,0.068667620723274983750576798814055771376,0.011094716437036499502587405322977955797
0.11999999999999999555910790149937383831,0.98822703439754534469133859638272439832,0.0,0.031755305280649698440241551575064005694,0.0049930510614733744945162182963146702575
0.125,0.99459963738003870975046045368048857414,0.0,0.014205576961313224320865773022970070186,0.0021795513950414177049725101792614645505
0.13000000000000000444089209850062616169,0.99505718248142492408685920182807325066,0.0,0.0062621024288720632226982222151774262189,0.00094036439307717931842359415093128482669
0.13500000000000000888178419700125232339,0.99543201248219109814467966728085932131,0.0,0.0027463217062428100723011928037376489008,0.00046736601688502996102179824606628708926
0.14000000000000001332267629550187848508,0.99574713268046452619610809403596459221,0.0,0.0022327432626224679066963728263481256353,0.00046201787737355894881694948484365606432
0.14499999999999999000799277837359113619,0.99601573258305390319193664591966320112,0.0,0.0020980805419516823845312876560229367238,0.00045670067112325033347028267787026067181
0.14999999999999999444888487687421729788,0.99624152127939547155177273743157524459,0.0,0.0019840933166220126728808689310533351558,0.00045141439925336206661198891632170972112
0.15499999999999999888977697537484345958,0.99644797372210905823915103886169405059,0.0,0.0018847753598365066916318603521772493945,0.00044615906287742471058041447524036875115
0.16000000000000000333066907387546962127,0.99661991024693882002675689564856480157,0.0,0.0017983124100805320088746884296369525202,0.00044093466310324078295141056563065152941
0.16500000000000000777156117237609578297,0.99677793475950936977203331818263324632,0.0,0.0017175718562640995325495431778519304286,0.00043574120103288425155113569675786572234
0.17000000000000001221245327087672194466,0.99692640297836658842653716177758136977,0.0,0.0016535148911368102537140401849409706551,0.00043057867776270000251080057424211154501
0.17499999999999998889776975374843459576,0.99704515447280262822579819835534723054,0.0,0.0015916032101818735475154278198270767484,0.00042544709438330333936623965397022862582
0.17999999999999999333866185224906075746,0.99715941914830340579034583370893303072,0.0,0.0015317734190833086723864218713723550014,0.00042034645197957934263022065184451090314
0.18499999999999999777955395074968691915,0.99726935701766681145451095133139752096,0.0,0.0014858103525824574059359339330923105405,0.00041527675163068251669874011866171934937
0.19000000000000000222044604925031308085,0.99736980842148888789499659195443473483,0.0,0.0014430313666123823447441071967424429712,0.00041023799441003615437153946655042148834
0.19500000000000000666133814775093924254,0.99745047363560902976987303242622618086,0.0,0.0014013010604427422990076244611724592483,0.00040523018138533184670685463261238240311
0.20000000000000001110223024625156540424,0.99752874457594397582789762919554789319,0.0,0.0013605982699248286153390655990183546514,0.00040025331361852896695128590374576548393
0.20499999999999998778754672912327805534,0.99760468652829151734966202119600555415,0.0,0.0013224610830815024261080515723450039674,0.00039530739216585418448661432833090336886
0.20999999999999999222843882762390421703,0.99767836321569698781609376888127605801,0.0,0.0012961165926531374809796900035138365716,0.000390392418077800844405317960552898181
0.21499999999999999666933092612453037873,0.99774983682867152027934365878066433447,0.0,0.0012701695031932721364812270677872022787,0.00038550839239912862411647202891780231245
0.22000000000000000111022302462515654042,0.99781086962045314621931928254719451569,0.0,0.0012446157201398749069406694177186975736,0.00038065531616886291787486917174309185705
0.22500000000000000555111512312578270212,0.99786091038120708942826226866583052245,0.0,0.0012194511702138853978599701815618969346,0.00037583319042029436149398670611959346097
0.23000000000000000999200722162640886381,0.99790986558975063500537073817730965683,0.0,0.0011946718014570952032612697047906304318,0.00037104201618097833216738713967878268151
0.23499999999999998667732370449812151492,0.99795775569511233072663026833447057848,0.0,0.0011702735832694394329849317995009622202,0.0003662817944727344772788938999992260563
0.23999999999999999111821580299874767661,0.99800460083778673745261160382874396845,0.0,0.0011462525064457040025461192356755851268,0.00036155252631164611399839474144501517966
0.24499999999999999555910790149937383831,0.99805042085279607054105837163425300945,0.0,0.0011322989509900045649543343277381472418,0.00035685421270805989560224678772961545356
0.25,0.99809523527274868813482550973081112092,0.0,0.0011201629654878875401048059545199737459,0.00035218685466658521602791969617207396283
0.25500000000000000444089209850062616169,0.99813906333089386734827728371540294503,0.0,0.0011080886304361502176485177046284789265,0.00034755045318609374946096584678648752469
0.26000000000000000888178419700125232339,0.99818192396417232917958842787271785389,0.0,0.001096075950316851204419375333445998524,0.00034294500925971896606386530273540004576
0.26500000000000001332267629550187848508,0.99822307114822734726606440638581366989,0.0,0.0010841249295893238823671309960533404104,0.00033837052387485565035762409227120832663
0.27000000000000001776356839400250464678,0.99825013336579911802475897558559079197,0.0,0.0010722355726901722765431377984191478404,0.00033382699801315942225655189019589419696
0.27500000000000002220446049250313080847,0.99827682321235615788721814397094893597,0.0,0.0010604078840332669439328193155688426202,0.00032931443265054626075664289262610978104
0.28000000000000002664535259100375697017,0.99830314445742017467348302855822398802,0.0,0.0010486418680097408831419543021197856561,0.00032483282875719203027798139401032967408
0.28499999999999997557509345824655611068,0.99832910084916383765223052475572053225,0.0,0.0010369375289879855945457157446804616669,0.00032038218729753205890175793144740949421
0.28999999999999998001598555674718227237,0.99835469611437839765065656974224839276,0.0,0.0010252948713136465126114220760640388201,0.0003159625092302604727175450724973662836
0.29499999999999998445687765524780843407,0.99837993395844182452613030520767710119,0.0,0.0010137138993096197578541859337025248753,0.00031157379550833002660257663276479667919
0.29999999999999998889776975374843459576,0.99840481806528746217805185721369084812,0.0,0.0010021946172760476095468753679924895304,0.00030721604707895144319247199129585434028
0.30499999999999999333866185224906075746,0.99842935209737319120451936235375910459,0.0,0.00099073702949031465006738438068808418944,0.00030288926488359300208393184409118763261
0.30999999999999999777955395074968691915,0.99845353969565109540042728238966011163,0.0,0.00097934114020704379985492218861072156538,0.00029859344985798008211001565702924663859
0.31500000000000000222044604925031308085,0.99847738447953762628903125342984900909,0.0,0.00096800695365809237326882318325398926683,0.00029432860293209470627233035865271290505
0.32000000000000000666133814775093924254,0.99850089004688426019221111778128188374,0.0,0.00095673447405254815535669298758125561954,0.00029009472503017508933053348192821879233
0.32500000000000001110223024625156540424,0.99852405997394864236797928067305416763,0.0,0.00094552370557672549953867032223104016339,0.00028589181707071518804955167401809282226
0.33000000000000001554312234475219156593,0.99854689781536621276740325630139192083,0.0,0.00093437465239416144621454868546027799129,0.00028171987996646425410491320246601030251
0.33500000000000001998401444325281772763,0.99856940710412230798703413935055221637,0.0,0.00092328731864561186230046612456563342195,0.0002775789146244263896465907949993107284
0.34000000000000002442490654175344388932,0.99859159135152473401715173029623680249,0.0,0.00091226170844904760170183563132561749529,0.00027346892194586010552174885839253232906
0.34499999999999997335464740899624302983,0.99861345404717680416969461222527062668,0.0,0.00090129782589965080811002901889978695745,0.00026938990282627792727105518418077576217
0.34999999999999997779553950749686919153,0.9986349986589508382847200404464176938,0.0,0.00089039567506981063115877644933931961492,0.00026534185815544577786944609383701958583
0.35499999999999998223643160599749535322,0.99864843349023162089478117123098878013,0.0,0.00087955526000912018008685472383847676894,0.00026132478881738281564519962595403574006
0.35999999999999998667732370449812151492,0.99865899431509959348060412987277373645,0.0,0.00086877658474437228044242865673665393835,0.00025733869569036082165346994268127436832
0.36499999999999999111821580299874767661,0.99866949398124228419219707258324646804,0.0,0.00085805965327955586140223349558303684793,0.00025338357964690381665753576316025768942
0.36999999999999999555910790149937383831,0.99867993248473776994886596909113682901,0.0,0.00084740446959585224200006819314154873699,0.00024945944155378763531312040298401317373
0.375,0.99869030982168672372970398872818444507,0.0,0.00083681103765163143833723462319609221608,0.00024556628227203950301431029530145687002
0.38000000000000000444089209850062616169,0.9987006259882124181972900708513810395,0.0,0.00082627936138244849178130865298935342019,0.00024170410265693761540144768519866527418
0.38500000000000000888178419700125232339,0.99871088098046072930059006924299884763,0.0,0.00081580944470103981815959307686866179182,0.00023787290355801072053137089234163379365
0.39000000000000001332267629550187848508,0.998721074794600139857054233455787657,0.0,0.00080540129149731957795356648982531887832,0.00023407268581903770371037323969042030855
0.39500000000000001776356839400250464678,0.99873120742682174311390482567790042577,0.0,0.00079505490563837606750060623619783710671,0.00023030345027804717499024944839569299376
0.40000000000000002220446049250313080847,0.9987412788733392462886077073165114829,0.0,0.00078477029096846813120922760796314877783,0.0002265651977673170593277960007688231528
0.40500000000000002664535259100375697017,0.99875128913038897408852176514062545795,0.0,0.00077454745130902159479404548886161160024,0.00022285792911337418940812967447896784624
0.40999999999999997557509345824655611068,0.99876123819422987209960298931468941209,0.0,0.00076438639045862583200411047703582983202,0.00021918164513699394177513477454019486964
0.41499999999999998001598555674718227237,0.99877112606114351070553914643677288796,0.0,0.00075428711219302978935991732665814112078,0.00021553634665319967206769435526933118085
0.41999999999999998445687765524780843407,0.99878095272743408788215545317000019565,0.0,0.0007442496202651391593470965898346596268,0.00021192203447126256072634600315261387168
0.42499999999999998889776975374843459576,0.99879071818942843307622139186180782188,0.0,0.00073427391840501244586392777554355126897,0.00020833870939470105287165484561579310199
0.42999999999999999333866185224906075746,0.99880042244347601051010213578593233067,0.0,0.00072436001031985761580013112573050843677,0.00020478637222128050543895767899236857679
0.43499999999999999777955395074968691915,0.99881006548594892257634827735040921853,0.0,0.00071450789969402865851847711867237222827,0.00020126502374301279599211000255121259341
0.44000000000000000222044604925031308085,0.99881964731324191321142148412954535407,0.0,0.00070471759018902216639855296775807214436,0.0001977746647461559342035362383417779066
0.44500000000000000666133814775093924254,0.99882916792177237124855023829755919754,0.0,0.0006949890854434739364486038744098147955,0.00019431529601121367600092893184948550722
0.45000000000000001110223024625156540424,0.99883862730798033374970985083287795427,0.0,0.00068532238907315559299133066414902079213,0.00019088691831293514038094042519918244881
0.45500000000000001554312234475219156593,0.99884802546832848931672097766952504442,0.0,0.00067571750467097123142948928875058630258,0.00018748953242031442889020819090391149423
0.46000000000000001998401444325281772763,0.99885736239930218138146090079552680732,0.0,0.00066617443580695408309710151512494159077,0.00018412313909659024777405270993283574192
0.46500000000000002442490654175344388932,0.99886663809740941147518187313771502965,0.0,0.00065669318602826320120204994311946788635,0.00018078773909924553279318447316920653059
0.46999999999999997335464740899624302983,0.99887585255918084237496972847185499286,0.0,0.00064727375885918027209924611679380110643,0.00017748333318000711322297526093816536739
0.47499999999999997779553950749686919153,0.99888500578116980173978384487255320109,0.0,0.00063791615780110592581293449365658848552,0.00017420992208484519560618459111185954342
0.47999999999999998223643160599749535322,0.99889409775995228470325631813629194315,0.0,0.00062862038633255711274767090163638498153,0.00017096750655397321669335498868214832704
0.48499999999999998667732370449812151492,0.99890312849212695746926647698481991227,0.0,0.00061938644790916345506045092232447099244,0.00016775608732184733184566069470578714555
0.48999999999999999111821580299874767661,0.99891209797431516037406927242748382279,0.0,0.00061021434596366414306539646520363731621,0.00016457566511716609005495669681934409225
0.49499999999999999555910790149937383831,0.9989210062031609110301382899855926644,0.0,0.00060110408390590474784386474285836241295,0.0001614262406628700747754795085418424168
0.50,0.99892985317533090744907692240267200566,0.0,0.00059205566512283405498533923872292119492,0.0001583078146761415474258485541694037287
0.50500000000000000444089209850062616169,0.99893863888751453114359228895802718256,0.0,0.00058306909297850091946458581274515224216,0.00015522038786840409356168628382872364523
0.51000000000000000888178419700125232339,0.99894736333642385020852652347961441709,0.0,0.0005741443708140511416605207710840229107,0.00015216396094532227171917283438114310223
0.51500000000000001332267629550187848508,0.99895602651879362238094008914576450631,0.0,0.00056528150194772436452220139155303577152,0.00014913853460680126492984874254644747983
0.52000000000000001776356839400250464678,0.99896462843138129807924181417371401238,0.0,0.00055648048967485099188731304706899094749,0.00014614410954698653490697690684853660159
0.52500000000000002220446049250313080847,0.99897316907096702342136037851607587061,0.0,0.00054774133726784912795849070496679452949,0.00014318068645426347890377268477696706112
0.53000000000000002664535259100375697017,0.99898164843435364322195201772422515937,0.0,0.00053906404797622153794277620079608155875,0.00014024826601125708924380870091228061315
0.53500000000000003108624468950438313186,0.99899006651836670396863924618998745214,0.0,0.00053044862502655262985947629122466131069,0.00013734684889483161552389863068220576374
0.54000000000000003552713678800500929356,0.99899842331985445677727543804389677419,0.0,0.00052189507162250545752165008203751210942,0.00013447643577609022948976191290346251391
0.54500000000000003996802888650563545525,0.99900671883568786032623014006953921175,0.0,0.00051340339094481874469641800403863054758,0.00013163702732037469258476903232322141873
0.55000000000000004440892098500626161695,0.99901001856493309224785849338330818052,0.0,0.0005049735861513039304492480720369138041,0.00012882862418726502617206470100847778716
0.55500000000000004884981308350688777864,0.99901001856493309224785849338330818052,0.0,0.00049660566037684223567733871012692034482,0.00012605122703057918443036395464391076774
0.56000000000000005329070518200751394033,0.99901001856493309224785849338330818052,0.0,0.00048829961673338175083718096026136859809,0.00012330483649837272992371386659241696016
0.56499999999999994670929481799248605967,0.99901001856493309224785849338330818052,0.0,0.0004800554583099347272413497207491936904,0.00012058945323293857179487717134536868429
0.56999999999999995115018691649311222136,0.99901001856493309224785849338330818052,0.0,0.00047187318817257397633528412314761236961,0.00011790507787080640619790967012289644035
0.57499999999999995559107901499373838305,0.99901001856493309224785849338330818052,0.0,0.00046375280936443111938016208403145907174,0.00011525171104274276165329571380729397568
0.57999999999999996003197111349436454475,0.99901001856493309224785849338330818052,0.0,0.00045569432490569302640471068036509686784,0.00011262935337375044345345517587066146756
0.58499999999999996447286321199499070644,0.99901001856493309224785849338330818052,0.0,0.00044769773779359919372279558561827670947,0.00011003800548306828324451542758294275204
0.58999999999999996891375531049561686814,0.99901001856493309224785849338330818052,0.0,0.00043976305100243895893075485770586016176,0.00010747766798417083064588392708408147648
0.59499999999999997335464740899624302983,0.99901001856493309224785849338330818052,0.0,0.00043189026748354873713346959988213371401,0.00010494834148476804754577054192451903643
0.59999999999999997779553950749686919153,0.99901001856493309224785849338330818052,0.0,0.00042407939016530927840396208118880174647,0.00010245002658680500507293378759006844599
0.60499999999999998223643160599749535322,0.99901001856493309224785849338330818052,0.0,0.00041633042195314294648127531318331862485,9.9982723886461583244922847697285393731e-05
0.60999999999999998667732370449812151492,0.99901001856493309224785849338330818052,0.0,0.00040864336572951101871135147656681982171,9.7546433974152173293084924329019585465e-05
0.61499999999999999111821580299874767661,0.99901001856493309224785849338330818052,0.0,0.00040101822435391100723558997508970909085,9.514115743452538266460514938008701009e-05
0.61999999999999999555910790149937383831,0.99901001856493309224785849338330818052,0.0,0.00039345500066287400143172926483917874899,9.2766894846463742701843969803178611393e-05
0.625,0.99901001856493309224785849338330818052,0.0,0.00038595369746996203161165996480786125762,9.0423646783083418999234601288435520003e-05
0.63000000000000000444089209850062616169,0.99901001856493309224785849338330818052,0.0,0.00037851431756576545398074009960776395776,8.8111413811733924438000826179798720568e-05
0.63500000000000000888178419700125232339,0.99901001856493309224785849338330818052,0.0,0.00037113686371790035686314665743000815574,8.5830196493997834898953092330505827327e-05
0.64000000000000001332267629550187848508,0.99901001856493309224785849338330818052,0.0,0.00036382133867100598819776096596011454081,8.3579995385690507653618550132184324659e-05
0.64500000000000001776356839400250464678,0.99901001856493309224785849338330818052,0.0,0.00035656774514674220430904869604213597065,8.1360811036859802433958345120104719229e-05
0.65000000000000002220446049250313080847,0.99901001856493309224785849338330818052,0.0,0.0003493760858437869399573585975443741437,7.9172643991785805180923163364534887038e-05
0.65500000000000002664535259100375697017,0.99901001856493309224785849338330818052,0.0,0.00034224636343783369967302735421631751883,7.7015494788980554472095706308005517215e-05
0.66000000000000003108624468950438313186,0.99901001856493309224785849338330818052,0.0,0.00033517858058158907037864121444244304858,7.4889363961187770628666450803883745802e-05
0.66500000000000003552713678800500929356,0.99901001856493309224785849338330818052,0.0,0.00032817273990477025530376831279532312247,7.2794252035382587501986728856186397426e-05
0.67000000000000003996802888650563545525,0.99901001856493309224785849338330818052,0.0,0.00032122884401410262919643884326980997421,7.073015953277128693994083995727492682e-05
0.67500000000000004440892098500626161695,0.99901001856493309224785849338330818052,0.0,0.00031434689549331731483561347914372028941,6.8697086968791035933376586972191198262e-05
0.68000000000000004884981308350688777864,0.99901001856493309224785849338330818052,0.0,0.00030752689690314878084884365666024930967,6.669503485310962644283130422914731632e-05
0.68500000000000005329070518200751394033,0.99901001856493309224785849338330818052,0.0,0.00030076885078133246083929055026519068178,6.4724003689625217905788123848305269851e-05
0.68999999999999994670929481799248605967,0.99901001856493309224785849338330818052,0.0,0.00029407275964260254182146693798852972844,6.2783993976466125157152995349777378729e-05
0.69499999999999995115018691649311222136,0.99901001856493309224785849338330818052,0.0,0.00028743862597868903262263034421064405664,6.087500620599039467960308221159914928e-05
0.69999999999999995559107901499373838305,0.99901001856493309224785849338330818052,0.0,0.00028086645225831633906114084392490389753,5.8997040864785813615049572138635606155e-05
0.70499999999999996003197111349436454475,0.99901001856493309224785849338330818052,0.0,0.00027435624092720037224374044797554777324,5.715009843366949000001236058546006164e-05
0.70999999999999996447286321199499070644,0.99901001856493309224785849338330818052,0.0,0.00026790799440804642367151840897938716731,5.533417938768765210024553130481025611e-05
0.71499999999999996891375531049561686814,0.99901001856493309224785849338330818052,0.0,0.00026152171510054691230852406839538468691,5.3549284196115407005974609857820872849e-05
0.71999999999999997335464740899624302983,0.99901001856493309224785849338330818052,0.0,0.00025519740538137915298787512195334692278,5.1795413322456501909242216296793040799e-05
0.72499999999999997779553950749686919153,0.99901001856493309224785849338330818052,0.0,0.00024893506760420314615923340608877888064,5.0072567224443088063578270248878110524e-05
0.72999999999999998223643160599749535322,0.99901001856493309224785849338330818052,0.0,0.00024273470409965938898148341775371789812,4.8380746354035487426208576104018370874e-05
0.73499999999999998667732370449812151492,0.99901001856493309224785849338330818052,0.0,0.00023659631717536670776441187900558428325,4.6719951157421961983013290179672754829e-05
0.73999999999999999111821580299874767661,0.99901001856493309224785849338330818052,0.0,0.00023051990911592011176314974622014148305,4.5090182075018485756444445601499723465e-05
0.74499999999999999555910790149937383831,0.99901001856493309224785849338330818052,0.0,0.00022450548218288866832910114173298149924,4.3491439541468519496609384206511804052e-05
0.75,0.99901001856493309224785849338330818052,0.0,0.00021855303861481339942104675328901562959,4.1923723985642788055724618046496705555e-05
0.75500000000000000444089209850062616169,0.99901001856493309224785849338330818052,0.0,0.00021266258062720519948007230397377284745,4.0387035830639060446142316047959171053e-05
0.76000000000000000888178419700125232339,0.99901001856493309224785849338330818052,0.0,0.00020683411041254277467193574241644676796,3.888137549378193258214928407371698486e-05
0.76500000000000001332267629550187848508,0.99901001856493309224785849338330818052,0.0,0.00020106763014027060350044984009518727422,3.7406743386622612705735979033825682787e-05
0.77000000000000001776356839400250464678,0.99901001856493309224785849338330818052,0.0,0.00019536314195679691879541990964274576415,3.5963139914938709496530769812951937419e-05
0.77500000000000002220446049250313080847,0.99901001856493309224785849338330818052,0.0,0.0001897206479854917110786393752479357008,3.4550565478734022866092329620908345727e-05
0.78000000000000002664535259100375697017,0.99901001856493309224785849338330818052,0.0,0.0001841401503266847533114089336781851152,3.3169020472238337436750715936046041518e-05
0.78500000000000003108624468950438313186,0.99901001856493309224785849338330818052,0.0,0.00017862165105766364702700804221349722165,3.1818505283907218705185365500820357939e-05
0.79000000000000003552713678800500929356,0.99901001856493309224785849338330818052,0.0,0.00017316515223267188985151045798520128045,3.0499020296421811890925902848343457903e-05
0.79500000000000003996802888650563545525,0.99901001856493309224785849338330818052,0.0,0.0001677706558829069644162985319568091578,2.9210565886688643469959331591361722878e-05
0.80000000000000004440892098500626161695,0.99901001856493309224785849338330818052,0.0,0.00016243816401651844866559393017197339138,2.7953142425839425393624848194090634987e-05
0.80500000000000004884981308350688777864,0.99901001856493309224785849338330818052,0.0,0.00015716767861860614756228541502888778563,2.6726750279230861992975188175952316028e-05
0.81000000000000005329070518200751394033,0.99901001856493309224785849338330818052,0.0,0.00015195920165121824619529727032443743533,2.5531389806444459568781084667737775759e-05
0.81499999999999994670929481799248605967,0.99901001856493309224785849338330818052,0.0,0.00014681273505334959787775152059151940413,2.4367061361286364176110747401475198758e-05
0.81999999999999995115018691649311222136,0.99901001856493309224785849338330818052,0.0,0.00014172828074093946434584321127615209236,2.3233765291787073862049350108537404418e-05
0.82499999999999995559107901499373838305,0.99901001856493309224785849338330818052,0.0,0.00013670584060687041873707094611565238036,2.2131501940201411433390358197648353735e-05
0.82999999999999996003197111349436454475,0.99901001856493309224785849338330818052,0.0,0.0001317454165209661258604486622124210382,2.1060271643008240688733250519953647615e-05
0.83499999999999996447286321199499070644,0.99901001856493309224785849338330818052,0.0,0.00012684701032998971732190846845146805883,2.0020074730910315637081645113663489984e-05
0.83999999999999996891375531049561686814,0.99901001856493309224785849338330818052,0.0,0.00012201062385764207310695231988830806837,1.9010911528834106205284097027774668805e-05
0.84499999999999997335464740899624302983,0.99901001856493309224785849338330818052,0.0,0.00011723625890456012458651130266672698937,1.8032782355929626632288806225946305877e-05
0.84999999999999997779553950749686919153,0.99901001856493309224785849338330818052,0.0,0.00011252391724831517894895940403463840926,1.7085687525570266550370166395796805446e-05
0.85499999999999998223643160599749535322,0.99901001856493309224785849338330818052,0.0,0.00010787360064341126506119151529584319726,1.6169627345352624753482753292346219526e-05
0.85999999999999998667732370449812151492,0.99901001856493309224785849338330818052,0.0,0.00010328531082128350076163828068626778512,1.5284602117096345652896018823147560377e-05
0.86499999999999999111821580299874767661,0.99901001856493309224785849338330818052,0.0,9.8759049490296481588053262298529383073e-05,1.4430612136843958420260624440084934082e-05
0.86999999999999999555910790149937383831,0.99901001856493309224785849338330818052,0.0,9.4294818335742690942870740401837314211e-05,1.360765769486071881825501454211870549e-05
0.875,0.99901001856493309224785849338330818052,0.0,8.9892619019840931698895309918698024932e-05,1.2815739075634453718958497517681657814e-05
0.88000000000000000444089209850062616169,0.99901001856493309224785849338330818052,0.0,8.5552453181734779248047267529088546406e-05,1.2054856557875408310094768768229153211e-05
0.88500000000000000888178419700125232339,0.99901001856493309224785849338330818052,0.0,8.1274322437491055995850609980172111367e-05,1.1325010414516095989287476558874944477e-05
0.89000000000000001332267629550187848508,0.99901001856493309224785849338330818052,0.0,7.7058228380098327304313282788754325107e-05,1.0626200912711150946467097841357291886e-05
0.89500000000000001776356839400250464678,0.99901001856493309224785849338330818052,0.0,7.2904172579465418885812129738053385225e-05,9.9584283138371834345660572920325789351e-06
0.90000000000000002220446049250313080847,0.99901001856493309224785849338330818052,0.0,6.8812156582419955650557797493548342918e-05,9.3216928734926377286366887064413064021e-06
0.90500000000000002664535259100375697017,0.99901001856493309224785849338330818052,0.0,6.4782181912706922010177646398270046692e-05,8.7159948414976527735243035954901966845e-06
0.91000000000000003108624468950438313186,0.99901001856493309224785849338330818052,0.0,6.0814250070987243639917508159534463642e-05,8.1413344618939255202252973397005928565e-06
0.91500000000000003552713678800500929356,0.99901001856493309224785849338330818052,0.0,5.6908362534836390701925913810440688328e-05,7.5977119729445769510578885805442256517e-06
0.92000000000000003996802888650563545525,0.99901001856493309224785849338330818052,0.0,5.3064520758743002532047191124147925641e-05,7.0851276071340207937707526648799788765e-06
0.92500000000000004440892098500626161695,0.99901001856493309224785849338330818052,0.0,4.9282726174107533792512599680716994254e-05,6.6035815911678349247124749131771348106e-06
0.93000000000000004884981308350688777864,0.99901001856493309224785849338330818052,0.0,4.556298018924092209288143413889005835e-05,6.1530741459726354611824142578197293891e-06
0.93500000000000005329070518200751394033,0.99901001856493309224785849338330818052,0.0,4.1905284189363277081546782052352322607e-05,5.7336054866959535430812323975914793802e-06
0.93999999999999994670929481799248605967,0.99901001856493309224785849338330818052,0.0,3.8309639536602670160514712837996236521e-05,5.3451758227061230842445463781459036217e-06
0.94499999999999995115018691649311222136,0.99901001856493309224785849338330818052,0.0,3.4776047569993548545247917430091556517e-05,4.987785357592129122757175737709010938e-06
0.94999999999999995559107901499373838305,0.99901001856493309224785849338330818052,0.0,3.1304509605475967817523431998898493642e-05,4.6614342891635444204223924658744012582e-06
0.95499999999999996003197111349436454475,0.99901001856493309224785849338330818052,0.0,2.7895026935894046186348504501245315307e-05,4.3661228094503818140529328545805064937e-06
0.95999999999999996447286321199499070644,0.99901001856493309224785849338330818052,0.0,2.4547600830994841493968904606609896171e-05,4.1018511047029934147858951125631118266e-06
0.96499999999999996891375531049561686814,0.99901001856493309224785849338330818052,0.0,2.1262232537427169177284544910092221811e-05,3.8686193553919635278838159439606758625e-06
0.96999999999999997335464740899624302983,0.99901001856493309224785849338330818052,0.0,1.8038923278740441714989193415170247642e-05,3.6664277362080042625977933771975144203e-06
0.97499999999999997779553950749686919153,0.99901001856493309224785849338330818052,0.0,1.4877674255383529562450786028556018387e-05,3.4952764160618538321922218508526113776e-06
0.97999999999999998223643160599749535322,0.99901001856493309224785849338330818052,0.0,1.1778486644703643576311549181592595575e-05,3.3551655580841775442283687274739224141e-06
0.98499999999999998667732370449812151492,0.99901001856493309224785849338330818052,0.0,8.741361600945238930749838538395411062e-06,3.2460953196254714812016844273489134795e-06
0.98999999999999999111821580299874767661,0.99901001856493309224785849338330818052,0.0,5.7663002552489405273082901743814003497e-06,3.1680658522559688716254012553538150431e-06
0.99499999999999999555910790149937383831,0.99901001856493309224785849338330818052,0.0,2.8533037156504899001555657140050984508e-06,3.1210773017655491516506387384390595313e-06
1.0,0.99901001856493309224785849338330818052,0.0,9.6558178197558538628826445115767385344e-09,3.1051298081636497173108959023292780837e-06
