value,sup,dur,Y,S
0.0,8.5843814334484260852909010248853516647e-82,112.0,0.9987628512016077533058060807174747863,0.28188222029441587893171535916939114416
0.0050000000000000001040834085586084256647,1.5460141507270291860638730111798544858e-79,110.0,0.9975632103613212627157614144730968744,0.2757434035761579788320031970143093846
0.010000000000000000208166817117216851329,8.2066703180748341762259952488989710638e-77,108.0,0.99608517062250971369653417233370236591,0.26945857525651123800457009756373004353
0.014999999999999999444888487687421729788,1.7311254171403748466222252497513701116e-73,107.0,0.99430383463170169647648117114727953727,0.26299301507401046522895375975364042022
0.020000000000000000416333634234433702659,1.8710320685282084310257593039222723986e-69,104.0,0.99211624250869935136228649132203241267,0.25619008282362782291966349497251827636
0.02500000000000000138777878078144567553,1.1365529602755895921794281437346740287e-64,102.0,0.98940437803100039397602326672272529794,0.24922784887158445161980306723919831724
0.029999999999999998889776975374843459576,3.3066969625893189358585369977173232084e-59,99.0,0.98602100287393014786547309852607616469,0.24188705785566315549127737879943811369
0.035000000000000003330669073875469621271,3.1457322304958400326763590690502476863e-53,96.0,0.98176101352647139758397587640938351938,0.23422684242085894321317419912779471413
0.040000000000000000832667268468867405318,6.3740770451152195403189084078047148062e-47,92.0,0.97634588090829441696028856827615567519,0.22612201356781008848389011323735410481
0.044999999999999998334665463062265189365,2.1706543964107884943532131158810890243e-40,87.0,0.96936339359983505600557396591249136734,0.21747573642623075070613673314347405902
0.050000000000000002775557561562891351059,1.4417960338298276971243006272751070649e-33,82.0,0.96019016504913994490436518313806439341,0.2082212954250797228737314682564432916
0.055000000000000000277555756156289135106,3.3139980414034752864944807915570773002e-26,76.0,0.9478059538284641748835921576455436252,0.1981389550387226276616905204503846137
0.059999999999999997779553950749686919153,3.615258272376411152263320956821469163e-18,67.0,0.93035175924868738847488139270997396924,0.1869347560842388914981613120291151783
0.065000000000000002220446049250313080847,3.8258715102779498499708224235416888422e-10,56.0,0.90406043162528987173765431817384196201,0.17410050376192303056686547296654052029
0.070000000000000006661338147750939242542,0.0010445630711483051668658749207881729799,30.0,0.86174909877417762849842240438810473728,0.15863237786657072328730902887650182064
0.074999999999999997224442438437108648941,0.10976525789567538792265356612086740448,0.0,0.80036442189137328139019343306828510478,0.13922593484311149507659708329143440346
0.080000000000000001665334536937734810635,0.34760486243036441654744894224324634037,0.0,0.76097585875378755974889668518132322635,0.11921346919480722469573008639470757926
0.08500000000000000610622663543836097233,0.60825121547372440375669685038011079817,0.0,0.71031467179407843867806215588622802297,0.10635781100257187886260657288641794081
0.089999999999999996669330926124530378729,0.7669158540090391460368112267694922615,0.0,0.6358041874956233891447596133620835132,0.099581648154953225017348333316868498946
0.095000000000000001110223024625156540424,0.82427400580062915518214730115544129562,0.0,0.52942464401703393200722584744136313823,0.08976832074178003801255525872848269157
0.10000000000000000555111512312578270212,0.87810396807598714568267368190259901374,0.0,0.3933647903075954624813073486764144369,0.068408879741914881871170356125223228048
0.10499999999999999611421941381195210852,0.92664813273013924556877369252511680614,0.0,0.25185700891097909165880409644006393443,0.043183394165236487206419270400872202678
0.11000000000000000055511151231257827021,0.96148660690868415778505474517715085429,0.0,0.13902107250321340788048932303364266084,0.023147520529653626621563689038569520219
0.11500000000000000499600361081320443191,0.98165617303136257769360268487254758732,0.0,0.068667620723274983750576798814055769589,0.011094716437036499502587405322977955527
0.11999999999999999555910790149937383831,0.99173775531753590776293177365988890856,0.0,0.0317553052806496984402415515750640056,0.0049930510614733744945162182963146702752
0.125,0.99637781668657872714930635022066682889,0.0,0.014205576961313224320865773022970070115,0.00217955139504141770497251017926146453
0.13000000000000000444089209850062616169,0.99667745461425455376990800454286522945,0.0,0.0062621024288720632226982222151774261719,0.00094036439307717931842359415093128482375
0.13500000000000000888178419700125232339,0.99692299827769010112364184615791232817,0.0,0.0027463217062428100723011928037376489214,0.00046736601688502996102179824606628709
0.14000000000000001332267629550187848508,0.99712955798639318819283574569415783177,0.0,0.0022327432626224679066963728263481256236,0.00046201787737355894881694948484365606395
0.14499999999999999000799277837359113619,0.99730144346046514817743801949711853314,0.0,0.002098080541951682384531287656022936712,0.00045670067112325033347028267787026067255
0.14999999999999999444888487687421729788,0.99744916203464831923842582300894791963,0.0,0.0019840933166220126728808689310533351822,0.00045141439925336206661198891632170972112
0.15499999999999999888977697537484345958,0.99758062475720710874935829813041027769,0.0,0.0018847753598365066916318603521772494077,0.00044615906287742471058041447524036875152
0.16000000000000000333066907387546962127,0.99769277946493078178785563013429300279,0.0,0.0017983124100805320088746884296369525231,0.00044093466310324078295141056563065152977
0.16500000000000000777156117237609578297,0.99779228060381249442565249344209737,0.0,0.0017175718562640995325495431778519304227,0.00043574120103288425155113569675786572197
0.17000000000000001221245327087672194466,0.99788775053946096563566991235616303115,0.0,0.0016535148911368102537140401849409706566,0.00043057867776270000251080057424211154538
0.17499999999999998889776975374843459576,0.99796270876653926797665707385334415682,0.0,0.0015916032101818735475154278198270767631,0.00042544709438330333936623965397022862656
0.17999999999999999333866185224906075746,0.99803345697962254740682311330698667421,0.0,0.001531773419083308672386421871372354997,0.00042034645197957934263022065184451090351
0.18499999999999999777955395074968691915,0.99810195227106292050339531566948154517,0.0,0.0014858103525824574059359339330923105508,0.00041527675163068251669874011866171934937
0.19000000000000000222044604925031308085,0.99816767895127622729922611011524901631,0.0,0.0014430313666123823447441071967424429756,0.00041023799441003615437153946655042148834
0.19500000000000000666133814775093924254,0.9982156416423387073858788976963419568,0.0,0.0014013010604427422990076244611724592439,0.00040523018138533184670685463261238240311
0.20000000000000001110223024625156540424,0.99826249989501134539013678410584766753,0.0,0.0013605982699248286153390655990183546484,0.00040025331361852896695128590374576548356
0.20499999999999998778754672912327805534,0.99830827510023137228241969213643372977,0.0,0.0013224610830815024261080515723450039733,0.00039530739216585418448661432833090336886
0.20999999999999999222843882762390421703,0.99835298832559670306874558335914823501,0.0,0.0012961165926531374809796900035138365672,0.000390392418077800844405317960552898181
0.21499999999999999666933092612453037873,0.99839666031849086106625431842850854543,0.0,0.001270169503193272136481227067787202289,0.00038550839239912862411647202891780231282
0.22000000000000000111022302462515654042,0.99843863034454081439644897820096802323,0.0,0.0012446157201398749069406694177186975766,0.00038065531616886291787486917174309185705
0.22500000000000000555111512312578270212,0.99846617680340280022798032128584281695,0.0,0.0012194511702138853978599701815618969361,0.00037583319042029436149398670611959346171
0.23000000000000000999200722162640886381,0.99849333095938809814836650348818636538,0.0,0.0011946718014570952032612697047906304377,0.00037104201618097833216738713967878268187
0.23499999999999998667732370449812151492,0.99852009677987609577378104683388709808,0.0,0.0011702735832694394329849317995009622217,0.00036628179447273447727889389999922605667
0.23999999999999999111821580299874767661,0.99854647821111641402746315831466742063,0.0,0.0011462525064457040025461192356755851239,0.00036155252631164611399839474144501517966
0.24499999999999999555910790149937383831,0.99857247917819249322636107120445340433,0.0,0.0011322989509900045649543343277381472433,0.00035685421270805989560224678772961545393
0.25,0.99859810358498574821107818424116910943,0.0,0.0011201629654878875401048059545199737474,0.0003521868546665852160279196961720739632
0.25500000000000000444089209850062616169,0.99862335531414028449055457271646098509,0.0,0.0011080886304361502176485177046284789279,0.00034755045318609374946096584678648752432
0.26000000000000000888178419700125232339,0.99864823822702817052192158626763589247,0.0,0.0010960759503168512044193753334459985255,0.00034294500925971896606386530273540004576
0.26500000000000001332267629550187848508,0.99867275616371526022016888281723603327,0.0,0.0010841249295893238823671309960533404118,0.00033837052387485565035762409227120832699
0.27000000000000001776356839400250464678,0.99869691294292755996190040260643752191,0.0,0.0010722355726901722765431377984191478404,0.00033382699801315942225655189019589419733
0.27500000000000002220446049250313080847,0.99871844658526189755998152790882335148,0.0,0.0010604078840332669439328193155688426202,0.00032931443265054626075664289262610978141
0.28000000000000002664535259100375697017,0.99872998825585337385425941331962588628,0.0,0.0010486418680097408831419543021197856576,0.00032483282875719203027798139401032967408
0.28499999999999997557509345824655611068,0.99874146881840891891790565959351444091,0.0,0.0010369375289879855945457157446804616698,0.00032038218729753205890175793144740949457
0.28999999999999998001598555674718227237,0.99875288826864452193958921509406346604,0.0,0.0010252948713136465126114220760640388215,0.0003159625092302604727175450724973662836
0.29499999999999998445687765524780843407,0.99876424660229871256416331941586605186,0.0,0.0010137138993096197578541859337025248783,0.00031157379550833002660257663276479667919
0.29999999999999998889776975374843459576,0.99877554381513256535974326824205135264,0.0,0.0010021946172760476095468753679924895319,0.00030721604707895144319247199129585434065
0.30499999999999999333866185224906075746,0.99878677990292970362576928659240136798,0.0,0.00099073702949031465006738438068808418944,0.00030288926488359300208393184409118763261
0.30999999999999999777955395074968691915,0.99879795486149630330816374006180415422,0.0,0.00097934114020704379985492218861072156685,0.00029859344985798008211001565702924663859
0.31500000000000000222044604925031308085,0.9988090686866610968937768388272424379,0.0,0.00096800695365809237326882318325398926756,0.00029432860293209470627233035865271290542
0.32000000000000000666133814775093924254,0.99882012137427537728411409908579329415,0.0,0.00095673447405254815535669298758125562027,0.00029009472503017508933053348192821879233
0.32500000000000001110223024625156540424,0.99883111292021300164833886195065630812,0.0,0.00094552370557672549953867032223104016339,0.00028589181707071518804955167401809282226
0.33000000000000001554312234475219156593,0.99884204332037039525554320521535982627,0.0,0.00093437465239416144621454868546027799129,0.00028171987996646425410491320246601030251
0.33500000000000001998401444325281772763,0.99885291257066655528628061879792208983,0.0,0.00092328731864561186230046612456563342268,0.00027757891462442638964659079499931072877
0.34000000000000002442490654175344388932,0.99886372066704305462335385009676880665,0.0,0.00091226170844904760170183563132561749529,0.00027346892194586010552174885839253232906
0.34499999999999997335464740899624302983,0.99887446760546404550287588586108481453,0.0,0.00090129782589965080811002901889978695818,0.00026938990282627792727105518418077576217
0.34999999999999997779553950749686919153,0.99888515338191626374012945456109303317,0.0,0.00089039567506981063115877644933931961492,0.00026534185815544577786944609383701958583
0.35499999999999998223643160599749535322,0.99889577799240903174219119775714742991,0.0,0.00087955526000912018008685472383847676967,0.00026132478881738281564519962595403574006
0.35999999999999998667732370449812151492,0.99890634143297426269361394748102602098,0.0,0.00086877658474437228044242865673665393909,0.00025733869569036082165346994268127436869
0.36499999999999999111821580299874767661,0.99891684369966646412373826851339247421,0.0,0.00085805965327955586140223349558303684793,0.00025338357964690381665753576316025768979
0.36999999999999999555910790149937383831,0.9989272847885627415728748398931952485,0.0,0.00084740446959585224200006819314154873699,0.00024945944155378763531312040298401317373
0.375,0.99893766469576280223769684324720156169,0.0,0.00083681103765163143833723462319609221681,0.00024556628227203950301431029530145687002
0.38000000000000000444089209850062616169,0.99894798341738895859583604818235741888,0.0,0.00082627936138244849178130865298935342019,0.00024170410265693761540144768519866527436
0.38500000000000000888178419700125232339,0.99895824094958613200967632056490558846,0.0,0.00081580944470103981815959307686866179256,0.00023787290355801072053137089234163379384
0.39000000000000001332267629550187848508,0.99896843728852185630933831510886041711,0.0,0.00080540129149731957795356648982531887759,0.00023407268581903770371037323969042030873
0.39500000000000001776356839400250464678,0.99897857243038628135484914931243506544,0.0,0.00079505490563837606750060623619783710671,0.00023030345027804717499024944839569299394
0.40000000000000002220446049250313080847,0.99898864637139217657749089141424400084,0.0,0.00078477029096846813120922760796314877783,0.00022656519776731705932779600076882315299
0.40500000000000002664535259100375697017,0.9989986591077749345003217306914657363,0.0,0.00077454745130902159479404548886161160098,0.00022285792911337418940812967447896784624
0.40999999999999997557509345824655611068,0.99900861063579257412771936720225959803,0.0,0.00076438639045862583200411047703582983349,0.00021918164513699394177513477454019486983
0.41499999999999998001598555674718227237,0.99901001856493309224785849338330818127,0.0,0.00075428711219302978935991732665814112004,0.00021553634665319967206769435526933118103
0.41999999999999998445687765524780843407,0.99901001856493309224785849338330818127,0.0,0.0007442496202651391593470965898346596268,0.00021192203447126256072634600315261387149
0.42499999999999998889776975374843459576,0.99901001856493309224785849338330818127,0.0,0.00073427391840501244586392777554355126897,0.00020833870939470105287165484561579310235
0.42999999999999999333866185224906075746,0.99901001856493309224785849338330818127,0.0,0.00072436001031985761580013112573050843824,0.00020478637222128050543895767899236857679
0.43499999999999999777955395074968691915,0.99901001856493309224785849338330818127,0.0,0.00071450789969402865851847711867237222901,0.00020126502374301279599211000255121259378
0.44000000000000000222044604925031308085,0.99901001856493309224785849338330818127,0.0,0.00070471759018902216639855296775807214363,0.00019777466474615593420353623834177790679
0.44500000000000000666133814775093924254,0.99901001856493309224785849338330818127,0.0,0.00069498908544347393644860387440981479624,0.0001943152960112136760009289318494855074
0.45000000000000001110223024625156540424,0.99901001856493309224785849338330818127,0.0,0.00068532238907315559299133066414902079287,0.00019088691831293514038094042519918244899
0.45500000000000001554312234475219156593,0.99901001856493309224785849338330818127,0.0,0.00067571750467097123142948928875058630405,0.0001874895324203144288902081909039114946
0.46000000000000001998401444325281772763,0.99901001856493309224785849338330818127,0.0,0.00066617443580695408309710151512494159077,0.00018412313909659024777405270993283574192
0.46500000000000002442490654175344388932,0.99901001856493309224785849338330818127,0.0,0.00065669318602826320120204994311946788708,0.00018078773909924553279318447316920653059
0.46999999999999997335464740899624302983,0.99901001856493309224785849338330818127,0.0,0.0006472737588591802720992461167938011057,0.00017748333318000711322297526093816536757
0.47499999999999997779553950749686919153,0.99901001856493309224785849338330818127,0.0,0.00063791615780110592581293449365658848552,0.00017420992208484519560618459111185954361
0.47999999999999998223643160599749535322,0.99901001856493309224785849338330818127,0.0,0.00062862038633255711274767090163638498153,0.00017096750655397321669335498868214832723
0.48499999999999998667732370449812151492,0.99901001856493309224785849338330818127,0.0,0.00061938644790916345506045092232447099244,0.00016775608732184733184566069470578714574
0.48999999999999999111821580299874767661,0.99901001856493309224785849338330818127,0.0,0.00061021434596366414306539646520363731694,0.00016457566511716609005495669681934409243
0.49499999999999999555910790149937383831,0.99901001856493309224785849338330818127,0.0,0.00060110408390590474784386474285836241442,0.00016142624066287007477547950854184241698
0.50,0.99901001856493309224785849338330818127,0.0,0.00059205566512283405498533923872292119566,0.00015830781467614154742584855416940372888
0.50500000000000000444089209850062616169,0.99901001856493309224785849338330818127,0.0,0.00058306909297850091946458581274515224216,0.00015522038786840409356168628382872364523
0.51000000000000000888178419700125232339,0.99901001856493309224785849338330818127,0.0,0.00057414437081405114166052077108402291143,0.00015216396094532227171917283438114310242
0.51500000000000001332267629550187848508,0.99901001856493309224785849338330818127,0.0,0.00056528150194772436452220139155303577226,0.00014913853460680126492984874254644747965
0.52000000000000001776356839400250464678,0.99901001856493309224785849338330818127,0.0,0.00055648048967485099188731304706899094896,0.00014614410954698653490697690684853660178
0.52500000000000002220446049250313080847,0.99901001856493309224785849338330818127,0.0,0.00054774133726784912795849070496679452876,0.00014318068645426347890377268477696706112
0.53000000000000002664535259100375697017,0.99901001856493309224785849338330818127,0.0,0.00053906404797622153794277620079608155875,0.00014024826601125708924380870091228061315
0.53500000000000003108624468950438313186,0.99901001856493309224785849338330818127,0.0,0.00053044862502655262985947629122466131143,0.00013734684889483161552389863068220576374
0.54000000000000003552713678800500929356,0.99901001856493309224785849338330818127,0.0,0.00052189507162250545752165008203751211089,0.00013447643577609022948976191290346251409
0.54500000000000003996802888650563545525,0.99901001856493309224785849338330818127,0.0,0.00051340339094481874469641800403863054758,0.00013163702732037469258476903232322141855
0.55000000000000004440892098500626161695,0.99901001856493309224785849338330818127,0.0,0.00050497358615130393044924807203691380557,0.00012882862418726502617206470100847778716
0.55500000000000004884981308350688777864,0.99901001856493309224785849338330818127,0.0,0.00049660566037684223567733871012692034555,0.00012605122703057918443036395464391076793
0.56000000000000005329070518200751394033,0.99901001856493309224785849338330818127,0.0,0.00048829961673338175083718096026136859809,0.00012330483649837272992371386659241695998
0.56499999999999994670929481799248605967,0.99901001856493309224785849338330818127,0.0,0.00048005545830993472724134972074919369077,0.00012058945323293857179487717134536868438
0.56999999999999995115018691649311222136,0.99901001856493309224785849338330818127,0.0,0.00047187318817257397633528412314761236998,0.00011790507787080640619790967012289644044
0.57499999999999995559107901499373838305,0.99901001856493309224785849338330818127,0.0,0.0004637528093644311193801620840314590721,0.00011525171104274276165329571380729397586
0.57999999999999996003197111349436454475,0.99901001856493309224785849338330818127,0.0,0.00045569432490569302640471068036509686857,0.00011262935337375044345345517587066146765
0.58499999999999996447286321199499070644,0.99901001856493309224785849338330818127,0.0,0.00044769773779359919372279558561827670984,0.00011003800548306828324451542758294275195
0.58999999999999996891375531049561686814,0.99901001856493309224785849338330818127,0.0,0.00043976305100243895893075485770586016212,0.00010747766798417083064588392708408147657
0.59499999999999997335464740899624302983,0.99901001856493309224785849338330818127,0.0,0.00043189026748354873713346959988213371401,0.00010494834148476804754577054192451903643
0.59999999999999997779553950749686919153,0.99901001856493309224785849338330818127,0.0,0.00042407939016530927840396208118880174647,0.00010245002658680500507293378759006844617
0.60499999999999998223643160599749535322,0.99901001856493309224785849338330818127,0.0,0.00041633042195314294648127531318331862485,9.9982723886461583244922847697285393731e-05
0.60999999999999998667732370449812151492,0.99901001856493309224785849338330818127,0.0,0.00040864336572951101871135147656681982171,9.7546433974152173293084924329019585465e-05
0.61499999999999999111821580299874767661,0.99901001856493309224785849338330818127,0.0,0.00040101822435391100723558997508970909159,9.5141157434525382664605149380087010181e-05
0.61999999999999999555910790149937383831,0.99901001856493309224785849338330818127,0.0,0.00039345500066287400143172926483917874899,9.2766894846463742701843969803178611485e-05
0.625,0.99901001856493309224785849338330818127,0.0,0.00038595369746996203161165996480786125762,9.0423646783083418999234601288435520094e-05
0.63000000000000000444089209850062616169,0.99901001856493309224785849338330818127,0.0,0.00037851431756576545398074009960776395776,8.811141381173392443800082617979872066e-05
0.63500000000000000888178419700125232339,0.99901001856493309224785849338330818127,0.0,0.0003711368637179003568631466574300081561,8.5830196493997834898953092330505827419e-05
0.64000000000000001332267629550187848508,0.99901001856493309224785849338330818127,0.0,0.00036382133867100598819776096596011454081,8.3579995385690507653618550132184324659e-05
0.64500000000000001776356839400250464678,0.99901001856493309224785849338330818127,0.0,0.00035656774514674220430904869604213597065,8.1360811036859802433958345120104719229e-05
0.65000000000000002220446049250313080847,0.99901001856493309224785849338330818127,0.0,0.0003493760858437869399573585975443741437,7.9172643991785805180923163364534887038e-05
0.65500000000000002664535259100375697017,0.99901001856493309224785849338330818127,0.0,0.00034224636343783369967302735421631751957,7.7015494788980554472095706308005517215e-05
0.66000000000000003108624468950438313186,0.99901001856493309224785849338330818127,0.0,0.00033517858058158907037864121444244304821,7.4889363961187770628666450803883745802e-05
0.66500000000000003552713678800500929356,0.99901001856493309224785849338330818127,0.0,0.00032817273990477025530376831279532312247,7.2794252035382587501986728856186397426e-05
0.67000000000000003996802888650563545525,0.99901001856493309224785849338330818127,0.0,0.00032122884401410262919643884326980997421,7.0730159532771286939940839957274926729e-05
0.67500000000000004440892098500626161695,0.99901001856493309224785849338330818127,0.0,0.00031434689549331731483561347914372028904,6.869708696879103593337658697219119817e-05
0.68000000000000004884981308350688777864,0.99901001856493309224785849338330818127,0.0,0.00030752689690314878084884365666024930967,6.6695034853109626442831304229147316412e-05
0.68500000000000005329070518200751394033,0.99901001856493309224785849338330818127,0.0,0.00030076885078133246083929055026519068178,6.4724003689625217905788123848305269942e-05
0.68999999999999994670929481799248605967,0.99901001856493309224785849338330818127,0.0,0.00029407275964260254182146693798852972918,6.2783993976466125157152995349777378729e-05
0.69499999999999995115018691649311222136,0.99901001856493309224785849338330818127,0.0,0.00028743862597868903262263034421064405664,6.087500620599039467960308221159914928e-05
0.69999999999999995559107901499373838305,0.99901001856493309224785849338330818127,0.0,0.00028086645225831633906114084392490389827,5.8997040864785813615049572138635606109e-05
0.70499999999999996003197111349436454475,0.99901001856493309224785849338330818127,0.0,0.00027435624092720037224374044797554777287,5.715009843366949000001236058546006164e-05
0.70999999999999996447286321199499070644,0.99901001856493309224785849338330818127,0.0,0.00026790799440804642367151840897938716731,5.5334179387687652100245531304810256156e-05
0.71499999999999996891375531049561686814,0.99901001856493309224785849338330818127,0.0,0.00026152171510054691230852406839538468728,5.3549284196115407005974609857820872895e-05
0.71999999999999997335464740899624302983,0.99901001856493309224785849338330818127,0.0,0.00025519740538137915298787512195334692278,5.1795413322456501909242216296793040799e-05
0.72499999999999997779553950749686919153,0.99901001856493309224785849338330818127,0.0,0.00024893506760420314615923340608877888064,5.0072567224443088063578270248878110524e-05
0.72999999999999998223643160599749535322,0.99901001856493309224785849338330818127,0.0,0.00024273470409965938898148341775371789812,4.8380746354035487426208576104018370874e-05
0.73499999999999998667732370449812151492,0.99901001856493309224785849338330818127,0.0,0.00023659631717536670776441187900558428343,4.6719951157421961983013290179672754875e-05
0.73999999999999999111821580299874767661,0.99901001856493309224785849338330818127,0.0,0.00023051990911592011176314974622014148305,4.5090182075018485756444445601499723465e-05
0.74499999999999999555910790149937383831,0.99901001856493309224785849338330818127,0.0,0.00022450548218288866832910114173298149942,4.3491439541468519496609384206511804052e-05
0.75,0.99901001856493309224785849338330818127,0.0,0.00021855303861481339942104675328901562959,4.1923723985642788055724618046496705555e-05
0.75500000000000000444089209850062616169,0.99901001856493309224785849338330818127,0.0,0.00021266258062720519948007230397377284763,4.0387035830639060446142316047959171007e-05
0.76000000000000000888178419700125232339,0.99901001856493309224785849338330818127,0.0,0.00020683411041254277467193574241644676814,3.888137549378193258214928407371698486e-05
0.76500000000000001332267629550187848508,0.99901001856493309224785849338330818127,0.0,0.00020106763014027060350044984009518727459,3.7406743386622612705735979033825682833e-05
0.77000000000000001776356839400250464678,0.99901001856493309224785849338330818127,0.0,0.00019536314195679691879541990964274576433,3.5963139914938709496530769812951937419e-05
0.77500000000000002220446049250313080847,0.99901001856493309224785849338330818127,0.0,0.00018972064798549171107863937524793570062,3.4550565478734022866092329620908345773e-05
0.78000000000000002664535259100375697017,0.99901001856493309224785849338330818127,0.0,0.00018414015032668475331140893367818511538,3.3169020472238337436750715936046041564e-05
0.78500000000000003108624468950438313186,0.99901001856493309224785849338330818127,0.0,0.00017862165105766364702700804221349722184,3.1818505283907218705185365500820357939e-05
0.79000000000000003552713678800500929356,0.99901001856493309224785849338330818127,0.0,0.00017316515223267188985151045798520128063,3.0499020296421811890925902848343457903e-05
0.79500000000000003996802888650563545525,0.99901001856493309224785849338330818127,0.0,0.0001677706558829069644162985319568091578,2.9210565886688643469959331591361722878e-05
0.80000000000000004440892098500626161695,0.99901001856493309224785849338330818127,0.0,0.00016243816401651844866559393017197339138,2.7953142425839425393624848194090634987e-05
0.80500000000000004884981308350688777864,0.99901001856493309224785849338330818127,0.0,0.00015716767861860614756228541502888778582,2.6726750279230861992975188175952316051e-05
0.81000000000000005329070518200751394033,0.99901001856493309224785849338330818127,0.0,0.00015195920165121824619529727032443743533,2.5531389806444459568781084667737775759e-05
0.81499999999999994670929481799248605967,0.99901001856493309224785849338330818127,0.0,0.00014681273505334959787775152059151940431,2.4367061361286364176110747401475198735e-05
0.81999999999999995115018691649311222136,0.99901001856493309224785849338330818127,0.0,0.00014172828074093946434584321127615209236,2.3233765291787073862049350108537404441e-05
0.82499999999999995559107901499373838305,0.99901001856493309224785849338330818127,0.0,0.00013670584060687041873707094611565238036,2.2131501940201411433390358197648353758e-05
0.82999999999999996003197111349436454475,0.99901001856493309224785849338330818127,0.0,0.00013174541652096612586044866221242103857,2.1060271643008240688733250519953647638e-05
0.83499999999999996447286321199499070644,0.99901001856493309224785849338330818127,0.0,0.00012684701032998971732190846845146805901,2.0020074730910315637081645113663489961e-05
0.83999999999999996891375531049561686814,0.99901001856493309224785849338330818127,0.0,0.00012201062385764207310695231988830806837,1.9010911528834106205284097027774668805e-05
0.84499999999999997335464740899624302983,0.99901001856493309224785849338330818127,0.0,0.00011723625890456012458651130266672698937,1.80327823559296266322888062259463059e-05
0.84999999999999997779553950749686919153,0.99901001856493309224785849338330818127,0.0,0.00011252391724831517894895940403463840944,1.7085687525570266550370166395796805469e-05
0.85499999999999998223643160599749535322,0.99901001856493309224785849338330818127,0.0,0.00010787360064341126506119151529584319717,1.6169627345352624753482753292346219503e-05
0.85999999999999998667732370449812151492,0.99901001856493309224785849338330818127,0.0,0.00010328531082128350076163828068626778521,1.52846021170963456528960188231475604e-05
0.86499999999999999111821580299874767661,0.99901001856493309224785849338330818127,0.0,9.8759049490296481588053262298529383073e-05,1.4430612136843958420260624440084934093e-05
0.86999999999999999555910790149937383831,0.99901001856493309224785849338330818127,0.0,9.4294818335742690942870740401837314211e-05,1.360765769486071881825501454211870549e-05
0.875,0.99901001856493309224785849338330818127,0.0,8.9892619019840931698895309918698025116e-05,1.2815739075634453718958497517681657826e-05
0.88000000000000000444089209850062616169,0.99901001856493309224785849338330818127,0.0,8.5552453181734779248047267529088546498e-05,1.2054856557875408310094768768229153211e-05
0.88500000000000000888178419700125232339,0.99901001856493309224785849338330818127,0.0,8.127432243749105599585060998017211155e-05,1.1325010414516095989287476558874944489e-05
0.89000000000000001332267629550187848508,0.99901001856493309224785849338330818127,0.0,7.7058228380098327304313282788754325107e-05,1.0626200912711150946467097841357291886e-05
0.89500000000000001776356839400250464678,0.99901001856493309224785849338330818127,0.0,7.2904172579465418885812129738053385409e-05,9.9584283138371834345660572920325789351e-06
0.90000000000000002220446049250313080847,0.99901001856493309224785849338330818127,0.0,6.8812156582419955650557797493548342918e-05,9.3216928734926377286366887064413064021e-06
0.90500000000000002664535259100375697017,0.99901001856493309224785849338330818127,0.0,6.4782181912706922010177646398270046692e-05,8.715994841497652773524303595490196696e-06
0.91000000000000003108624468950438313186,0.99901001856493309224785849338330818127,0.0,6.0814250070987243639917508159534463688e-05,8.1413344618939255202252973397005928565e-06
0.91500000000000003552713678800500929356,0.99901001856493309224785849338330818127,0.0,5.6908362534836390701925913810440688328e-05,7.5977119729445769510578885805442256517e-06
0.92000000000000003996802888650563545525,0.99901001856493309224785849338330818127,0.0,5.3064520758743002532047191124147925687e-05,7.085127607134020793770752664879978888e-06
0.92500000000000004440892098500626161695,0.99901001856493309224785849338330818127,0.0,4.92827261741075337925125996807169943e-05,6.6035815911678349247124749131771348163e-06
0.93000000000000004884981308350688777864,0.99901001856493309224785849338330818127,0.0,4.556298018924092209288143413889005835e-05,6.1530741459726354611824142578197294006e-06
0.93500000000000005329070518200751394033,0.99901001856493309224785849338330818127,0.0,4.1905284189363277081546782052352322653e-05,5.7336054866959535430812323975914793859e-06
0.93999999999999994670929481799248605967,0.99901001856493309224785849338330818127,0.0,3.8309639536602670160514712837996236521e-05,5.3451758227061230842445463781459036217e-06
0.94499999999999995115018691649311222136,0.99901001856493309224785849338330818127,0.0,3.4776047569993548545247917430091556517e-05,4.987785357592129122757175737709010938e-06
0.94999999999999995559107901499373838305,0.99901001856493309224785849338330818127,0.0,3.1304509605475967817523431998898493642e-05,4.6614342891635444204223924658744012524e-06
0.95499999999999996003197111349436454475,0.99901001856493309224785849338330818127,0.0,2.7895026935894046186348504501245315307e-05,4.3661228094503818140529328545805064994e-06
0.95999999999999996447286321199499070644,0.99901001856493309224785849338330818127,0.0,2.4547600830994841493968904606609896171e-05,4.1018511047029934147858951125631118324e-06
0.96499999999999996891375531049561686814,0.99901001856493309224785849338330818127,0.0,2.1262232537427169177284544910092221857e-05,3.8686193553919635278838159439606758682e-06
0.96999999999999997335464740899624302983,0.99901001856493309224785849338330818127,0.0,1.8038923278740441714989193415170247619e-05,3.6664277362080042625977933771975144174e-06
0.97499999999999997779553950749686919153,0.99901001856493309224785849338330818127,0.0,1.4877674255383529562450786028556018398e-05,3.4952764160618538321922218508526113776e-06
0.97999999999999998223643160599749535322,0.99901001856493309224785849338330818127,0.0,1.1778486644703643576311549181592595575e-05,3.3551655580841775442283687274739224169e-06
0.98499999999999998667732370449812151492,0.99901001856493309224785849338330818127,0.0,8.741361600945238930749838538395411062e-06,3.2460953196254714812016844273489134795e-06
0.98999999999999999111821580299874767661,0.99901001856493309224785849338330818127,0.0,5.7663002552489405273082901743814003497e-06,3.1680658522559688716254012553538150431e-06
0.99499999999999999555910790149937383831,0.99901001856493309224785849338330818127,0.0,2.8533037156504899001555657140050984537e-06,3.1210773017655491516506387384390595313e-06
1.0,0.99901001856493309224785849338330818127,0.0,9.6558178197558538628826445115767385568e-09,3.1051298081636497173108959023292780837e-06
