value,sup,dur,Y,S
0.0,1.0987650130957657197721453038714322598e-106,131.0,0.99748334618198579028891241217990209364,0.89204347137694050366986763199863464381
0.0050000000000000001040834085586084256647,2.2860299996435786563112247801874976316e-104,131.0,0.99662302957109252296921281210208138041,0.89008837635927607266934913694172192714
0.010000000000000000208166817117216851329,1.3068913787626862709373888991513787599e-100,130.0,0.99604126356473749878834132578398234433,0.88888399640339364561915046595398050969
0.014999999999999999444888487687421729788,1.2256645780284567043636438837715742436e-94,130.0,0.99549281305644483823329350250219349704,0.88709265092510290007318095879316632773
0.020000000000000000416333634234433702659,6.8588997474242708424318482623427857535e-86,130.0,0.994922535159478930717655843006126394,0.88531537943498054718810779717082840869
0.02500000000000000138777878078144567553,1.4775559280804173446862228449901550933e-74,129.0,0.99432558842101609004599762684990975349,0.88360205013412866212691998597811761003
0.029999999999999998889776975374843459576,8.0386630284108626555347624447252274303e-64,129.0,0.99368120264838015166757123703740094436,0.88143311979969509933788592775544593349
0.035000000000000003330669073875469621271,2.3360250695294715099082850289899943801e-56,129.0,0.99298402490292350362311096975715206116,0.87967005905951550277373990242484142118
0.040000000000000000832667268468867405318,6.5666018855019395585123556197854761177e-51,128.0,0.99222535397159651145804732571670650168,0.87727054729438315595984646798870200614
0.044999999999999998334665463062265189365,9.2547451594093956921876590701830409932e-47,128.0,0.9913916434199250732714074361685696341,0.87527512317883401585183096426164285722
0.050000000000000002775557561562891351059,1.7172316399538793376185582112474181764e-43,127.0,0.99047658377586111334830585096685414945,0.87276819886651453152652307567089322031
0.055000000000000000277555756156289135106,7.7112388173363945258643871875032318305e-41,127.0,0.98949884522681227332855635444151360159,0.87028677244103540186406257633967123698
0.059999999999999997779553950749686919153,1.2602534210036994966340712982154264298e-38,126.0,0.98839874968814755639941283275834984794,0.86773489343150673459383646536361122685
0.065000000000000002220446049250313080847,9.67597768327328292107590009308794643e-37,126.0,0.987186587483646087877458523149417868,0.86459178768352892940137024462655502543
0.070000000000000006661338147750939242542,4.2896405184751462643668394386126484227e-35,122.0,0.9858638811758625203662493362108438377,0.8618000766957432015887454656110640905
0.074999999999999997224442438437108648941,1.2410773026594094078907926463698577688e-33,117.0,0.98437219765681646370317816025048087012,0.85866109858397050058927895241305593578
0.080000000000000001665334536937734810635,2.6356179111965736895626734852251890283e-32,114.0,0.98273464417669664277945060138244930447,0.85510032389666359330466301765014954641
0.08500000000000000610622663543836097233,4.4329852111725321056668277660404433052e-31,111.0,0.98091767354021429479650480951904252818,0.8511951168265235064821751754094366875
0.089999999999999996669330926124530378729,6.3877599688200649711653055983645685498e-30,108.0,0.97883839575016185090705681545566809005,0.84717287663013304886184954071577497359
0.095000000000000001110223024625156540424,8.4739830477868428036969836328665299767e-29,107.0,0.97656041890292729421921530448652314862,0.8429072323135560225448958572728190791
0.10000000000000000555111512312578270212,1.1073990533322305288496742614933660889e-27,104.0,0.97401424166331542004535556754850233944,0.83818963002239108736458691652577035907
0.10499999999999999611421941381195210852,1.575982652401818183903483497908791183e-26,102.0,0.97112350768232300878795690769207005842,0.83297010450489804853036315633273659502
0.11000000000000000055511151231257827021,2.6698451464490401815052592318000605293e-25,98.0,0.96784494592479850646017354920007283411,0.82730470573265963503650660862764243374
0.11500000000000000499600361081320443191,5.8395638655225957665674905055902602272e-24,94.0,0.96411553525678275233305819416998619015,0.82126560550636498414041887156183304086
0.11999999999999999555910790149937383831,1.7649410487529111018775963639617158401e-22,88.0,0.95984170177613482623656998061171827712,0.81443020220674631894594381980885310454
0.125,7.4326387639699272956965716884515261037e-21,83.0,0.95488367359511767170470669979876539495,0.80653266574229964048394380798330180072
0.13000000000000000444089209850062616169,4.3533277022902958462855092434184512856e-19,77.0,0.94923450941408463974352244423946082284,0.79825780541798185621925759924462839176
0.13500000000000000888178419700125232339,3.4486597798515508496426516593860398684e-17,70.0,0.94257250583605596488117528209675576533,0.78859983503030698435312274524288498429
0.14000000000000001332267629550187848508,3.5755285219320147733878579066406011283e-15,63.0,0.93458636014732005267215231765314731347,0.77766043173042943182810535370622691622
0.14499999999999999000799277837359113619,4.6478096007057773833474174360955100314e-13,56.0,0.92493953323555424516863438914560454117,0.76546101840179225245811990520617541015
0.14999999999999999444888487687421729788,7.0789820232560354566250021104531873167e-11,49.0,0.91293319246882184026398726716738858267,0.75165775164353444162384688414174622358
0.15499999999999999888977697537484345958,1.1229926815621534147273698485366860256e-08,41.0,0.89739165229733844184171329924648059984,0.73612689543525156572095510449352622695
0.16000000000000000333066907387546962127,1.4989642214487915185443493836192751941e-06,33.0,0.87743398100325429053588953415259466821,0.7186644308313978961257658134718223607
0.16500000000000000777156117237609578297,0.00012529702867885277528101458085286280515,24.0,0.85096317748709456936597509379563145468,0.7002118484398610590221361214341243284
0.17000000000000001221245327087672194466,0.0040476183084396304810544219605479123629,12.0,0.81740237272328463821777820094374520188,0.68281382901240466395841794729579093383
0.17499999999999998889776975374843459576,0.03168202333370930291371096109815570563,0.0,0.77807045455067583360744458987704521238,0.66837534913428971014219576295533637158
0.17999999999999999333866185224906075746,0.086244928268434181104071232051721312599,0.0,0.73826268536340891486296924274768660353,0.6577204750582255246700500217655354023
0.18499999999999999777955395074968691915,0.13784782422409108158823026393499131933,0.0,0.70583066210087482661586107152262285587,0.64877752273735148198669554477519127742
0.19000000000000000222044604925031308085,0.17083407006954759673975563151999287905,0.0,0.68199632476988292765137682556474795588,0.64078033799199708601651161829279742391
0.19500000000000000666133814775093924254,0.19221150033975911587045814005079092133,0.0,0.66376447621741197459453095483898520504,0.63194830260300170623299322293378742149
0.20000000000000001110223024625156540424,0.20824094626154707338774438788370546464,0.0,0.64912842259852106299846715675161137747,0.62246785346346793019248273815465182171
0.20499999999999998778754672912327805534,0.22191160166708470854940607912768602631,0.0,0.63513293922458464340428390900077647793,0.61261978595161641716879659692177423524
0.20999999999999999222843882762390421703,0.23463625600949895016444709620528644761,0.0,0.62179710020338606169325034288200521516,0.6013081022719084434171945177146545868
0.21499999999999999666933092612453037873,0.24789520602845819843124727154208223829,0.0,0.60838189869020134932129462584912346645,0.58928118233858297740468090124134931415
0.22000000000000000111022302462515654042,0.26102096822292296389782347289940542186,0.0,0.59399440342910220006305835374168806626,0.5767305436605164317208125249039255049
0.22500000000000000555111512312578270212,0.27500133612169746080426243068957231913,0.0,0.58012943518375897809076410918913653095,0.56331230363593104296365221456834564448
0.23000000000000000999200722162640886381,0.28932264840983291143183297705975937994,0.0,0.56499937163841560165302710704064236893,0.5491498390372990138055061738880212648
0.23499999999999998667732370449812151492,0.30474694640246415521532483568701921184,0.0,0.55012576949613474926031093965896750099,0.53502783703034003105019421361280149435
0.23999999999999999111821580299874767661,0.32014054292105711328611659589082169213,0.0,0.5346503484968833271650289408926806109,0.52015968797867439862433710608179262871
0.24499999999999999555910790149937383831,0.33623896600731139571522101118746416743,0.0,0.5186930616249258283054380126280758328,0.50480783345527175639587475711470040859
0.25,0.35298973236599315930571300423007824181,0.0,0.50244241521602192073349059108763886978,0.4890832441200124878049926115069500281
0.25500000000000000444089209850062616169,0.37035156558953223005103986015792913157,0.0,0.48595450708612765214867564633563466183,0.47295145091628619423048717964280794967
0.26000000000000000888178419700125232339,0.38843382323904207926069337228511125363,0.0,0.46915015382826719386748687242007890508,0.45623701482744190252609900809634455606
0.26500000000000001332267629550187848508,0.40642055559871373063786853698343488776,0.0,0.45180787728970573457687655071860108666,0.43983696978274872105651384575506916432
0.27000000000000001776356839400250464678,0.42545402823421447298325792085393528539,0.0,0.43478412175319220007644778665338252648,0.42257092545248843114205332587701833333
0.27500000000000002220446049250313080847,0.44450244182723282986807638433823123274,0.0,0.41716547103489984387102031244422929495,0.40554650054193973847040055122417807502
0.28000000000000002664535259100375697017,0.46417777566560561311629660380900805342,0.0,0.39941905515694887126163653783790340512,0.38817743347056843693476652280086993513
0.28499999999999997557509345824655611068,0.48434396897301624230405982425343306774,0.0,0.38169758869795314747077468770886134405,0.37051159664295815722075152565998748582
0.28999999999999998001598555674718227237,0.50484753626857029257766918527984041344,0.0,0.36387153518540155980283080757477031671,0.35311189223593197932682832053434675967
0.29499999999999998445687765524780843407,0.52567919556183828789749169602765533345,0.0,0.34580189889940173217609846536080904801,0.33534875685728271057882761808284010948
0.29999999999999998889776975374843459576,0.54678563381041044300355425453312812423,0.0,0.32776551895038152750714742595584372772,0.31767089047956858923010399246383926695
0.30499999999999999333866185224906075746,0.5681084174732672976753155574141532665,0.0,0.30987390734567774355470824958668576138,0.30003966956073135986913240210310818157
0.30999999999999999777955395074968691915,0.58979423958470738851803210039208037098,0.0,0.29183547761253332757039819667933428109,0.28246234393822274202365456966211313258
0.31500000000000000222044604925031308085,0.61144607751746665710700089406305271774,0.0,0.2740636630208080263349909058756602369,0.26499218725623386335650863456880577822
0.32000000000000000666133814775093924254,0.63338165437456658250517731970769774792,0.0,0.25640699717443474781308596064060858175,0.24772968790041729459454196985682936934
0.32500000000000001110223024625156540424,0.65521809119005118317453177959554601237,0.0,0.23888900469468816103376350287404187066,0.23062380392866487690772482763233468498
0.33000000000000001554312234475219156593,0.6785233591392076093229492784821122895,0.0,0.22166374398448815670904133091511570358,0.21381240602292045667432551465185294212
0.33500000000000001998401444325281772763,0.73211362767658796331351522964923998584,0.0,0.20017965852160682161282689415934344023,0.17920716534051408342763492032486326091
0.34000000000000002442490654175344388932,0.82019434812878321519343734415860809452,0.0,0.1489723782750542715554559427139130856,0.11917480411417813440676098424064966368
0.34499999999999997335464740899624302983,0.90753619490413916124308364136782282015,0.0,0.082805601354281269761669035056113269725,0.060250152806118117745885009378579252799
0.34999999999999997779553950749686919153,0.96213112147501117587243913480978665522,0.0,0.035208438119473134024726965798440172107,0.024288686209083916740136615296474826281
0.35499999999999998223643160599749535322,0.9864305441891956955580929807495654907,0.0,0.012712952001711621444771508573979531955,0.0085932130763995157646842930516981008285
0.35999999999999998667732370449812151492,0.99542420733447694910903904396624244087,0.0,0.0042555789493113559594627753264922512826,0.0028655260658460569985091879274134987595
0.36499999999999999111821580299874767661,0.9984929763435192342853744724980070953,0.0,0.0013812460520713399014142859214634681936,0.00093350877744001607626297767032920286885
0.36999999999999999555910790149937383831,0.99900999486200640022110142178535693119,0.0,0.00073508636074835616314221989114264511155,0.00034391593231770860606753171552357166368
0.375,0.99900999486200640022110142178535693119,0.0,0.00072391613050209203537916713604854272121,0.0003385491611922912472040057570936418641
0.38000000000000000444089209850062616169,0.99900999486200640022110142178535693119,0.0,0.00071283110057796150833461118389907507636,0.0003332250863562726654536084274920834822
0.38500000000000000888178419700125232339,0.99900999486200640022110142178535693119,0.0,0.00070183127665510016679863066630718794951,0.00032794370920350030205919673918805828995
0.39000000000000001332267629550187848508,0.99900999486200640022110142178535693119,0.0,0.00069091666436917736269723970555057448138,0.00032270503111689507280003577461521002854
0.39500000000000001776356839400250464678,0.99900999486200640022110142178535693119,0.0,0.00068008726931238900345511541912338761058,0.00031750905346845047570271701133436283492
0.40000000000000002220446049250313080847,0.99900999486200640022110142178535693119,0.0,0.00066934309703345039564815520172963611253,0.00031235577761923170573344259957822374138
0.40500000000000002664535259100375697017,0.99900999486200640022110142178535693119,0.0,0.00065868415303758914396294272917151816444,0.00030724520491937477647273775965501382058
0.40999999999999997557509345824655611068,0.99900999486200640022110142178535693119,0.0,0.00064811044278653822239867402754670130021,0.00030217733670808570480122243203056756408
0.41499999999999998001598555674718227237,0.99900999486200640022110142178535693119,0.0,0.00063762197169852851527036581273634929535,0.00029715217431363942195788688096139002071
0.41999999999999998445687765524780843407,0.99900999486200640022110142178535693119,0.0,0.00062721874514828258654089638202713335429,0.00029216971905337925375623884263147374227
0.42499999999999998889776975374843459576,0.99900999486200640022110142178535693119,0.0,0.00061690076846700732966285788362690322431,0.00028722997223371584466649241840319368484
0.42999999999999999333866185224906075746,0.99900999486200640022110142178535693119,0.0,0.00060666804694238726118908296094454081613,0.00028233293515012637091976219208757740564
0.43499999999999999777955395074968691915,0.99900999486200640022110142178535693119,0.0,0.00059652058581857775192488354961800402207,0.00027747860908715370409918402555100728407
0.44000000000000000222044604925031308085,0.99900999486200640022110142178535693119,0.0,0.00058645839029619831350308097871684678574,0.00027266699531840558172066618560803742362
0.44500000000000000666133814775093924254,0.99900999486200640022110142178535693119,0.0,0.00057648146553232594039785697942561991483,0.00026789809510655378480426638564879308328
0.45000000000000001110223024625156540424,0.99900999486200640022110142178535693119,0.0,0.00056658981664048850739332375506084862738,0.00026317190970333332243718199365223637193
0.45500000000000001554312234475219156593,0.99900999486200640022110142178535693119,0.0,0.00055678344869065822252257975585944707711,0.00025848844034954162332933232453835828635
0.46000000000000001998401444325281772763,0.99900999486200640022110142178535693119,0.0,0.0005470623667092451354928862311004387121,0.00025384768827503773436250359922903885122
0.46500000000000002442490654175344388932,0.99900999486200640022110142178535693119,0.0,0.00053742657567909070161246800028501509489,0.00024924965469874152613401881533485421967
0.46999999999999997335464740899624302983,0.99900999486200640022110142178535693119,0.0,0.00052787608053946150679260073484029314677,0.00024469434082863295583288341783775918848
0.47499999999999997779553950749686919153,0.99900999486200640022110142178535693119,0.0,0.00051841088618604251934342552838977926369,0.00024018174786175108495306652932620947459
0.47999999999999998223643160599749535322,0.99900999486200640022110142178535693119,0.0,0.00050903099747093145668818334300928434624,0.0002357118769841936092713161368850338823
0.48499999999999998667732370449812151492,0.99900999486200640022110142178535693119,0.0,0.00049973641920263214637469001297370379895,0.0002312847293711158896075109254281782413
0.48999999999999999111821580299874767661,0.99900999486200640022110142178535693119,0.0,0.00049052715614604847424349093653082326685,0.00022690030618673024316638410266133590928
0.49499999999999999555910790149937383831,0.99900999486200640022110142178535693119,0.0,0.00048140321302247828168260068196041989477,0.00022255860858430519106808275395894933914
0.50,0.99900999486200640022110142178535693119,0.0,0.00047236459450960731848870030984432131462,0.0002182596377061647128797542209629620771
0.50500000000000000444089209850062616169,0.99900999486200640022110142178535693119,0.0,0.00046341130524150325134924070813462067901,0.000214003394683687508149054983827434421
0.51000000000000000888178419700125232339,0.99900999486200640022110142178535693119,0.0,0.00045454334980860972795976808869149493733,0.00020978988063730626494046917347698548837
0.51500000000000001332267629550187848508,0.99900999486200640022110142178535693119,0.0,0.00044576073275774049679065559110666378921,0.0002056190966765069353753154849815137767
0.52000000000000001776356839400250464678,0.99900999486200640022110142178535693119,0.0,0.0004370634585920735825172926823373228027,0.00020149104389982801817631290619078321829
0.52500000000000002220446049250313080847,0.99900999486200640022110142178535693119,0.0,0.00042845153177114551712765172945255687257,0.00019740572339485984821756731713625269888
0.53000000000000002664535259100375697017,0.99900999486200640022110142178535693119,0.0,0.00041992495671084562672101875814426354055,0.00019336313623824389308083265540998927452
0.53500000000000003108624468950438313186,0.99900999486200640022110142178535693119,0.0,0.00041148373778341037401154299208226435485,0.00018936328349567205661889198078765879293
0.54000000000000003552713678800500929356,0.99900999486200640022110142178535693119,0.0,0.00040312787931741775655012729820362898823,0.00018540616622188598952689540879045688291
0.54500000000000003996802888650563545525,0.99900999486200640022110142178535693119,0.0,0.00039485738559778176067804914112464854753,0.00018149178546067640692248351769545748429
0.55000000000000004440892098500626161695,0.99900999486200640022110142178535693119,0.0,0.00038667226086574687122556907655603093903,0.00017762014224488241293551646672124895416
0.55500000000000004884981308350688777864,0.99900999486200640022110142178535693119,0.0,0.0003785725093188826369686511893937012012,0.00017379123759639083230822069475193757872
0.56000000000000005329070518200751394033,0.99900999486200640022110142178535693119,0.0,0.00037055813511107829185678720755530856581,0.00017000507252613554900655669903366768792
0.56499999999999994670929481799248605967,0.99900999486200640022110142178535693119,0.0,0.00036262914235253760713583506293428096468,0.00016626164803409693448980118118971830752
0.56999999999999995115018691649311222136,0.99900999486200640022110142178535693119,0.0,0.00035478553510977292181630340779383853183,0.00016256096510930086881287701861928986283
0.57499999999999995559107901499373838305,0.99900999486200640022110142178535693119,0.0,0.00034702731740560098764528380731934415462,0.00015890302472981859900048193933352544874
0.57999999999999996003197111349436454475,0.99900999486200640022110142178535693119,0.0,0.00033935449321913710741397082263158374776,0.00015528782786276577227926593833972594393
0.58499999999999996447286321199499070644,0.99900999486200640022110142178535693119,0.0,0.0003317670664857902122381794853947658456,0.00015171537546430189335230455342421594093
0.58999999999999996891375531049561686814,0.99900999486200640022110142178535693119,0.0,0.00032426504109725781767818181891634129684,0.00014818566847962970509419770261792363404
0.59499999999999997335464740899624302983,0.99900999486200640022110142178535693119,0.0,0.00031684842090152103571687013695486032004,0.0001446987078429945762627796115626590509
0.59999999999999997779553950749686919153,0.99900999486200640022110142178535693119,0.0,0.00030951720970283964260817570114096701519,0.00014125449447768389622817631636230224086
0.60499999999999998223643160599749535322,0.99900999486200640022110142178535693119,0.0,0.00030227141126174720260753821259398407571,0.0001378530292960264767199388442105547304
0.60999999999999998667732370449812151492,0.99900999486200640022110142178535693119,0.0,0.00029511102929504624759608846267728732869,0.00013449431319939196059297178938987148301
0.61499999999999999111821580299874767661,0.99900999486200640022110142178535693119,0.0,0.00028803606747580351261007327238901028736,0.00013117834707819023761296861615076564488
0.61999999999999999555910790149937383831,0.99900999486200640022110142178535693119,0.0,0.00028104652943334522728691861014000463532,0.00012790513181187086726205663252295724571
0.625,0.99900999486200640022110142178535693119,0.0,0.00027414241875325246323919349413811486177,0.00012467466826892250856534619029591639989
0.63000000000000000444089209850062616169,0.99900999486200640022110142178535693119,0.0,0.0002673237389773565373676039587866517825,0.00012148695730687235693907027625233190642
0.63500000000000000888178419700125232339,0.99900999486200640022110142178535693119,0.0,0.00026059049360373447112401299492566234699,0.00011834199977228558806099226826002171474
0.64000000000000001332267629550187848508,0.99900999486200640022110142178535693119,0.0,0.00025394268608670450573534896190762439729,0.00011523979650076480876375123704190052532
0.64500000000000001776356839400250464678,0.99900999486200640022110142178535693119,0.0,0.00024738031983682167339913151591521570328,0.00011218034831694951495180578036594352338
0.65000000000000002220446049250313080847,0.99900999486200640022110142178535693119,0.0,0.0002409033982208734244612106041087226863,0.00010916365603451555654262898104374924461
0.65500000000000002664535259100375697017,0.99900999486200640022110142178535693119,0.0,0.00023451192456187531058618053864560393497,0.00010618972045617460943279868351342781382
0.66000000000000003108624468950438313186,0.99900999486200640022110142178535693119,0.0,0.00022820590213906672393079758885607490665,0.0001032585423736736544896188859262457818
0.66500000000000003552713678800500929356,0.99900999486200640022110142178535693119,0.0,0.00022198533418790669233059591439792736787,0.00010037012256779446356889964557287156464
0.67000000000000003996802888650563545525,0.99900999486200640022110142178535693119,0.0,0.00021585022390006973050976300756295852746,9.7524461808353092559514495190315546628e-05
0.67500000000000004440892098500626161695,0.99900999486200640022110142178535693119,0.0,0.00020980057442344174732420211957839940936,9.4721560854199381455345966200879182312e-05
0.68000000000000004884981308350688777864,0.99900999486200640022110142178535693119,0.0,0.00020383638886211600904757541425185698281,9.1961420453216461455221412265754233261e-05
0.68500000000000005329070518200751394033,0.99900999486200640022110142178535693119,0.0,0.0001979576702763891587099878231599920942,8.9244041342320269091432922704486229772e-05
0.68999999999999994670929481799248605967,0.99900999486200640022110142178535693119,0.0,0.00019216442168275741918586767605933474144,8.6569424247459126301097265746530612436e-05
0.69499999999999995115018691649311222136,0.99900999486200640022110142178535693119,0.0,0.00018645664605391221202034324785936195599,8.3937569883613032009378279654032843322e-05
0.69999999999999995559107901499373838305,0.99900999486200640022110142178535693119,0.0,0.00018083434631873711679832645200362521447,8.1348478954793553677839243773343151273e-05
0.70499999999999996003197111349436454475,0.99900999486200640022110142178535693119,0.0,0.00017529752536230359834595177011714051893,7.880215215404313104982428913515851737e-05
0.70999999999999996447286321199499070644,0.99900999486200640022110142178535693119,0.0,0.00016984618602586743605755687076038525069,7.6298590163434685293697420499759151506e-05
0.71499999999999996891375531049561686814,0.99900999486200640022110142178535693119,0.0,0.00016448033110686507974557444468894841702,7.3837793654071175314865792548792771871e-05
0.71999999999999997335464740899624302983,0.99900999486200640022110142178535693119,0.0,0.00015919996335891006160693596973511804463,7.1419763286085161100308201240964890384e-05
0.72499999999999997779553950749686919153,0.99900999486200640022110142178535693119,0.0,0.00015400508549178946431457593236764191015,6.9044499708638374096135309310115698063e-05
0.72999999999999998223643160599749535322,0.99900999486200640022110142178535693119,0.0,0.00014889570017146044524249094805217019693,6.6712003559921294618699711314763959878e-05
0.73499999999999998667732370449812151492,0.99900999486200640022110142178535693119,0.0,0.00014387181002004681683267410508366440342,6.4422275467152736299765529077614041217e-05
0.73999999999999999111821580299874767661,0.99900999486200640022110142178535693119,0.0,0.00013893341761583568311211070710798440063,6.2175316046579437566238812797927166995e-05
0.74499999999999999555910790149937383831,0.99900999486200640022110142178535693119,0.0,0.00013408052549327413236788740860777372059,5.997112590347566015495160659522828699e-05
0.75,0.99900999486200640022110142178535693119,0.0,0.00012931313614296598598833252571265864833,5.7809705632142794662984119765734387461e-05
0.75500000000000000444089209850062616169,0.99900999486200640022110142178535693119,0.0,0.00012463125201166860347797106232084058408,5.5691055815908973134001026619330241926e-05
0.76000000000000000888178419700125232339,0.99900999486200640022110142178535693119,0.0,0.00012003487550228974365394371920374656044,5.3615177027128688681069498431067649424e-05
0.76500000000000001332267629550187848508,0.99900999486200640022110142178535693119,0.0,0.00011552400897388448203140485202303164846,5.1582069827182422146418150803210938705e-05
0.77000000000000001776356839400250464678,0.99900999486200640022110142178535693119,0.0,0.00011109865474165218440528001353558723035,4.9591734766476275798587668607984287973e-05
0.77500000000000002220446049250313080847,0.99900999486200640022110142178535693119,0.0,0.00010675881507693353663562935621315180498,4.7644172384441614067415448683587073681e-05
0.78000000000000002664535259100375697017,0.99900999486200640022110142178535693119,0.0,0.00010250449220720763064372878457465737528,4.5739383209534711317288177602926365017e-05
0.78500000000000003108624468950438313186,0.99900999486200640022110142178535693119,0.0,9.8335688316089106625846332237743107554e-05,4.3877367759236406659087838142067574201e-05
0.79000000000000003552713678800500929356,0.99900999486200640022110142178535693119,0.0,9.4252405543325351491556797557251740417e-05,4.2058126540051765801248213559824281497e-05
0.79500000000000003996802888650563545525,0.99900999486200640022110142178535693119,0.0,9.0254645984793753533303204249467638862e-05,4.0281660047509749940330533477397862725e-05
0.80000000000000004440892098500626161695,0.99900999486200640022110142178535693119,0.0,8.6342411692499013333779160117981348055e-05,3.8547968766162891691518479033740484702e-05
0.80500000000000004884981308350688777864,0.99900999486200640022110142178535693119,0.0,8.2515704674570510917571668417142706602e-05,3.685705316958697805942433810455730304e-05
0.81000000000000005329070518200751394033,0.99900999486200640022110142178535693119,0.0,7.8774526895259729153369403029004382758e-05,3.5208913720380740449589673726793480719e-05
0.81499999999999994670929481799248605967,0.99900999486200640022110142178535693119,0.0,7.5118880274937813634967256171639599987e-05,3.3603550870165586892352491335697418504e-05
0.81999999999999995115018691649311222136,0.99900999486200640022110142178535693119,0.0,7.1548766690092785815505404387660247375e-05,3.2040965059585164501819207901690386569e-05
0.82499999999999995559107901499373838305,0.99900999486200640022110142178535693119,0.0,6.8064187973327622227886480380056937336e-05,3.0521156718305284488975330128574276773e-05
0.82999999999999996003197111349436454475,0.99900999486200640022110142178535693119,0.0,6.4665145913357576363737786621952867808e-05,2.904412626501349680492241385321348049e-05
0.83499999999999996447286321199499070644,0.99900999486200640022110142178535693119,0.0,6.135164225500796553956597160368975071e-05,2.7609874107418851482440012881170974904e-05
0.83999999999999996891375531049561686814,0.99900999486200640022110142178535693119,0.0,5.8123678699211931927225902448038607708e-05,2.6218400642251630899232012980840132676e-05
0.84499999999999997335464740899624302983,0.99900999486200640022110142178535693119,0.0,5.498125690300825987532089257164111335e-05,2.4869706255263089084314986692455772461e-05
0.84999999999999997779553950749686919153,0.99900999486200640022110142178535693119,0.0,5.1924378479539249526762118677324022006e-05,2.3563791321225198067864485571688753071e-05
0.85499999999999998223643160599749535322,0.99900999486200640022110142178535693119,0.0,4.8953044998048646737580318263756956924e-05,2.2300656203930401274826752746353508317e-05
0.85999999999999998667732370449812151492,0.99900999486200640022110142178535693119,0.0,4.606725798387962930194809613693823587e-05,2.108030125619137396259490432746298418e-05
0.86499999999999999111821580299874767661,0.99900999486200640022110142178535693119,0.0,4.3267018918472849488236386620483726664e-05,1.9902726819840790703040193298679785107e-05
0.86999999999999999555910790149937383831,0.99900999486200640022110142178535693119,0.0,4.0552329239364532890793817807056897157e-05,1.8767933225731099909180534027366898351e-05
0.875,0.99900999486200640022110142178535693119,0.0,3.792319034018463360200290579001604927e-05,1.7675920793734305406760029512168698347e-05
0.88000000000000000444089209850062616169,0.99900999486200640022110142178535693119,0.0,3.5379603570655045709032170881070859317e-05,1.6626689832741755051004806922587135182e-05
0.88500000000000000888178419700125232339,0.99900999486200640022110142178535693119,0.0,3.2921570236587871119568414875137429331e-05,1.5620240640663936388812029911594681681e-05
0.89000000000000001332267629550187848508,0.99900999486200640022110142178535693119,0.0,3.0549091599883743720678528986457753896e-05,1.4656573504430279366620518609181835104e-05
0.89500000000000001776356839400250464678,0.99900999486200640022110142178535693119,0.0,2.8262168878530209874815316669297610376e-05,1.3735688699988966084202970149111210892e-05
0.90000000000000002220446049250313080847,0.99900999486200640022110142178535693119,0.0,2.6060803246600165256846914671138358068e-05,1.2857586492306747594611334059282398152e-05
0.90500000000000002664535259100375697017,0.99900999486200640022110142178535693119,0.0,2.39449958342503480358544798653022088e-05,1.2022267135368767750498457874242934466e-05
0.91000000000000003108624468950438313186,0.99900999486200640022110142178535693119,0.0,2.1914747727719888405307879192550757333e-05,1.1229730872178394097030678922753470978e-05
0.91500000000000003552713678800500929356,0.99900999486200640022110142178535693119,0.0,1.9970059969328914465094175926607895353e-05,1.0479977934757055811597598420173120734e-05
0.92000000000000003996802888650563545525,0.99900999486200640022110142178535693119,0.0,1.8110933557477214458738747986094086447e-05,9.7730085441440886905168337710189943333e-06
0.92500000000000004440892098500626161695,0.99900999486200640022110142178535693119,0.0,1.6337369446642955369023903664408315864e-05,9.1088229103965871829231043776180448654e-06
0.93000000000000004884981308350688777864,0.99900999486200640022110142178535693119,0.0,1.4649368547381457875074877459118406194e-05,8.487421232589263472022565272556683212e-06
0.93500000000000005329070518200751394033,0.99900999486200640022110142178535693119,0.0,1.3046931726324027673848094172951045135e-05,7.9088036988143136038848615618923456756e-06
0.93999999999999994670929481799248605967,0.99900999486200640022110142178535693119,0.0,1.153005980617687590017713043059844796e-05,7.3729704861813020868217013252445564082e-06
0.94499999999999995115018691649311222136,0.99900999486200640022110142178535693119,0.0,1.0098753565719930359959883429256259159e-05,6.8799217608169954741907180099100470612e-06
0.94999999999999995559107901499373838305,0.99900999486200640022110142178535693119,0.0,8.753013739806038049074534586155529674e-06,6.4296576778653210240810429954784942521e-06
0.95499999999999996003197111349436454475,0.99900999486200640022110142178535693119,0.0,7.4928410193598853338917147869858897517e-06,6.0221783814872124782552985613117052835e-06
0.95999999999999996447286321199499070644,0.99900999486200640022110142178535693119,0.0,6.3182360513771457653586800478411857779e-06,5.6574840048605238038113018255303340433e-06
0.96499999999999996891375531049561686814,0.99900999486200640022110142178535693119,0.0,5.2291994389236496409727860237197828781e-06,5.335574670179937610349621933756604557e-06
0.96999999999999997335464740899624302983,0.99900999486200640022110142178535693119,0.0,4.2257317411346099479207180216884274866e-06,5.0564504886568806156497855067651886642e-06
0.97499999999999997779553950749686919153,0.99900999486200640022110142178535693119,0.0,3.3078334732139046892380454776899113947e-06,4.8201115605194461599600619471354315801e-06
0.97999999999999998223643160599749535322,0.99900999486200640022110142178535693119,0.0,2.4755051064334155947085923600117442342e-06,4.626557975012323768997316432817027288e-06
0.98499999999999998667732370449812151492,0.99900999486200640022110142178535693119,0.0,1.7287470681324232180880308454753145551e-06,4.4757898103967357657449744633407797074e-06
0.98999999999999999111821580299874767661,0.99900999486200640022110142178535693119,0.0,1.0675597417170584221010153965565978157e-06,4.3678071339503809311286976884829210793e-06
0.99499999999999999555910790149937383831,0.99900999486200640022110142178535693119,0.0,4.9194346665981025252607856904880863336e-07,4.3026100019673852136409264557827697759e-06
1.0,0.99900999486200640022110142178535693119,0.0,9.1851033662143213460387246176964438573e-09,4.2801984597582594879770000786769251758e-06
