value,sup,dur,Y,S
0.0,9.7054466920492509550456324163005751353e-67,130.0,0.9974833461819857902889124121799020959,0.89204347137694050366986763199863464682
0.0050000000000000001040834085586084256647,1.6425412129494428564709776787309923574e-64,130.0,0.99662302957109252296921281210208137665,0.89008837635927607266934913694172192865
0.010000000000000000208166817117216851329,7.5683825683497205322546808366274273514e-61,129.0,0.99604126356473749878834132578398234358,0.88888399640339364561915046595398051571
0.014999999999999999444888487687421729788,5.6649093978307097591335156228174976264e-55,129.0,0.99549281305644483823329350250219350155,0.88709265092510290007318095879316633224
0.020000000000000000416333634234433702659,1.8954598059065645794031222731424548434e-46,128.0,0.99492253515947893071765584300612638874,0.88531537943498054718810779717082841019
0.02500000000000000138777878078144567553,1.453816327590890931020409342873294681e-39,128.0,0.99432558842101609004599762684990975199,0.88360205013412866212691998597811760928
0.029999999999999998889776975374843459576,4.7136121573008611331639885770268774063e-35,128.0,0.99368120264838015166757123703740094135,0.88143311979969509933788592775544593575
0.035000000000000003330669073875469621271,7.5371824831602934680427107076737320581e-32,127.0,0.99298402490292350362311096975715206267,0.87967005905951550277373990242484141517
0.040000000000000000832667268468867405318,1.9892055847886448957243852405263459425e-29,121.0,0.99222535397159651145804732571670650544,0.8772705472943831559598464679887020099
0.044999999999999998334665463062265189365,1.6793001130934167127502741492024383902e-27,109.0,0.99139164341992507327140743616856963184,0.87527512317883401585183096426164286549
0.050000000000000002775557561562891351059,6.6125406856092417095468998628942863248e-26,100.0,0.99047658377586111334830585096685415246,0.87276819886651453152652307567089322407
0.055000000000000000277555756156289135106,1.5552663817641233005184150561010348555e-24,92.0,0.98949884522681227332855635444151360385,0.87028677244103540186406257633967123924
0.059999999999999997779553950749686919153,2.5487410394694110429053047671108396739e-23,87.0,0.98839874968814755639941283275834984343,0.86773489343150673459383646536361122835
0.065000000000000002220446049250313080847,3.273954511210597794449263269632784652e-22,82.0,0.98718658748364608787745852314941786724,0.8645917876835289294013702446265550322
0.070000000000000006661338147750939242542,3.4903860768568454783008919426403616498e-21,77.0,0.9858638811758625203662493362108438392,0.86180007669574320158874546561106409426
0.074999999999999997224442438437108648941,3.3190425153467664235379193967454663921e-20,75.0,0.98437219765681646370317816025048087313,0.85866109858397050058927895241305593202
0.080000000000000001665334536937734810635,2.8741712310275503864117965764418900543e-19,72.0,0.98273464417669664277945060138244930447,0.85510032389666359330466301765014953964
0.08500000000000000610622663543836097233,2.3934968080605733337357219542693604302e-18,69.0,0.98091767354021429479650480951904252367,0.85119511682652350648217517540943668599
0.089999999999999996669330926124530378729,1.9468337293087594944411881216121950468e-17,67.0,0.97883839575016185090705681545566809155,0.84717287663013304886184954071577497811
0.095000000000000001110223024625156540424,1.5796263012366397758228580400562489818e-16,66.0,0.97656041890292729421921530448652314561,0.84290723231355602254489585727281907684
0.10000000000000000555111512312578270212,1.3100529999025486959499935002187449885e-15,65.0,0.9740142416633154200453555675485023417,0.83818963002239108736458691652577035531
0.10499999999999999611421941381195210852,1.1392503237899688247085162639827019669e-14,61.0,0.97112350768232300878795690769207005541,0.83297010450489804853036315633273659351
0.11000000000000000055511151231257827021,1.0650041215351893019351496444231024039e-13,59.0,0.96784494592479850646017354920007283487,0.82730470573265963503650660862764242923
0.11500000000000000499600361081320443191,1.0948627429865114675617413077004670737e-12,56.0,0.96411553525678275233305819416998619466,0.82126560550636498414041887156183304988
0.11999999999999999555910790149937383831,1.2618155370494459735170578585824690206e-11,53.0,0.9598417017761348262365699806117182696,0.8144302022067463189459438198088531068
0.125,1.6534101744339634309298715965078862054e-10,48.0,0.95488367359511767170470669979876539269,0.80653266574229964048394380798330180072
0.13000000000000000444089209850062616169,2.4790231736471582066422594520645230849e-09,45.0,0.94923450941408463974352244423946082284,0.798257805417981856219257599244628391
0.13500000000000000888178419700125232339,4.2277589181966766491750082707711182757e-08,40.0,0.94257250583605596488117528209675576684,0.78859983503030698435312274524288498354
0.14000000000000001332267629550187848508,7.9864414510368323572780245336129617047e-07,34.0,0.93458636014732005267215231765314731422,0.77766043173042943182810535370622691547
0.14499999999999999000799277837359113619,1.5426867092894328919029537584918543985e-05,28.0,0.92493953323555424516863438914560453892,0.76546101840179225245811990520617541241
0.14999999999999999444888487687421729788,0.00026099256006550837517627074185155928294,21.0,0.91293319246882184026398726716738858567,0.75165775164353444162384688414174622358
0.15499999999999999888977697537484345958,0.0028573935801609723540889472188094900756,13.0,0.89739165229733844184171329924648060435,0.73612689543525156572095510449352622695
0.16000000000000000333066907387546962127,0.015196053235612866857442245277700704349,0.0,0.87743398100325429053588953415259467047,0.71866443083139789612576581347182236672
0.16500000000000000777156117237609578297,0.043436959407614015585791111494806959567,0.0,0.85096317748709456936597509379563145468,0.70021184843986105902213612143412433141
0.17000000000000001221245327087672194466,0.087302849645078483086008850069232259089,0.0,0.81740237272328463821777820094374520414,0.68281382901240466395841794729579093383
0.17499999999999998889776975374843459576,0.1445213915026368787133889737929084124,0.0,0.77807045455067583360744458987704521389,0.66837534913428971014219576295533637083
0.17999999999999999333866185224906075746,0.20636523273749884876531592044730385814,0.0,0.73826268536340891486296924274768660654,0.6577204750582255246700500217655354008
0.18499999999999999777955395074968691915,0.25516361619816594881352648957568086366,0.0,0.70583066210087482661586107152262285361,0.64877752273735148198669554477519128118
0.19000000000000000222044604925031308085,0.28419252869510367850093221731225329167,0.0,0.68199632476988292765137682556474795739,0.64078033799199708601651161829279742316
0.19500000000000000666133814775093924254,0.3025997327382883070721162211275234343,0.0,0.66376447621741197459453095483898520279,0.63194830260300170623299322293378742224
0.20000000000000001110223024625156540424,0.31651750849679883443252636655141577887,0.0,0.64912842259852106299846715675161137973,0.62246785346346793019248273815465182396
0.20499999999999998778754672912327805534,0.32833697528676435057528516878940825939,0.0,0.63513293922458464340428390900077647116,0.61261978595161641716879659692177423749
0.20999999999999999222843882762390421703,0.33964477370058809524502363064111208972,0.0,0.62179710020338606169325034288200521591,0.60130810227190844341719451771465458454
0.21499999999999999666933092612453037873,0.35141401847577540882182377594073391585,0.0,0.60838189869020134932129462584912346494,0.58928118233858297740468090124134931716
0.22000000000000000111022302462515654042,0.36281642464055437056537450000653384686,0.0,0.59399440342910220006305835374168806852,0.5767305436605164317208125249039255064
0.22500000000000000555111512312578270212,0.3754213143409516583440594735939335777,0.0,0.58012943518375897809076410918913652719,0.56331230363593104296365221456834564899
0.23000000000000000999200722162640886381,0.38778801636246418139293098344300495855,0.0,0.56499937163841560165302710704064236893,0.54914983903729901380550617388802126104
0.23499999999999998667732370449812151492,0.40100154757113221198102345696672975249,0.0,0.55012576949613474926031093965896749949,0.53502783703034003105019421361280149661
0.23999999999999999111821580299874767661,0.41486446149603889047182022342346774611,0.0,0.53465034849688332716502894089268061542,0.52015968797867439862433710608179262871
0.24499999999999999555910790149937383831,0.4291447339999004971105360413143804808,0.0,0.51869306162492582830543801262807582979,0.50480783345527175639587475711470040784
0.25,0.44372487768261614400505500275106366135,0.0,0.50244241521602192073349059108763886978,0.48908324412001248780499261150695003149
0.25500000000000000444089209850062616169,0.45861038516206792854440248956662110302,0.0,0.48595450708612765214867564633563466183,0.47295145091628619423048717964280794703
0.26000000000000000888178419700125232339,0.47393567764320072310375803767091681758,0.0,0.46915015382826719386748687242007890546,0.45623701482744190252609900809634455493
0.26500000000000001332267629550187848508,0.48997060155541139069432645071695697496,0.0,0.45180787728970573457687655071860108892,0.43983696978274872105651384575506916432
0.27000000000000001776356839400250464678,0.50611325783821645351708446402930736487,0.0,0.43478412175319220007644778665338252536,0.42257092545248843114205332587701833258
0.27500000000000002220446049250313080847,0.52288063161898240234180324247530081147,0.0,0.41716547103489984387102031244422929796,0.40554650054193973847040055122417807464
0.28000000000000002664535259100375697017,0.53992351376556086475738294296659427032,0.0,0.39941905515694887126163653783790340173,0.38817743347056843693476652280086993325
0.28499999999999997557509345824655611068,0.55718086214139480902027362617645865098,0.0,0.38169758869795314747077468770886133991,0.37051159664295815722075152565998748356
0.28999999999999998001598555674718227237,0.57486773035721770155511046863915732433,0.0,0.36387153518540155980283080757477031634,0.35311189223593197932682832053434676155
0.29499999999999998445687765524780843407,0.59275937780896450396185470442654015388,0.0,0.34580189889940173217609846536080904763,0.33534875685728271057882761808284010948
0.29999999999999998889776975374843459576,0.61094708710885605499100424053430091296,0.0,0.32776551895038152750714742595584372998,0.31767089047956858923010399246383926469
0.30499999999999999333866185224906075746,0.62942094403085666970875562460592174126,0.0,0.30987390734567774355470824958668576364,0.30003966956073135986913240210310818195
0.30999999999999999777955395074968691915,0.64792976399517082403944562647569656255,0.0,0.2918354776125333275703981966793342826,0.28246234393822274202365456966211313145
0.31500000000000000222044604925031308085,0.66669299394642910052750560259223455371,0.0,0.27406366302080802633499090587566023577,0.26499218725623386335650863456880577747
0.32000000000000000666133814775093924254,0.68543751988078990566571591306348722861,0.0,0.25640699717443474781308596064060858288,0.24772968790041729459454196985682936991
0.32500000000000001110223024625156540424,0.70435012818913668467974424098841933914,0.0,0.23888900469468816103376350287404187385,0.23062380392866487690772482763233468874
0.33000000000000001554312234475219156593,0.72395226240972829519150037106705107601,0.0,0.22166374398448815670904133091511570114,0.21381240602292045667432551465185294118
0.33500000000000001998401444325281772763,0.76868845491005646612058765551407977092,0.0,0.20017965852160682161282689415934344136,0.17920716534051408342763492032486326373
0.34000000000000002442490654175344388932,0.84393697036002931985907083205104323245,0.0,0.14897237827505427155545594271391308617,0.11917480411417813440676098424064966331
0.34499999999999997335464740899624302983,0.91947653418438964831891781619625379628,0.0,0.082805601354281269761669035056113269161,0.060250152806118117745885009378579252658
0.34999999999999997779553950749686919153,0.96698211079647622235319736976527488558,0.0,0.035208438119473134024726965798440172248,0.024288686209083916740136615296474826304
0.35499999999999998223643160599749535322,0.98817157161388604261245209068549336984,0.0,0.012712952001711621444771508573979531873,0.0085932130763995157646842930516981007815
0.35999999999999998667732370449812151492,0.9960149524201848756806233648984489966,0.0,0.0042555789493113559594627753264922512826,0.0028655260658460569985091879274134987772
0.36499999999999999111821580299874767661,0.99868913415516116544930414218118304212,0.0,0.0013812460520713399014142859214634681951,0.00093350877744001607626297767032920287547
0.36999999999999999555910790149937383831,0.99900999486200640022110142178535692968,0.0,0.00073508636074835616314221989114264511228,0.00034391593231770860606753171552357166368
0.375,0.99900999486200640022110142178535692968,0.0,0.00072391613050209203537916713604854272194,0.0003385491611922912472040057570936418641
0.38000000000000000444089209850062616169,0.99900999486200640022110142178535692968,0.0,0.00071283110057796150833461118389907507709,0.0003332250863562726654536084274920834822
0.38500000000000000888178419700125232339,0.99900999486200640022110142178535692968,0.0,0.00070183127665510016679863066630718794877,0.00032794370920350030205919673918805828995
0.39000000000000001332267629550187848508,0.99900999486200640022110142178535692968,0.0,0.00069091666436917736269723970555057448212,0.00032270503111689507280003577461521002854
0.39500000000000001776356839400250464678,0.99900999486200640022110142178535692968,0.0,0.00068008726931238900345511541912338761058,0.00031750905346845047570271701133436283455
0.40000000000000002220446049250313080847,0.99900999486200640022110142178535692968,0.0,0.00066934309703345039564815520172963611179,0.00031235577761923170573344259957822374101
0.40500000000000002664535259100375697017,0.99900999486200640022110142178535692968,0.0,0.00065868415303758914396294272917151816444,0.00030724520491937477647273775965501382022
0.40999999999999997557509345824655611068,0.99900999486200640022110142178535692968,0.0,0.00064811044278653822239867402754670130094,0.00030217733670808570480122243203056756408
0.41499999999999998001598555674718227237,0.99900999486200640022110142178535692968,0.0,0.00063762197169852851527036581273634929608,0.00029715217431363942195788688096139002071
0.41999999999999998445687765524780843407,0.99900999486200640022110142178535692968,0.0,0.00062721874514828258654089638202713335356,0.00029216971905337925375623884263147374191
0.42499999999999998889776975374843459576,0.99900999486200640022110142178535692968,0.0,0.00061690076846700732966285788362690322357,0.00028722997223371584466649241840319368448
0.42999999999999999333866185224906075746,0.99900999486200640022110142178535692968,0.0,0.00060666804694238726118908296094454081613,0.00028233293515012637091976219208757740564
0.43499999999999999777955395074968691915,0.99900999486200640022110142178535692968,0.0,0.00059652058581857775192488354961800402207,0.00027747860908715370409918402555100728407
0.44000000000000000222044604925031308085,0.99900999486200640022110142178535692968,0.0,0.000586458390296198313503080978716846785,0.00027266699531840558172066618560803742326
0.44500000000000000666133814775093924254,0.99900999486200640022110142178535692968,0.0,0.00057648146553232594039785697942561991483,0.00026789809510655378480426638564879308328
0.45000000000000001110223024625156540424,0.99900999486200640022110142178535692968,0.0,0.00056658981664048850739332375506084862738,0.00026317190970333332243718199365223637193
0.45500000000000001554312234475219156593,0.99900999486200640022110142178535692968,0.0,0.00055678344869065822252257975585944707711,0.00025848844034954162332933232453835828635
0.46000000000000001998401444325281772763,0.99900999486200640022110142178535692968,0.0,0.0005470623667092451354928862311004387121,0.00025384768827503773436250359922903885122
0.46500000000000002442490654175344388932,0.99900999486200640022110142178535692968,0.0,0.00053742657567909070161246800028501509415,0.00024924965469874152613401881533485421931
0.46999999999999997335464740899624302983,0.99900999486200640022110142178535692968,0.0,0.00052787608053946150679260073484029314677,0.00024469434082863295583288341783775918848
0.47499999999999997779553950749686919153,0.99900999486200640022110142178535692968,0.0,0.00051841088618604251934342552838977926369,0.00024018174786175108495306652932620947459
0.47999999999999998223643160599749535322,0.99900999486200640022110142178535692968,0.0,0.00050903099747093145668818334300928434624,0.00023571187698419360927131613688503388211
0.48499999999999998667732370449812151492,0.99900999486200640022110142178535692968,0.0,0.00049973641920263214637469001297370379895,0.0002312847293711158896075109254281782413
0.48999999999999999111821580299874767661,0.99900999486200640022110142178535692968,0.0,0.00049052715614604847424349093653082326685,0.00022690030618673024316638410266133590928
0.49499999999999999555910790149937383831,0.99900999486200640022110142178535692968,0.0,0.00048140321302247828168260068196041989404,0.00022255860858430519106808275395894933914
0.50,0.99900999486200640022110142178535692968,0.0,0.00047236459450960731848870030984432131462,0.0002182596377061647128797542209629620771
0.50500000000000000444089209850062616169,0.99900999486200640022110142178535692968,0.0,0.00046341130524150325134924070813462067901,0.00021400339468368750814905498382743442081
0.51000000000000000888178419700125232339,0.99900999486200640022110142178535692968,0.0,0.00045454334980860972795976808869149493697,0.00020978988063730626494046917347698548837
0.51500000000000001332267629550187848508,0.99900999486200640022110142178535692968,0.0,0.00044576073275774049679065559110666378885,0.0002056190966765069353753154849815137767
0.52000000000000001776356839400250464678,0.99900999486200640022110142178535692968,0.0,0.0004370634585920735825172926823373228027,0.00020149104389982801817631290619078321848
0.52500000000000002220446049250313080847,0.99900999486200640022110142178535692968,0.0,0.0004284515317711455171276517294525568722,0.00019740572339485984821756731713625269888
0.53000000000000002664535259100375697017,0.99900999486200640022110142178535692968,0.0,0.00041992495671084562672101875814426354092,0.00019336313623824389308083265540998927452
0.53500000000000003108624468950438313186,0.99900999486200640022110142178535692968,0.0,0.00041148373778341037401154299208226435485,0.00018936328349567205661889198078765879293
0.54000000000000003552713678800500929356,0.99900999486200640022110142178535692968,0.0,0.00040312787931741775655012729820362898786,0.00018540616622188598952689540879045688291
0.54500000000000003996802888650563545525,0.99900999486200640022110142178535692968,0.0,0.0003948573855977817606780491411246485468,0.00018149178546067640692248351769545748411
0.55000000000000004440892098500626161695,0.99900999486200640022110142178535692968,0.0,0.00038667226086574687122556907655603093866,0.00017762014224488241293551646672124895398
0.55500000000000004884981308350688777864,0.99900999486200640022110142178535692968,0.0,0.00037857250931888263696865118939370120083,0.00017379123759639083230822069475193757872
0.56000000000000005329070518200751394033,0.99900999486200640022110142178535692968,0.0,0.00037055813511107829185678720755530856544,0.00017000507252613554900655669903366768774
0.56499999999999994670929481799248605967,0.99900999486200640022110142178535692968,0.0,0.00036262914235253760713583506293428096505,0.00016626164803409693448980118118971830752
0.56999999999999995115018691649311222136,0.99900999486200640022110142178535692968,0.0,0.00035478553510977292181630340779383853147,0.00016256096510930086881287701861928986265
0.57499999999999995559107901499373838305,0.99900999486200640022110142178535692968,0.0,0.00034702731740560098764528380731934415462,0.00015890302472981859900048193933352544892
0.57999999999999996003197111349436454475,0.99900999486200640022110142178535692968,0.0,0.00033935449321913710741397082263158374776,0.00015528782786276577227926593833972594393
0.58499999999999996447286321199499070644,0.99900999486200640022110142178535692968,0.0,0.0003317670664857902122381794853947658456,0.00015171537546430189335230455342421594074
0.58999999999999996891375531049561686814,0.99900999486200640022110142178535692968,0.0,0.00032426504109725781767818181891634129647,0.00014818566847962970509419770261792363404
0.59499999999999997335464740899624302983,0.99900999486200640022110142178535692968,0.0,0.00031684842090152103571687013695486032004,0.0001446987078429945762627796115626590509
0.59999999999999997779553950749686919153,0.99900999486200640022110142178535692968,0.0,0.00030951720970283964260817570114096701519,0.00014125449447768389622817631636230224086
0.60499999999999998223643160599749535322,0.99900999486200640022110142178535692968,0.0,0.00030227141126174720260753821259398407534,0.0001378530292960264767199388442105547304
0.60999999999999998667732370449812151492,0.99900999486200640022110142178535692968,0.0,0.00029511102929504624759608846267728732906,0.00013449431319939196059297178938987148301
0.61499999999999999111821580299874767661,0.99900999486200640022110142178535692968,0.0,0.00028803606747580351261007327238901028625,0.00013117834707819023761296861615076564469
0.61999999999999999555910790149937383831,0.99900999486200640022110142178535692968,0.0,0.00028104652943334522728691861014000463532,0.00012790513181187086726205663252295724571
0.625,0.99900999486200640022110142178535692968,0.0,0.00027414241875325246323919349413811486177,0.00012467466826892250856534619029591639989
0.63000000000000000444089209850062616169,0.99900999486200640022110142178535692968,0.0,0.00026732373897735653736760395878665178177,0.00012148695730687235693907027625233190642
0.63500000000000000888178419700125232339,0.99900999486200640022110142178535692968,0.0,0.00026059049360373447112401299492566234699,0.00011834199977228558806099226826002171465
0.64000000000000001332267629550187848508,0.99900999486200640022110142178535692968,0.0,0.00025394268608670450573534896190762439729,0.00011523979650076480876375123704190052532
0.64500000000000001776356839400250464678,0.99900999486200640022110142178535692968,0.0,0.00024738031983682167339913151591521570328,0.00011218034831694951495180578036594352338
0.65000000000000002220446049250313080847,0.99900999486200640022110142178535692968,0.0,0.00024090339822087342446121060410872268611,0.00010916365603451555654262898104374924461
0.65500000000000002664535259100375697017,0.99900999486200640022110142178535692968,0.0,0.00023451192456187531058618053864560393497,0.00010618972045617460943279868351342781382
0.66000000000000003108624468950438313186,0.99900999486200640022110142178535692968,0.0,0.00022820590213906672393079758885607490665,0.0001032585423736736544896188859262457818
0.66500000000000003552713678800500929356,0.99900999486200640022110142178535692968,0.0,0.00022198533418790669233059591439792736787,0.00010037012256779446356889964557287156473
0.67000000000000003996802888650563545525,0.99900999486200640022110142178535692968,0.0,0.00021585022390006973050976300756295852727,9.7524461808353092559514495190315546628e-05
0.67500000000000004440892098500626161695,0.99900999486200640022110142178535692968,0.0,0.00020980057442344174732420211957839940936,9.472156085419938145534596620087918222e-05
0.68000000000000004884981308350688777864,0.99900999486200640022110142178535692968,0.0,0.00020383638886211600904757541425185698281,9.1961420453216461455221412265754233353e-05
0.68500000000000005329070518200751394033,0.99900999486200640022110142178535692968,0.0,0.0001979576702763891587099878231599920942,8.9244041342320269091432922704486229772e-05
0.68999999999999994670929481799248605967,0.99900999486200640022110142178535692968,0.0,0.00019216442168275741918586767605933474144,8.6569424247459126301097265746530612528e-05
0.69499999999999995115018691649311222136,0.99900999486200640022110142178535692968,0.0,0.00018645664605391221202034324785936195617,8.3937569883613032009378279654032843414e-05
0.69999999999999995559107901499373838305,0.99900999486200640022110142178535692968,0.0,0.00018083434631873711679832645200362521447,8.1348478954793553677839243773343151365e-05
0.70499999999999996003197111349436454475,0.99900999486200640022110142178535692968,0.0,0.00017529752536230359834595177011714051893,7.880215215404313104982428913515851737e-05
0.70999999999999996447286321199499070644,0.99900999486200640022110142178535692968,0.0,0.00016984618602586743605755687076038525087,7.6298590163434685293697420499759151598e-05
0.71499999999999996891375531049561686814,0.99900999486200640022110142178535692968,0.0,0.0001644803311068650797455744446889484172,7.3837793654071175314865792548792771963e-05
0.71999999999999997335464740899624302983,0.99900999486200640022110142178535692968,0.0,0.00015919996335891006160693596973511804463,7.1419763286085161100308201240964890292e-05
0.72499999999999997779553950749686919153,0.99900999486200640022110142178535692968,0.0,0.00015400508549178946431457593236764190997,6.9044499708638374096135309310115697971e-05
0.72999999999999998223643160599749535322,0.99900999486200640022110142178535692968,0.0,0.00014889570017146044524249094805217019693,6.6712003559921294618699711314763959878e-05
0.73499999999999998667732370449812151492,0.99900999486200640022110142178535692968,0.0,0.00014387181002004681683267410508366440342,6.4422275467152736299765529077614041217e-05
0.73999999999999999111821580299874767661,0.99900999486200640022110142178535692968,0.0,0.00013893341761583568311211070710798440044,6.2175316046579437566238812797927166903e-05
0.74499999999999999555910790149937383831,0.99900999486200640022110142178535692968,0.0,0.00013408052549327413236788740860777372077,5.997112590347566015495160659522828699e-05
0.75,0.99900999486200640022110142178535692968,0.0,0.00012931313614296598598833252571265864833,5.7809705632142794662984119765734387461e-05
0.75500000000000000444089209850062616169,0.99900999486200640022110142178535692968,0.0,0.0001246312520116686034779710623208405839,5.5691055815908973134001026619330241926e-05
0.76000000000000000888178419700125232339,0.99900999486200640022110142178535692968,0.0,0.00012003487550228974365394371920374656053,5.361517702712868868106949843106764947e-05
0.76500000000000001332267629550187848508,0.99900999486200640022110142178535692968,0.0,0.00011552400897388448203140485202303164846,5.1582069827182422146418150803210938705e-05
0.77000000000000001776356839400250464678,0.99900999486200640022110142178535692968,0.0,0.00011109865474165218440528001353558723044,4.9591734766476275798587668607984288019e-05
0.77500000000000002220446049250313080847,0.99900999486200640022110142178535692968,0.0,0.00010675881507693353663562935621315180489,4.7644172384441614067415448683587073635e-05
0.78000000000000002664535259100375697017,0.99900999486200640022110142178535692968,0.0,0.00010250449220720763064372878457465737519,4.5739383209534711317288177602926364971e-05
0.78500000000000003108624468950438313186,0.99900999486200640022110142178535692968,0.0,9.8335688316089106625846332237743107645e-05,4.3877367759236406659087838142067574247e-05
0.79000000000000003552713678800500929356,0.99900999486200640022110142178535692968,0.0,9.4252405543325351491556797557251740417e-05,4.2058126540051765801248213559824281543e-05
0.79500000000000003996802888650563545525,0.99900999486200640022110142178535692968,0.0,9.025464598479375353330320424946763877e-05,4.0281660047509749940330533477397862771e-05
0.80000000000000004440892098500626161695,0.99900999486200640022110142178535692968,0.0,8.6342411692499013333779160117981348055e-05,3.8547968766162891691518479033740484702e-05
0.80500000000000004884981308350688777864,0.99900999486200640022110142178535692968,0.0,8.2515704674570510917571668417142706694e-05,3.685705316958697805942433810455730304e-05
0.81000000000000005329070518200751394033,0.99900999486200640022110142178535692968,0.0,7.8774526895259729153369403029004382666e-05,3.5208913720380740449589673726793480719e-05
0.81499999999999994670929481799248605967,0.99900999486200640022110142178535692968,0.0,7.5118880274937813634967256171639599987e-05,3.3603550870165586892352491335697418504e-05
0.81999999999999995115018691649311222136,0.99900999486200640022110142178535692968,0.0,7.1548766690092785815505404387660247284e-05,3.2040965059585164501819207901690386569e-05
0.82499999999999995559107901499373838305,0.99900999486200640022110142178535692968,0.0,6.8064187973327622227886480380056937336e-05,3.0521156718305284488975330128574276727e-05
0.82999999999999996003197111349436454475,0.99900999486200640022110142178535692968,0.0,6.4665145913357576363737786621952867808e-05,2.904412626501349680492241385321348049e-05
0.83499999999999996447286321199499070644,0.99900999486200640022110142178535692968,0.0,6.1351642255007965539565971603689750618e-05,2.7609874107418851482440012881170974881e-05
0.83999999999999996891375531049561686814,0.99900999486200640022110142178535692968,0.0,5.8123678699211931927225902448038607708e-05,2.6218400642251630899232012980840132676e-05
0.84499999999999997335464740899624302983,0.99900999486200640022110142178535692968,0.0,5.498125690300825987532089257164111335e-05,2.4869706255263089084314986692455772461e-05
0.84999999999999997779553950749686919153,0.99900999486200640022110142178535692968,0.0,5.1924378479539249526762118677324022051e-05,2.3563791321225198067864485571688753093e-05
0.85499999999999998223643160599749535322,0.99900999486200640022110142178535692968,0.0,4.8953044998048646737580318263756956924e-05,2.2300656203930401274826752746353508294e-05
0.85999999999999998667732370449812151492,0.99900999486200640022110142178535692968,0.0,4.606725798387962930194809613693823587e-05,2.1080301256191373962594904327462984157e-05
0.86499999999999999111821580299874767661,0.99900999486200640022110142178535692968,0.0,4.3267018918472849488236386620483726572e-05,1.9902726819840790703040193298679785107e-05
0.86999999999999999555910790149937383831,0.99900999486200640022110142178535692968,0.0,4.0552329239364532890793817807056897157e-05,1.8767933225731099909180534027366898374e-05
0.875,0.99900999486200640022110142178535692968,0.0,3.7923190340184633602002905790016049224e-05,1.7675920793734305406760029512168698347e-05
0.88000000000000000444089209850062616169,0.99900999486200640022110142178535692968,0.0,3.5379603570655045709032170881070859271e-05,1.6626689832741755051004806922587135182e-05
0.88500000000000000888178419700125232339,0.99900999486200640022110142178535692968,0.0,3.2921570236587871119568414875137429285e-05,1.5620240640663936388812029911594681681e-05
0.89000000000000001332267629550187848508,0.99900999486200640022110142178535692968,0.0,3.0549091599883743720678528986457753896e-05,1.4656573504430279366620518609181835093e-05
0.89500000000000001776356839400250464678,0.99900999486200640022110142178535692968,0.0,2.8262168878530209874815316669297610376e-05,1.3735688699988966084202970149111210904e-05
0.90000000000000002220446049250313080847,0.99900999486200640022110142178535692968,0.0,2.6060803246600165256846914671138358045e-05,1.2857586492306747594611334059282398152e-05
0.90500000000000002664535259100375697017,0.99900999486200640022110142178535692968,0.0,2.39449958342503480358544798653022088e-05,1.2022267135368767750498457874242934466e-05
0.91000000000000003108624468950438313186,0.99900999486200640022110142178535692968,0.0,2.1914747727719888405307879192550757333e-05,1.1229730872178394097030678922753470967e-05
0.91500000000000003552713678800500929356,0.99900999486200640022110142178535692968,0.0,1.9970059969328914465094175926607895353e-05,1.0479977934757055811597598420173120722e-05
0.92000000000000003996802888650563545525,0.99900999486200640022110142178535692968,0.0,1.811093355747721445873874798609408647e-05,9.7730085441440886905168337710189943333e-06
0.92500000000000004440892098500626161695,0.99900999486200640022110142178535692968,0.0,1.6337369446642955369023903664408315864e-05,9.1088229103965871829231043776180448654e-06
0.93000000000000004884981308350688777864,0.99900999486200640022110142178535692968,0.0,1.4649368547381457875074877459118406182e-05,8.4874212325892634720225652725566832235e-06
0.93500000000000005329070518200751394033,0.99900999486200640022110142178535692968,0.0,1.3046931726324027673848094172951045135e-05,7.9088036988143136038848615618923456756e-06
0.93999999999999994670929481799248605967,0.99900999486200640022110142178535692968,0.0,1.153005980617687590017713043059844796e-05,7.3729704861813020868217013252445564024e-06
0.94499999999999995115018691649311222136,0.99900999486200640022110142178535692968,0.0,1.0098753565719930359959883429256259147e-05,6.8799217608169954741907180099100470612e-06
0.94999999999999995559107901499373838305,0.99900999486200640022110142178535692968,0.0,8.7530137398060380490745345861555296625e-06,6.4296576778653210240810429954784942578e-06
0.95499999999999996003197111349436454475,0.99900999486200640022110142178535692968,0.0,7.4928410193598853338917147869858897459e-06,6.0221783814872124782552985613117052777e-06
0.95999999999999996447286321199499070644,0.99900999486200640022110142178535692968,0.0,6.3182360513771457653586800478411857779e-06,5.657484004860523803811301825530334049e-06
0.96499999999999996891375531049561686814,0.99900999486200640022110142178535692968,0.0,5.2291994389236496409727860237197828781e-06,5.3355746701799376103496219337566045627e-06
0.96999999999999997335464740899624302983,0.99900999486200640022110142178535692968,0.0,4.2257317411346099479207180216884274866e-06,5.0564504886568806156497855067651886642e-06
0.97499999999999997779553950749686919153,0.99900999486200640022110142178535692968,0.0,3.3078334732139046892380454776899113947e-06,4.8201115605194461599600619471354315858e-06
0.97999999999999998223643160599749535322,0.99900999486200640022110142178535692968,0.0,2.4755051064334155947085923600117442313e-06,4.626557975012323768997316432817027288e-06
0.98499999999999998667732370449812151492,0.99900999486200640022110142178535692968,0.0,1.7287470681324232180880308454753145551e-06,4.4757898103967357657449744633407797074e-06
0.98999999999999999111821580299874767661,0.99900999486200640022110142178535692968,0.0,1.0675597417170584221010153965565978143e-06,4.3678071339503809311286976884829210793e-06
0.99499999999999999555910790149937383831,0.99900999486200640022110142178535692968,0.0,4.9194346665981025252607856904880863264e-07,4.3026100019673852136409264557827697759e-06
1.0,0.99900999486200640022110142178535692968,0.0,9.1851033662143213460387246176964439021e-09,4.2801984597582594879770000786769251758e-06
