value,sup,dur,Y,S
0.0,2.6295588095640858771938309851024434534e-83,130.0,0.99748334360152078578021536232766910734,0.89206630567908451407185262329217487565
0.0050000000000000001040834085586084256647,4.8859030358303746399699009912968492901e-81,130.0,0.99662300449984408084219013474544460915,0.89024622108130134723108537692531603344
0.010000000000000000208166817117216851329,2.501975655537889455492530149997044981e-77,130.0,0.99604088457808246580056039660058553228,0.88881968448054698035215476789978122917
0.014999999999999999444888487687421729788,2.1193082662672153558656419530433291934e-71,129.0,0.99549297358214380183741754072210145647,0.88717829623560762222221056077204500743
0.020000000000000000416333634234433702659,1.0827666612360614933119863234438922464e-62,129.0,0.99492422467637598003399742750621765806,0.8851845341981981840003850646771105951
0.02500000000000000138777878078144567553,1.0268143383618776153526904507579371842e-52,129.0,0.99432587976770867660709266051962531219,0.88363824270794438726468871562666696632
0.029999999999999998889776975374843459576,7.3333606065891807435086786500204610597e-46,128.0,0.99368055945932838042657880794224538115,0.88126457948005992856602437602751947891
0.035000000000000003330669073875469621271,4.5326331273565452248035370370234971564e-41,128.0,0.99298336082885800120372125580700045394,0.8796856716791662562506435178581249853
0.040000000000000000832667268468867405318,1.6073904156768569871188488058068717662e-37,127.0,0.99222619629708401748653153520712143373,0.87713896256137271372318503525778864966
0.044999999999999998334665463062265189365,9.0901458038767573394329747158311867483e-35,127.0,0.99139633915393354216428784671249103433,0.87530594955479372217506678330900668314
0.050000000000000002775557561562891351059,1.5109615176790329683195935852599519514e-32,118.0,0.99047455595496037697517496402306188007,0.87262200763862629383490044112423892969
0.055000000000000000277555756156289135106,1.078495563583209042842670292338286375e-30,110.0,0.98949431177694273665728177512027833678,0.87037642089017355652653522813901415278
0.059999999999999997779553950749686919153,4.2190120160705587767555051630998943106e-29,102.0,0.98840499979291779612974332525542161636,0.86767007672412941794923017375950064787
0.065000000000000002220446049250313080847,1.06970522040281070123672859491819541e-27,97.0,0.98717331513423009967221694386897650099,0.86462435406318630647409668898991955261
0.070000000000000006661338147750939242542,1.9748691230010802102327137148017670131e-26,92.0,0.98586789484646512349905684895984020679,0.86187471669457967370899004722650930399
0.074999999999999997224442438437108648941,2.9126778271372643245041795401436569977e-25,89.0,0.98435460612632670269536585130394442679,0.85862353676243619648807853064827145773
0.080000000000000001665334536937734810635,3.6660304988016721402892569188784718292e-24,86.0,0.98274580216803720104050584398873809476,0.85496707608905612728535505572505881475
0.08500000000000000610622663543836097233,4.0922591563633088044611416492498844065e-23,83.0,0.9809075685005874912875333242995688124,0.85120568168724438395990426641514199872
0.089999999999999996669330926124530378729,4.2817815769377109328828293402907596811e-22,81.0,0.9788311473400903273950638206194128787,0.84732875904854380991935841755796799945
0.095000000000000001110223024625156540424,4.3649157769769171080960276341589582198e-21,79.0,0.97658265805787708724596525079838174596,0.84303308986013279931035685987131324301
0.10000000000000000555111512312578270212,4.5121056367881904812582335185597907422e-20,78.0,0.9740229003253722464504418768692707762,0.83831153597818107127652595618594627755
0.10499999999999999611421941381195210852,4.910853881310266671357452484359356468e-19,76.0,0.97112260540852850487962855195425079211,0.83311710441190350798524419072111198798
0.11000000000000000055511151231257827021,5.855701490279851548125875810933656357e-18,72.0,0.96784072657865581130124264536668377921,0.82735516152953391556748928269903144754
0.11500000000000000499600361081320443191,8.0374993278129740405951131855849983621e-17,69.0,0.96411729816597289299638403740223689677,0.82113909591471609581569401132918873247
0.11999999999999999555910790149937383831,1.3171445067086350667397989827685146249e-15,65.0,0.95986289234193134748924920499867652439,0.81443553222265127652230532141738870282
0.125,2.6440124940613145742535031913499497288e-14,61.0,0.95494338024603474821097291141431930027,0.80667830388875828397296390533964847021
0.13000000000000000444089209850062616169,6.5076929530548541192386540278942938648e-13,56.0,0.94920277424809050142902797934408026178,0.79824143959264491508443264012233033611
0.13500000000000000888178419700125232339,2.0059455524533929447991019229892939097e-11,50.0,0.94261992982694499701344277137121601347,0.78844175172849220042493413802879231942
0.14000000000000001332267629550187848508,7.3722806301453730160693112504716776151e-10,44.0,0.93459040653805316707937095610961044983,0.7778079452573775791626473096536149484
0.14499999999999999000799277837359113619,3.1691214674098019691852092823737556811e-08,39.0,0.92508033039338125032578693286022260553,0.76562477702707437710569706354336436056
0.14999999999999999444888487687421729788,1.4042652454593064213050910442091372098e-06,33.0,0.91306953927447047436756013526129203108,0.75171078455003074886494779868993523654
0.15499999999999999888977697537484345958,5.4466964176647577347446599658794166618e-05,25.0,0.89782261341975872316934422974368330759,0.73602333380967054678659570014065623423
0.16000000000000000333066907387546962127,0.0013356948531475130837093658212116267404,16.0,0.8779596581071361072277957510269946927,0.71872467107441265253431947534572426771
0.16500000000000000777156117237609578297,0.01288492601888372890551559327897201485,0.0,0.85169714540918836848313431459680449685,0.69998910019668742796234356162172639214
0.17000000000000001221245327087672194466,0.047475974841267002877324261307931031577,0.0,0.8186402488491312899321103031901621425,0.68266936286767707388909831010744128389
0.17499999999999998889776975374843459576,0.10251637666812643691808866578176195162,0.0,0.77943846840094558814678380383392649764,0.66822513112960250096171609387804742943
0.17999999999999999333866185224906075746,0.16572098709151566376856583911210705774,0.0,0.73940932308547640210563016264202876567,0.65740109055569351965277202709641934895
0.18499999999999999777955395074968691915,0.21756839963980260594453682122549605877,0.0,0.70631463449934534011791149943995211302,0.64813050042934830431321504383814094644
0.19000000000000000222044604925031308085,0.2487947480042155246275748898292066701,0.0,0.68213478058506835174793676852013896638,0.64042891631900007626106244990975899617
0.19500000000000000666133814775093924254,0.26846981146575300805232718762517307841,0.0,0.66382033940692992655691077490571941674,0.63188800354791281902241737052692697879
0.20000000000000001110223024625156540424,0.28335626211530922414721747640168976099,0.0,0.64905353297550445025733057777834285189,0.6221624964144407833591970263790802936
0.20499999999999998778754672912327805534,0.29565080700902840752152782792183240662,0.0,0.63525996266060155166670267659246298684,0.61233491048497090909182247589293983301
0.20999999999999999222843882762390421703,0.30757867988607577721548149711944231813,0.0,0.62149618686895347359823881621890171269,0.6013667653654658229264974655936775279
0.21499999999999999666933092612453037873,0.31977639398660554309841891994028896319,0.0,0.60832141040030103391579417277809387836,0.58888387684113738858160635205098724393
0.22000000000000000111022302462515654042,0.33175878203588335254587805333332174087,0.0,0.59423433795801322283250397178673662764,0.57676597926250817985771862137002589477
0.22500000000000000555111512312578270212,0.34489228379549706591655827254931268718,0.0,0.58002766182689681238696779200843075627,0.56300642302248792272898833399464915262
0.23000000000000000999200722162640886381,0.35784782299058974109116489259244494814,0.0,0.56509845836534351891196316551212742197,0.54938993765519717330469025248243276559
0.23499999999999998667732370449812151492,0.37166300880687483664413671034413878546,0.0,0.55018764067371710864600165962214466296,0.53505811274211839374594966423581442057
0.23999999999999999111821580299874767661,0.38618112826575983427892088582384365636,0.0,0.53454980986928557167625218376299323417,0.52006493159667723679857744090476161895
0.24499999999999999555910790149937383831,0.40112255227503116303897248438358958594,0.0,0.51850331881335063618848458555868288409,0.50467189451191864963420467356440176288
0.25,0.41638975644464562098959780883434681293,0.0,0.50223634828174277903856669737018247889,0.48898896660732116012025941746062820793
0.25500000000000000444089209850062616169,0.4320012414789974881895609363862219223,0.0,0.48580619476640522393798632345949576588,0.47298111276603185162883695310415357555
0.26000000000000000888178419700125232339,0.44801197183649361684808434587816880451,0.0,0.46913685810311860762425801337285928433,0.45647299093292600936182511210524846665
0.26500000000000001332267629550187848508,0.46472463975804350897287288216402505355,0.0,0.45201223763666527307322462964210377521,0.4397075893300470659121200369392338809
0.27000000000000001776356839400250464678,0.48173070078793535338123141992612312745,0.0,0.43470770731835755291451621834796131359,0.42275303434091562061266972469499700753
0.27500000000000002220446049250313080847,0.49936217955387905499117029035271081991,0.0,0.41704871558330271964032561206911061888,0.40565915744008454623126212559732034846
0.28000000000000002664535259100375697017,0.51724146431798111081641415302839406588,0.0,0.39948621802532419655195078624047881776,0.38827499881535757400870952294461725618
0.28499999999999997557509345824655611068,0.53529345476887247672514449896999309434,0.0,0.38160602198800892333424227901797064161,0.37067939171236617038638513880209190662
0.28999999999999998001598555674718227237,0.55373243412259811472778994589648308971,0.0,0.36382931209810114175216189664658793186,0.35303494077942684239418838386257123914
0.29499999999999998445687765524780843407,0.572572627730967632369897521425204394,0.0,0.34576847110994725150616412253498978542,0.33527668748974423738917126672021676212
0.29999999999999998889776975374843459576,0.59164553203394534051320923626646182062,0.0,0.32781262928399061629942464783515731242,0.31757130413096431900693985537642704977
0.30499999999999999333866185224906075746,0.6109345643926469415223220912759725919,0.0,0.3097739942079365298270152868762436885,0.30003485784897221781862054449904149383
0.30999999999999999777955395074968691915,0.63040894736113976349525890019086280796,0.0,0.29192231478603563835058292844885928775,0.28239125984012646886561904541344079071
0.31500000000000000222044604925031308085,0.65004445767544460464741125910816970856,0.0,0.27406854549272716272132300295986472143,0.26500130206104188890080402671864031238
0.32000000000000000666133814775093924254,0.66976587955160168219089268151616082705,0.0,0.25643834039299713273506469148888551792,0.247682950091339634894140582414924271
0.32500000000000001110223024625156540424,0.68956600655249378253908049516577893476,0.0,0.23894896825586709675989803152409960568,0.2306740157616559156859299408905518976
0.33000000000000001554312234475219156593,0.70991110595486528840629638834184545297,0.0,0.22172450342211641738544243345442855303,0.21388188961320897738769395879593588765
0.33500000000000001998401444325281772763,0.75525405983055460476200812944277952251,0.0,0.20103188399150611659598025771531139553,0.18091788100028612196975504017262037433
0.34000000000000002442490654175344388932,0.83311258745275752517604782623490646926,0.0,0.15148758922611764828277506442402031534,0.12186323118536092069759548781900692832
0.34499999999999997335464740899624302983,0.91287276574687588325374807654855697991,0.0,0.08543796377750354787521506208990019645,0.062409591165728738460790928816665384309
0.34999999999999997779553950749686919153,0.96396927303052874170415502342976156574,0.0,0.036717073006295096060010963114665110579,0.025378990977903808690552935734477916231
0.35499999999999998223643160599749535322,0.98703487312105559476540705375292305874,0.0,0.013329341730697056333913163874304158742,0.0090169922957544377265184883358099379403
0.35999999999999998667732370449812151492,0.99562301230792917484486468502280063518,0.0,0.0044718122467088282309694222282952471901,0.0030119972690391823622850245550418106558
0.36499999999999999111821580299874767661,0.99855871323557147711171661968421297644,0.0,0.001452645731685751628555239507779862324,0.00098184940238322991469917530376586809638
0.36999999999999999555910790149937383831,0.99900999035173904341268558636363636341,0.0,0.00071391189763651014256518253019792352091,0.00036158006373643501115714632370115305803
0.375,0.99900999035173904341268558636363636341,0.0,0.00070263290759289419633045202177851294953,0.00035593662531570368154401082706717926238
0.38000000000000000444089209850062616169,0.99900999035173904341268558636363636341,0.0,0.00069144353825595638908950818305521448232,0.00035033809151740703252791176277005614158
0.38500000000000000888178419700125232339,0.99900999035173904341268558636363636341,0.0,0.00068034379565530829444563504684833948145,0.00034478446385155745572348692319765452604
0.39000000000000001332267629550187848508,0.99900999035173904341268558636363636341,0.0,0.00066933368577246456905091358605844230209,0.00033927574381608052882419254902122882674
0.39500000000000001776356839400250464678,0.99900999035173904341268558636363636341,0.0,0.00065841321454083490158102396411124379426,0.00033381193289681400601305296230482257532
0.40000000000000002220446049250313080847,0.99900999035173904341268558636363636341,0.0,0.00064758238784571602607510333408780189436,0.00032839303256750681649646982578411730297
0.40500000000000002664535259100375697017,0.99900999035173904341268558636363636341,0.0,0.00063684121152428379966070851911908175961,0.00032301904428981807116235045222357777707
0.40999999999999997557509345824655611068,0.99900999035173904341268558636363636341,0.0,0.00062618969136558546244168882172302670128,0.00031768996951331613627909423132458003524
0.41499999999999998001598555674718227237,0.99900999035173904341268558636363636341,0.0,0.00061562783311053137202572082821038486315,0.00031240580967547742024627338429956316014
0.41999999999999998445687765524780843407,0.99900999035173904341268558636363636341,0.0,0.00060515564245188798405714869678956106368,0.00030716656620168575962088812178937221188
0.42499999999999998889776975374843459576,0.99900999035173904341268558636363636341,0.0,0.00059477312503426971366167554745544387335,0.00030197224050523122112804238085796166623
0.42999999999999999333866185224906075746,0.99900999035173904341268558636363636341,0.0,0.00058448028645413145414530577505934024685,0.000296822833987309208373140278202780858
0.43499999999999999777955395074968691915,0.99900999035173904341268558636363636341,0.0,0.00057427713225976104144198567738733700377,0.00029171834803701951727180647501459747188
0.44000000000000000222044604925031308085,0.99900999035173904341268558636363636341,0.0,0.00056416366795127178308219897377821310806,0.00028665878403136539961265643361103988631
0.44500000000000000666133814775093924254,0.99900999035173904341268558636363636341,0.0,0.00055413989898059505170128123105686744697,0.00028164414333525263475409449572810246833
0.45000000000000001110223024625156540424,0.99900999035173904341268558636363636341,0.0,0.0005442058307514729431060562017737152824,0.00027667442730148860945630751467384911477
0.45500000000000001554312234475219156593,0.99900999035173904341268558636363636341,0.0,0.00053436146861945099891823599291895646527,0.00027174963727078140584961157350870114543
0.46000000000000001998401444325281772763,0.99900999035173904341268558636363636341,0.0,0.00052460681789187099381286582206746017576,0.00026686977457173889754029911903753570069
0.46500000000000002442490654175344388932,0.99900999035173904341268558636363636341,0.0,0.00051494188382786378736993288295011456767,0.00026203484052086785385512363670088651231
0.46999999999999997335464740899624302983,0.99900999035173904341268558636363636341,0.0,0.00050536667163834234636523231443230871281,0.00025724483642257310515586103131087075909
0.47499999999999997779553950749686919153,0.99900999035173904341268558636363636341,0.0,0.00049588118648599430167327971983914465279,0.00025249976356915645114434678650961876904
0.47999999999999998223643160599749535322,0.99900999035173904341268558636363636341,0.0,0.00048648543348527563190286433531572339434,0.00024779962324081610860798573125428021209
0.48499999999999998667732370449812151492,0.99900999035173904341268558636363636341,0.0,0.00047717941770240334765826063388737999407,0.00024314441670564563501220092947431339428
0.48999999999999999111821580299874767661,0.99900999035173904341268558636363636341,0.0,0.00046796314415534877352707870020350733454,0.00023853414521963312688394773303598824328
0.49499999999999999555910790149937383831,0.99900999035173904341268558636363636341,0.0,0.00045883661781383078798232942744402679703,0.00023396881002666037291133157878970121011
0.5,0.99900999035173904341268558636363636341,0.0,0.0004497998435993091280199698396425577418,0.00022944841235850201518953728012403818712
0.50500000000000000444089209850062616169,0.99900999035173904341268558636363636341,0.0,0.00044085282638497775854875560438693114081,0.00022497295343482471861412521952114346259
0.51000000000000000888178419700125232339,0.99900999035173904341268558636363636341,0.0,0.00043199557099575830654906593126699819581,0.00022054243446318634842273962396630447968
0.51500000000000001332267629550187848508,0.99900999035173904341268558636363636341,0.0,0.0004232280822082935600172041145743083692,0.00021615685663903515588626387830997216274
0.52000000000000001776356839400250464678,0.99900999035173904341268558636363636341,0.0,0.00041455036475094103171151497526763085052,0.00021181622114570897215044760283331357991
0.52500000000000002220446049250313080847,0.99900999035173904341268558636363636341,0.0,0.00040596242330376658771649838775232096191,0.00020752052915443441022901999034945261711
0.53000000000000002664535259100375697017,0.99900999035173904341268558636363636341,0.0,0.0003974642624985381408409359422304308591,0.00020326978182432607514929366520241621352
0.53500000000000003108624468950438313186,0.99900999035173904341268558636363636341,0.0,0.0003890558869187194088658855939128611337,0.00019906398030238578225125309152509568792
0.54000000000000003552713678800500929356,0.99900999035173904341268558636363636341,0.0,0.00038073730109946373765823688689575833497,0.00019490312572350178364111132110688791388
0.54500000000000003996802888650563545525,0.99900999035173904341268558636363636341,0.0,0.0003725085095276079891653570136421739614,0.00019078721921044800280030863222173873169
0.55000000000000004440892098500626161695,0.99900999035173904341268558636363636341,0.0,0.00036436951664166649430619558142847888598,0.00018671626187388327735091636979871597372
0.55500000000000004884981308350688777864,0.99900999035173904341268558636363636341,0.0,0.00035632032683182507077405350546531086601,0.00018269025481235060997839905440064275395
0.56000000000000005329070518200751394033,0.99900999035173904341268558636363636341,0.0,0.00034836094443993510576605893533742639374,0.00017870919911227642751267758263237978141
0.56499999999999994670929481799248605967,0.99900999035173904341268558636363636341,0.0,0.0003404913737595078773966600046247421868,0.00017477309584796993506839534531894857803
0.56999999999999995115018691649311222136,0.99900999035173904341268558636363636341,0.0,0.00033271161903570807036091372683717997197,0.00017088194608162204284731421545440218789
0.57499999999999995559107901499373838305,0.99900999035173904341268558636363636341,0.0,0.00032502168446534910197028341506512337294,0.00016703575086330517409416742004318315235
0.57999999999999996003197111349436454475,0.99900999035173904341268558636363636341,0.0,0.00031742157419688676378350308131245331452,0.00016323451123097220622578038272554029121
0.58499999999999996447286321199499070644,0.99900999035173904341268558636363636341,0.0,0.00030991129233041380492623732080640626371,0.00015947822821045585861554869085931944322
0.58999999999999996891375531049561686814,0.99900999035173904341268558636363636341,0.0,0.00030249084291765440468759217243942218837,0.00015576690281546800064353317066118227092
0.59499999999999997335464740899624302983,0.99900999035173904341268558636363636341,0.0,0.00029516022996195871014407797148336821777,0.00015210053604759896791116879894173630624
0.59999999999999997779553950749686919153,0.99900999035173904341268558636363636341,0.0,0.00028791945741829743882476486415120717547,0.0001484791288963168866214482484008585269
0.60499999999999998223643160599749535322,0.99900999035173904341268558636363636341,0.0,0.00028076852919325654643120861719600702005,0.0001449026823389670061254306021899178191
0.60999999999999998667732370449812151492,0.99900999035173904341268558636363636341,0.0,0.000273707449145031959625561264480736594,0.00014137119734077103963591551046755011295
0.61499999999999999111821580299874767661,0.99900999035173904341268558636363636341,0.0,0.00026673622108342437390011798698085804305,0.00013788467485482651310911279699582997067
0.61999999999999999555910790149937383831,0.99900999035173904341268558636363636341,0.0,0.00025985484876983411654138842365192086787,0.0001344431158221061222951272574648350539
0.625,0.99900999035173904341268558636363636341,0.0,0.00025306333591725607470161735866311868231,0.00013104652117145709795806812321644143072
0.63000000000000000444089209850062616169,0.99900999035173904341268558636363636341,0.0,0.00024636168619027468859051642632233218243,0.00012769489181960057926658239438344910378
0.63500000000000000888178419700125232339,0.99900999035173904341268558636363636341,0.0,0.00023974990320505900979980511925610557455,0.0001243882286711309953556009751885544373
0.64000000000000001332267629550187848508,0.99900999035173904341268558636363636341,0.0,0.00023322799052935782477299597871714895459,0.00012112653261851545506007627128000002483
0.64500000000000001776356839400250464678,0.99900999035173904341268558636363636341,0.0,0.00022679595168249484343269538893048831938,0.00011790980454209314482147963453768843154
0.65000000000000002220446049250313080847,0.99900999035173904341268558636363636341,0.0,0.00022045379013536395297752789081575825032,0.00011473804531007473476781676478589433802
0.65500000000000002664535259100375697017,0.99900999035173904341268558636363636341,0.0,0.00021420150931042453686062837489610411408,0.00011161125577854179296790890031720459576
0.66000000000000003108624468950438313186,0.99900999035173904341268558636363636341,0.0,0.00020803911258169685896148290938277550784,0.00010852943679144620786067735008771693579
0.66500000000000003552713678800500929356,0.99900999035173904341268558636363636341,0.0,0.00020196660327475751296273530796808138041,0.00010549258918060961886015863990659929755
0.67000000000000003996802888650563545525,0.99900999035173904341268558636363636341,0.0,0.0001959839846667349369434128434275530708,0.00010250071376572285513696726293462119595
0.67500000000000004440892098500626161695,0.99900999035173904341268558636363636341,0.0,0.00019009125998630499319986076838481616641,9.9553811354345382576912741346988811809e-05
0.68000000000000004884981308350688777864,0.99900999035173904341268558636363636341,0.0,0.00018428843241368661330551151418997198264,9.6651882741904758917467421126523449613e-05
0.68500000000000005329070518200751394033,0.99900999035173904341268558636363636341,0.0,0.00017857550508063750842045060346467159814,9.3794928711696097062771135654699782687e-05
0.68999999999999994670929481799248605967,0.99900999035173904341268558636363636341,0.0,0.00017295248107045006871964197253817692415,9.0982950034881598516985651990768015194e-05
0.69499999999999995115018691649311222136,0.99900999035173904341268558636363636341,0.0,0.00016741936341794670680570419201924967503,8.821594747048978430316341480750635314e-05
0.69999999999999995559107901499373838305,0.99900999035173904341268558636363636341,0.0,0.00016197615510947651296938769424454857543,8.5493921765415357448718637975506365265e-05
0.70499999999999996003197111349436454475,0.99900999035173904341268558636363636341,0.0,0.00015662285908291072518347760399049788224,8.2816873654418448268683985548990396206e-05
0.70999999999999996447286321199499070644,0.99900999035173904341268558636363636341,0.0,0.00015135947822763889167438964106582374963,8.0184803860124181521130493183569122626e-05
0.71499999999999996891375531049561686814,0.99900999035173904341268558636363636341,0.0,0.00014618601538456497295153877639806941515,7.7597713093022188807226088490430396016e-05
0.71999999999999997335464740899624302983,0.99900999035173904341268558636363636341,0.0,0.00014110247334610350915864781876594678426,7.5055602051466129154345799492875191235e-05
0.72499999999999997779553950749686919153,0.99900999035173904341268558636363636341,0.0,0.00013610885485617585275664574407142016357,7.2558471421673217782837448227296333867e-05
0.72999999999999998223643160599749535322,0.99900999035173904341268558636363636341,0.0,0.00013120516261020646654764136845594386777,7.0106321877723763057036328484912461354e-05
0.73499999999999998667732370449812151492,0.99900999035173904341268558636363636341,0.0,0.00012639139925511928704929371759928412535,6.7699154081560711621112067443586411065e-05
0.73999999999999999111821580299874767661,0.99900999035173904341268558636363636341,0.0,0.00012166756738933415322873615786000416935,6.5336968682989201720320570511697684407e-05
0.74499999999999999555910790149937383831,0.99900999035173904341268558636363636341,0.0,0.00011703366956276330060504703118736023011,6.3019766319676124708223647119130047221e-05
0.75,0.99900999035173904341268558636363636341,0.0,0.00011248970827680792072909517561864578533,6.0747547617149694740428612464808371983e-05
0.75500000000000000444089209850062616169,0.99900999035173904341268558636363636341,0.0,0.00010803568598435478604942431733774836219,5.8520313188799026655389856386707590466e-05
0.76000000000000000888178419700125232339,0.99900999035173904341268558636363636341,0.0,0.00010367160508977294017267588937387562117,5.6338063635873722042804065579698471098e-05
0.76500000000000001332267629550187848508,0.99900999035173904341268558636363636341,0.0,9.9397467948910453526885366728301879585e-05,5.4200799547483463500120479369830527025e-05
0.77000000000000001776356839400250464678,0.99900999035173904341268558636363636341,0.0,9.5213276869091244435822708696023033511e-05,5.2108521500597617077677252181525514069e-05
0.77500000000000002220446049250313080847,0.99900999035173904341268558636363636341,0.0,9.1119034109111965612382967063027690543e-05,5.0061230060044842912964687727512678548e-05
0.78000000000000002664535259100375697017,0.99900999035173904341268558636363636341,0.0,8.7114741879238956078868554373332065569e-05,4.8058925778512714054505800831029193225e-05
0.78500000000000003108624468950438313186,0.99900999035173904341268558636363636341,0.0,8.3200402341205258521840070238014977642e-05,4.6101609196547343475834352676689130036e-05
0.79000000000000003552713678800500929356,0.99900999035173904341268558636363636341,0.0,7.9376017608207702089047956366444592211e-05,4.4189280842553019280040194201347853755e-05
0.79500000000000003996802888650563545525,0.99900999035173904341268558636363636341,0.0,7.5641589744904050635792593303112300836e-05,4.2321941232791848095341440300114773281e-05
0.80000000000000004440892098500626161695,0.99900999035173904341268558636363636341,0.0,7.199712076741021642789576441756364912e-05,4.0499590871383406662132684556257643403e-05
0.80500000000000004884981308350688777864,0.99900999035173904341268558636363636341,0.0,6.844261264329753930830169618560043489e-05,3.8722230250304401611948150327960565247e-05
0.81000000000000005329070518200751394033,0.99900999035173904341268558636363636341,0.0,6.4978067291590131334161138883153417421e-05,3.6989859849388337438768359260612629327e-05
0.81499999999999994670929481799248605967,0.99900999035173904341268558636363636341,0.0,6.1603486582762360823009453042449288317e-05,3.530248013632522963094438755318696423e-05
0.81999999999999995115018691649311222136,0.99900999035173904341268558636363636341,0.0,5.8318872338736030225352268723171482745e-05,3.3660091566661140158003795775184018376e-05
0.82499999999999995559107901499373838305,0.99900999035173904341268558636363636341,0.0,5.5124226332878366797196460701651815195e-05,3.2062694583798094825608395646069249405e-05
0.82999999999999996003197111349436454475,0.99900999035173904341268558636363636341,0.0,5.2019550289999327463664790481301121162e-05,3.0510289618993633151883843731601076997e-05
0.83499999999999996447286321199499070644,0.99900999035173904341268558636363636341,0.0,4.9004845886349346835088213711578568018e-05,2.9002877091360555273366395170689558559e-05
0.83999999999999996891375531049561686814,0.99900999035173904341268558636363636341,0.0,4.6080114749617074801681823117948486831e-05,2.7540457407866639078793145691133457021e-05
0.84499999999999997335464740899624302983,0.99900999035173904341268558636363636341,0.0,4.3245358458927179642062976719752085801e-05,2.612303096333436553794697488058785413e-05
0.84999999999999997779553950749686919153,0.99900999035173904341268558636363636341,0.0,4.0500578544838216651146173420272122752e-05,2.4750598140440652225902224185910358077e-05
0.85499999999999998223643160599749535322,0.99900999035173904341268558636363636341,0.0,3.7845776489340562292784267462798851639e-05,2.342315930971659504300682129264878945e-05
0.85999999999999998667732370449812151492,0.99900999035173904341268558636363636341,0.0,3.5280953725854413882360620916513870492e-05,2.2140714829547218130926240035350465317e-05
0.86499999999999999111821580299874767661,0.99900999035173904341268558636363636341,0.0,3.2806111639227854804371779954063789364e-05,2.090326504617123198506436182948560391e-05
0.86999999999999999555910790149937383831,0.99900999035173904341268558636363636341,0.0,3.0421251565734985269875226876491996825e-05,1.9710810293680799763665980817979687537e-05
0.875,0.99900999035173904341268558636363636341,0.0,2.8126374793074118618511706298549432785e-05,1.8563350894021311793895370510538471821e-05
0.88000000000000000444089209850062616169,0.99900999035173904341268558636363636341,0.0,2.5921482560366043169646551296246576061e-05,1.7460887156991168275175004683023171974e-05
0.88500000000000000888178419700125232339,0.99900999035173904341268558636363636341,0.0,2.3806576058152349627009344306884499537e-05,1.6403419380241570180058199717992433782e-05
0.89000000000000001332267629550187848508,0.99900999035173904341268558636363636341,0.0,2.1781656428393824041046138827867710907e-05,1.5390947849276318352899119427073932297e-05
0.89500000000000001776356839400250464678,0.99900999035173904341268558636363636341,0.0,1.9846724764468906333033342152615822026e-05,1.442347283745162080657325672196543292e-05
0.90000000000000002220446049250313080847,0.99900999035173904341268558636363636341,0.0,1.800178211117221438483721717821640604e-05,1.350099460597590821749117931449805752e-05
0.90500000000000002664535259100375697017,0.99900999035173904341268558636363636341,0.0,1.6246829464713133698037803388556636793e-05,1.2623513403909657619137998948230019259e-05
0.91000000000000003108624468950438313186,0.99900999035173904341268558636363636341,0.0,1.4581867772714472625970884127088763004e-05,1.1791029468165224294360695515385369934e-05
0.91500000000000003552713678800500929356,0.99900999035173904341268558636363636341,0.0,1.3006897934211183182076439893765908806e-05,1.1003543023506681866615098814518895718e-05
0.92000000000000003996802888650563545525,0.99900999035173904341268558636363636341,0.0,1.1521920799649147427776826299757312298e-05,1.0261054282549670590374001676986080944e-05
0.92500000000000004440892098500626161695,0.99900999035173904341268558636363636341,0.0,1.0126937170884029442942701160124623056e-05,9.5635634457612538408875487550381990907e-06
0.93000000000000004884981308350688777864,0.99900999035173904341268558636363636341,0.0,8.8219478011801928818394986675994879759e-06,8.911070701459782803476715442060446782e-06
0.93500000000000005329070518200751394033,0.99900999035173904341268558636363636341,0.0,7.6069533952096841172820103389071433479e-06,8.3035762258147693625303612070401372584e-06
0.93999999999999994670929481799248605967,0.99900999035173904341268558636363636341,0.0,6.4819546090513049563938059802617815731e-06,7.7410801828467791807030675082221883526e-06
0.94499999999999995115018691649311222136,0.99900999035173904341268558636363636341,0.0,5.446952050189629047037950032200976402e-06,7.2235827244272720272703556612881487287e-06
0.94999999999999995559107901499373838305,0.99900999035173904341268558636363636341,0.0,4.5019462775143316812755583209862452444e-06,6.7510839902785742066881001443841094639e-06
0.95499999999999996003197111349436454475,0.99900999035173904341268558636363636341,0.0,3.6469378013193333980382189844074965068e-06,6.3235841079737332890474192030841516006e-06
0.95999999999999996447286321199499070644,0.99900999035173904341268558636363636341,0.0,2.8819270833021370825979598579398126515e-06,5.9410831929364449892899929892336519464e-06
0.96499999999999996891375531049561686814,0.99900999035173904341268558636363636341,0.0,2.2069145365632046879945740425521106954e-06,5.6035813484409752574282018910295342654e-06
0.96999999999999997335464740899624302983,0.99900999035173904341268558636363636341,0.0,1.6219005256053995591364555186142949233e-06,5.3110786656120905693729576135812768496e-06
0.97499999999999997779553950749686919153,0.99900999035173904341268558636363636341,0.0,1.1268853663334943609802570525319965624e-06,5.0635752234249964184570591140295292377e-06
0.97999999999999998223643160599749535322,0.99900999035173904341268558636363636341,0.0,7.2186932605374461202936907251390004785e-07,4.8610710887052840077315729530217145873e-06
0.98499999999999998667732370449812151492,0.99900999035173904341268558636363636341,0.0,4.0685262347352782422589959776718744529e-07,4.703566316128885143102404925132501778e-06
0.98999999999999999111821580299874767661,0.99900999035173904341268558636363636341,0.0,1.8183542870104825014551236092832695655e-07,4.5910609482220353273638969955945846208e-06
0.99499999999999999555910790149937383831,0.99900999035173904341268558636363636341,0.0,4.6817863245107238239153636201676355297e-08,4.5235550153612450551759506203952717279e-06
1.0,0.99900999035173904341268558636363636341,0.0,1.6360234069874554551069417016778306267e-08,4.5010485357732793090208444823207787758e-06
