value,sup,dur,Y,S
0.0,5.3949312298155608924588445450800425295e-26,103.0,0.9960226402235304791845686761777913191,0.28124550012251089164628353075077503474
0.0050000000000000001040834085586084256647,1.304011327382700297220301478181917623e-25,102.0,0.99605798313890337280741603247242689908,0.27538312955255513577395021850013487108
0.010000000000000000208166817117216851329,3.2542499015216152321489048378742329409e-25,101.0,0.99608517062250971376472259634769736279,0.26945857525651123800988787735196730469
0.014999999999999999444888487687421729788,8.4073160734234551448923171416081284426e-25,100.0,0.99610332545413769085576172479638872782,0.26347594274670871611502378587477004159
0.020000000000000000416333634234433702659,2.2553097360232652229382771814593851938e-24,99.0,0.99611150250448789234403388293042359838,0.25743147765565380029290942301903827096
0.02500000000000000138777878078144567553,6.3032068725398156325605101608278388765e-24,97.0,0.99610868051684340401401180325910209337,0.25131333244734846035985624525372979154
0.029999999999999998889776975374843459576,1.8423173999511391999570579187448196647e-23,96.0,0.99609374969163277680342984164197819106,0.24510140204285486057768864266464952284
0.035000000000000003330669073875469621271,5.6552636698261612788197809138805586832e-23,95.0,0.9960654940098935826173978084743769517,0.23876725835001745337670912900431337287
0.040000000000000000832667268468867405318,1.8318284749383458186058600919160218927e-22,93.0,0.99602256693165800468806060803356708305,0.23242304505639900157050915508382059504
0.044999999999999998334665463062265189365,6.2945527096041759281631482572211020257e-22,91.0,0.99596353105927398765289765122823154535,0.22599189501732018311356034849954778677
0.050000000000000002775557561562891351059,2.3082075449790313971742657538000753667e-21,90.0,0.99588670232944912148644945677343731407,0.21944492045722118441346915806398438638
0.055000000000000000277555756156289135106,9.0930452868411348349214463221113256997e-21,88.0,0.99578996051867721017394767016017382339,0.21282483432816998109053917691495936144
0.059999999999999997779553950749686919153,3.8771903203698395179310819683934855118e-20,86.0,0.99567093741522466155061161527027358951,0.20615731053479697209442861260511424742
0.065000000000000002220446049250313080847,1.8044668567709517297019655381537816693e-19,84.0,0.99552679485879785053776103148658330538,0.19937718842757292137916338012952572293
0.070000000000000006661338147750939242542,9.2536372460807336653675154552314774379e-19,81.0,0.99535406488389019115877199889892609335,0.19250502996765736032553415519609731495
0.074999999999999997224442438437108648941,5.2848755219396212998108766397165444846e-18,79.0,0.99514890256289363914813652997715500805,0.18552895521115288867907351074901677898
0.080000000000000001665334536937734810635,3.4019680633257903004645949860322242606e-17,76.0,0.99490591703103774783409982655760336451,0.17847727726597494046701510923657586726
0.08500000000000000610622663543836097233,2.5019056593675621268091414505927301686e-16,73.0,0.99461876816151529834010233327031743695,0.17133112559492289645420014017436335418
0.089999999999999996669330926124530378729,2.1342597056678462240307899268976350871e-15,70.0,0.99427953265779937365073030963016952679,0.16410285205251436275640914913403833259
0.095000000000000001110223024625156540424,2.1477916608898663621406294968209253885e-14,66.0,0.99387846991477672415252195517259914068,0.15675451976672366941326659169198855212
0.10000000000000000555111512312578270212,2.5971924134419836994166266760758154588e-13,62.0,0.99340230559515943077857188962721374358,0.14933523754763453179956730433004791692
0.10499999999999999611421941381195210852,3.8469655167718248180110330924126244193e-12,58.0,0.99283523136907239656509842237074983919,0.14179456337332533143423888859171137295
0.11000000000000000055511151231257827021,7.1050863066458987860670620109941120547e-11,53.0,0.99213883327646899443233451908999438909,0.13415934995569131340762291544450361867
0.11500000000000000499600361081320443191,1.6542658113421661120966224694266909027e-09,47.0,0.99117246538466073977022738627413056148,0.1264137124370066183923086747552605679
0.11999999999999999555910790149937383831,4.8101581221902513893748240216810309999e-08,40.0,0.98973320065160832204863012279681871916,0.11854577407578837887222992815103869442
0.125,1.6422363933953584232897764121818612063e-06,33.0,0.9874319899551828142285523864061669922,0.11058855836026546408523101042636680029
0.13000000000000000444089209850062616169,5.4615573965226323038456043703491099877e-05,24.0,0.98346491603998648730343277968722511574,0.10249660610711264842608898887740449809
0.13500000000000000888178419700125232339,0.0011583891666572711007885123973529306865,13.0,0.97610497622860960907140529208746233301,0.09429439557055180918388242983430178717
0.14000000000000001332267629550187848508,0.0097875192423754930166402322428918439146,0.0,0.96161999340537098694447251532653557737,0.085952294559839195333051046073497519772
0.14499999999999999000799277837359113619,0.037585183735502233754412695987636868944,0.0,0.93239012636854006433496691668242296824,0.077485775781511909849347583795844972089
0.14999999999999999444888487687421729788,0.097492686090448529132772132357064206477,0.0,0.87503846849029811197014688488693288042,0.066375296494160710664507469439270009412
0.15499999999999999888977697537484345958,0.20528311118059281126859296626205534183,0.0,0.77263838217571561856280345704522090621,0.049519199854881535932167800908773675456
0.16000000000000000333066907387546962127,0.36604892093374439316748016093735146138,0.0,0.61850095008673039347301834861340996875,0.031561654332370514702054609200029695265
0.16500000000000000777156117237609578297,0.55378351598700243466979619137781277147,0.0,0.43643784735231993956400345825264279943,0.017207077884148861859601280064016391343
0.17000000000000001221245327087672194466,0.72115064787194497984667356306565745978,0.0,0.27275861328905845221528400668309244985,0.0082738257026725741476093238019039079578
0.17499999999999998889776975374843459576,0.83919235063633500387809897759470508861,0.0,0.15691969982536295854520745192513567358,0.0036607525925975882070098661868687404124
0.17999999999999999333866185224906075746,0.91016840714974625075787565193152738553,0.0,0.087321361209661959906866608731067395221,0.0015424167719965124240741757369455887511
0.18499999999999999777955395074968691915,0.94936528292276685195960059861654863214,0.0,0.049008274035936234264317768930629167522,0.00063221053733616410544011260020531887907
0.19000000000000000222044604925031308085,0.97031659164745210166939986874253332163,0.0,0.028623523365357930347075112347507894885,0.00050009330299269090842825646546251596202
0.19500000000000000666133814775093924254,0.97935867299403448786039570776938797909,0.0,0.01990042020641122586434991423823832883,0.00049700889190138923190333051493528133727
0.20000000000000001110223024625156540424,0.98380793668092861859339223801620044223,0.0,0.015609815573730896298429028795521038052,0.0004939244617706710329736512223286824495
0.20499999999999998778754672912327805534,0.98655661950163021005884948877425577517,0.0,0.012959467703138797475740085382429798663,0.0004908400126003600387875955867486285632
0.20999999999999999222843882762390421703,0.98845245229683564050829265261483036411,0.0,0.011131502908466783408604706043816929818,0.00048775554439027992295067566474870132867
0.21499999999999999666933092612453037873,0.98985030607343824290684035869062692162,0.0,0.0097837951866702558259749228070961562097,0.00048467105714025440825829959713944560155
0.22000000000000000111022302462515654042,0.99092898258039607198529333215934350983,0.0,0.0087438996711265722054425721318970017065,0.00048158655085010719820731397049479483512
0.22500000000000000555111512312578270212,0.99178948644407280009730419153342277125,0.0,0.0079142771912060731230164850788594964178,0.00047850202551966199411804981940535472377
0.23000000000000000999200722162640886381,0.99249372476892320804763987424901116236,0.0,0.0072353487546714764481030445527232645187,0.00047541748114874249513428903793237075552
0.23499999999999998667732370449812151492,0.9930817441380916476577029491625947583,0.0,0.0066684201352032013292318825659894406488,0.00047233291773717241534605024139485832543
0.23999999999999999111821580299874767661,0.99358038347677557762502703535645867893,0.0,0.0061877267535600834629805963932765386433,0.00046924833528477541529838307107032431131
0.24499999999999999555910790149937383831,0.99400939530069305674683088998404939531,0.0,0.0057741296724101789625511716250279412065,0.00046616373379137520472793421555784926435
0.25,0.99438295179714872233479547916678419898,0.0,0.0054139673911982762915180214122100497996,0.00046307911325679547407195310890035604316
0.25500000000000000444089209850062616169,0.99471030033091394013775073356048416142,0.0,0.0050984482019525399889474614901630032222,0.00045999447368085991159097209255070044174
0.26000000000000000888178419700125232339,0.99500103421315155719071179400443074524,0.0,0.0048182110418246712550461108248573839503,0.00045690981506339220336877282309332684245
0.26500000000000001332267629550187848508,0.9952600882503672237872770959131674855,0.0,0.0045683720066885472564400019529567500679,0.00045382513740421603331235267934382483539
0.27000000000000001776356839400250464678,0.99549265856113278150264914551175609407,0.0,0.0043441762982253706412656530991546306555,0.00045074044070315508315189116882637337122
0.27500000000000002220446049250313080847,0.99570290882792628983984770518199978434,0.0,0.0041414849128507097973176130420263298706,0.00044765572496003303244071633362905902024
0.28000000000000002664535259100375697017,0.99589397989854245180471965217293724566,0.0,0.0039572701899405326157511734215178138687,0.00044457099017467355855527115563705486699
0.28499999999999997557509345824655611068,0.9960683823724789419432619858585735994,0.0,0.0037892626724001641948092797435627784648,0.00044148623634690037094283291737124820738
0.28999999999999998001598555674718227237,0.99622758292698733421026054998003357997,0.0,0.0036357552315745042000775655672894212424,0.00043840146347653707413067919726501064029
0.29499999999999998445687765524780843407,0.99637421301720101555857817122070017271,0.0,0.003494353524782016319005739726662129694,0.00043531667156340737321193776375919716113
0.29999999999999998889776975374843459576,0.99651003276628456650910549437130423148,0.0,0.0033633594868510316370961996517189840631,0.00043223186060733493685517539781588274205
0.30499999999999999333866185224906075746,0.99663534534611111233021971634502082256,0.0,0.0032426580342593321050635141501923725899,0.00042914703060814343155190583702756271765
0.30999999999999999777955395074968691915,0.99675171387844863214690595043009739697,0.0,0.0031303992388348089843669496139142529238,0.00042606218156565652161655617711721332119
0.31500000000000000222044604925031308085,0.99686061516123661932684552032407779452,0.0,0.0030255104194509723890905882006419890992,0.00042297731347969786918643327281611877051
0.32000000000000000666133814775093924254,0.99696148168925825638813659785246960337,0.0,0.0029281790258464146798574412567409035544,0.00041989242635009113422169013811945146468
0.32500000000000001110223024625156540424,0.99705675179545332770935306235005491717,0.0,0.0028364248965251398716261068645144723173,0.0004168075201766599745052923459195918455
0.33000000000000001554312234475219156593,0.99714523051172021014637832415225199536,0.0,0.0027510168423802651651548184458170472674,0.00041372259495922804564298442701717446846
0.33500000000000001998401444325281772763,0.9972290518426460309676939538505253832,0.0,0.0026702952657183887266384354082917168548,0.00041063765069761900106325626850984686744
0.34000000000000002442490654175344388932,0.99730765298590597450607819838422606292,0.0,0.0025943873873102905192149330773576271321,0.00040755268739165649201730951155872773445
0.34499999999999997335464740899624302983,0.99738174956819689736410815171916430453,0.0,0.0025230377866570860115270031364523550997,0.00040446770504116420182931402835075937661
0.34999999999999997779553950749686919153,0.99745255392052933572727987573919835045,0.0,0.002454832475753231210380926960587972125,0.0004013827036459657088954254390395099294
0.35499999999999998223643160599749535322,0.9975182930243212473640249508714331218,0.0,0.0023913247734470914174930797690533652515,0.00039829768320588469218485766943639038153
0.35999999999999998667732370449812151492,0.9975813229624949310493564159270047723,0.0,0.002330637783452769793041063824671401918,0.00039521264372074479423932334217452602105
0.36499999999999999111821580299874767661,0.99764155661365784104605959356742569103,0.0,0.0022724326729407762797977717893348660675,0.00039212758519036965542307881344782352586
0.36999999999999999555910790149937383831,0.99769777861746900979452043897490885731,0.0,0.0022182549542236233766265219874017626687,0.00038904250761458291392289056704334274412
0.375,0.99775185596807762300497840356317357634,0.0,0.0021661946972999979815711894090489961758,0.00038595741099320820574800160775127368005
0.38000000000000000444089209850062616169,0.99780388388951254632845860071567727996,0.0,0.0021161067486974631339985485718677790645,0.00038287229532606916473009785415250522158
0.38500000000000000888178419700125232339,0.99785263248023644803637521733367216901,0.0,0.0020688846221932410406864650906491163054,0.00037978716061298942252327453078377218661
0.39000000000000001332267629550187848508,0.9978993493354990866679463691773395572,0.0,0.0020239179716264135653737824135789430303,0.0003767020068537926086040025596803672158
0.39500000000000001776356839400250464678,0.9979444309332722635675630826592798589,0.0,0.0019805249047312273067920088673397533807,0.0003736168340483023502710949512964040721
0.40000000000000002220446049250313080847,0.9979879074611572499960027468444099271,0.0,0.0019386414480690324332024667807939505578,0.00037053164219634227264567319480261890213
0.40500000000000002664535259100375697017,0.99802846880878263268191001497320441225,0.0,0.0018992982997197809665825695292695029434,0.00036744643129773599867113364776169599438
0.40999999999999997557509345824655611068,0.99806772489199393790575368783795739465,0.0,0.0018615208965978246006447153446354318679,0.00036436120135230718336615287371990145608
0.41499999999999998001598555674718227237,0.99810572374398457136516142324629244661,0.0,0.0018249531843011983344689345491200430317,0.00036127595235987937681270970162927250225
0.41999999999999998445687765524780843407,0.99814251164917304283691145379231989917,0.0,0.0017895505557798997505614817130986848373,0.00035819068432027622967365091140535366147
0.42499999999999998889776975374843459576,0.99817723491759675361717134678179604419,0.0,0.0017557302190176029958737568209155057554,0.00035510539723332135618113621848192300506
0.42999999999999999333866185224906075746,0.99821051002752066780770380665387151527,0.0,0.0017237173880554814438982811462841458932,0.00035202009109883836838943214572373240327
0.43499999999999999777955395074968691915,0.99824281502308151919143655011461108868,0.0,0.001692637965129402973347693090060690886,0.00034893476591665087617487840936669786738
0.44000000000000000222044604925031308085,0.99827418186774212815468632467141744005,0.0,0.0016624611202225484668400606244655943377,0.00034584942168658248723585430433552024201
0.44500000000000000666133814775093924254,0.99830464150797627629849352921700510826,0.0,0.0016331570093787994347748150970788619875,0.00034276405840845680709274508893872278722
0.45000000000000001110223024625156540424,0.99833338781027898097313253954946138436,0.0,0.0016049981768821843424276259598961939246,0.00033967867608209743908790836894109220365
0.45500000000000001554312234475219156593,0.99836101117919259553424645187947464501,0.0,0.0015784325289228911625047490418576276945,0.0003365932747073279843856404810135096562
0.46000000000000001998401444325281772763,0.99838790968297370313351358346636872428,0.0,0.0015525643627259809034546141889465867728,0.00033350785428397204197214287556015832309
0.46500000000000002442490654175344388932,0.99841410432639420226701432052550815082,0.0,0.0015273733906547566995583984599725037106,0.00033042241481185320865548849892309403705
0.46999999999999997335464740899624302983,0.99843961554947462605831163004595727842,0.0,0.0015028398746335185621577585207437374667,0.00032733695629079511332116483451816810437
0.47499999999999997779553950749686919153,0.99846442150536728030905468721509919444,0.0,0.0014789446140411643728916791632520339416,0.00032425147872062127990994513422607151135
0.47999999999999998223643160599749535322,0.99848753890322045095773282587835574347,0.0,0.0014560957239863729574586571926799278866,0.00032116598210115533295068029206808894799
0.48499999999999998667732370449812151492,0.99851011679627871091404106190775289146,0.0,0.0014343935017384758540638086056719805746,0.00031808046643222086053859304773028817327
0.48999999999999999111821580299874767661,0.99853216853620937019182468481191316876,0.0,0.0014131977127521009922082245819317765955,0.00031499493171364144859060953851943811548
0.49499999999999999555910790149937383831,0.99855370718820313981099858534494270493,0.0,0.0013924957061135292844227596055489030928,0.00031190937794524068084532567783147546357
0.50,0.9985747455353442827674426543707446139,0.0,0.0013722751071515128382326824325876998976,0.00030882380512684213886297353299724015061
0.50500000000000000444089209850062616169,0.99859529608295204864389033199580214868,0.0,0.0013525238131051829013826473855956076108,0.00030573821325826940202538770250546626834
0.51000000000000000888178419700125232339,0.99861458984537212852289504959387952427,0.0,0.0013332299888225293626261981012848531716,0.00030265260233934604753597169260301497811
0.51500000000000001332267629550187848508,0.99863321450078376347034332175646387767,0.0,0.0013151549718345806210291349793275084174,0.00029956697236989565041966429327233594294
0.52000000000000001776356839400250464678,0.99865146097474381075070012884692286631,0.0,0.0012976287056938849686620423277163715463,0.00029648132334974178352290595358614381844
0.52500000000000002220446049250313080847,0.99866933692615231043382499161733270354,0.0,0.0012804594360931932268303618994891243105,0.00029339565527870801751360515643929637939
0.53000000000000002664535259100375697017,0.99868684989488784791934270332542609216,0.0,0.0012636398252416727817586111622885485878,0.00029030996815661792088110479265786076761
0.53500000000000003108624468950438313186,0.99870400730275584397447364877046947278,0.0,0.0012471626523634960155678067917746391588,0.00028722426198329505993614853448535445829
0.54000000000000003552713678800500929356,0.99872072429775543950702192939605597969,0.0,0.0012310208127188508991728881021960047202,0.00028413853675856299881084720844614745286
0.54500000000000003996802888650563545525,0.99873611708556947869159290047265297494,0.0,0.0012152073166225013803433127240482858741,0.00028105279248224529945864516758601224439
0.55000000000000004440892098500626161695,0.99875124803366052627797893696617561748,0.0,0.0012003488697539667288289746486294840575,0.0002779670291541655216542866630898081102
0.55500000000000004884981308350688777864,0.99876612104533478215547430904771539004,0.0,0.0011860739077208385628394439687220603451,0.00027488124677414722299378221527628625225
0.56000000000000005329070518200751394033,0.99878073999122307611989577412793322533,0.0,0.0011720445619128757951902372808763056234,0.00027179544534201395889437498397000233127
0.56499999999999994670929481799248605967,0.99879510870924685023279691412361452737,0.0,0.0011582570540709635958778224105337481724,0.00026870962485758935111369769584681710835
0.56999999999999995115018691649311222136,0.99880923100458468800178135193315629561,0.0,0.0011447076393179264845751796747082752564,0.00026562378532069681367339983490290705323
0.57499999999999995559107901499373838305,0.99882219534905915601653797171154342645,0.0,0.0011313926061813180175654375320392766229,0.00026253792673115996397298820526820849923
0.57999999999999996003197111349436454475,0.99883459524008583322930273670376798398,0.0,0.001118308276615685429561237504564127404,0.00025945204908880234871430021605134556629
0.58499999999999996447286321199499070644,0.99884683292070023031936518100516438965,0.0,0.0011060917371211060353730654617307837618,0.00025636615239344751242023775838244936423
0.58999999999999996891375531049561686814,0.99885890975043902795219784233555283281,0.0,0.0010944985433767277326367473137919840987,0.00025328023664491899743473357204743223739
0.59499999999999997335464740899624302983,0.99887082708942226881468430772974698657,0.0,0.0010830611437559215094924985040216359047,0.00025019430184304034392271761149927516207
0.59999999999999997779553950749686919153,0.9988818860541081118933027657332585117,0.0,0.0010717781591704676790086090773756817445,0.00024710834798763508987008341124631486631
0.60499999999999998223643160599749535322,0.99889161990956628468839853899678769118,0.0,0.0010606482102623172074337397343570882691,0.00024402237507852677108365445061751717214
0.60999999999999998667732370449812151492,0.99890127930818232234895613668542479454,0.0,0.0010496699174078545692681049968225284181,0.00024093638311553892119115051790472312794
0.61499999999999999111821580299874767661,0.99891086423430502040362914365571826932,0.0,0.0010399127509043236455776314002694977152,0.00023785037209849507164115407388185444911
0.61999999999999999555910790149937383831,0.99892037467231636287716438086875629104,0.0,0.0010307202582220485186711495279609338081,0.00023476434202721875170307661470106480504
0.625,0.99892845768047292092967200793669700526,0.0,0.0010216029884099751826121111762065479231,0.0002316782929015334884671250341658234982
0.63000000000000000444089209850062616169,0.99893454647607112380505464909532208615,0.0,0.0010125609455937877280070486521909299893,0.00022859222472126280684426798538091805626
0.63500000000000000888178419700125232339,0.99894063588805630921623781171442747148,0.0,0.0010060003346749222100229520844787414816,0.00022550613748623022956620224177936228138
0.64000000000000001332267629550187848508,0.99894672591643983347732599627501856634,0.0,0.00099986644212906279868023071868882967746,0.00022242003119625927718531905752619629245
0.64500000000000001776356839400250464678,0.99895281656123305318133991408481969614,0.0,0.00099373247425768832700690573475596028069,0.00021933390585117346807467052729916508308
0.65000000000000002220446049250313080847,0.99895890782244732520022505020800353793,0.0,0.00098759843105941126628068819100858611613,0.00021624776145079631842793594544626214408
0.65500000000000002664535259100375697017,0.99896499970009400668486022671038839862,0.0,0.00098146431253284405370057049052659850562,0.00021316159799495134225938816452012467478
0.66000000000000003108624468950438313186,0.99897109219418445506506616622011660889,0.0,0.00097533011867659909238578012694715445417,0.00021007541548346205140385995318926691593
0.66500000000000003552713678800500929356,0.99897718530473002804961405580382785117,0.0,0.00096919584948928875137473339172487992613,0.00020698921391615195551671035352613814184
0.67000000000000003996802888650563545525,0.99898327903174208362623411115834086198,0.0,0.00096306150496952536562398904284479244704,0.00020390299329284456207379103767199184378
0.67500000000000004440892098500626161695,0.99898937337523198006162414111785703288,0.0,0.00095692708511592123600720193498628618578,0.0002008167536133633763714126638785526308
0.68000000000000004884981308350688777864,0.99899546833521107590145811247669958049,0.0,0.00095079258992708862931407661113652258635,0.00019773049487753190152631123192646738859
0.68500000000000005329070518200751394033,0.999001563911690729970394715127601782,0.0,0.00094465801940163977824932085565156951308,0.00019464421708517363847561443792052721963
0.68999999999999994670929481799248605967,0.99900575841194874522984263330440223838,0.0,0.00093852337353818701764893734944030610853,0.00019155792023611215450657605479976427037
0.69499999999999995115018691649311222136,0.99900572708729444856056223993228727909,0.0,0.0009323886523353422396114974691682675604,0.00018847160433017080913789333022777350083
0.69999999999999995559107901499373838305,0.99900569576264015189128184656017231979,0.0,0.00092625385579171771079610494165277474041,0.00018538526936717316529701205238390063333
0.70499999999999996003197111349436454475,0.9990056644379858552220014531880573605,0.0,0.00092011898390592552755701527623464017917,0.00018229891534694271520229023815672575193
0.70999999999999996447286321199499070644,0.9990056331133315585527210598159424012,0.0,0.00091398403667657775215825441058750532425,0.00017921254226930294889230936538617322336
0.71499999999999996891375531049561686814,0.99900560178867726188344066644382744191,0.0,0.00090784901410228641277257203243066901162,0.00017612615013407735422584072391907550258
0.71999999999999997335464740899624302983,0.99900557046402296521416027307171248261,0.0,0.00090171391618166350348039486267806303888,0.00017303973894108941688181176604141341763
0.72499999999999997779553950749686919153,0.99900553913936866854487987969959752256,0.0,0.00089557874291332098426877990002171726566,0.00016995330869016262035927245628721949504
0.72999999999999998223643160599749535322,0.99900550781471437187559948632748256402,0.0,0.00088944349429587078103036762694805641709,0.00016686685938112044597736162062413082866
0.73499999999999998667732370449812151492,0.99900547649006007520631909295536760473,0.0,0.0008833081703279247855623351771853707833,0.00016378039101378637287527329501557803577
0.73999999999999999111821580299874767661,0.99900544516540577853703869958325264468,0.0,0.00087717277100809485556534946458080294642,0.00016069390358798387801222307335959682614
0.74499999999999999555910790149937383831,0.99900541384075148186775830621113768614,0.0,0.00087103729633499281464252027340519244856,0.00015760739710353643616741445480424869964
0.75,0.99900538251609718519847791283902272684,0.0,0.00086490174630723045229835331008412045366,0.00015452087156026751994000519043963731834
0.75500000000000000444089209850062616169,0.99900535119144288852919751946690776679,0.0,0.00085876612092341952393770321635349613691,0.00015143432695800059974907362936650706594
0.76000000000000000888178419700125232339,0.9990053198667885918599171260947928075,0.0,0.00085263042018217175086472654383802660754,0.00014834776329655914383358506414141032463
0.76500000000000001332267629550187848508,0.99900528854213429519063673272267784896,0.0,0.00084649464408209882028183469005091208769,0.00014526118057576661825235807559842999959
0.77000000000000001776356839400250464678,0.99900525721747999852135633935056288891,0.0,0.00084035879262181238528864679581310785799,0.0001421745787954464868840308770474438117
0.77500000000000002220446049250313080847,0.99900522589282570185207594597844792961,0.0,0.00083422286579992406488094260409049457997,0.00013908795795542221142702765784891688556
0.78000000000000002664535259100375697017,0.99900519456817140518279555260633297107,0.0,0.00082808686361504544394961528024729838838,0.00013600131805551725139952492636520916531
0.78500000000000003108624468950438313186,0.99900516324351710851351515923421801103,0.0,0.00082195078606578807327962419371410208976,0.00013291465909555506413941785228838416552
0.79000000000000003552713678800500929356,0.99900513191886281184423476586210305173,0.0,0.00081581463315076346954894766106878879601,0.00012982798107535910480428660834450560124
0.79500000000000003996802888650563545525,0.99900510059420851517495437248998809168,0.0,0.0008096784048685831153275356505287591379,0.00012674128399475282637136271137440841136
0.80000000000000004440892098500626161695,0.99900506926955421850567397911787313314,0.0,0.00080354210121785845907626244785276321081,0.00012365456785355967963749536279093069862
0.80500000000000004884981308350688777864,0.99900503794489992183639358574575817385,0.0,0.00079740572219720091514587928365068824253,0.00012056783265160311321911778841259311374
0.81000000000000005329070518200751394033,0.9990050066202456251671131923736432138,0.0,0.00079126926780522186377596692209964295713,0.00011748107838870657355221357767371220424
0.81499999999999994670929481799248605967,0.9990049752955913284985283460502999666,0.0,0.00078513273804053278735305774763650290013,0.00011439430506469357343263096678286471559
0.81999999999999995115018691649311222136,0.99900494397093703182924795267818500655,0.0,0.00077899613290174472537458378681216065672,0.00011130751267938741785508064608759395776
0.82499999999999995559107901499373838305,0.99900491264628273515996755930607004726,0.0,0.00077285945238746909199782546163015870937,0.00010822070123261161525392002569731095383
0.82999999999999996003197111349436454475,0.99900488132162843849068716593395508721,0.0,0.00076672269649631713100720678576595544307,0.00010513387072418960334299752913890535747
0.83499999999999996447286321199499070644,0.99900484999697414182140677256184012867,0.0,0.00076058586522690005207074367107903044672,0.00010204702115394481765554363025166723893
0.83999999999999996891375531049561686814,0.99900481867231984515212637918972516937,0.0,0.00075444895857782903073899628473190441894,9.896015252170069154413718865572119826e-05
0.84499999999999997335464740899624302983,0.99900478734766554848284598581761020932,0.0,0.00074831197654771520844402136770384005412,9.5873264827280656180671784596800094763e-05
0.84999999999999997779553950749686919153,0.99900475602301125181356559244549525078,0.0,0.00074217491913516969249832451469756433558,9.2786358070508140556322053167344916518e-05
0.85499999999999998223643160599749535322,0.99900472469835695514428519907338029149,0.0,0.00073603778633880355609381241543735236075,8.969943225120657148151001790391731214e-05
0.85999999999999998667732370449812151492,0.99900469337370265847500480570126533144,0.0,0.00072990057815722783830074505735681285397,8.6612487369199373585871423760911297461e-05
0.86499999999999999111821580299874767661,0.99900466204904836180572441232915037214,0.0,0.00072376329458905354406668788967471545653,8.3525523424309969318222069460550665262e-05
0.86999999999999999555910790149937383831,0.9990046307243940651364440189570354136,0.0,0.00071762593563289164421546394885719969977,8.0438540416361778946524139219158609899e-05
0.875,0.99900459939973976846716362558492045355,0.0,0.00071148850128735307544610594546470560473,7.7351538345178220557852533849686093079e-05
0.88000000000000000444089209850062616169,0.99900456807508547179788323221280549426,0.0,0.00070535099155104874033180831238196570837,7.4264517210582710058361201240485461994e-05
0.88500000000000000888178419700125232339,0.99900453675043117512860283884069053572,0.0,0.0006992134064225895073188792144293981835,7.1177477012398661173249466210315843045e-05
0.89000000000000001332267629550187848508,0.99900450542577687845932244546857557567,0.0,0.00069307574590058621072569251935424079818,6.8090417750449485446728359739566825757e-05
0.89500000000000001776356839400250464678,0.99900447410112258179004205209646061638,0.0,0.00068693800998364965074163973019976517305,6.500333942455859224198694757768695993e-05
0.90000000000000002220446049250313080847,0.99900444277646828512076165872434565708,0.0,0.00068080019867039059342608187905091090157,6.1916242034549388741158658226803574568e-05
0.90500000000000002664535259100375697017,0.99900441145181398845148126535223069779,0.0,0.00067466231195941977070730138215467887196,5.8829125580245279945287610301520443475e-05
0.91000000000000003108624468950438313186,0.99900438012715969178220087198011573849,0.0,0.00066852434984934788038145385641362314494,5.574199006146966867429493926487981101e-05
0.91500000000000003552713678800500929356,0.9990043488025053951129204786080007792,0.0,0.00066238631233878558611151989725078061506,5.2654835478045955566945123540475292189e-05
0.92000000000000003996802888650563545525,0.99900431747785109844364008523588581915,0.0,0.0006562481994263435174262568178443775879,4.9567661829797539080812310000702167299e-05
0.92500000000000004440892098500626161695,0.99900428615319680177435969186377086061,0.0,0.00065011001111063226971915034973065239077,4.6480469116547815492246638831131582212e-05
0.93000000000000004884981308350688777864,0.99900425482854250510507929849165590056,0.0,0.00064397174739026240424736630477313296097,4.3393257338120178896340567770995173788e-05
0.93500000000000005329070518200751394033,0.99900422350388820843579890511954094126,0.0,0.00063783340826384444813070219849670835529,4.0306026494338021206895195729766631419e-05
0.93999999999999994670929481799248605967,0.99900419217923391176721405879619769331,0.0,0.00063169499372998903065155903940647424593,3.7218776585024800707316898834144063867e-05
0.94499999999999995115018691649311222136,0.99900416085457961509793366542408273402,0.0,0.00062555650378730633805148648431009214855,3.4131507610003767847285746294682831569e-05
0.94999999999999995559107901499373838305,0.99900412952992531842865327205196777397,0.0,0.00061941793843440693133123232107052611516,3.1044219569098376547033667252646147132e-05
0.95499999999999996003197111349436454475,0.99900409820527102175937287867985281467,0.0,0.00061327929766990120105063634043731827841,2.7956912462132009994859548985806734875e-05
0.95999999999999996447286321199499070644,0.99900406688061672509009248530773785613,0.0,0.00060714058149239950362692757390549418588,2.4869586288928049197602528666069251763e-05
0.96499999999999996891375531049561686814,0.99900403555596242842081209193562289608,0.0,0.00060100178990051216133367568520351030419,2.1782241049309872980608313232350271874e-05
0.96999999999999997335464740899624302983,0.99900400423130813175153169856350793679,0.0,0.00059486292289284946229974232313436548356,1.8694876743100857987695498639460803059e-05
0.97499999999999997779553950749686919153,0.99900397290665383508225130519139297825,0.0,0.00058872398046802166050823243576821470206,1.5607493370124378681121888482977849644e-05
0.97999999999999998223643160599749535322,0.9990039415819995384129709118192780182,0.0,0.00058258496262463897579544554598482320333,1.2520090930203807341550812000091531558e-05
0.98499999999999998667732370449812151492,0.9990039102573452417436905184471630589,0.0,0.00057644586936131159384982698836419916247,9.432669423162514068017441446414271983e-06
0.98999999999999999111821580299874767661,0.99900387893269094507441012507504809961,0.0,0.0005703067006766496662109191074237428927,6.3452288488238667778951088487385653526e-06
0.99499999999999999555910790149937383831,0.99900384760803664840512973170293314031,0.0,0.00056416745656926331026831241720025046946,3.2577692070112312068616221337298357026e-06
1.0,0.99900381628338235173584933833081818102,0.0,0.00055802813703776260926059672217510971189,1.7029049754797090886558063254089637378e-07
