value,sup,dur,Y,S
0.0,1.5263257758275313803968384276828755658e-141,132.0,0.99600520348335236500518998158761590005,0.89167056238567211467255985980299860698
0.0050000000000000001040834085586084256647,3.1771310596668613764852816059229231462e-141,132.0,0.99602279720587028244000105600229718301,0.89034994330380380160785059322295106828
0.010000000000000000208166817117216851329,6.500770118667156164140859295225765239e-141,132.0,0.99604126356473749881246158368745059375,0.88888399640339364561540224741393204887
0.014999999999999999444888487687421729788,1.3110783703611397603117602319034969598e-140,131.0,0.99606168322596595283500268878071619509,0.8872626659682457902819303372109931258
0.020000000000000000416333634234433702659,2.614040433685272674280203030922891955e-140,131.0,0.99608376999008502281233948841878854223,0.88547596409885513364862019733402344779
0.02500000000000000138777878078144567553,5.1681362428617302863130856095676318383e-140,131.0,0.99610680876268620216078456849959980205,0.88351388847145931557433969183303443108
0.029999999999999998889776975374843459576,1.0162282091100173036144588189985559564e-139,131.0,0.99613379946195817350350688952321780769,0.88178416344329575404985900522479895997
0.035000000000000003330669073875469621271,1.9930672528185211034083159576472056176e-139,131.0,0.99616284786692593127664156507785914133,0.88017625479408853976454888937949467905
0.040000000000000000832667268468867405318,3.9091329997596946429506499794403721875e-139,131.0,0.9961950261648713033739688221158326587,0.87837430545870472511809272933015956012
0.044999999999999998334665463062265189365,7.6864947267884450516667800821594315413e-139,130.0,0.99623108820140508769692347857295259261,0.87636559253041298771346611633826463961
0.050000000000000002775557561562891351059,1.5185737120953789973615961844301544135e-138,130.0,0.99627154044981313062110562805999466075,0.87413730305565118481523018309231882799
0.055000000000000000277555756156289135106,3.0205801550038946029097658433813681239e-138,130.0,0.9963174595306813508033439402296332018,0.87221991743093318291130421789806983799
0.059999999999999997779553950749686919153,6.0604952393036734503783558019170549951e-138,130.0,0.99636727878727954859701744203150857228,0.87035075773178886667951950203424618381
0.065000000000000002220446049250313080847,1.2287052469729095274466526310161997875e-137,130.0,0.99642031510507262646106491080008682869,0.86823255876627824616215689404757484343
0.070000000000000006661338147750939242542,2.5212908542973627656025177384896067855e-137,130.0,0.99647575334121901144967287185910506312,0.86584924150349621008352903229033997583
0.074999999999999997224442438437108648941,5.2446274213607099320631017381929073083e-137,129.0,0.99653272379886995104673796101459271167,0.8634578924017758786944282037104541757
0.080000000000000001665334536937734810635,1.1075951886911356841259042351386068694e-136,129.0,0.99659036499006732718111379470018877491,0.86143522297305082087550221084280416751
0.08500000000000000610622663543836097233,2.3783015909612815059397225264226684207e-136,129.0,0.99664869222421412036644022466862668773,0.85910620198335169866373310588289920178
0.089999999999999996669330926124530378729,5.2000935457366087723601949196632166375e-136,129.0,0.99670718892228470982596777610099336828,0.85645080288934190982635073148142400805
0.095000000000000001110223024625156540424,1.1594541571321401891429519454162468023e-135,128.0,0.99676439631595222969683220389899116002,0.85387267618336987033133342714656243254
0.10000000000000000555111512312578270212,2.6402246284453384502526479134256757466e-135,128.0,0.99682162005722318155716237088030460034,0.85155566511973948535107722075893584985
0.10499999999999999611421941381195210852,6.1493884276460536036975621979214945688e-135,128.0,0.99687692095667725445000579071836056006,0.84885502616288164571016288126385124025
0.11000000000000000055511151231257827021,1.4672456055549721552582833368056416925e-134,128.0,0.99693115085784829608912398693969735107,0.84574571200012377002713553310918047066
0.11500000000000000499600361081320443191,3.5921267706994042065247314063300208312e-134,128.0,0.99698306514521407347737900827284497115,0.84328173407216909151095178039792852552
0.11999999999999999555910790149937383831,9.0386445516838339684193275679851982526e-134,127.0,0.99703345414892946633488328548784517879,0.84044814132231573263213914259106429754
0.125,2.34160820772821357182001259736540928e-133,127.0,0.99708065809828113855442832961621311773,0.83712755764203437399615872556880993022
0.13000000000000000444089209850062616169,6.2571629354144472717741486167495369359e-133,127.0,0.9971264127977297473685929649152371121,0.83431370592181510549611118701864652236
0.13500000000000000888178419700125232339,1.7279369322916687038963346818014267814e-132,126.0,0.99716825480114053821867501243477862264,0.83121207318741395403989922453649473306
0.14000000000000001332267629550187848508,4.9413753426648116191557040516682848663e-132,126.0,0.99720811605085907100205855734048505332,0.82752397717680590205704306305616665663
0.14499999999999999000799277837359113619,1.4664700253380523084455313253276127597e-131,126.0,0.99724424480352979636700179278432205901,0.82457985787555156725440824514224436185
0.14999999999999999444888487687421729788,4.5268892678971433663362425066372135932e-131,125.0,0.99727682370335448578951277695682020449,0.82100989511314801635913370824886264021
0.15499999999999999888977697537484345958,1.457105844526157980591880817294641979e-130,125.0,0.99730649327830664868775595801176808916,0.81735271077187701883303213261219046775
0.16000000000000000333066907387546962127,4.9032636072368891067263956912070818353e-130,125.0,0.99733122216626505620888385941403418764,0.81384394264668914488582747743869077953
0.16500000000000000777156117237609578297,1.7298342820647246639913499903681450748e-129,124.0,0.99735332687543770979680364073250284897,0.80963741864336710107814010836027717558
0.17000000000000001221245327087672194466,6.4174798306148467353313307731296035477e-129,124.0,0.99737033250466951129826302046486011976,0.80610123306769724233101374638035772536
0.17499999999999998889776975374843459576,2.5117996772944375044597427250571508029e-128,124.0,0.99738301899486416210566469685536259813,0.80162412363017010513706125019722399332
0.17999999999999999333866185224906075746,1.0408822265131859859224321251446324743e-127,123.0,0.99739129546966926609749391148351653777,0.79781539606422036393210091020771095708
0.18499999999999999777955395074968691915,4.5843630819726008400460710822038368371e-127,123.0,0.99739363897524558500799074360432365159,0.79303346082985681313785286735730040021
0.19000000000000000222044604925031308085,2.1548932346522621188233786840021288732e-126,122.0,0.99739192956862655344385827647263264552,0.78895553456980919688251873781744689521
0.19500000000000000666133814775093924254,1.085951986412971659201431672555481146e-125,122.0,0.99738285197462509831059565594558472297,0.78401236627531960057445541941656743273
0.20000000000000001110223024625156540424,5.896320722621750260634997352581074709e-125,121.0,0.99736949651498827765904478755909921315,0.77939862683735804809669349893285104996
0.20499999999999998778754672912327805534,3.4680401440804117285399479423555484513e-124,121.0,0.99734764179453639487715422274559423682,0.77440961995212484621811625706014965501
0.20999999999999999222843882762390421703,2.2227436558215144319548221595800673834e-123,120.0,0.99732034000312344606252342858099745264,0.76889817713542975507736784904700691402
0.21499999999999999666933092612453037873,1.5624842637883161172534042336131918306e-122,120.0,0.99728389805609387833864521179906430459,0.7638596784737216901522057884737568532
0.22000000000000000111022302462515654042,1.2132783646736835700942994730151156548e-121,119.0,0.99723931445373685618196741797682945029,0.75830638306325019040955611051143976268
0.22500000000000000555111512312578270212,1.048898945468217031963100333314820061e-120,119.0,0.99718574243192270636698393093323466927,0.75233737724912597903680541801995477872
0.23000000000000000999200722162640886381,1.018346366413754495713830375860629138e-119,118.0,0.99712041796751675508438144258571613119,0.74619995555532004042506278784830162863
0.23499999999999998667732370449812151492,1.1209854221163188770793888852619167183e-118,117.0,0.99704431388498568588138064702551566073,0.74013498545902708518824723039944508541
0.23999999999999999111821580299874767661,1.4139812523373452639654040346526369412e-117,117.0,0.99695584309749522936148212447545194932,0.73372115323646112222866644682284734396
0.24499999999999999555910790149937383831,2.0678639732517025717285353699996861169e-116,116.0,0.99685207967391138969140850366927158723,0.72699304058520346937358726255616671553
0.25,3.5521630708261200571355831029120834635e-115,115.0,0.99673142085862539812687734041760669389,0.71995948258883525659018350171748557714
0.25500000000000000444089209850062616169,7.2719356436987375931694844494632833717e-114,114.0,0.99659187905606304705178889365819826708,0.71259781108587848721957059782018043977
0.26000000000000000888178419700125232339,1.8030434634653033288425006021430702483e-112,113.0,0.99643096248621659838808081168577261517,0.70484822392146879839162555455978542365
0.26500000000000001332267629550187848508,5.5130187486181451241257650349409958182e-111,112.0,0.99624549542310068902914643143582651335,0.69696388796254780782841407921804303758
0.27000000000000001776356839400250464678,2.1210629679342701119483494716107689988e-109,111.0,0.99603133557208158723840082037159714598,0.68886356378139780765729077211696001897
0.27500000000000002220446049250313080847,1.0502800627135548022038726753435049967e-107,110.0,0.99578291127479197258882947343019567196,0.6800730862893203022622919349163571569
0.28000000000000002664535259100375697017,6.865162689607338172079059352517934887e-106,109.0,0.99549329964979558476553228521447527799,0.67127569198750218897057117427809269244
0.28499999999999997557509345824655611068,6.0949178256507718484830357187915969469e-104,108.0,0.99516231359410231329591834747470294611,0.66178538125118506537809316447348203161
0.28999999999999998001598555674718227237,7.5893020812301691722626706685509939875e-102,106.0,0.99477037454578534471500784870372755976,0.65204935619722142989498101973228850891
0.29499999999999998445687765524780843407,1.3743511817967103776926657592605763533e-99,105.0,0.99431814776078910823335411057656402285,0.64198645331647231505765119355676918048
0.29999999999999998889776975374843459576,3.7711130478999063226470561114490734997e-97,103.0,0.99378503909480585525936576628502897252,0.65275012198329258934524636143886385697
0.30499999999999999333866185224906075746,1.6425448373033830380680882360887260571e-94,102.0,0.9931547938851587177614961239628059142,0.67016654955095456549893026853379167732
0.30999999999999999777955395074968691915,1.1972914997340123479771335795431806588e-91,100.0,0.99240460683647269309362931291836693747,0.68773332218137126047792350698616157979
0.31500000000000000222044604925031308085,1.5512382955019331074995330879210429517e-88,98.0,0.99151189512294063506515971210312366765,0.70540070418976512332121649802717502638
0.32000000000000000666133814775093924254,3.8268748852437387783086304657791751034e-85,95.0,0.990432016520758428921457562160224047,0.72311081437200215747782870681863583004
0.32500000000000001110223024625156540424,1.9451602102307171857602593436741092594e-81,93.0,0.98912755617680199721842603878171189108,0.74079061429394943968010905671610593498
0.33000000000000001554312234475219156593,2.2305670986277192230845876873613505548e-77,90.0,0.98753779650285722699189119922614968146,0.7583766633626386703429347723010303086
0.33500000000000001998401444325281772763,6.4082901488882769393498962916696764514e-73,86.0,0.98555919472545172278474215606124648313,0.77576975247126823065241850902717177479
0.34000000000000002442490654175344388932,5.209684198841521895774539375394301725e-68,83.0,0.98310232999868057472046080626701497588,0.79288225218975957113730280728389553095
0.34499999999999997335464740899624302983,1.3820133731607616575804223233296190528e-62,78.0,0.97997847288526150231851633158901596985,0.8096094124593238129256353891937670113
0.34999999999999997779553950749686919153,1.4160437804228570515587811116385218071e-56,74.0,0.97598336498256656290697260411448438268,0.82584063899622854513059199601745789467
0.35499999999999998223643160599749535322,6.8639546316937435314286042094926283576e-50,68.0,0.9707511361693904805369250222699558243,0.84146467312165261413978279633974983425
0.35999999999999998667732370449812151492,2.0209094914316608557053339565112400767e-42,61.0,0.96382209959741298539059529278122702523,0.85633263212486096311191435836259272674
0.36499999999999999111821580299874767661,4.974150937651481086933342187284591843e-34,53.0,0.95439857864848311202442929374985567678,0.8686366717999905639300962744324599059
0.36999999999999999555910790149937383831,1.5594610144635369119642976796909675847e-24,42.0,0.94128476597611252946409954470817893214,0.8595918684069373437578781678934070237
0.375,4.1698276037839740412996968177412904079e-14,29.0,0.90454972952825361367901572809132479095,0.58136034689224082863485428000779303563
0.38000000000000000444089209850062616169,1.5523100624014947161199223440084430843e-05,12.0,0.77848354550110372662809640187937637788,0.28258755787515241801081931493049292264
0.38500000000000000888178419700125232339,0.0859442943516676544270512153819985415,0.0,0.54360945444450282033758464602384818337,0.14141666848213634465465625184057642973
0.39000000000000001332267629550187848508,0.48504707046055815361709228278947898977,0.0,0.28519223417275517068178868281233039493,0.05593020147402601461866978429800145626
0.39500000000000001776356839400250464678,0.78062957136681659021339204569001934256,0.0,0.11942111951379727511389365072441849286,0.018493119346202987951261264649953545772
0.40000000000000002220446049250313080847,0.91517766249751039010931893963935279847,0.0,0.045576377147363259104050177837851585915,0.0056244946691367971672150684345894389813
0.40500000000000002664535259100375697017,0.96694172340874994186819448005800887975,0.0,0.017547961628639687558882388052151218695,0.0016591743556193988980763594538792755027
0.40999999999999997557509345824655611068,0.98614885541038541038030483641798455406,0.0,0.0072747287311350714746714512344233301899,0.00050566661797406355507402914823525068882
0.41499999999999998001598555674718227237,0.99271673360984127909991503972415555479,0.0,0.0038121992687923526594361206641174663154,0.00049813383315565925576434355958472081495
0.41999999999999998445687765524780843407,0.99482746692218428166891140951066901274,0.0,0.0027057686268238132389927550562386346782,0.00049388183337463512678894210250777715869
0.42499999999999998889776975374843459576,0.99591322992333356727163170190382690806,0.0,0.0021362713417486908557228348358634455063,0.0004896297974077533562131438474937975036
0.42999999999999999333866185224906075746,0.99658779210639337060362571125788724227,0.0,0.0017821094918104231911155802399127870394,0.00048537772525455201249914692504080760381
0.43499999999999999777955395074968691915,0.99704934639017070249306030220508441531,0.0,0.0015392241740981576022051943228090107223,0.00048112561691456915624671673641764318759
0.44000000000000000222044604925031308085,0.99738334596577824903254176357327472791,0.0,0.0013627662341817760665975623538153652351,0.00047687347238734284019301867207996281702
0.44500000000000000666133814775093924254,0.99763229227991414060359401343651524895,0.0,0.0012301230375240670019901961089122323518,0.00047262129167241110921245082581533109766
0.45000000000000001110223024625156540424,0.99781796853186424431870589529029615871,0.0,0.0011291979666498444833652152207192915469,0.00046836907476931200031647670461724505672
0.45500000000000001554312234475219156593,0.99794989322969379655445465857688086875,0.0,0.0010544461018846685815433975166214546038,0.00046411682167758354265345793428797644101
0.46000000000000001998401444325281772763,0.99804017676174531810364704381733416968,0.0,0.0010068976525876658836209616643581906513,0.00045986453239676375750848696077010273402
0.46500000000000002442490654175344388932,0.99810812850298271170593534237505003359,0.0,0.00099403317848395553784243647518235823044,0.00045561220692639065830321974720659964021
0.46999999999999997335464740899624302983,0.99816424700429842641978699170402893568,0.0,0.00098557829959192014877587450533142217866,0.00045135984526600229780660760734506301717
0.47499999999999997779553950749686919153,0.99821144576076161862678884721363138159,0.0,0.0009771232775864610097255489959406586147,0.00044710744741513657929153512916824523109
0.47999999999999998223643160599749535322,0.99825431022456905882127615078130845927,0.0,0.00096866811246394452110743754665607566221,0.00044285501337333153979884231523317652372
0.48499999999999998667732370449812151492,0.99829624089428337157245981868122602774,0.0,0.00096021280422073686645514639624477470297,0.00043860254314012516129476608265221392455
0.48999999999999999111821580299874767661,0.99832800360858426645212867780878245203,0.0,0.00095175735285320410628192241863713535386,0.00043435003671505541788127028696254392395
0.49499999999999999555910790149937383831,0.99835830348257160853126502041818634222,0.0,0.00094330175835771217807544711670471803496,0.00043009749409766027579587839355497175524
0.50,0.99838815745365845811442378030090159796,0.0,0.00093484602073062689629263035166504670027,0.00042584491528747769341150614483038140839
0.50500000000000000444089209850062616169,0.9984175690107482575529048926271466822,0.0,0.00092639013996831395235440380809760856876,0.00042159230028404562123629422308373913265
0.51000000000000000888178419700125232339,0.99844654164539585027990278994090433463,0.0,0.00091793411606713891464051419455540656982,0.0004173396490869020019134409091155131538
0.51500000000000001332267629550187848508,0.99847439800152183652879774582706173509,0.0,0.00090947794902346722848431617975639919033,0.00041308696169558477022103473657038231933
0.52000000000000001776356839400250464678,0.99849304630504338069124282440305403735,0.0,0.00090102163883366421616756506433916137951,0.00040883423810963185307188714200310641415
0.52500000000000002220446049250313080847,0.99851155437334322862792800046059803968,0.0,0.00089256518549409507691520918816709900372,0.00040458147832858116951336511067143084838
0.53000000000000002664535259100375697017,0.99852992216642865945643217321466560347,0.0,0.00088410858900112488689018207316554843903,0.00040032868235197063072722381805589843768
0.53500000000000003108624468950438313186,0.99854814964442508987865346952920906641,0.0,0.00087565184935111859918819430167609165224,0.00039607585017933814002943926710644098917
0.54000000000000003552713678800500929356,0.99856623676757613982187220330071111041,0.0,0.00086719496654044104383252513031241622465,0.00039182298181022159287004092121562338658
0.54500000000000003996802888650563545525,0.99858418349624369783078566479257760319,0.0,0.00085873794056545692776881383930204859738,0.00038757007724415887683294433291841289386
0.55000000000000004440892098500626161695,0.99860198979090798621029284224576571093,0.0,0.00085028077142253083485985081729828778123,0.00038331713648068787163578376831834634228
0.55500000000000004884981308350688777864,0.99861965561216762591880815539140229691,0.0,0.00084182345910802722588036838164666578063,0.00037906415951934644912974482723996794077
0.56000000000000005329070518200751394033,0.99863718092073970121188425905700847551,0.0,0.00083336600361831043851183133409025978971,0.00037481114635967247329939705910741033646
0.56499999999999994670929481799248605967,0.9986545656774598236514665393577807808,0.0,0.00082490840494974487513523238097180689135,0.00037055809700120389469959491810630472108
0.56999999999999995115018691649311222136,0.99867180984328219779043399237238296699,0.0,0.00081645066309869425163704097367135546696,0.00036630501144347837270784078638454828044
0.57499999999999995559107901499373838305,0.9986889133792796827497232286217289866,0.0,0.00080799277806152272418248593512480779079,0.00036205188968603384214411627841591988587
0.57999999999999996003197111349436454475,0.99870587624664385740820622057476922487,0.0,0.00079953474983459413802786226994963427385,0.00035779873172840813552485281532730092038
0.58499999999999996447286321199499070644,0.99871779388910381781176988282132773955,0.0,0.00079107657841427221531014627672149427665,0.00035354553757013907749902878312575960579
0.58999999999999996891375531049561686814,0.99872616610430269458985355680615308195,0.0,0.00078261826379692055504178451598342758102,0.0003492923072107644848480021229313179751
0.59499999999999997335464740899624302983,0.99873453940826527013006198167468578989,0.0,0.00077415980597890263310548251358414385952,0.0003450390406498221664853429169349708275
0.59999999999999997779553950749686919153,0.99874291380101915818369602838992086578,0.0,0.00076570120495658180224899319932972681431,0.00034078573788684992345666597008182929136
0.60499999999999998223643160599749535322,0.99875128928259197343708005463622107686,0.0,0.00075724246072632129207990508093306855093,0.00033653239892138554893946338747926168256
0.60999999999999998667732370449812151492,0.99875966585301133151160148107995543882,0.0,0.00074878357328448420906043015324534870483,0.00033227902375296682824293714752990427246
0.61499999999999999111821580299874767661,0.99876804351230484896375036964030365549,0.0,0.00074032454262743353650219154275387179238,0.00032802561238113153880783167078941461923
0.61999999999999999555910790149937383831,0.99877642226050014328515900377034578454,0.0,0.00073186536875153213456101088733057514036,0.00032377216480541745020626638454884009988
0.625,0.99878480209762483290264147074855601489,0.0,0.00072340605165314274023169545121551875649,0.0003195186810253623241415682831414742606
0.63000000000000000444089209850062616169,0.99879318302370653717823324598081989255,0.0,0.000714946591328627967342824975219667385,0.00031526516104050391444810448397407363187
0.63500000000000000888178419700125232339,0.99880156503877287640923077931309402441,0.0,0.00070648698777435030655153826213127395935,0.00031101160485037996709111477928230761168
0.64000000000000001332267629550187848508,0.99880994814285147182823108335482746344,0.0,0.00069802724098667212533831949731017259924,0.00030675801245452822016654418361031404944
0.64500000000000001776356839400250464678,0.99881833233596994560317132381326392523,0.0,0.00068956735096195566800178430445428821085,0.00030250438385248640390087547701423313856
0.65000000000000002220446049250313080847,0.99882671761815592083736841183874395961,0.0,0.00068110731769656305565346553652266872282,0.00029825071904379224065096174398959222461
0.65500000000000002664535259100375697017,0.99883510398943702156955859838112633556,0.0,0.00067264714118685628621259880179934491141,0.00029399701802798344490385890812241414334
0.66000000000000003108624468950438313186,0.9988434914498408727739370705574477444,0.0,0.00066418682142919723440090772508232166835,0.00028974328080459772327665826246392167597
0.66500000000000003552713678800500929356,0.99885187999939510036019755003094003351,0.0,0.00065572635841994765173738894398200360457,0.00028548950737317277451631899562871073453
0.67000000000000003996802888650563545525,0.99886026963812733117357189340152423819,0.0,0.00064726575215546916653309684031335667836,0.00028123569773324628949950071361626485068
0.67500000000000004440892098500626161695,0.99886866036606519299486969460790048303,0.0,0.00063880500263212328388592800656610659955,0.0002769818518843559512323959573556835798
0.68000000000000004884981308350688777864,0.99887705218323631454051788934135309207,0.0,0.00063034410984627138567540544743727363446,0.00027272796982603943485056271597349737388
0.68500000000000005329070518200751394033,0.99888544508966832546260036147139008888,0.0,0.00062188307379427473055746251641034235617,0.00026847405155783440761875693578444153898
0.68999999999999994670929481799248605967,0.99889383908538885616250131139610217857,0.0,0.00061342189447249464183673919887857242296,0.00026422009707927862338793120008024502222
0.69499999999999995115018691649311222136,0.99890223417042553853650563885653714915,0.0,0.00060496057187729175595449642217124188568,0.00025996610638990954476720657596946420229
0.69999999999999995559107901499373838305,0.99891063034480600485753367821426305842,0.0,0.00059649910600502714973893089870238076476,0.00025571207948926490986429003114115888237
0.70499999999999996003197111349436454475,0.99891902760855788852069321054891778538,0.0,0.00058803749685206158889945144327885501376,0.00025145801637688235445905434502551931846
0.70999999999999996447286321199499070644,0.99892742596170882385694702742824949707,0.0,0.00057957574441475571589579292753974393863,0.00024720391705229950645973273503473628273
0.71499999999999996891375531049561686814,0.9989358254042864461331525494072666344,0.0,0.00057111384868947004993279862648553026907,0.00024294978151505398590275133988885332331
0.71999999999999997335464740899624302983,0.99894422593631839155210144654005699789,0.0,0.00056265180967256498695520229994398535991,0.00023869560976468340495256169866368600481
0.72499999999999997779553950749686919153,0.99895262755783229725255926090439537886,0.0,0.00055418962736040079964241000895703970192,0.00023444140180072536790147322556068071106
0.72999999999999998223643160599749535322,0.99896103026885580130930503113925888384,0.0,0.00054572730174933763740328166707292767739,0.0002301871576227174711694856803985855154
0.73499999999999998667732370449812151492,0.9989694340694165427331709189953693572,0.0,0.00053726483283573552637091232652789448414,0.0002259328772301973033041216348268056744
0.73999999999999999111821580299874767661,0.99897783895954216147108183789888218599,0.0,0.00052880222061595436939741319930175216,0.00022167856062270244498025893426031627273
0.74499999999999999555910790149937383831,0.99898624493926029840609508352834078495,0.0,0.00052033946508635394604869241303157042813,0.00021742420779977046899996315553600453878
0.75,0.99899465200859859535743996640501612197,0.0,0.00051187656624329391259923550176778719602,0.00021316981876093894029232006029031436772
0.75500000000000000444089209850062616169,0.99900306016758469508055744649675059977,0.0,0.00050341352408313380202688563155702230993,0.00020891539350574541591326804405806555553
0.76000000000000000888178419700125232339,0.99900351844435999782635863222252621649,0.0,0.00049495033860223302400762356083587721108,0.00020466093203372744504543058109232026805
0.76500000000000001332267629550187848508,0.99900347526824235514368917683744983598,0.0,0.00048648700979695086491034733562000204889,0.00020040643434442256899794866490516925396
0.77000000000000001776356839400250464678,0.99900343209212471246101972145237345547,0.0,0.00047802353766364648779165171947271070793,0.00019615190043736832120631324452931029934
0.77500000000000002220446049250313080847,0.99900338891600706977835026606729707496,0.0,0.00046955992219867893239060735823742318607,0.00019189733031210222723219765650029143684
0.78000000000000002664535259100375697017,0.99900334573988942709568081068222069445,0.0,0.00046109616339840711512353967951821366494,0.00018764272396816180476329005255929139558
0.78500000000000003108624468950438313186,0.99900330256377178441301135529714431394,0.0,0.00045263226125918982907880752689274157313,0.00018338808140508456361312582307630979049
0.79000000000000003552713678800500929356,0.99900325938765414173034189991206793343,0.0,0.00044416821577738574401158152884184185443,0.00017913340262240800572092001619363953776
0.79500000000000003996802888650563545525,0.99900321621153649904767244452699155368,0.0,0.00043570402694935340633862220238004960018,0.00017487868761966962515139975268949397806
0.80000000000000004440892098500626161695,0.99900317303541885636500298914191517241,0.0,0.00042723969477145123913305779137133313866,0.00017062393639640690809463663656166118863
0.80500000000000004884981308350688777864,0.9990031298593012136823335337568387919,0.0,0.00041877521924003754211916183951430861432,0.00016636914895215733286587916133105796292
0.81000000000000005329070518200751394033,0.99900308668318357099966407837176241215,0.0,0.00041031060035147049166713049798120800599,0.00016211432528645836990538511206505591647
0.81499999999999994670929481799248605967,0.99900304350706592831795332538510264509,0.0,0.0004018458381021083287449301636071780519,0.00015785946539884757625552438614230616201
0.81999999999999995115018691649311222136,0.99900300033094828563528387000002626533,0.0,0.00039338093248830860708797524256198674621,0.00015360456928886221765233399804602843346
0.82499999999999995559107901499373838305,0.99900295715483064295261441461494988407,0.0,0.00038491588350642932092677820693908994183,0.00014934963695603983538656010669319195593
0.82999999999999996003197111349436454475,0.99900291397871300026994495922987350356,0.0,0.00037645069115282815316299340672213062388,0.00014509466839991786839682159796140255927
0.83499999999999996447286321199499070644,0.9990028708025953575872755038447971238,0.0,0.00036798535542386266331808035681895359159,0.00014083966362003374774590859518346964411
0.83999999999999996891375531049561686814,0.99900282762647771490460604845972074253,0.0,0.00035951987631589028752807945229274568013,0.00013658462261592489662061483548668674576
0.84499999999999997335464740899624302983,0.99900278445036007222193659307464436278,0.0,0.00035105425382526833853838741813680330795,0.00013232954538712873033157004185099140043
0.84999999999999997779553950749686919153,0.99900274127424242953926713768956798227,0.0,0.00034258848794835400569853249357719080605,0.00012807443193318265631307229088587675657
0.85499999999999998223643160599749535322,0.999002698098124786856597682304491601,0.0,0.00033412257868150435495694935088755188213,0.00012381928225362407412292037632592736334
0.85999999999999998667732370449812151492,0.99900265492200714417392822691941522125,0.0,0.00032565652602107632885575374870033553825,0.00011956409634799037544224616824485155823
0.86499999999999999111821580299874767661,0.99900261174588950149125877153433884074,0.0,0.00031719032996342674652551691979869665571,0.00011530887421581894407534696798788288385
0.86999999999999999555910790149937383831,0.99900256856977185880858931614926246023,0.0,0.00030872399050491230368003969337333044281,0.00011105361585664715594951785882242294789
0.875,0.99900252539365421612591986076418607972,0.0,0.0003002575076418895726111263517284988302,0.00010679832127001237911488405230679814022
0.88000000000000000444089209850062616169,0.99900248221753657344325040537910969921,0.0,0.00029179088137071500218335822142150586227,0.00010254299045545197374423323037700262102
0.88500000000000000888178419700125232339,0.9990024390414189307605809499940333187,0.0,0.00028332411168774491782886699881987804092,9.8287623412503292132847883151299979112e-05
0.89000000000000001332267629550187848508,0.99900239586530128807791149460895693819,0.0,0.00027485719858933552154210781006050454623,9.4032220140703678698337642452555969393e-05
0.89500000000000001776356839400250464678,0.99900235268918364539524203922388055843,0.0,0.00026639014207184289187463200539499114731,8.9776780639590469980471611048174718999e-05
0.90000000000000002220446049250313080847,0.99900230951306600271257258383880417717,0.0,0.00025792294213162298392985968790548059276,8.5521304908700994641010687607510800818e-05
0.90500000000000002664535259100375697017,0.99900226633694836002990312845372779666,0.0,0.0002494555987650316293578519765751911727,8.1265792947572573463539887376629556192e-05
0.91000000000000003108624468950438313186,0.9990022231608307173472336730686514169,0.0,0.00024098811196842453635008300369792408906,7.7010244755742519353300658570288057967e-05
0.91500000000000003552713678800500929356,0.99900217998471307466456421768357503564,0.0,0.00023252048173815728963421164661078920631,7.2754660332748137337023194481009086987e-05
0.92000000000000003996802888650563545525,0.99900213680859543198189476229849865588,0.0,0.00022405270807058535046885299373439768514,6.8499039678126724562758741305120499905e-05
0.92500000000000004440892098500626161695,0.99900209363247778929922530691342227537,0.0,0.00021558479096206405663834954490476892595,6.4243382791415570299711901685632359904e-05
0.93000000000000004884981308350688777864,0.99900205045636014661655585152834589411,0.0,0.00020711673040894862244754214598119819737,5.9987689672151955938072933971824194821e-05
0.93500000000000005329070518200751394033,0.99900200728024250393388639614326951435,0.0,0.00019864852640759413871654065771433023937,5.5731960319873154988850047195414745903e-05
0.93999999999999994670929481799248605967,0.99900196410412486125217564315660974729,0.0,0.0001901801789543557608121734839094435543,5.1476194734116527581082781892145870503e-05
0.94499999999999995115018691649311222136,0.99900192092800721856950618777153336753,0.0,0.00018171168804558795649922660166630746959,4.722039291441914247295449623637023067e-05
0.94999999999999995559107901499373838305,0.99900187775188957588683673238645698627,0.0,0.00017324305367764563414573208487569189275,4.2964554860318344033497518490743547494e-05
0.95499999999999996003197111349436454475,0.99900183457577193320416727700138060576,0.0,0.00016477427584688339058057722718976327649,3.8708680571351374255314724505796112132e-05
0.95999999999999996447286321199499070644,0.999001791399654290521497821616304226,0.0,0.00015630535454965569912176769484400615349,3.445277004705546725098835143961590229e-05
0.96499999999999996891375531049561686814,0.99900174822353664783882836623122784474,0.0,0.00014783628978231690957119660075562412641,3.0196823286967849252912267030832633756e-05
0.96999999999999997335464740899624302983,0.99900170504741900515615891084615146498,0.0,0.00013936708154122124820941331277183403715,2.5940840290625738613124234587290715143e-05
0.97499999999999997779553950749686919153,0.99900166187130136247348945546107508447,0.0,0.0001308977298227228177903919960522900704,2.1684821057566345803138173690283433892e-05
0.97999999999999998223643160599749535322,0.99900161869518371979082000007599870321,0.0,0.00012242823462317559753629988956987348596,1.7428765587326873413776416614220695324e-05
0.98499999999999998667732370449812151492,0.99900157551906607710815054469092232345,0.0,0.00011395859593893344313226531671408259571,1.3172673879444516155001960461602633974e-05
0.98999999999999999111821580299874767661,0.99900153234294843442548108930584594294,0.0,0.00010548881376635008672114542998125653736,8.9165459334564608557507150131714115684e-06
0.99499999999999999555910790149937383831,0.99900148916683079174281163392076956243,0.0,9.7018888101779136898293689735865329425e-05,4.6603817488998864637637462931135112959e-06
1.0,0.99900144599071314906014217853569318192,0.0,8.8548818941574078706327077027097622327e-05,4.0418132531196404541951584918483401226e-07
