value,sup,dur,Y,S
0.0,7.7741510974135285996452834102619227798e-45,106.0,0.99602264022353047918456867617779131835,0.28124550012251089164628353075077503474
0.0050000000000000001040834085586084256647,2.7700298373985732801590626125529321541e-44,105.0,0.99605798313890337280741603247242689682,0.27538312955255513577395021850013487033
0.010000000000000000208166817117216851329,1.0406141808413488197481925824196590039e-43,104.0,0.99608517062250971376472259634769736204,0.26945857525651123800988787735196730506
0.014999999999999999444888487687421729788,4.1400161497406174650661725772525140588e-43,103.0,0.99610332545413769085576172479638873008,0.26347594274670871611502378587477004121
0.020000000000000000416333634234433702659,1.7530227757874680287471780343038593097e-42,102.0,0.9961115025044878923440338829304236044,0.25743147765565380029290942301903826983
0.02500000000000000138777878078144567553,7.9446657176106763401510168752082107198e-42,101.0,0.99610868051684340401401180325910209488,0.25131333244734846035985624525372979267
0.029999999999999998889776975374843459576,3.8778684453822293216580055726343335392e-41,100.0,0.99609374969163277680342984164197818655,0.24510140204285486057768864266464952284
0.035000000000000003330669073875469621271,2.053071684535893565748330627589699432e-40,98.0,0.99606549400989358261739780847437695245,0.238767258350017453376709129004313374
0.040000000000000000832667268468867405318,1.1883847798452531595730979907757815175e-39,97.0,0.99602256693165800468806060803356708606,0.23242304505639900157050915508382059655
0.044999999999999998334665463062265189365,7.5882138291746003213328757972111660546e-39,95.0,0.9959635310592739876528976512282315461,0.22599189501732018311356034849954778564
0.050000000000000002775557561562891351059,5.3993811826839882258467628043868601993e-38,94.0,0.99588670232944912148644945677343731632,0.2194449204572211844134691580639843845
0.055000000000000000277555756156289135106,4.3305806050710126536101410180905254044e-37,92.0,0.99578996051867721017394767016017382263,0.21282483432816998109053917691495936295
0.059999999999999997779553950749686919153,3.9664266165455989369628353242557807624e-36,90.0,0.99567093741522466155061161527027359252,0.20615731053479697209442861260511424892
0.065000000000000002220446049250313080847,4.2106486228665293557681295058739737837e-35,88.0,0.99552679485879785053776103148658330839,0.19937718842757292137916338012952572274
0.070000000000000006661338147750939242542,5.2695051473172180391674677851142851457e-34,86.0,0.9953540648838901911587719988989260956,0.19250502996765736032553415519609731439
0.074999999999999997224442438437108648941,7.9274707505823136635104123480259035457e-33,84.0,0.99514890256289363914813652997715500429,0.18552895521115288867907351074901677879
0.080000000000000001665334536937734810635,1.4662832187865220807824147350132546706e-31,82.0,0.99490591703103774783409982655760336225,0.17847727726597494046701510923657586895
0.08500000000000000610622663543836097233,3.4224874127255345769613677377765406175e-30,79.0,0.99461876816151529834010233327031743469,0.17133112559492289645420014017436335512
0.089999999999999996669330926124530378729,1.0391288346889503373262714244895692663e-28,76.0,0.99427953265779937365073030963016952453,0.16410285205251436275640914913403833353
0.095000000000000001110223024625156540424,4.2514465871906914334015955652453042537e-27,73.0,0.99387846991477672415252195517259913691,0.1567545197667236694132665916919885508
0.10000000000000000555111512312578270212,2.4422790850108397982177713397496112254e-25,69.0,0.99340230559515943077857188962721374208,0.14933523754763453179956730433004791541
0.10499999999999999611421941381195210852,2.065664523297941234411331945725108699e-23,65.0,0.99283523136907239656509842237074983618,0.14179456337332533143423888859171137276
0.11000000000000000055511151231257827021,2.7138325921713513776587989308729461767e-21,61.0,0.99213883327646899443233451908999438758,0.13415934995569131340762291544450361885
0.11500000000000000499600361081320443191,5.8618965174623023485684551418476326471e-19,55.0,0.99117246538466073977022738627413056223,0.12641371243700661839230867475526056979
0.11999999999999999555910790149937383831,2.1898635581211269260060972454520652419e-16,50.0,0.98973320065160832204863012279681872066,0.11854577407578837887222992815103869498
0.125,1.4412134420783788986393631644625920995e-13,43.0,0.98743198995518281422855238640616699296,0.11058855836026546408523101042636680076
0.13000000000000000444089209850062616169,1.5441725022878561801561133942311091475e-10,35.0,0.98346491603998648730343277968722511574,0.10249660610711264842608898887740449922
0.13500000000000000888178419700125232339,1.9471663895921718565951479166897376136e-07,26.0,0.97610497622860960907140529208746233526,0.094294395570551809183882429834301787358
0.14000000000000001332267629550187848508,0.00012308266059290178518508422569637555043,14.0,0.96161999340537098694447251532653557813,0.085952294559839195333051046073497520054
0.14499999999999999000799277837359113619,0.0086523401689270705668377146862306450497,0.0,0.93239012636854006433496691668242296899,0.077485775781511909849347583795844972841
0.14999999999999999444888487687421729788,0.060272153476688593475828408657316576543,0.0,0.87503846849029811197014688488693288569,0.066375296494160710664507469439270010258
0.15499999999999999888977697537484345958,0.17003427743397101285509199045505714353,0.0,0.7726383821757156185628034570452209047,0.04951919985488153593216780090877367635
0.16000000000000000333066907387546962127,0.33721551955180615582545988378740201058,0.0,0.61850095008673039347301834861340996048,0.031561654332370514702054609200029694043
0.16500000000000000777156117237609578297,0.53322559738903175954856810424953738598,0.0,0.43643784735231993956400345825264279378,0.017207077884148861859601280064016391202
0.17000000000000001221245327087672194466,0.70818904135938047666931109052343283454,0.0,0.27275861328905845221528400668309245474,0.0082738257026725741476093238019039082517
0.17499999999999998889776975374843459576,0.83166274836165691613777252138069749093,0.0,0.15691969982536295854520745192513567452,0.0036607525925975882070098661868687404095
0.17999999999999999333866185224906075746,0.90593478200681029818518275533077872784,0.0,0.087321361209661959906866608731067391929,0.0015424167719965124240741757369455886997
0.18499999999999999777955395074968691915,0.9469651079156271543613839117347987421,0.0,0.049008274035936234264317768930629166112,0.00063221053733616410544011260020531885556
0.19000000000000000222044604925031308085,0.96890314636597667047349502205887507248,0.0,0.028623523365357930347075112347507894885,0.00050009330299269090842825646546251596202
0.19500000000000000666133814775093924254,0.97837584896925705993861017952670302298,0.0,0.019900420206411225864349914238238328501,0.00049700889190138923190333051493528133654
0.20000000000000001110223024625156540424,0.98303694795844491723289842610412380805,0.0,0.015609815573730896298429028795521038087,0.00049392446177067103297365122232868244876
0.20499999999999998778754672912327805534,0.98591651284609728854823894669708400137,0.0,0.01295946770313879747574008538242979864,0.00049084001260036003878759558674862856247
0.20999999999999999222843882762390421703,0.98790277836256943388789893368005721442,0.0,0.011131502908466783408604706043816929794,0.00048775554439027992295067566474870132831
0.21499999999999999666933092612453037873,0.98936720231498588795881457350583369618,0.0,0.0097837951866702558259749228070961561862,0.00048467105714025440825829959713944560155
0.22000000000000000111022302462515654042,0.99049710901360708125752920924823108845,0.0,0.0087438996711265722054425721318970018005,0.00048158655085010719820731397049479483439
0.22500000000000000555111512312578270212,0.9913986494338904272945795498271551415,0.0,0.0079142771912060731230164850788594965001,0.00047850202551966199411804981940535472377
0.23000000000000000999200722162640886381,0.99213640715486740172715640141182643363,0.0,0.0072353487546714764481030445527232644482,0.00047541748114874249513428903793237075515
0.23499999999999998667732370449812151492,0.99275253026829466883736455500308310697,0.0,0.0066684201352032013292318825659894405959,0.00047233291773717241534605024139485832507
0.23999999999999999111821580299874767661,0.9932748635460123210961424026364889434,0.0,0.0061877267535600834629805963932765386492,0.00046924833528477541529838307107032431058
0.24499999999999999555910790149937383831,0.99372432735326440691900977993020495177,0.0,0.0057741296724101789625511716250279411654,0.00046616373379137520472793421555784926398
0.25,0.99411576054818632179758619966814380807,0.0,0.0054139673911982762915180214122100497232,0.0004630791132567954740719531089003560428
0.25500000000000000444089209850062616169,0.99445856442578888217789811066803773341,0.0,0.0050984482019525399889474614901630032045,0.00045999447368085991159097209255070044138
0.26000000000000000888178419700125232339,0.99476305282323424575706202385864917987,0.0,0.0048182110418246712550461108248573839973,0.00045690981506339220336877282309332684208
0.26500000000000001332267629550187848508,0.9950346684893667784302471502173933708,0.0,0.0045683720066885472564400019529567500914,0.00045382513740421603331235267934382483502
0.27000000000000001776356839400250464678,0.9952782902491096758009542972166930673,0.0,0.0043441762982253706412656530991546306144,0.00045074044070315508315189116882637337122
0.27500000000000002220446049250313080847,0.995498557572662826668550784510498268,0.0,0.0041414849128507097973176130420263298588,0.00044765572496003303244071633362905902024
0.28000000000000002664535259100375697017,0.99569875855514448046091871998980043144,0.0,0.0039572701899405326157511734215178138452,0.00044457099017467355855527115563705486626
0.28499999999999997557509345824655611068,0.99588121554099368796994722466118867489,0.0,0.0037892626724001641948092797435627784648,0.00044148623634690037094283291737124820665
0.28999999999999998001598555674718227237,0.99604806323621333530765933376772502649,0.0,0.0036357552315745042000775655672894212335,0.00043840146347653707413067919726501064029
0.29499999999999998445687765524780843407,0.99620176363189681606029575698079254097,0.0,0.0034943535247820163190057397266621297351,0.00043531667156340737321193776375919716113
0.29999999999999998889776975374843459576,0.99634416222528099859577979437231623417,0.0,0.0033633594868510316370961996517189840601,0.00043223186060733493685517539781588274168
0.30499999999999999333866185224906075746,0.99647524144968841490994731735623655494,0.0,0.0032426580342593321050635141501923725899,0.00042914703060814343155190583702756271728
0.30999999999999999777955395074968691915,0.99659728736369132406138605192148779955,0.0,0.0031303992388348089843669496139142529384,0.00042606218156565652161655617711721332046
0.31500000000000000222044604925031308085,0.9967111978371192540056986715066702739,0.0,0.0030255104194509723890905882006419891227,0.00042297731347969786918643327281611877014
0.32000000000000000666133814775093924254,0.99681702646276204659747595260250285747,0.0,0.0029281790258464146798574412567409035544,0.00041989242635009113422169013811945146468
0.32500000000000001110223024625156540424,0.99691667352879549605630910763042827269,0.0,0.0028364248965251398716261068645144723056,0.00041680752017665997450529234591959184477
0.33000000000000001554312234475219156593,0.99700954797285865209179874728660530287,0.0,0.0027510168423802651651548184458170472498,0.00041372259495922804564298442701717446772
0.33500000000000001998401444325281772763,0.99709721236432676230035213606952442501,0.0,0.0026702952657183887266384354082917168313,0.00041063765069761900106325626850984686708
0.34000000000000002442490654175344388932,0.99717976531343013859269162150269341002,0.0,0.002594387387310290519214933077357627135,0.00040755268739165649201730951155872773445
0.34499999999999997335464740899624302983,0.99725724861234193588611571726767153123,0.0,0.002523037786657086011527003136452355129,0.00040446770504116420182931402835075937624
0.34999999999999997779553950749686919153,0.99733132504672634597011244461416477673,0.0,0.0024548324757532312103809269605879721367,0.00040138270364596570889542543903950992867
0.35499999999999998223643160599749535322,0.99740039598285810970366018278432866018,0.0,0.0023913247734470914174930797690533652574,0.00039829768320588469218485766943639038116
0.35999999999999998667732370449812151492,0.99746630240100829538486338213235149754,0.0,0.0023306377834527697930410638246714019386,0.00039521264372074479423932334217452602031
0.36499999999999999111821580299874767661,0.99752952009497021066442216588193421855,0.0,0.0022724326729407762797977717893348660704,0.00039212758519036965542307881344782352586
0.36999999999999999555910790149937383831,0.99758844313559235437013493081046474931,0.0,0.0022182549542236233766265219874017626746,0.00038904250761458291392289056704334274375
0.375,0.99764498085533976423187934123161386013,0.0,0.002166194697299997981571189409048996167,0.00038595741099320820574800160775127367968
0.38000000000000000444089209850062616169,0.99769938250272774205478563963978404171,0.0,0.002116106748697463133998548571867779041,0.00038287229532606916473009785415250522121
0.38500000000000000888178419700125232339,0.99775073538973434115525159264130418864,0.0,0.0020688846221932410406864650906491162877,0.00037978716061298942252327453078377218624
0.39000000000000001332267629550187848508,0.99779956713464270140692818187004508478,0.0,0.0020239179716264135653737824135789430127,0.00037670200685379260860400255968036721544
0.39500000000000001776356839400250464678,0.99784669544880091908614730605005995694,0.0,0.0019805249047312273067920088673397533602,0.00037361683404830235027109495129640407136
0.40000000000000002220446049250313080847,0.99789218920474433157299015605089343305,0.0,0.001938641448069032433202466780793950546,0.00037053164219634227264567319480261890177
0.40500000000000002664535259100375697017,0.99793495199785981897097776683194580715,0.0,0.0018992982997197809665825695292695029537,0.00036744643129773599867113364776169599402
0.40999999999999997557509345824655611068,0.99797597706956513007329074643847630294,0.0,0.001861520896597824600644715344635431862,0.00036436120135230718336615287371990145571
0.41499999999999998001598555674718227237,0.99801569329236422609583764507328097031,0.0,0.0018249531843011983344689345491200430111,0.00036127595235987937681270970162927250225
0.41999999999999998445687765524780843407,0.99805414861309012892529230130367147768,0.0,0.0017895505557798997505614817130986848594,0.00035819068432027622967365091140535366073
0.42499999999999998889776975374843459576,0.99809087146092893362342152533717623911,0.0,0.0017557302190176029958737568209155057349,0.00035510539723332135618113621848192300469
0.42999999999999999333866185224906075746,0.99812563418375103997413844223559048141,0.0,0.0017237173880554814438982811462841458874,0.0003520200910988383683894321457237324029
0.43499999999999999777955395074968691915,0.99815938789667793419497826371090694209,0.0,0.0016926379651294029733476930900606908801,0.00034893476591665087617487840936669786738
0.44000000000000000222044604925031308085,0.99819216565465587043014231651518783844,0.0,0.0016624611202225484668400606244655943274,0.00034584942168658248723585430433552024201
0.44500000000000000666133814775093924254,0.99822399946776269090249522037615629198,0.0,0.001633157009378799434774815097078861989,0.00034276405840845680709274508893872278685
0.45000000000000001110223024625156540424,0.99825449644554978463780413898298945141,0.0,0.0016049981768821843424276259598961939231,0.00033967867608209743908790836894109220328
0.45500000000000001554312234475219156593,0.99828334305361563307094767594958537631,0.0,0.0015784325289228911625047490418576276887,0.0003365932747073279843856404810135096562
0.46000000000000001998401444325281772763,0.99831143663252470649074706264605816824,0.0,0.0015525643627259809034546141889465867816,0.00033350785428397204197214287556015832273
0.46500000000000002442490654175344388932,0.99833879885525484008256372917927288966,0.0,0.0015273733906547566995583984599725037077,0.00033042241481185320865548849892309403631
0.46999999999999997335464740899624302983,0.9983654508165570546352753213439363029,0.0,0.0015028398746335185621577585207437374711,0.00032733695629079511332116483451816810437
0.47499999999999997779553950749686919153,0.99839141304543480482337953328324398698,0.0,0.0014789446140411643728916791632520339401,0.00032425147872062127990994513422607151062
0.47999999999999998223643160599749535322,0.99841600276157601382133600128525534881,0.0,0.0014560957239863729574586571926799278881,0.00032116598210115533295068029206808894762
0.48499999999999998667732370449812151492,0.99843956747072569208360031029845559077,0.0,0.0014343935017384758540638086056719805776,0.0003180804664322208605385930477302881729
0.48999999999999999111821580299874767661,0.99846258651258717728251400337673491787,0.0,0.0014131977127521009922082245819317766043,0.00031499493171364144859060953851943811548
0.49499999999999999555910790149937383831,0.99848507332438473038485334364594124891,0.0,0.0013924957061135292844227596055489030883,0.0003119093779452406808453256778314754632
0.50,0.9985070410559264503461853014019689418,0.0,0.0013722751071515128382326824325876999094,0.00030882380512684213886297353299724015024
0.50500000000000000444089209850062616169,0.99852850257398157936551561310773811861,0.0,0.0013525238131051829013826473855956076123,0.00030573821325826940202538770250546626797
0.51000000000000000888178419700125232339,0.99854918814778364718392253759039347015,0.0,0.0013332299888225293626261981012848531804,0.00030265260233934604753597169260301497811
0.51500000000000001332267629550187848508,0.99856860686716611514833707776784784351,0.0,0.0013151549718345806210291349793275084189,0.00029956697236989565041966429327233594258
0.52000000000000001776356839400250464678,0.99858763451751111894734877448577133275,0.0,0.0012976287056938849686620423277163715449,0.00029648132334974178352290595358614381844
0.52500000000000002220446049250313080847,0.99860627893488964728797701023932619437,0.0,0.0012804594360931932268303618994891243119,0.00029339565527870801751360515643929637939
0.53000000000000002664535259100375697017,0.99862454783503110964488795280764444215,0.0,0.001263639825241672781758611162288548598,0.00029030996815661792088110479265786076688
0.53500000000000003108624468950438313186,0.99864244881426890365383019001818465726,0.0,0.0012471626523634960155678067917746391573,0.00028722426198329505993614853448535445792
0.54000000000000003552713678800500929356,0.99865998935048899809287499084787024167,0.0,0.0012310208127188508991728881021960047216,0.0002841385367585629988108472084461474525
0.54500000000000003996802888650563545525,0.99867654936194982933656830568805383981,0.0,0.0012152073166225013803433127240482858843,0.00028105279248224529945864516758601224403
0.55000000000000004440892098500626161695,0.99869229745957326691203463462487948319,0.0,0.0012003488697539667288289746486294840604,0.0002779670291541655216542866630898081102
0.55500000000000004884981308350688777864,0.99870778014597310884668130074299946715,0.0,0.0011860739077208385628394439687220603407,0.00027488124677414722299378221527628625188
0.56000000000000005329070518200751394033,0.99872300134777694578780378606713714755,0.0,0.0011720445619128757951902372808763056234,0.0002717954453420139588943749839700023309
0.56499999999999994670929481799248605967,0.99873796495894237177643860453479589151,0.0,0.0011582570540709635958778224105337481783,0.00026870962485758935111369769584681710835
0.56999999999999995115018691649311222136,0.99875267484072296791870304940692885031,0.0,0.0011447076393179264845751796747082752637,0.00026562378532069681367339983490290705323
0.57499999999999995559107901499373838305,0.99876698973490631306673655810928465049,0.0,0.0011313926061813180175654375320392766273,0.00026253792673115996397298820526820849886
0.57999999999999996003197111349436454475,0.99877984216404816772967593133734979343,0.0,0.0011183082766156854295612375045641274025,0.00025945204908880234871430021605134556629
0.58499999999999996447286321199499070644,0.99879252929557367216639861586661259909,0.0,0.0011060917371211060353730654617307837544,0.00025636615239344751242023775838244936386
0.58999999999999996891375531049561686814,0.99880505248812255316436089630003976941,0.0,0.0010944985433767277326367473137919840899,0.00025328023664491899743473357204743223702
0.59499999999999997335464740899624302983,0.99881741310092349772482622979265756275,0.0,0.0010830611437559215094924985040216359033,0.0002501943018430403439227176114992751617
0.59999999999999997779553950749686919153,0.99882961249378977214963750489957612194,0.0,0.0010717781591704676790086090773756817489,0.00024710834798763508987008341124631486631
0.60499999999999998223643160599749535322,0.99884078535424585749791352566490640786,0.0,0.0010606482102623172074337397343570882691,0.00024402237507852677108365445061751717195
0.60999999999999998667732370449812151492,0.99885069792778566844542240964393821409,0.0,0.0010496699174078545692681049968225284078,0.00024093638311553892119115051790472312776
0.61499999999999999111821580299874767661,0.9988605360604900355457889954463025766,0.0,0.0010399127509043236455776314002694977196,0.00023785037209849507164115407388185444892
0.61999999999999999555910790149937383831,0.99887029973668534167612962638298090634,0.0,0.0010307202582220485186711495279609338052,0.00023476434202721875170307661470106480486
0.625,0.99887998894073114367521732266806541582,0.0,0.0010216029884099751826121111762065479245,0.00023167829290153348846712503416582349802
0.63000000000000000444089209850062616169,0.99888960365702018570132902365362217942,0.0,0.0010125609455937877280070486521909299981,0.00022859222472126280684426798538091805607
0.63500000000000000888178419700125232339,0.99889914386997841255317883257319116499,0.0,0.0010060003346749222100229520844787414816,0.00022550613748623022956620224177936228101
0.64000000000000001332267629550187848508,0.998905319845166166849911354821660178,0.0,0.00099986644212906279868023071868882967746,0.00022242003119625927718531905752619629226
0.64500000000000001776356839400250464678,0.99891140893140581610138524171079219023,0.0,0.00099373247425768832700690573475596028069,0.00021933390585117346807467052729916508272
0.65000000000000002220446049250313080847,0.99891749863402496727351463932934785136,0.0,0.00098759843105941126628068819100858611613,0.0002162477614507963184279359454462621439
0.65500000000000002664535259100375697017,0.99892358895303497462721525673501835427,0.0,0.00098146431253284405370057049052659850709,0.00021316159799495134225938816452012467442
0.66000000000000003108624468950438313186,0.99892967988844719270227347814668533576,0.0,0.0009753301186765990923857801269471544549,0.00021007541548346205140385995318926691575
0.66500000000000003552713678800500929356,0.99893577144027297631735492463384711362,0.0,0.00096919584948928875137473339172487992613,0.00020698921391615195551671035352613814165
0.67000000000000003996802888650563545525,0.99894186360852368057001301612147266092,0.0,0.00096306150496952536562398904284479244704,0.00020390299329284456207379103767199184359
0.67500000000000004440892098500626161695,0.9989479563932106608366975337102970624,0.0,0.00095692708511592123600720193498628618578,0.00020081675361336337637141266387855263062
0.68000000000000004884981308350688777864,0.99895404979434527277276318231257185699,0.0,0.00095079258992708862931407661113652258708,0.00019773049487753190152631123192646738859
0.68500000000000005329070518200751394033,0.998960143811938872312478153603283884,0.0,0.00094465801940163977824932085565156951382,0.00019464421708517363847561443792052721944
0.68999999999999994670929481799248605967,0.99896623844600281553369778371801081928,0.0,0.00093852337353818701764893734944030610927,0.00019155792023611215450657605479976427018
0.69499999999999995115018691649311222136,0.99897233369654845919919905034085598936,0.0,0.00093238865233534223961149746916826755967,0.00018847160433017080913789333022777350083
0.69999999999999995559107901499373838305,0.99897842956358715994472076924583758278,0.0,0.00092625385579171771079610494165277474041,0.00018538526936717316529701205238390063333
0.70499999999999996003197111349436454475,0.99898452604713027482027071498091073004,0.0,0.00092011898390592552755701527623464017917,0.00018229891534694271520229023815672575156
0.70999999999999996447286321199499070644,0.99899062314718916115481296834536231707,0.0,0.00091398403667657775215825441058750532499,0.00017921254226930294889230936538617322317
0.71499999999999996891375531049561686814,0.99899672086377517655627648123412562395,0.0,0.00090784901410228641277257203243066901235,0.00017612615013407735422584072391907550258
0.71999999999999997335464740899624302983,0.99900281919689967891156364179765844123,0.0,0.00090171391618166350348039486267806303814,0.00017303973894108941688181176604141341744
0.72499999999999997779553950749686919153,0.99900553913936866854487987969959752332,0.0,0.00089557874291332098426877990002171726493,0.00016995330869016262035927245628721949486
0.72999999999999998223643160599749535322,0.99900550781471437187559948632748256477,0.0,0.00088944349429587078103036762694805641709,0.00016686685938112044597736162062413082866
0.73499999999999998667732370449812151492,0.99900547649006007520631909295536760548,0.0,0.00088330817032792478556233517718537078477,0.00016378039101378637287527329501557803541
0.73999999999999999111821580299874767661,0.99900544516540577853703869958325264543,0.0,0.00087717277100809485556534946458080294716,0.00016069390358798387801222307335959682614
0.74499999999999999555910790149937383831,0.99900541384075148186775830621113768689,0.0,0.00087103729633499281464252027340519244782,0.00015760739710353643616741445480424869964
0.75,0.99900538251609718519847791283902272759,0.0,0.00086490174630723045229835331008412045439,0.00015452087156026751994000519043963731816
0.75500000000000000444089209850062616169,0.99900535119144288852919751946690776755,0.0,0.00085876612092341952393770321635349613765,0.00015143432695800059974907362936650706576
0.76000000000000000888178419700125232339,0.99900531986678859185991712609479280825,0.0,0.00085263042018217175086472654383802660901,0.00014834776329655914383358506414141032445
0.76500000000000001332267629550187848508,0.99900528854213429519063673272267784971,0.0,0.00084649464408209882028183469005091208769,0.0001452611805757666182523580755984299994
0.77000000000000001776356839400250464678,0.99900525721747999852135633935056288966,0.0,0.00084035879262181238528864679581310785726,0.00014217457879544648688403087704744381133
0.77500000000000002220446049250313080847,0.99900522589282570185207594597844793037,0.0,0.0008342228657999240648809426040904945807,0.00013908795795542221142702765784891688556
0.78000000000000002664535259100375697017,0.99900519456817140518279555260633297182,0.0,0.00082808686361504544394961528024729838985,0.00013600131805551725139952492636520916513
0.78500000000000003108624468950438313186,0.99900516324351710851351515923421801178,0.0,0.00082195078606578807327962419371410208976,0.00013291465909555506413941785228838416534
0.79000000000000003552713678800500929356,0.99900513191886281184423476586210305248,0.0,0.00081581463315076346954894766106878879674,0.00012982798107535910480428660834450560106
0.79500000000000003996802888650563545525,0.99900510059420851517495437248998809244,0.0,0.00080967840486858311532753565052875913863,0.00012674128399475282637136271137440841136
0.80000000000000004440892098500626161695,0.99900506926955421850567397911787313389,0.0,0.00080354210121785845907626244785276321081,0.00012365456785355967963749536279093069844
0.80500000000000004884981308350688777864,0.9990050379448999218363935857457581746,0.0,0.00079740572219720091514587928365068824327,0.00012056783265160311321911778841259311374
0.81000000000000005329070518200751394033,0.99900500662024562516711319237364321455,0.0,0.00079126926780522186377596692209964295786,0.00011748107838870657355221357767371220415
0.81499999999999994670929481799248605967,0.99900497529559132849852834605029996735,0.0,0.00078513273804053278735305774763650290086,0.00011439430506469357343263096678286471559
0.81999999999999995115018691649311222136,0.9990049439709370318292479526781850073,0.0,0.00077899613290174472537458378681216065672,0.00011130751267938741785508064608759395776
0.82499999999999995559107901499373838305,0.99900491264628273515996755930607004801,0.0,0.00077285945238746909199782546163015871011,0.00010822070123261161525392002569731095383
0.82999999999999996003197111349436454475,0.99900488132162843849068716593395508796,0.0,0.00076672269649631713100720678576595544307,0.00010513387072418960334299752913890535738
0.83499999999999996447286321199499070644,0.99900484999697414182140677256184012942,0.0,0.00076058586522690005207074367107903044745,0.00010204702115394481765554363025166723893
0.83999999999999996891375531049561686814,0.99900481867231984515212637918972517012,0.0,0.00075444895857782903073899628473190441894,9.8960152521700691544137188655721198168e-05
0.84499999999999997335464740899624302983,0.99900478734766554848284598581761021008,0.0,0.00074831197654771520844402136770384005412,9.5873264827280656180671784596800094579e-05
0.84999999999999997779553950749686919153,0.99900475602301125181356559244549525153,0.0,0.00074217491913516969249832451469756433558,9.2786358070508140556322053167344916426e-05
0.85499999999999998223643160599749535322,0.99900472469835695514428519907338029224,0.0,0.00073603778633880355609381241543735236148,8.969943225120657148151001790391731214e-05
0.85999999999999998667732370449812151492,0.99900469337370265847500480570126533219,0.0,0.00072990057815722783830074505735681285544,8.6612487369199373585871423760911297369e-05
0.86499999999999999111821580299874767661,0.9990046620490483618057244123291503729,0.0,0.00072376329458905354406668788967471545653,8.3525523424309969318222069460550665262e-05
0.86999999999999999555910790149937383831,0.99900463072439406513644401895703541435,0.0,0.00071762593563289164421546394885719969977,8.0438540416361778946524139219158609807e-05
0.875,0.99900459939973976846716362558492045431,0.0,0.00071148850128735307544610594546470560547,7.7351538345178220557852533849686092895e-05
0.88000000000000000444089209850062616169,0.99900456807508547179788323221280549501,0.0,0.00070535099155104874033180831238196570837,7.4264517210582710058361201240485461994e-05
0.88500000000000000888178419700125232339,0.99900453675043117512860283884069053647,0.0,0.00069921340642258950731887921442939818423,7.1177477012398661173249466210315843045e-05
0.89000000000000001332267629550187848508,0.99900450542577687845932244546857557642,0.0,0.00069307574590058621072569251935424079818,6.8090417750449485446728359739566825665e-05
0.89500000000000001776356839400250464678,0.99900447410112258179004205209646061713,0.0,0.00068693800998364965074163973019976517379,6.500333942455859224198694757768695993e-05
0.90000000000000002220446049250313080847,0.99900444277646828512076165872434565783,0.0,0.00068080019867039059342608187905091090157,6.1916242034549388741158658226803574568e-05
0.90500000000000002664535259100375697017,0.99900441145181398845148126535223069854,0.0,0.00067466231195941977070730138215467887196,5.8829125580245279945287610301520443384e-05
0.91000000000000003108624468950438313186,0.99900438012715969178220087198011573924,0.0,0.00066852434984934788038145385641362314567,5.5741990061469668674294939264879810964e-05
0.91500000000000003552713678800500929356,0.99900434880250539511292047860800077995,0.0,0.00066238631233878558611151989725078061506,5.2654835478045955566945123540475292189e-05
0.92000000000000003996802888650563545525,0.9990043174778510984436400852358858199,0.0,0.00065624819942634351742625681784437758717,4.9567661829797539080812310000702167253e-05
0.92500000000000004440892098500626161695,0.99900428615319680177435969186377086136,0.0,0.00065011001111063226971915034973065239077,4.6480469116547815492246638831131582121e-05
0.93000000000000004884981308350688777864,0.99900425482854250510507929849165590131,0.0,0.00064397174739026240424736630477313296097,4.3393257338120178896340567770995173788e-05
0.93500000000000005329070518200751394033,0.99900422350388820843579890511954094202,0.0,0.00063783340826384444813070219849670835529,4.0306026494338021206895195729766631373e-05
0.93999999999999994670929481799248605967,0.99900419217923391176721405879619769406,0.0,0.00063169499372998903065155903940647424593,3.7218776585024800707316898834144063822e-05
0.94499999999999995115018691649311222136,0.99900416085457961509793366542408273477,0.0,0.00062555650378730633805148648431009214855,3.4131507610003767847285746294682831523e-05
0.94999999999999995559107901499373838305,0.99900412952992531842865327205196777472,0.0,0.0006194179384344069313312323210705261159,3.1044219569098376547033667252646147132e-05
0.95499999999999996003197111349436454475,0.99900409820527102175937287867985281543,0.0,0.00061327929766990120105063634043731827841,2.7956912462132009994859548985806734829e-05
0.95999999999999996447286321199499070644,0.99900406688061672509009248530773785688,0.0,0.00060714058149239950362692757390549418735,2.486958628892804919760252866606925174e-05
0.96499999999999996891375531049561686814,0.99900403555596242842081209193562289684,0.0,0.00060100178990051216133367568520351030492,2.1782241049309872980608313232350271874e-05
0.96999999999999997335464740899624302983,0.99900400423130813175153169856350793754,0.0,0.00059486292289284946229974232313436548429,1.8694876743100857987695498639460803059e-05
0.97499999999999997779553950749686919153,0.999003972906653835082251305191392979,0.0,0.00058872398046802166050823243576821470206,1.5607493370124378681121888482977849644e-05
0.97999999999999998223643160599749535322,0.99900394158199953841297091181927801895,0.0,0.00058258496262463897579544554598482320333,1.2520090930203807341550812000091531546e-05
0.98499999999999998667732370449812151492,0.99900391025734524174369051844716305966,0.0,0.0005764458693613115938498269883641991632,9.432669423162514068017441446414271983e-06
0.98999999999999999111821580299874767661,0.99900387893269094507441012507504810036,0.0,0.0005703067006766496662109191074237428927,6.3452288488238667778951088487385653468e-06
0.99499999999999999555910790149937383831,0.99900384760803664840512973170293314107,0.0,0.00056416745656926331026831241720025046946,3.2577692070112312068616221337298357026e-06
1.0,0.99900381628338235173584933833081818177,0.0,0.00055802813703776260926059672217510971262,1.702904975479709088655806325408963736e-07
