value,sup,dur,Y,S
0.0,3.6973486897087783706828899103203416699e-101,131.0,0.9960052034833523650051899815876159008,0.891670562385672114672559859802998613
0.0050000000000000001040834085586084256647,7.0190624096614528530093405278050171558e-101,131.0,0.99602279720587028244000105600229718,0.89034994330380380160785059322295106377
0.010000000000000000208166817117216851329,1.3068913787626857111151215786749371908e-100,130.0,0.9960412635647374988124615836874505945,0.88888399640339364561540224741393204361
0.014999999999999999444888487687421729788,2.3929171801047975308076422402632419173e-100,130.0,0.99606168322596595283500268878071619284,0.88726266596824579028193033721099312655
0.020000000000000000416333634234433702659,4.321068376814006914008023526319346198e-100,130.0,0.99608376999008502281233948841878854223,0.8854759640988551336486201973340234493
0.02500000000000000138777878078144567553,7.7180576759667504373976252589679655682e-100,130.0,0.99610680876268620216078456849959979904,0.88351388847145931557433969183303443033
0.029999999999999998889776975374843459576,1.3675202704424723589551234032128351702e-99,130.0,0.99613379946195817350350688952321780694,0.88178416344329575404985900522479895921
0.035000000000000003330669073875469621271,2.4102482574210153559571753567035284886e-99,130.0,0.99616284786692593127664156507785914283,0.88017625479408853976454888937949467002
0.040000000000000000832667268468867405318,4.2364261224435807314751593642232176994e-99,129.0,0.9961950261648713033739688221158326587,0.87837430545870472511809272933015955486
0.044999999999999998334665463062265189365,7.4431994887301855862988861178026327421e-99,129.0,0.99623108820140508769692347857295259336,0.87636559253041298771346611633826463434
0.050000000000000002775557561562891351059,1.3099662221581201641531910325430196964e-98,129.0,0.99627154044981313062110562805999466376,0.87413730305565118481523018309231882724
0.055000000000000000277555756156289135106,2.3138400569899077621175969118324865627e-98,129.0,0.9963174595306813508033439402296332018,0.87221991743093318291130421789806984024
0.059999999999999997779553950749686919153,4.1090146299674125836974166110114909896e-98,129.0,0.99636727878727954859701744203150857003,0.87035075773178886667951950203424618381
0.065000000000000002220446049250313080847,7.3480214231365908585289221113030274831e-98,128.0,0.99642031510507262646106491080008682869,0.86823255876627824616215689404757484794
0.070000000000000006661338147750939242542,1.3251968998647498751070763284727370195e-97,128.0,0.99647575334121901144967287185910506011,0.86584924150349621008352903229033997432
0.074999999999999997224442438437108648941,2.4136804963366296100771571728514034057e-97,128.0,0.99653272379886995104673796101459271393,0.8634578924017758786944282037104541772
0.080000000000000001665334536937734810635,4.4458413374316833646869915368858239443e-97,128.0,0.99659036499006732718111379470018877416,0.86143522297305082087550221084280416901
0.08500000000000000610622663543836097233,8.292212183275686011255031154248871844e-97,127.0,0.99664869222421412036644022466862668848,0.85910620198335169866373310588289920178
0.089999999999999996669330926124530378729,1.5681442468545374856486203779200882926e-96,127.0,0.99670718892228470982596777610099336753,0.85645080288934190982635073148142401332
0.095000000000000001110223024625156540424,3.0106025526392864362733756698744728578e-96,127.0,0.99676439631595222969683220389899116228,0.85387267618336987033133342714656243781
0.10000000000000000555111512312578270212,5.8752533991527651559409343114041836615e-96,127.0,0.99682162005722318155716237088030460185,0.85155566511973948535107722075893584759
0.10499999999999999611421941381195210852,1.1669861189064188346384952280632416099e-95,126.0,0.99687692095667725445000579071836055855,0.84885502616288164571016288126385124401
0.11000000000000000055511151231257827021,2.3623353497896234162015506907936188376e-95,126.0,0.99693115085784829608912398693969735032,0.84574571200012377002713553310918047141
0.11500000000000000499600361081320443191,4.8802268240055222234222968103237729955e-95,126.0,0.99698306514521407347737900827284497266,0.84328173407216909151095178039792852477
0.11999999999999999555910790149937383831,1.0303055013752708469505869812037402714e-94,126.0,0.9970334541489294663348832854878451803,0.8404481413223157326321391425910642998
0.125,2.2261161202935963383938762294805802593e-94,125.0,0.99708065809828113855442832961621311848,0.83712755764203437399615872556880992646
0.13000000000000000444089209850062616169,4.9299347451985710595116008809896324897e-94,125.0,0.99712641279772974736859296491523711361,0.83431370592181510549611118701864652838
0.13500000000000000888178419700125232339,1.1208147994319705837453259589330411108e-93,125.0,0.99716825480114053821867501243477862339,0.83121207318741395403989922453649473381
0.14000000000000001332267629550187848508,2.6202959802397382013428880509381973302e-93,124.0,0.99720811605085907100205855734048505407,0.82752397717680590205704306305616665889
0.14499999999999999000799277837359113619,6.3104000139382510458530642098022408361e-93,124.0,0.99724424480352979636700179278432205751,0.82457985787555156725440824514224436185
0.14999999999999999444888487687421729788,1.5684364607147753349166510960548810241e-92,124.0,0.99727682370335448578951277695682020524,0.82100989511314801635913370824886264096
0.15499999999999999888977697537484345958,4.0313181812515938838340539473629452904e-92,123.0,0.99730649327830664868775595801176808841,0.81735271077187701883303213261219046775
0.16000000000000000333066907387546962127,1.0738004488668310592238437609174331341e-91,123.0,0.99733122216626505620888385941403418839,0.81384394264668914488582747743869077502
0.16500000000000000777156117237609578297,2.9709097078050222771943309946300943851e-91,122.0,0.99735332687543770979680364073250285198,0.80963741864336710107814010836027717784
0.17000000000000001221245327087672194466,8.5587888341489489437912426614492670361e-91,122.0,0.99737033250466951129826302046486012277,0.80610123306769724233101374638035771934
0.17499999999999998889776975374843459576,2.5742045220919721373466107776154593424e-90,122.0,0.99738301899486416210566469685536259888,0.80162412363017010513706125019722399107
0.17999999999999999333866185224906075746,8.1063514151290556651283667906155233616e-90,121.0,0.99739129546966926609749391148351653627,0.79781539606422036393210091020771095858
0.18499999999999999777955395074968691915,2.6810611947189644006686720192985482246e-89,121.0,0.99739363897524558500799074360432365159,0.79303346082985681313785286735730040171
0.19000000000000000222044604925031308085,9.3443607610200451515673844230161328812e-89,120.0,0.99739192956862655344385827647263264928,0.78895553456980919688251873781744689746
0.19500000000000000666133814775093924254,3.4446511836096857999018911453790987917e-88,120.0,0.99738285197462509831059565594558472147,0.78401236627531960057445541941656743875
0.20000000000000001110223024625156540424,1.3484293462796562575459442364791616346e-87,119.0,0.9973694965149882776590447875590992109,0.77939862683735804809669349893285104695
0.20499999999999998778754672912327805534,5.6297965895790644817320259401990129893e-87,119.0,0.99734764179453639487715422274559423457,0.7744096199521248462181162570601496535
0.20999999999999999222843882762390421703,2.5189018153275996556120753749647808802e-86,118.0,0.99732034000312344606252342858099745114,0.76889817713542975507736784904700690424
0.21499999999999999666933092612453037873,1.2141018477565130382013422383409471436e-85,117.0,0.99728389805609387833864521179906430685,0.76385967847372169015220578847375684944
0.22000000000000000111022302462515654042,6.3404151341509180040244047895453751917e-85,117.0,0.99723931445373685618196741797682944728,0.75830638306325019040955611051143976268
0.22500000000000000555111512312578270212,3.6102757465330628431043172722716168658e-84,116.0,0.99718574243192270636698393093323467077,0.75233737724912597903680541801995478173
0.23000000000000000999200722162640886381,2.2570537468764326029556599231213598223e-83,115.0,0.9971204179675167550843814425857161327,0.74619995555532004042506278784830162863
0.23499999999999998667732370449812151492,1.561173832104924156320909959752640779e-82,115.0,0.99704431388498568588138064702551565997,0.74013498545902708518824723039944508466
0.23999999999999999111821580299874767661,1.2048826288571664148422115980770823739e-81,114.0,0.99695584309749522936148212447545194556,0.73372115323646112222866644682284734923
0.24499999999999999555910790149937383831,1.0473398563095649382554250974537162361e-80,113.0,0.99685207967391138969140850366927158798,0.72699304058520346937358726255616672004
0.25,1.0360511460069492415605445911569988484e-79,112.0,0.99673142085862539812687734041760669615,0.71995948258883525659018350171748557639
0.25500000000000000444089209850062616169,1.1798195150777815801896972723063787655e-78,111.0,0.99659187905606304705178889365819826783,0.712597811085878487219570597820180436
0.26000000000000000888178419700125232339,1.5664960897003240925657208580095159574e-77,110.0,0.99643096248621659838808081168577261592,0.70484822392146879839162555455978542892
0.26500000000000001332267629550187848508,2.459667124695119523762920965826101564e-76,109.0,0.99624549542310068902914643143582651411,0.69696388796254780782841407921804303608
0.27000000000000001776356839400250464678,4.6398206320527964623122898478754449892e-75,108.0,0.99603133557208158723840082037159714523,0.68886356378139780765729077211696001972
0.27500000000000002220446049250313080847,1.0700978148756035507813417524962382734e-73,106.0,0.99578291127479197258882947343019567346,0.6800730862893203022622919349163571569
0.28000000000000002664535259100375697017,3.0770339558758445263311441272251125887e-72,105.0,0.99549329964979558476553228521447527799,0.67127569198750218897057117427809269395
0.28499999999999997557509345824655611068,1.127435061147158117455602749919629288e-70,104.0,0.99516231359410231329591834747470294536,0.66178538125118506537809316447348203236
0.28999999999999998001598555674718227237,5.3933271960374342225992254822401521148e-69,102.0,0.99477037454578534471500784870372756201,0.65204935619722142989498101973228851192
0.29499999999999998445687765524780843407,3.4610177198557604112607981642569821844e-67,100.0,0.9943181477607891082333541105765640236,0.64198645331647231505765119355676918348
0.29999999999999998889776975374843459576,3.0709237165594806144514192738323406363e-65,99.0,0.99378503909480585525936576628502897477,0.65275012198329258934524636143886385848
0.30499999999999999333866185224906075746,3.8967242206687591508593060361463134992e-63,97.0,0.99315479388515871776149612396280591646,0.67016654955095456549893026853379167732
0.30999999999999999777955395074968691915,7.3419566903473277837393166569656982281e-61,94.0,0.99240460683647269309362931291836693521,0.68773332218137126047792350698616158055
0.31500000000000000222044604925031308085,2.1416575748917416806259347546032229537e-58,92.0,0.9915118951229406350651597121031236669,0.70540070418976512332121649802717503014
0.32000000000000000666133814775093924254,1.0130702071617686308468558105131195207e-55,89.0,0.99043201652075842892145756216022404625,0.72311081437200215747782870681863582703
0.32500000000000001110223024625156540424,8.1792864928926691542434255887412736828e-53,86.0,0.98912755617680199721842603878171189258,0.7407906142939494396801090567161059267
0.33000000000000001554312234475219156593,1.1923516751131458367477555536463291835e-49,83.0,0.98753779650285722699189119922614968146,0.75837666336263867034293477230103030935
0.33500000000000001998401444325281772763,3.3367339508842878562436914099159279346e-46,79.0,0.98555919472545172278474215606124648463,0.77576975247126823065241850902717176878
0.34000000000000002442490654175344388932,1.9148136985547592950635202603977597509e-42,75.0,0.98310232999868057472046080626701497663,0.79288225218975957113730280728389552643
0.34499999999999997335464740899624302983,2.4163283836993783609083323627999992461e-38,70.0,0.97997847288526150231851633158901597286,0.80960941245932381292563538919376700829
0.34999999999999997779553950749686919153,7.2064288570628201451433609735070883458e-34,64.0,0.97598336498256656290697260411448437892,0.82584063899622854513059199601745789241
0.35499999999999998223643160599749535322,5.456451888023366419200861994786519807e-29,58.0,0.97075113616939048053692502226995582204,0.84146467312165261413978279633974983802
0.35999999999999998667732370449812151492,1.1212959645486984479795530624139772185e-23,50.0,0.96382209959741298539059529278122702673,0.856332632124860963111914358362592729
0.36499999999999999111821580299874767661,6.6096796259186417308254810310358218439e-18,40.0,0.95439857864848311202442929374985568054,0.86863667179999056393009627443245990064
0.36999999999999999555910790149937383831,1.1458313907405515299201812452062191383e-11,28.0,0.94128476597611252946409954470817893515,0.85959186840693734375787816789340702746
0.375,2.0939411760725626158454011407034185503e-05,12.0,0.90454972952825361367901572809132479472,0.58136034689224082863485428000779304766
0.38000000000000000444089209850062616169,0.049605746362277950505329383115579625469,0.0,0.77848354550110372662809640187937638841,0.28258755787515241801081931493049292753
0.38500000000000000888178419700125232339,0.32365540883355164900038146335404593157,0.0,0.54360945444450282033758464602384817735,0.14141666848213634465465625184057642897
0.39000000000000001332267629550187848508,0.64529247820431114595353614552062870562,0.0,0.28519223417275517068178868281233040095,0.055930201474026014618669784298001458282
0.39500000000000001776356839400250464678,0.8510440673485712008973061763196443998,0.0,0.11942111951379727511389365072441849436,0.018493119346202987951261264649953545913
0.40000000000000002220446049250313080847,0.94280897282185278994887002199881549117,0.0,0.045576377147363259104050177837851586855,0.0056244946691367971672150684345894390754
0.40500000000000002664535259100375697017,0.97783094021685729681734653663713344621,0.0,0.017547961628639687558882388052151218953,0.0016591743556193988980763594538792755424
0.40999999999999997557509345824655611068,0.99075382598545793618387926524450591703,0.0,0.0072747287311350714746714512344233303075,0.00050566661797406355507402914823525069397
0.41499999999999998001598555674718227237,0.99514407925888442257334955813466771651,0.0,0.0038121992687923526594361206641174662478,0.00049813383315565925576434355958472081495
0.41999999999999998445687765524780843407,0.99655116506917974921892140754838978163,0.0,0.0027057686268238132389927550562386346488,0.00049388183337463512678894210250777715869
0.42499999999999998889776975374843459576,0.99727492690433328913945734607341146448,0.0,0.0021362713417486908557228348358634454946,0.00048962979740775335621314384749379750434
0.42999999999999999333866185224906075746,0.99772459966958616095778279694670346026,0.0,0.0017821094918104231911155802399127870556,0.00048537772525455201249914692504080760418
0.43499999999999999777955395074968691915,0.99803218193552096781526746437283335198,0.0,0.0015392241740981576022051943228090107282,0.00048112561691456915624671673641764318759
0.44000000000000000222044604925031308085,0.99825482917053259539315750584383107728,0.0,0.0013627662341817760665975623538153652218,0.00047687347238734284019301867207996281739
0.44500000000000000666133814775093924254,0.99842069660409279702360053851900049098,0.0,0.0012301230375240670019901961089122323562,0.00047262129167241110921245082581533109803
0.45000000000000001110223024625156540424,0.99854438518261201164158207649965392756,0.0,0.001129197966649844483365215220719291544,0.00046836907476931200031647670461724505672
0.45500000000000001554312234475219156593,0.99863086265497066440708814251098400262,0.0,0.0010544461018846685815433975166214546097,0.00046411682167758354265345793428797644101
0.46000000000000001998401444325281772763,0.99867877749094484139042212993211247878,0.0,0.0010068976525876658836209616643581906586,0.00045986453239676375750848696077010273402
0.46500000000000002442490654175344388932,0.99870770213516086055141837313443410174,0.0,0.00099403317848395553784243647518235823044,0.00045561220692639065830321974720659964021
0.46999999999999997335464740899624302983,0.99873080114774823042945811410575346115,0.0,0.00098557829959192014877587450533142217866,0.00045135984526600229780660760734506301717
0.47499999999999997779553950749686919153,0.99874863262470248508599215766175628901,0.0,0.00097712327758646100972554899594065861617,0.00044710744741513657929153512916824523146
0.47999999999999998223643160599749535322,0.99876632384264100443321793847442937178,0.0,0.00096866811246394452110743754665607566295,0.00044285501337333153979884231523317652372
0.48499999999999998667732370449812151492,0.9987838747613583531481550021206045767,0.0,0.0009602128042207368664551463962447747037,0.00043860254314012516129476608265221392455
0.48999999999999999111821580299874767661,0.99880128534076723263629892982291804133,0.0,0.0009517573528532041062819224186371353546,0.00043435003671505541788127028696254392395
0.49499999999999999555910790149937383831,0.99881565756925656400958350214646646193,0.0,0.0009433017583577121780754471167047180357,0.0004300974940976602757958783935549717556
0.50,0.9988240230637561649731364558990819975,0.0,0.00093484602073062689629263035166504670101,0.00042584491528747769341150614483038140839
0.50500000000000000444089209850062616169,0.99883238964697457500822476152812927013,0.0,0.0009263901399683139523544038080976085695,0.00042159230028404562123629422308373913302
0.51000000000000000888178419700125232339,0.99884075731893943321826908737925775472,0.0,0.00091793411606713891464051419455540657056,0.00041733964908690200191344090911551315416
0.51500000000000001332267629550187848508,0.99884912607967837964243187914940378952,0.0,0.00090947794902346722848431617975639919106,0.00041308696169558477022103473657038231969
0.52000000000000001776356839400250464678,0.99885749592921905525565696051621482761,0.0,0.00090102163883366421616756506433916138025,0.00040883423810963185307188714200310641452
0.52500000000000002220446049250313080847,0.99886586686758910196870913577857101446,0.0,0.00089256518549409507691520918816709900445,0.00040458147832858116951336511067143084838
0.53000000000000002664535259100375697017,0.99887423889481616262821379450832320945,0.0,0.00088410858900112488689018207316554843977,0.00040032868235197063072722381805589843768
0.53500000000000003108624468950438313186,0.99888261201092788101669651821336657109,0.0,0.00087565184935111859918819430167609165371,0.00039607585017933814002943926710644098917
0.54000000000000003552713678800500929356,0.99889098621595190185262268901216899968,0.0,0.00086719496654044104383252513031241622539,0.00039182298181022159287004092121562338658
0.54500000000000003996802888650563545525,0.99889936150991587079043710031987349029,0.0,0.00085873794056545692776881383930204859811,0.00038757007724415887683294433291841289386
0.55000000000000004440892098500626161695,0.99890773789284743442060356954609364247,0.0,0.00085028077142253083485985081729828778197,0.00038331713648068787163578376831834634228
0.55500000000000004884981308350688777864,0.99891611536477424026964455280452154126,0.0,0.00084182345910802722588036838164666578137,0.00037906415951934644912974482723996794077
0.56000000000000005329070518200751394033,0.99892449392572393680018076163446716402,0.0,0.00083336600361831043851183133409025979045,0.00037481114635967247329939705910741033646
0.56499999999999994670929481799248605967,0.99893287357572417322489308326869341867,0.0,0.00082490840494974487513523238097180689282,0.00037055809700120389469959491810630472145
0.56999999999999995115018691649311222136,0.99894125431480260025084881254155723041,0.0,0.00081645066309869425163704097367135546696,0.00036630501144347837270784078638454828044
0.57499999999999995559107901499373838305,0.99894963614298686896314763134045504905,0.0,0.00080799277806152272418248593512480779226,0.00036205188968603384214411627841591988624
0.57999999999999996003197111349436454475,0.99895801906030463156919948036534538115,0.0,0.00079953474983459413802786226994963427459,0.00035779873172840813552485281532730092038
0.58499999999999996447286321199499070644,0.99896640306678354121271066953264769495,0.0,0.00079107657841427221531014627672149427738,0.00035354553757013907749902878312575960579
0.58999999999999996891375531049561686814,0.99897478816245125197372350677087485863,0.0,0.00078261826379692055504178451598342758175,0.0003492923072107644848480021229313179751
0.59499999999999997335464740899624302983,0.99898317434733541886865592882903178017,0.0,0.00077415980597890263310548251358414385952,0.0003450390406498221664853429169349708275
0.59999999999999997779553950749686919153,0.99899156162146369785034113409789955847,0.0,0.00076570120495658180224899319932972681505,0.00034078573788684992345666597008182929136
0.60499999999999998223643160599749535322,0.99899994998486374580806721744432438423,0.0,0.00075724246072632129207990508093306855166,0.00033653239892138554893946338747926168293
0.60999999999999998667732370449812151492,0.99900481372788927830548359137640101609,0.0,0.00074878357328448420906043015324534870483,0.00033227902375296682824293714752990427209
0.61499999999999999111821580299874767661,0.99900477055177163562281413599132463483,0.0,0.00074032454262743353650219154275387179312,0.00032802561238113153880783167078941461959
0.61999999999999999555910790149937383831,0.99900472737565399294014468060624825507,0.0,0.00073186536875153213456101088733057514036,0.00032377216480541745020626638454884009951
0.625,0.99900468419953635025747522522117187456,0.0,0.00072340605165314274023169545121551875649,0.0003195186810253623241415682831414742606
0.63000000000000000444089209850062616169,0.99900464102341870757480576983609549405,0.0,0.000714946591328627967342824975219667385,0.00031526516104050391444810448397407363187
0.63500000000000000888178419700125232339,0.99900459784730106489213631445101911354,0.0,0.00070648698777435030655153826213127396008,0.00031101160485037996709111477928230761131
0.64000000000000001332267629550187848508,0.99900455467118342220946685906594273303,0.0,0.00069802724098667212533831949731017259924,0.00030675801245452822016654418361031404907
0.64500000000000001776356839400250464678,0.99900451149506577952679740368086635252,0.0,0.00068956735096195566800178430445428821085,0.00030250438385248640390087547701423313856
0.65000000000000002220446049250313080847,0.99900446831894813684412794829578997201,0.0,0.00068110731769656305565346553652266872356,0.00029825071904379224065096174398959222498
0.65500000000000002664535259100375697017,0.99900442514283049416145849291071359225,0.0,0.00067264714118685628621259880179934491141,0.00029399701802798344490385890812241414334
0.66000000000000003108624468950438313186,0.99900438196671285147878903752563721099,0.0,0.00066418682142919723440090772508232166909,0.00028974328080459772327665826246392167671
0.66500000000000003552713678800500929356,0.99900433879059520879611958214056083048,0.0,0.00065572635841994765173738894398200360457,0.00028548950737317277451631899562871073416
0.67000000000000003996802888650563545525,0.99900429561447756611345012675548445072,0.0,0.00064726575215546916653309684031335667909,0.00028123569773324628949950071361626485141
0.67500000000000004440892098500626161695,0.99900425243835992343078067137040806946,0.0,0.00063880500263212328388592800656610660028,0.0002769818518843559512323959573556835798
0.68000000000000004884981308350688777864,0.99900420926224228074811121598533168895,0.0,0.00063034410984627138567540544743727363519,0.00027272796982603943485056271597349737425
0.68500000000000005329070518200751394033,0.99900416608612463806544176060025530919,0.0,0.00062188307379427473055746251641034235617,0.00026847405155783440761875693578444153898
0.68999999999999994670929481799248605967,0.99900412291000699538373100761359554213,0.0,0.0006134218944724946418367391988785724237,0.00026422009707927862338793120008024502259
0.69499999999999995115018691649311222136,0.99900407973388935270106155222851916162,0.0,0.00060496057187729175595449642217124188641,0.00025996610638990954476720657596946420229
0.69999999999999995559107901499373838305,0.99900403655777171001839209684344278111,0.0,0.0005964991060050271497389308987023807655,0.00025571207948926490986429003114115888273
0.70499999999999996003197111349436454475,0.99900399338165406733572264145836640135,0.0,0.00058803749685206158889945144327885501376,0.00025145801637688235445905434502551931846
0.70999999999999996447286321199499070644,0.99900395020553642465305318607329002009,0.0,0.0005795757444147557158957929275397439401,0.0002472039170522995064597327350347362831
0.71499999999999996891375531049561686814,0.99900390702941878197038373068821363958,0.0,0.00057111384868947004993279862648553027054,0.00024294978151505398590275133988885332312
0.71999999999999997335464740899624302983,0.99900386385330113928771427530313725982,0.0,0.00056265180967256498695520229994398535991,0.00023869560976468340495256169866368600481
0.72499999999999997779553950749686919153,0.99900382067718349660504481991806087856,0.0,0.00055418962736040079964241000895703970266,0.00023444140180072536790147322556068071106
0.72999999999999998223643160599749535322,0.9990037775010658539223753645329844988,0.0,0.00054572730174933763740328166707292767739,0.0002301871576227174711694856803985855154
0.73499999999999998667732370449812151492,0.99900373432494821123970590914790811829,0.0,0.0005372648328357355263709123265278944856,0.0002259328772301973033041216348268056744
0.73999999999999999111821580299874767661,0.99900369114883056855703645376283173703,0.0,0.00052880222061595436939741319930175216,0.00022167856062270244498025893426031627292
0.74499999999999999555910790149937383831,0.99900364797271292587436699837775535727,0.0,0.00052033946508635394604869241303157042813,0.00021742420779977046899996315553600453878
0.75,0.99900360479659528319169754299267897676,0.0,0.00051187656624329391259923550176778719676,0.00021316981876093894029232006029031436772
0.75500000000000000444089209850062616169,0.9990035616204776405090280876076025955,0.0,0.00050341352408313380202688563155702230993,0.00020891539350574541591326804405806555553
0.76000000000000000888178419700125232339,0.99900351844435999782635863222252621574,0.0,0.00049495033860223302400762356083587721108,0.00020466093203372744504543058109232026805
0.76500000000000001332267629550187848508,0.99900347526824235514368917683744983523,0.0,0.00048648700979695086491034733562000204889,0.00020040643434442256899794866490516925396
0.77000000000000001776356839400250464678,0.99900343209212471246101972145237345472,0.0,0.0004780235376636464877916517194727107083,0.00019615190043736832120631324452931029934
0.77500000000000002220446049250313080847,0.99900338891600706977835026606729707421,0.0,0.00046955992219867893239060735823742318607,0.00019189733031210222723219765650029143684
0.78000000000000002664535259100375697017,0.9990033457398894270956808106822206937,0.0,0.00046109616339840711512353967951821366457,0.00018764272396816180476329005255929139539
0.78500000000000003108624468950438313186,0.99900330256377178441301135529714431319,0.0,0.00045263226125918982907880752689274157313,0.00018338808140508456361312582307630979049
0.79000000000000003552713678800500929356,0.99900325938765414173034189991206793268,0.0,0.00044416821577738574401158152884184185443,0.00017913340262240800572092001619363953776
0.79500000000000003996802888650563545525,0.99900321621153649904767244452699155292,0.0,0.00043570402694935340633862220238004960018,0.00017487868761966962515139975268949397806
0.80000000000000004440892098500626161695,0.99900317303541885636500298914191517166,0.0,0.00042723969477145123913305779137133313829,0.00017062393639640690809463663656166118881
0.80500000000000004884981308350688777864,0.99900312985930121368233353375683879115,0.0,0.00041877521924003754211916183951430861432,0.00016636914895215733286587916133105796292
0.81000000000000005329070518200751394033,0.99900308668318357099966407837176241139,0.0,0.00041031060035147049166713049798120800525,0.0001621143252864583699053851120650559161
0.81499999999999994670929481799248605967,0.99900304350706592831795332538510264433,0.0,0.00040184583810210832874493016360717805153,0.00015785946539884757625552438614230616183
0.81999999999999995115018691649311222136,0.99900300033094828563528387000002626458,0.0,0.00039338093248830860708797524256198674621,0.00015360456928886221765233399804602843328
0.82499999999999995559107901499373838305,0.99900295715483064295261441461494988331,0.0,0.0003849158835064293209267782069390899422,0.00014934963695603983538656010669319195611
0.82999999999999996003197111349436454475,0.9990029139787130002699449592298735028,0.0,0.00037645069115282815316299340672213062388,0.00014509466839991786839682159796140255908
0.83499999999999996447286321199499070644,0.99900287080259535758727550384479712305,0.0,0.00036798535542386266331808035681895359196,0.00014083966362003374774590859518346964411
0.83999999999999996891375531049561686814,0.99900282762647771490460604845972074178,0.0,0.0003595198763158902875280794522927456805,0.00013658462261592489662061483548668674576
0.84499999999999997335464740899624302983,0.99900278445036007222193659307464436202,0.0,0.00035105425382526833853838741813680330795,0.00013232954538712873033157004185099140043
0.84999999999999997779553950749686919153,0.99900274127424242953926713768956798151,0.0,0.00034258848794835400569853249357719080568,0.00012807443193318265631307229088587675676
0.85499999999999998223643160599749535322,0.99900269809812478685659768230449160025,0.0,0.00033412257868150435495694935088755188286,0.00012381928225362407412292037632592736352
0.85999999999999998667732370449812151492,0.99900265492200714417392822691941522049,0.0,0.00032565652602107632885575374870033553825,0.00011956409634799037544224616824485155823
0.86499999999999999111821580299874767661,0.99900261174588950149125877153433883998,0.0,0.00031719032996342674652551691979869665571,0.00011530887421581894407534696798788288395
0.86999999999999999555910790149937383831,0.99900256856977185880858931614926245947,0.0,0.00030872399050491230368003969337333044244,0.00011105361585664715594951785882242294789
0.875,0.99900252539365421612591986076418607896,0.0,0.0003002575076418895726111263517284988302,0.00010679832127001237911488405230679814022
0.88000000000000000444089209850062616169,0.99900248221753657344325040537910969845,0.0,0.00029179088137071500218335822142150586227,0.00010254299045545197374423323037700262102
0.88500000000000000888178419700125232339,0.99900243904141893076058094999403331794,0.0,0.00028332411168774491782886699881987804128,9.8287623412503292132847883151299979204e-05
0.89000000000000001332267629550187848508,0.99900239586530128807791149460895693743,0.0,0.00027485719858933552154210781006050454623,9.4032220140703678698337642452555969393e-05
0.89500000000000001776356839400250464678,0.99900235268918364539524203922388055768,0.0,0.00026639014207184289187463200539499114731,8.9776780639590469980471611048174718999e-05
0.90000000000000002220446049250313080847,0.99900230951306600271257258383880417641,0.0,0.00025792294213162298392985968790548059276,8.5521304908700994641010687607510800818e-05
0.90500000000000002664535259100375697017,0.9990022663369483600299031284537277959,0.0,0.0002494555987650316293578519765751911727,8.1265792947572573463539887376629556192e-05
0.91000000000000003108624468950438313186,0.99900222316083071734723367306865141615,0.0,0.00024098811196842453635008300369792408924,7.7010244755742519353300658570288057875e-05
0.91500000000000003552713678800500929356,0.99900217998471307466456421768357503488,0.0,0.00023252048173815728963421164661078920668,7.2754660332748137337023194481009087079e-05
0.92000000000000003996802888650563545525,0.99900213680859543198189476229849865513,0.0,0.0002240527080705853504688529937343976855,6.8499039678126724562758741305120500088e-05
0.92500000000000004440892098500626161695,0.99900209363247778929922530691342227462,0.0,0.00021558479096206405663834954490476892614,6.4243382791415570299711901685632359996e-05
0.93000000000000004884981308350688777864,0.99900205045636014661655585152834589335,0.0,0.00020711673040894862244754214598119819755,5.9987689672151955938072933971824194867e-05
0.93500000000000005329070518200751394033,0.9990020072802425039338863961432695136,0.0,0.00019864852640759413871654065771433023956,5.5731960319873154988850047195414745903e-05
0.93999999999999994670929481799248605967,0.99900196410412486125217564315660974653,0.0,0.0001901801789543557608121734839094435543,5.1476194734116527581082781892145870548e-05
0.94499999999999995115018691649311222136,0.99900192092800721856950618777153336678,0.0,0.00018171168804558795649922660166630746977,4.7220392914419142472954496236370230716e-05
0.94999999999999995559107901499373838305,0.99900187775188957588683673238645698551,0.0,0.00017324305367764563414573208487569189294,4.2964554860318344033497518490743547448e-05
0.95499999999999996003197111349436454475,0.999001834575771933204167277001380605,0.0,0.00016477427584688339058057722718976327649,3.8708680571351374255314724505796112132e-05
0.95999999999999996447286321199499070644,0.99900179139965429052149782161630422525,0.0,0.00015630535454965569912176769484400615367,3.4452770047055467250988351439615902336e-05
0.96499999999999996891375531049561686814,0.99900174822353664783882836623122784398,0.0,0.00014783628978231690957119660075562412641,3.0196823286967849252912267030832633733e-05
0.96999999999999997335464740899624302983,0.99900170504741900515615891084615146423,0.0,0.00013936708154122124820941331277183403733,2.5940840290625738613124234587290715143e-05
0.97499999999999997779553950749686919153,0.99900166187130136247348945546107508372,0.0,0.00013089772982272281779039199605229007021,2.1684821057566345803138173690283433869e-05
0.97999999999999998223643160599749535322,0.99900161869518371979082000007599870245,0.0,0.00012242823462317559753629988956987348596,1.7428765587326873413776416614220695347e-05
0.98499999999999998667732370449812151492,0.9990015755190660771081505446909223227,0.0,0.00011395859593893344313226531671408259581,1.3172673879444516155001960461602633985e-05
0.98999999999999999111821580299874767661,0.99900153234294843442548108930584594219,0.0,0.00010548881376635008672114542998125653746,8.9165459334564608557507150131714115684e-06
0.99499999999999999555910790149937383831,0.99900148916683079174281163392076956168,0.0,9.7018888101779136898293689735865329517e-05,4.6603817488998864637637462931135112959e-06
1.0,0.99900144599071314906014217853569318117,0.0,8.854881894157407870632707702709762251e-05,4.0418132531196404541951584918483401262e-07
