value,sup,dur,Y,S
0.0,1.8807234299037766369208613347540478212e-78,110.0,0.99602264022353047918456867617779131459,0.28124550012251089164628353075077503549
0.0050000000000000001040834085586084256647,1.1915043931877252852976857462359505637e-77,109.0,0.99605798313890337280741603247242689758,0.27538312955255513577395021850013486995
0.010000000000000000208166817117216851329,8.2066703180748324880385964810847344292e-77,108.0,0.99608517062250971376472259634769736279,0.26945857525651123800988787735196730581
0.014999999999999999444888487687421729788,6.1885563784696622631127354801908235348e-76,108.0,0.99610332545413769085576172479638873158,0.26347594274670871611502378587477004234
0.020000000000000000416333634234433702659,5.1496319011150417270348097028661897387e-75,107.0,0.99611150250448789234403388293042360139,0.25743147765565380029290942301903826983
0.02500000000000000138777878078144567553,4.7703875628498622943781157901820003287e-74,106.0,0.99610868051684340401401180325910209488,0.25131333244734846035985624525372979154
0.029999999999999998889776975374843459576,4.9684214689373890404005050501244480443e-73,105.0,0.99609374969163277680342984164197818504,0.24510140204285486057768864266464952246
0.035000000000000003330669073875469621271,5.8830881088137577021583715568944233499e-72,103.0,0.99606549400989358261739780847437695471,0.23876725835001745337670912900431337381
0.040000000000000000832667268468867405318,8.0198767841613784795448734086396838292e-71,102.0,0.9960225669316580046880606080335670823,0.23242304505639900157050915508382059467
0.044999999999999998334665463062265189365,1.2766525093745417549152698913883306364e-69,101.0,0.99596353105927398765289765122823154836,0.22599189501732018311356034849954778414
0.050000000000000002775557561562891351059,2.4116615343930554002873486861070479998e-68,100.0,0.99588670232944912148644945677343731482,0.21944492045722118441346915806398438581
0.055000000000000000277555756156289135106,5.5063275067670240013151413810788264786e-67,98.0,0.99578996051867721017394767016017382564,0.21282483432816998109053917691495936013
0.059999999999999997779553950749686919153,1.5517048960170386484363151433044362576e-65,97.0,0.99567093741522466155061161527027358951,0.20615731053479697209442861260511424967
0.065000000000000002220446049250313080847,5.5283974926176662029163809328913064304e-64,95.0,0.99552679485879785053776103148658330613,0.19937718842757292137916338012952572199
0.070000000000000006661338147750939242542,2.5601780374409996680015385576880579035e-62,93.0,0.99535406488389019115877199889892609711,0.19250502996765736032553415519609731514
0.074999999999999997224442438437108648941,1.5913655272306394869447579372417399784e-60,91.0,0.99514890256289363914813652997715500429,0.18552895521115288867907351074901677936
0.080000000000000001665334536937734810635,1.3783135192115634449807213214467786939e-58,89.0,0.9949059170310377478340998265576033615,0.17847727726597494046701510923657586763
0.08500000000000000610622663543836097233,1.7379729918640385363038685966316819191e-56,87.0,0.99461876816151529834010233327031743545,0.17133112559492289645420014017436335324
0.089999999999999996669330926124530378729,3.3596278890743505798574874884159438098e-54,84.0,0.99427953265779937365073030963016952679,0.16410285205251436275640914913403833296
0.095000000000000001110223024625156540424,1.0584683137304042803526472453819684838e-51,82.0,0.99387846991477672415252195517259913616,0.15675451976672366941326659169198855231
0.10000000000000000555111512312578270212,5.8457712081880890825584076350737003595e-49,78.0,0.99340230559515943077857188962721374283,0.14933523754763453179956730433004791635
0.10499999999999999611421941381195210852,6.1729326186379694341301018406563674295e-46,75.0,0.9928352313690723965650984223707498407,0.14179456337332533143423888859171137351
0.11000000000000000055511151231257827021,1.3814931054925835100765453805936430202e-42,71.0,0.99213883327646899443233451908999438984,0.13415934995569131340762291544450361697
0.11500000000000000499600361081320443191,7.3866426522083246767965680219778818475e-39,67.0,0.99117246538466073977022738627413056073,0.12641371243700661839230867475526056847
0.11999999999999999555910790149937383831,1.0770458715199312941651525240929116996e-34,62.0,0.98973320065160832204863012279681871991,0.11854577407578837887222992815103869489
0.125,4.8590952460702028155022519036918759944e-30,56.0,0.98743198995518281422855238640616699296,0.11058855836026546408523101042636680114
0.13000000000000000444089209850062616169,7.2511751052685431996298808428413183351e-25,50.0,0.98346491603998648730343277968722511725,0.10249660610711264842608898887740449913
0.13500000000000000888178419700125232339,3.1670252751267503125572097505993902326e-19,42.0,0.97610497622860960907140529208746233376,0.094294395570551809183882429834301786606
0.14000000000000001332267629550187848508,2.2977842764452157180382229511662847485e-13,33.0,0.96161999340537098694447251532653557737,0.085952294559839195333051046073497520054
0.14499999999999999000799277837359113619,7.1125861885232084655551289408136247165e-08,21.0,0.93239012636854006433496691668242296899,0.077485775781511909849347583795844973123
0.14999999999999999444888487687421729788,0.0008934586533291160612233023406909935609,7.0,0.87503846849029811197014688488693288268,0.066375296494160710664507469439270009129
0.15499999999999999888977697537484345958,0.058448947674876108492741975269868051634,0.0,0.7726383821757156185628034570452209032,0.049519199854881535932167800908773675785
0.16000000000000000333066907387546962127,0.23522835309816861588525350321453388744,0.0,0.61850095008673039347301834861340997176,0.031561654332370514702054609200029695124
0.16500000000000000777156117237609578297,0.45892642745044498169470460740779686519,0.0,0.43643784735231993956400345825264279943,0.017207077884148861859601280064016391249
0.17000000000000001221245327087672194466,0.661020384578802619544063659439766029,0.0,0.27275861328905845221528400668309244909,0.0082738257026725741476093238019039080166
0.17499999999999998889776975374843459576,0.80417503573454064802281972133691901258,0.0,0.15691969982536295854520745192513567433,0.0036607525925975882070098661868687403771
0.17999999999999999333866185224906075746,0.89044960616400349245292437109900841855,0.0,0.087321361209661959906866608731067393058,0.0015424167719965124240741757369455887202
0.18499999999999999777955395074968691915,0.93817364528581525791850228867107209278,0.0,0.049008274035936234264317768930629166394,0.00063221053733616410544011260020531886732
0.19000000000000000222044604925031308085,0.96372063910652170565152162620684111237,0.0,0.028623523365357930347075112347507894556,0.00050009330299269090842825646546251596202
0.19500000000000000666133814775093924254,0.97477237356381083391844767243415913862,0.0,0.019900420206411225864349914238238329042,0.00049700889190138923190333051493528133654
0.20000000000000001110223024625156540424,0.98021020490673859335604778690578320187,0.0,0.015609815573730896298429028795521038193,0.00049392446177067103297365122232868244876
0.20499999999999998778754672912327805534,0.98356968707715812185181131442834025941,0.0,0.012959467703138797475740085382429798287,0.00049084001260036003878759558674862856247
0.20999999999999999222843882762390421703,0.98588685989984459610888185880896185854,0.0,0.011131502908466783408604706043816929912,0.00048775554439027992295067566474870132831
0.21499999999999999666933092612453037873,0.98759553000719906854859741847227127864,0.0,0.0097837951866702558259749228070961560804,0.00048467105714025440825829959713944560155
0.22000000000000000111022302462515654042,0.98891387113095381406711004074182917827,0.0,0.0087438996711265722054425721318970017652,0.00048158655085010719820731397049479483439
0.22500000000000000555111512312578270212,0.98996594140733238145180640218837291463,0.0,0.0079142771912060731230164850788594964765,0.00047850202551966199411804981940535472377
0.23000000000000000999200722162640886381,0.99082660072409176092551683292199017382,0.0,0.0072353487546714764481030445527232645775,0.00047541748114874249513428903793237075515
0.23499999999999998667732370449812151492,0.99154563421794177382727106093464081951,0.0,0.0066684201352032013292318825659894406664,0.00047233291773717241534605024139485832507
0.23999999999999999111821580299874767661,0.99215504604871014423211582471400558493,0.0,0.006187726753560083462980596393276538661,0.00046924833528477541529838307107032431058
0.24499999999999999555910790149937383831,0.99267952948699672426938344906346912577,0.0,0.0057741296724101789625511716250279412241,0.00046616373379137520472793421555784926398
0.25,0.99313547675549567855555030069458425307,0.0,0.0054139673911982762915180214122100497174,0.0004630791132567954740719531089003560428
0.25500000000000000444089209850062616169,0.99353596161978604017358809816332996046,0.0,0.0050984482019525399889474614901630031752,0.00045999447368085991159097209255070044138
0.26000000000000000888178419700125232339,0.99389081002690536858305338855249968407,0.0,0.0048182110418246712550461108248573839503,0.00045690981506339220336877282309332684208
0.26500000000000001332267629550187848508,0.9942078148552346442531634233860191058,0.0,0.0045683720066885472564400019529567501032,0.00045382513740421603331235267934382483502
0.27000000000000001776356839400250464678,0.99449250437811892065677588529434398107,0.0,0.0043441762982253706412656530991546306496,0.00045074044070315508315189116882637337122
0.27500000000000002220446049250313080847,0.99474949332506292758061379037354212105,0.0,0.0041414849128507097973176130420263298764,0.00044765572496003303244071633362905902024
0.28000000000000002664535259100375697017,0.99498266478554553560208345317197975432,0.0,0.0039572701899405326157511734215178138217,0.00044457099017467355855527115563705486626
0.28499999999999997557509345824655611068,0.99519531528030081685159981938242180363,0.0,0.0037892626724001641948092797435627784706,0.00044148623634690037094283291737124820665
0.28999999999999998001598555674718227237,0.99539027187061825142174690967939276114,0.0,0.0036357552315745042000775655672894212306,0.00043840146347653707413067919726501064029
0.29499999999999998445687765524780843407,0.99556998820287306974118278826956052374,0.0,0.0034943535247820163190057397266621296822,0.00043531667156340737321193776375919716113
0.29999999999999998889776975374843459576,0.99573574485177678084451663435576486429,0.0,0.0033633594868510316370961996517189840836,0.00043223186060733493685517539781588274168
0.30499999999999999333866185224906075746,0.99588866053456694114819740906514637897,0.0,0.0032426580342593321050635141501923725929,0.00042914703060814343155190583702756271728
0.30999999999999999777955395074968691915,0.9960316652386024481303952659196118083,0.0,0.0031303992388348089843669496139142529443,0.00042606218156565652161655617711721332046
0.31500000000000000222044604925031308085,0.99616377418463738056842715853411693243,0.0,0.0030255104194509723890905882006419891139,0.00042297731347969786918643327281611877014
0.32000000000000000666133814775093924254,0.99628796454621631660258220161691920244,0.0,0.0029281790258464146798574412567409035602,0.00041989242635009113422169013811945146468
0.32500000000000001110223024625156540424,0.99640350541180096628002615652523096482,0.0,0.0028364248965251398716261068645144722997,0.00041680752017665997450529234591959184477
0.33000000000000001554312234475219156593,0.99651269271438432957800992979776418415,0.0,0.0027510168423802651651548184458170472527,0.00041372259495922804564298442701717446772
0.33500000000000001998401444325281772763,0.9966143020220265798606097169060422507,0.0,0.0026702952657183887266384354082917168371,0.00041063765069761900106325626850984686708
0.34000000000000002442490654175344388932,0.9967111860524405459386521852657691294,0.0,0.0025943873873102905192149330773576271585,0.00040755268739165649201730951155872773445
0.34499999999999997335464740899624302983,0.99680133234607802071712502926271373408,0.0,0.0025230377866570860115270031364523550879,0.00040446770504116420182931402835075937624
0.34999999999999997779553950749686919153,0.99688718386946497203045341417906780832,0.0,0.002454832475753231210380926960587972122,0.00040138270364596570889542543903950992867
0.35499999999999998223643160599749535322,0.99696882164723835782669219436974538855,0.0,0.0023913247734470914174930797690533652574,0.00039829768320588469218485766943639038116
0.35999999999999998667732370449812151492,0.99704514691853127410588774839187422644,0.0,0.0023306377834527697930410638246714019415,0.00039521264372074479423932334217452602031
0.36499999999999999111821580299874767661,0.99711839097783705586015587722181898254,0.0,0.0022724326729407762797977717893348660733,0.00039212758519036965542307881344782352586
0.36999999999999999555910790149937383831,0.99718830733180135852387382786520075438,0.0,0.0022182549542236233766265219874017626687,0.00038904250761458291392289056704334274375
0.375,0.9972537456879244905025445684469423886,0.0,0.0021661946972999979815711894090489961581,0.00038595741099320820574800160775127367968
0.38000000000000000444089209850062616169,0.99731673991549100782252125276241791373,0.0,0.0021161067486974631339985485718677790528,0.00038287229532606916473009785415250522121
0.38500000000000000888178419700125232339,0.9973773964926935550983680639917373862,0.0,0.0020688846221932410406864650906491163201,0.00037978716061298942252327453078377218624
0.39000000000000001332267629550187848508,0.99743444953174154019287079480710162439,0.0,0.0020239179716264135653737824135789430009,0.00037670200685379260860400255968036721544
0.39500000000000001776356839400250464678,0.99748897307619594292919489532279287655,0.0,0.0019805249047312273067920088673397533719,0.00037361683404830235027109495129640407136
0.40000000000000002220446049250313080847,0.99754162920087300906351754102786871041,0.0,0.001938641448069032433202466780793950546,0.00037053164219634227264567319480261890177
0.40500000000000002664535259100375697017,0.99759249220577973908371584685991380645,0.0,0.0018992982997197809665825695292695029478,0.00036744643129773599867113364776169599402
0.40999999999999997557509345824655611068,0.99764038417556723557918749796114573968,0.0,0.0018615208965978246006447153446354318532,0.00036436120135230718336615287371990145571
0.41499999999999998001598555674718227237,0.99768629303721879692373831435597970855,0.0,0.0018249531843011983344689345491200430258,0.00036127595235987937681270970162927250225
0.41999999999999998445687765524780843407,0.9977307648124437041885964391324172138,0.0,0.0017895505557798997505614817130986848462,0.00035819068432027622967365091140535366073
0.42499999999999998889776975374843459576,0.99777385123963433493273450541956079275,0.0,0.0017557302190176029958737568209155057422,0.00035510539723332135618113621848192300469
0.42999999999999999333866185224906075746,0.99781538595164228546171294474262848404,0.0,0.0017237173880554814438982811462841458903,0.0003520200910988383683894321457237324029
0.43499999999999999777955395074968691915,0.99785434675408300946182416737956991451,0.0,0.0016926379651294029733476930900606908904,0.00034893476591665087617487840936669786738
0.44000000000000000222044604925031308085,0.99789219922624394007151053003446004171,0.0,0.0016624611202225484668400606244655943289,0.00034584942168658248723585430433552024201
0.44500000000000000666133814775093924254,0.99792897898827847398386300526569776374,0.0,0.0016331570093787994347748150970788619963,0.00034276405840845680709274508893872278685
0.45000000000000001110223024625156540424,0.99796472055445250117549866634548638199,0.0,0.001604998176882184342427625959896193929,0.00033967867608209743908790836894109220328
0.45500000000000001554312234475219156593,0.9979994573629113991853042416335533688,0.0,0.0015784325289228911625047490418576276975,0.0003365932747073279843856404810135096562
0.46000000000000001998401444325281772763,0.998032036535925891813122578499207136,0.0,0.0015525643627259809034546141889465867743,0.00033350785428397204197214287556015832273
0.46500000000000002442490654175344388932,0.99806358019086898124509475258498362319,0.0,0.0015273733906547566995583984599725036944,0.00033042241481185320865548849892309403631
0.46999999999999997335464740899624302983,0.99809432043274695257034520227613414072,0.0,0.0015028398746335185621577585207437374623,0.00032733695629079511332116483451816810437
0.47499999999999997779553950749686919153,0.99812427993541269002370971180242739664,0.0,0.0014789446140411643728916791632520339489,0.00032425147872062127990994513422607151062
0.47999999999999998223643160599749535322,0.99815348077718576729431327578605910398,0.0,0.0014560957239863729574586571926799278969,0.00032116598210115533295068029206808894762
0.48499999999999998667732370449812151492,0.99818194445354603922559076662607743108,0.0,0.0014343935017384758540638086056719805688,0.0003180804664322208605385930477302881729
0.48999999999999999111821580299874767661,0.99820862699807167906882068495349570322,0.0,0.0014131977127521009922082245819317766058,0.00031499493171364144859060953851943811548
0.49499999999999999555910790149937383831,0.99823448727105845623933588574816693282,0.0,0.0013924957061135292844227596055489030972,0.0003119093779452406808453256778314754632
0.50,0.99825976424849498475836555202500814956,0.0,0.001372275107151512838232682432587699902,0.00030882380512684213886297353299724015024
0.50500000000000000444089209850062616169,0.99828447197842765471302721034416433983,0.0,0.0013525238131051829013826473855956076181,0.00030573821325826940202538770250546626797
0.51000000000000000888178419700125232339,0.99830862421390743125056410256599295474,0.0,0.001333229988822529362626198101284853176,0.00030265260233934604753597169260301497811
0.51500000000000001332267629550187848508,0.9983322344174143931266315713543876499,0.0,0.0013151549718345806210291349793275084233,0.00029956697236989565041966429327233594258
0.52000000000000001776356839400250464678,0.9983551814445709273664216800532351048,0.0,0.0012976287056938849686620423277163715405,0.00029648132334974178352290595358614381844
0.52500000000000002220446049250313080847,0.99837652727284677554947607942850828138,0.0,0.001280459436093193226830361899489124309,0.00029339565527870801751360515643929637939
0.53000000000000002664535259100375697017,0.99839745573783016129712286444916157329,0.0,0.0012636398252416727817586111622885485892,0.00029030996815661792088110479265786076688
0.53500000000000003108624468950438313186,0.99841797498643617737505433387910482675,0.0,0.001247162652363496015567806791774639147,0.00028722426198329505993614853448535445792
0.54000000000000003552713678800500929356,0.99843809304320572011682412761972089767,0.0,0.0012310208127188508991728881021960047128,0.0002841385367585629988108472084461474525
0.54500000000000003996802888650563545525,0.99845781781124807586581539511459922734,0.0,0.0012152073166225013803433127240482858902,0.00028105279248224529945864516758601224403
0.55000000000000004440892098500626161695,0.99847715707318657544513529506458985081,0.0,0.0012003488697539667288289746486294840619,0.0002779670291541655216542866630898081102
0.55500000000000004884981308350688777864,0.99849611849210723885149371332999200244,0.0,0.0011860739077208385628394439687220603304,0.00027488124677414722299378221527628625188
0.56000000000000005329070518200751394033,0.99851356834058048341651780756008908202,0.0,0.0011720445619128757951902372808763056263,0.0002717954453420139588943749839700023309
0.56499999999999994670929481799248605967,0.99853057874169206966018958837332338455,0.0,0.0011582570540709635958778224105337481739,0.00026870962485758935111369769584681710835
0.56999999999999995115018691649311222136,0.99854731196885155242947913430473003303,0.0,0.0011447076393179264845751796747082752622,0.00026562378532069681367339983490290705323
0.57499999999999995559107901499373838305,0.99856377201803182202334419853649915696,0.0,0.0011313926061813180175654375320392766273,0.00026253792673115996397298820526820849886
0.57999999999999996003197111349436454475,0.99857996285256140197198967051555889456,0.0,0.0011183082766156854295612375045641274025,0.00025945204908880234871430021605134556629
0.58499999999999996447286321199499070644,0.99859588840309028920791160598733043713,0.0,0.00110609173712110603537306546173078375,0.00025636615239344751242023775838244936386
0.58999999999999996891375531049561686814,0.99861155256755633808670085598285707067,0.0,0.0010944985433767277326367473137919840943,0.00025328023664491899743473357204743223702
0.59499999999999997335464740899624302983,0.99862633657274561046630499699177667668,0.0,0.0010830611437559215094924985040216359106,0.0002501943018430403439227176114992751617
0.59999999999999997779553950749686919153,0.99863998251475982546266691351510456955,0.0,0.0010717781591704676790086090773756817548,0.00024710834798763508987008341124631486631
0.60499999999999998223643160599749535322,0.99865345935008328757110187439279107549,0.0,0.0010606482102623172074337397343570882735,0.00024402237507852677108365445061751717195
0.60999999999999998667732370449812151492,0.99866676843687913200728128944869224087,0.0,0.0010496699174078545692681049968225284092,0.00024093638311553892119115051790472312776
0.61499999999999999111821580299874767661,0.99867991113389979377165891900881417752,0.0,0.0010399127509043236455776314002694977137,0.00023785037209849507164115407388185444892
0.61999999999999999555910790149937383831,0.99869288880048265203045224856507943469,0.0,0.0010307202582220485186711495279609337949,0.00023476434202721875170307661470106480486
0.625,0.99870570279654571079356164042526285206,0.0,0.0010216029884099751826121111762065479113,0.00023167829290153348846712503416582349802
0.63000000000000000444089209850062616169,0.99871835448258331593430390624934543837,0.0,0.0010125609455937877280070486521909299981,0.00022859222472126280684426798538091805607
0.63500000000000000888178419700125232339,0.99873051319522858851067347329709260038,0.0,0.0010060003346749222100229520844787414816,0.00022550613748623022956620224177936228101
0.64000000000000001332267629550187848508,0.99874073791097181154497985266744554104,0.0,0.00099986644212906279868023071868882967746,0.00022242003119625927718531905752619629226
0.64500000000000001776356839400250464678,0.99875088818936707977236403992404394115,0.0,0.00099373247425768832700690573475596028069,0.00021933390585117346807467052729916508272
0.65000000000000002220446049250313080847,0.99876096401477369886010474236211048416,0.0,0.00098759843105941126628068819100858611613,0.0002162477614507963184279359454462621439
0.65500000000000002664535259100375697017,0.99877096537158414377160416995471634102,0.0,0.00098146431253284405370057049052659850709,0.00021316159799495134225938816452012467442
0.66000000000000003108624468950438313186,0.99878089224422407201645662675785767301,0.0,0.0009753301186765990923857801269471544549,0.00021007541548346205140385995318926691575
0.66500000000000003552713678800500929356,0.99879074461715233686356472013913686997,0.0,0.00096919584948928875137473339172487992613,0.00020698921391615195551671035352613814165
0.67000000000000003996802888650563545525,0.99880052247486100051727996115330254044,0.0,0.00096306150496952536562398904284479244704,0.00020390299329284456207379103767199184359
0.67500000000000004440892098500626161695,0.99881022580187534725654460608866760924,0.0,0.00095692708511592123600720193498628618578,0.00020081675361336337637141266387855263062
0.68000000000000004884981308350688777864,0.99881985458275389653701166597815095322,0.0,0.00095079258992708862931407661113652258708,0.00019773049487753190152631123192646738859
0.68500000000000005329070518200751394033,0.99882940880208841605612008770711867766,0.0,0.00094465801940163977824932085565156951382,0.00019464421708517363847561443792052721944
0.68999999999999994670929481799248605967,0.99883888844450393457143992549739277696,0.0,0.00093852337353818701764893734944030610927,0.00019155792023611215450657605479976427018
0.69499999999999995115018691649311222136,0.99884808465196177146713461200185025895,0.0,0.00093238865233534223961149746916826755967,0.00018847160433017080913789333022777350083
0.69999999999999995559107901499373838305,0.99885417584339351758800673696152177817,0.0,0.00092625385579171771079610494165277474041,0.00018538526936717316529701205238390063333
0.70499999999999996003197111349436454475,0.99886026765120500090342186742527522873,0.0,0.00092011898390592552755701527623464017917,0.00018229891534694271520229023815672575156
0.70999999999999996447286321199499070644,0.99886636007540757007350244087112834554,0.0,0.00091398403667657775215825441058750532499,0.00017921254226930294889230936538617322317
0.71499999999999996891375531049561686814,0.99887245311601257403712223450306171074,0.0,0.00090784901410228641277257203243066901235,0.00017612615013407735422584072391907550258
0.71999999999999997335464740899624302983,0.99887854677303136201191492385469426251,0.0,0.00090171391618166350348039486267806303814,0.00017303973894108941688181176604141341744
0.72499999999999997779553950749686919153,0.9988846410464752834942826417082942244,0.0,0.00089557874291332098426877990002171726493,0.00016995330869016262035927245628721949486
0.72999999999999998223643160599749535322,0.99889073593635568825940453732913906829,0.0,0.00088944349429587078103036762694805641709,0.00016686685938112044597736162062413082866
0.73499999999999998667732370449812151492,0.9988968314426839263612453360152379806,0.0,0.00088330817032792478556233517718537078477,0.00016378039101378637287527329501557803541
0.73999999999999999111821580299874767661,0.99890292756547134813256389896243048002,0.0,0.00087717277100809485556534946458080294716,0.00016069390358798387801222307335959682614
0.74499999999999999555910790149937383831,0.99890902430472930418492178344487468059,0.0,0.00087103729633499281464252027340519244782,0.00015760739710353643616741445480424869964
0.75,0.99891512166046914540869180331093874761,0.0,0.00086490174630723045229835331008412045439,0.00015452087156026751994000519043963731816
0.75500000000000000444089209850062616169,0.99892121963270222297306658979450922517,0.0,0.00085876612092341952393770321635349613765,0.00015143432695800059974907362936650706576
0.76000000000000000888178419700125232339,0.9989273182214398883260671526417295444,0.0,0.00085263042018217175086472654383802660901,0.00014834776329655914383358506414141032445
0.76500000000000001332267629550187848508,0.99893341742669349319455144155318263564,0.0,0.00084649464408209882028183469005091208769,0.0001452611805757666182523580755984299994
0.77000000000000001776356839400250464678,0.99893951724847438958422290794153079045,0.0,0.00084035879262181238528864679581310785726,0.00014217457879544648688403087704744381133
0.77500000000000002220446049250313080847,0.99894561768679392977963906700462670043,0.0,0.0008342228657999240648809426040904945807,0.00013908795795542221142702765784891688556
0.78000000000000002664535259100375697017,0.99895171874166346634422006011410900302,0.0,0.00082808686361504544394961528024729838985,0.00013600131805551725139952492636520916513
0.78500000000000003108624468950438313186,0.99895782041309435212025721751949596408,0.0,0.00082195078606578807327962419371410208976,0.00013291465909555506413941785228838416534
0.79000000000000003552713678800500929356,0.9989639227010979402289216213677908969,0.0,0.00081581463315076346954894766106878879674,0.00012982798107535910480428660834450560106
0.79500000000000003996802888650563545525,0.99897002560568558407027266903861286973,0.0,0.00080967840486858311532753565052875913863,0.00012674128399475282637136271137440841136
0.80000000000000004440892098500626161695,0.99897612912686863732326663679486614216,0.0,0.00080354210121785845907626244785276321081,0.00012365456785355967963749536279093069844
0.80500000000000004884981308350688777864,0.99898223326465845394576524374896212535,0.0,0.00079740572219720091514587928365068824327,0.00012056783265160311321911778841259311374
0.81000000000000005329070518200751394033,0.99898833801906638817454421614460723955,0.0,0.00079126926780522186377596692209964295786,0.00011748107838870657355221357767371220415
0.81499999999999994670929481799248605967,0.99899444339010379438972853591559029287,0.0,0.00078513273804053278735305774763650290086,0.00011439430506469357343263096678286471559
0.81999999999999995115018691649311222136,0.99900054937778202765708057745011809535,0.0,0.00077899613290174472537458378681216065672,0.00011130751267938741785508064608759395776
0.82499999999999995559107901499373838305,0.99900491264628273515996755930607004801,0.0,0.00077285945238746909199782546163015871011,0.00010822070123261161525392002569731095383
0.82999999999999996003197111349436454475,0.99900488132162843849068716593395508796,0.0,0.00076672269649631713100720678576595544307,0.00010513387072418960334299752913890535738
0.83499999999999996447286321199499070644,0.99900484999697414182140677256184012942,0.0,0.00076058586522690005207074367107903044745,0.00010204702115394481765554363025166723893
0.83999999999999996891375531049561686814,0.99900481867231984515212637918972517012,0.0,0.00075444895857782903073899628473190441894,9.8960152521700691544137188655721198168e-05
0.84499999999999997335464740899624302983,0.99900478734766554848284598581761021008,0.0,0.00074831197654771520844402136770384005412,9.5873264827280656180671784596800094579e-05
0.84999999999999997779553950749686919153,0.99900475602301125181356559244549525153,0.0,0.00074217491913516969249832451469756433558,9.2786358070508140556322053167344916426e-05
0.85499999999999998223643160599749535322,0.99900472469835695514428519907338029224,0.0,0.00073603778633880355609381241543735236148,8.969943225120657148151001790391731214e-05
0.85999999999999998667732370449812151492,0.99900469337370265847500480570126533219,0.0,0.00072990057815722783830074505735681285544,8.6612487369199373585871423760911297369e-05
0.86499999999999999111821580299874767661,0.9990046620490483618057244123291503729,0.0,0.00072376329458905354406668788967471545653,8.3525523424309969318222069460550665262e-05
0.86999999999999999555910790149937383831,0.99900463072439406513644401895703541435,0.0,0.00071762593563289164421546394885719969977,8.0438540416361778946524139219158609807e-05
0.875,0.99900459939973976846716362558492045431,0.0,0.00071148850128735307544610594546470560547,7.7351538345178220557852533849686092895e-05
0.88000000000000000444089209850062616169,0.99900456807508547179788323221280549501,0.0,0.00070535099155104874033180831238196570837,7.4264517210582710058361201240485461994e-05
0.88500000000000000888178419700125232339,0.99900453675043117512860283884069053647,0.0,0.00069921340642258950731887921442939818423,7.1177477012398661173249466210315843045e-05
0.89000000000000001332267629550187848508,0.99900450542577687845932244546857557642,0.0,0.00069307574590058621072569251935424079818,6.8090417750449485446728359739566825665e-05
0.89500000000000001776356839400250464678,0.99900447410112258179004205209646061713,0.0,0.00068693800998364965074163973019976517379,6.500333942455859224198694757768695993e-05
0.90000000000000002220446049250313080847,0.99900444277646828512076165872434565783,0.0,0.00068080019867039059342608187905091090157,6.1916242034549388741158658226803574568e-05
0.90500000000000002664535259100375697017,0.99900441145181398845148126535223069854,0.0,0.00067466231195941977070730138215467887196,5.8829125580245279945287610301520443384e-05
0.91000000000000003108624468950438313186,0.99900438012715969178220087198011573924,0.0,0.00066852434984934788038145385641362314567,5.5741990061469668674294939264879810964e-05
0.91500000000000003552713678800500929356,0.99900434880250539511292047860800077995,0.0,0.00066238631233878558611151989725078061506,5.2654835478045955566945123540475292189e-05
0.92000000000000003996802888650563545525,0.9990043174778510984436400852358858199,0.0,0.00065624819942634351742625681784437758717,4.9567661829797539080812310000702167253e-05
0.92500000000000004440892098500626161695,0.99900428615319680177435969186377086136,0.0,0.00065011001111063226971915034973065239077,4.6480469116547815492246638831131582121e-05
0.93000000000000004884981308350688777864,0.99900425482854250510507929849165590131,0.0,0.00064397174739026240424736630477313296097,4.3393257338120178896340567770995173788e-05
0.93500000000000005329070518200751394033,0.99900422350388820843579890511954094202,0.0,0.00063783340826384444813070219849670835529,4.0306026494338021206895195729766631373e-05
0.93999999999999994670929481799248605967,0.99900419217923391176721405879619769406,0.0,0.00063169499372998903065155903940647424593,3.7218776585024800707316898834144063822e-05
0.94499999999999995115018691649311222136,0.99900416085457961509793366542408273477,0.0,0.00062555650378730633805148648431009214855,3.4131507610003767847285746294682831523e-05
0.94999999999999995559107901499373838305,0.99900412952992531842865327205196777472,0.0,0.0006194179384344069313312323210705261159,3.1044219569098376547033667252646147132e-05
0.95499999999999996003197111349436454475,0.99900409820527102175937287867985281543,0.0,0.00061327929766990120105063634043731827841,2.7956912462132009994859548985806734829e-05
0.95999999999999996447286321199499070644,0.99900406688061672509009248530773785688,0.0,0.00060714058149239950362692757390549418735,2.486958628892804919760252866606925174e-05
0.96499999999999996891375531049561686814,0.99900403555596242842081209193562289684,0.0,0.00060100178990051216133367568520351030492,2.1782241049309872980608313232350271874e-05
0.96999999999999997335464740899624302983,0.99900400423130813175153169856350793754,0.0,0.00059486292289284946229974232313436548429,1.8694876743100857987695498639460803059e-05
0.97499999999999997779553950749686919153,0.999003972906653835082251305191392979,0.0,0.00058872398046802166050823243576821470206,1.5607493370124378681121888482977849644e-05
0.97999999999999998223643160599749535322,0.99900394158199953841297091181927801895,0.0,0.00058258496262463897579544554598482320333,1.2520090930203807341550812000091531546e-05
0.98499999999999998667732370449812151492,0.99900391025734524174369051844716305966,0.0,0.0005764458693613115938498269883641991632,9.432669423162514068017441446414271983e-06
0.98999999999999999111821580299874767661,0.99900387893269094507441012507504810036,0.0,0.0005703067006766496662109191074237428927,6.3452288488238667778951088487385653468e-06
0.99499999999999999555910790149937383831,0.99900384760803664840512973170293314107,0.0,0.00056416745656926331026831241720025046946,3.2577692070112312068616221337298357026e-06
1.0,0.99900381628338235173584933833081818177,0.0,0.00055802813703776260926059672217510971262,1.702904975479709088655806325408963736e-07
