value,sup,dur,Y,S
0.0,1.1263630077969287605091282840501393995e-113,114.0,0.9960226402235304791845686761777913176,0.28124550012251089164628353075077503399
0.0050000000000000001040834085586084256647,1.1511960660125023596911481064633456656e-112,114.0,0.99605798313890337280741603247242689758,0.27538312955255513577395021850013487221
0.010000000000000000208166817117216851329,1.3117066601152219749459205566677136487e-111,113.0,0.9960851706225097137647225963476973643,0.26945857525651123800988787735196730694
0.014999999999999999444888487687421729788,1.6814977310647404709021297468637547055e-110,112.0,0.99610332545413769085576172479638873534,0.26347594274670871611502378587477004234
0.020000000000000000416333634234433702659,2.4499149664433801944211424716486843458e-109,111.0,0.9961115025044878923440338829304236044,0.25743147765565380029290942301903827134
0.02500000000000000138777878078144567553,4.1035208269537545824317638068175847804e-108,110.0,0.99610868051684340401401180325910209638,0.25131333244734846035985624525372979267
0.029999999999999998889776975374843459576,8.003462738379468687214724630577034355e-107,110.0,0.99609374969163277680342984164197818956,0.24510140204285486057768864266464952378
0.035000000000000003330669073875469621271,1.8440746279532046544893122054293711979e-105,109.0,0.99606549400989358261739780847437695245,0.23876725835001745337670912900431337626
0.040000000000000000832667268468867405318,5.1018483058408469949062714823663229501e-104,108.0,0.99602256693165800468806060803356708004,0.23242304505639900157050915508382059467
0.044999999999999998334665463062265189365,1.7263444425305252249312897754062497887e-102,107.0,0.9959635310592739876528976512282315476,0.22599189501732018311356034849954778414
0.050000000000000002775557561562891351059,7.2957070389358151518370611493300561899e-101,105.0,0.99588670232944912148644945677343731331,0.21944492045722118441346915806398438469
0.055000000000000000277555756156289135106,3.9437507396290907734157811195846378096e-99,104.0,0.99578996051867721017394767016017382865,0.21282483432816998109053917691495936088
0.059999999999999997779553950749686919153,2.8023074647207499364882534918397775828e-97,103.0,0.99567093741522466155061161527027359101,0.20615731053479697209442861260511424948
0.065000000000000002220446049250313080847,2.7010167535683813993757154779863676221e-95,102.0,0.99552679485879785053776103148658330613,0.19937718842757292137916338012952572444
0.070000000000000006661338147750939242542,3.6619149491095756724134517093927883637e-93,100.0,0.9953540648838901911587719988989260956,0.19250502996765736032553415519609731514
0.074999999999999997224442438437108648941,7.2840887646048800117298534715151418769e-91,98.0,0.99514890256289363914813652997715500655,0.18552895521115288867907351074901677804
0.080000000000000001665334536937734810635,2.2332324796772630726274253361692372227e-88,97.0,0.99490591703103774783409982655760336451,0.17847727726597494046701510923657586726
0.08500000000000000610622663543836097233,1.1182924215976221917653984383263574294e-85,95.0,0.99461876816151529834010233327031742868,0.17133112559492289645420014017436335418
0.089999999999999996669330926124530378729,9.7955652402455253778821413832299022276e-83,93.0,0.99427953265779937365073030963016952378,0.16410285205251436275640914913403833334
0.095000000000000001110223024625156540424,1.6286983613195684619932274578396648156e-79,90.0,0.99387846991477672415252195517259913992,0.15675451976672366941326659169198855099
0.10000000000000000555111512312578270212,5.6689889160505631720732177774182671812e-76,88.0,0.99340230559515943077857188962721374433,0.14933523754763453179956730433004791541
0.10499999999999999611421941381195210852,4.6470780081822313304319658826044318185e-72,85.0,0.99283523136907239656509842237074984145,0.14179456337332533143423888859171137351
0.11000000000000000055511151231257827021,1.033757020339008171664088795207030322e-67,82.0,0.99213883327646899443233451908999438909,0.13415934995569131340762291544450361791
0.11500000000000000499600361081320443191,7.3897030264839078706914385142852441573e-63,78.0,0.99117246538466073977022738627413055922,0.12641371243700661839230867475526056847
0.11999999999999999555910790149937383831,2.0645654930323076674502785930977751548e-57,74.0,0.98973320065160832204863012279681872217,0.11854577407578837887222992815103869451
0.125,2.7804288676938759382916644480827345777e-51,70.0,0.98743198995518281422855238640616699521,0.11058855836026546408523101042636680029
0.13000000000000000444089209850062616169,2.1584374324232494262002920643722829812e-44,65.0,0.98346491603998648730343277968722511725,0.10249660610711264842608898887740449828
0.13500000000000000888178419700125232339,9.9719275281780370469205559387861169323e-37,58.0,0.97610497622860960907140529208746232925,0.094294395570551809183882429834301786417
0.14000000000000001332267629550187848508,1.9369863180090099584450868811821610085e-28,51.0,0.96161999340537098694447251532653557813,0.085952294559839195333051046073497519772
0.14499999999999999000799277837359113619,5.6066383945697724233569882234769279305e-20,42.0,0.93239012636854006433496691668242296899,0.077485775781511909849347583795844972935
0.14999999999999999444888487687421729788,3.748648942885197252442831173250659645e-12,31.0,0.87503846849029811197014688488693288343,0.066375296494160710664507469439270009035
0.15499999999999999888977697537484345958,5.3559360664706479368629356696015297271e-06,16.0,0.77263838217571561856280345704522090395,0.049519199854881535932167800908773675974
0.16000000000000000333066907387546962127,0.017294077420581837002713317610479797584,0.0,0.61850095008673039347301834861340997176,0.031561654332370514702054609200029695312
0.16500000000000000777156117237609578297,0.2238147027874007643440372560578302732,0.0,0.43643784735231993956400345825264279228,0.017207077884148861859601280064016390684
0.17000000000000001221245327087672194466,0.50182931071648746366153599421893970631,0.0,0.27275861328905845221528400668309245474,0.0082738257026725741476093238019039081694
0.17499999999999998889776975374843459576,0.70968806074345444214979246360566039216,0.0,0.15691969982536295854520745192513567151,0.003660752592597588207009866186868740336
0.17999999999999999333866185224906075746,0.83675965901829169071863278525542332464,0.0,0.087321361209661959906866608731067392023,0.0015424167719965124240741757369455886938
0.18499999999999999777955395074968691915,0.90752287055861942521490399642627658961,0.0,0.04900827403593623426431776893062916583,0.00063221053733616410544011260020531885409
0.19000000000000000222044604925031308085,0.94558303701338801255108131897844915697,0.0,0.02862352336535793034707511234750789465,0.00050009330299269090842825646546251596128
0.19500000000000000666133814775093924254,0.9621617155456662810189765777018734755,0.0,0.019900420206411225864349914238238329183,0.00049700889190138923190333051493528133654
0.20000000000000001110223024625156540424,0.97031972469634475438029112320944995024,0.0,0.015609815573730896298429028795521038181,0.0004939244617706710329736512223286824495
0.20499999999999998778754672912327805534,0.97535969973960984206384925713186849882,0.0,0.012959467703138797475740085382429798381,0.00049084001260036003878759558674862856247
0.20999999999999999222843882762390421703,0.97883579889536507372209113350366828706,0.0,0.011131502908466783408604706043816929912,0.00048775554439027992295067566474870132831
0.21499999999999999666933092612453037873,0.98139900215379840654425588750250186363,0.0,0.0097837951866702558259749228070961559041,0.00048467105714025440825829959713944560118
0.22000000000000000111022302462515654042,0.98337707991475371495920793338120470769,0.0,0.0087438996711265722054425721318970019651,0.00048158655085010719820731397049479483439
0.22500000000000000555111512312578270212,0.9849549803317062656995549924660190767,0.0,0.0079142771912060731230164850788594964413,0.00047850202551966199411804981940535472304
0.23000000000000000999200722162640886381,0.98624640421535419144352255500496652896,0.0,0.0072353487546714764481030445527232645305,0.00047541748114874249513428903793237075515
0.23499999999999998667732370449812151492,0.98732471030419790124485583159394209521,0.0,0.0066684201352032013292318825659894405842,0.00047233291773717241534605024139485832507
0.23999999999999999111821580299874767661,0.98823916317706470802050395661941822752,0.0,0.0061877267535600834629805963932765386551,0.00046924833528477541529838307107032431095
0.24499999999999999555910790149937383831,0.98902594841457778577231644809514657553,0.0,0.0057741296724101789625511716250279412359,0.00046616373379137520472793421555784926398
0.25,0.98971109439530554058131694915430951738,0.0,0.0054139673911982762915180214122100497056,0.00046307911325679547407195310890035604243
0.25500000000000000444089209850062616169,0.99031139696174128248822351407028591361,0.0,0.0050984482019525399889474614901630032398,0.00045999447368085991159097209255070044101
0.26000000000000000888178419700125232339,0.99084454328018481999820768450881257514,0.0,0.0048182110418246712550461108248573839503,0.00045690981506339220336877282309332684208
0.26500000000000001332267629550187848508,0.991319936528824790526842891241124711,0.0,0.004568372006688547256440001952956750062,0.00045382513740421603331235267934382483502
0.27000000000000001776356839400250464678,0.99174652391392648267651465777559795478,0.0,0.0043441762982253706412656530991546307202,0.00045074044070315508315189116882637337085
0.27500000000000002220446049250313080847,0.99213222387902292188365095530636910302,0.0,0.0041414849128507097973176130420263298471,0.0004476557249600330324407163336290590195
0.28000000000000002664535259100375697017,0.9924828123700306834597968048388582093,0.0,0.0039572701899405326157511734215178138687,0.00044457099017467355855527115563705486626
0.28499999999999997557509345824655611068,0.99280224045962991104476324281411188943,0.0,0.0037892626724001641948092797435627784883,0.00044148623634690037094283291737124820702
0.28999999999999998001598555674718227237,0.99309444313905632578586101770160819585,0.0,0.0036357552315745042000775655672894212394,0.00043840146347653707413067919726501063992
0.29499999999999998445687765524780843407,0.99336369315543477806058884911230339496,0.0,0.0034943535247820163190057397266621296911,0.00043531667156340737321193776375919716077
0.29999999999999998889776975374843459576,0.99361324096507873736984656195956994742,0.0,0.0033633594868510316370961996517189840543,0.00043223186060733493685517539781588274132
0.30499999999999999333866185224906075746,0.99384256879188571334727246381604738339,0.0,0.0032426580342593321050635141501923725782,0.00042914703060814343155190583702756271691
0.30999999999999999777955395074968691915,0.99405658609737860631254819725158265809,0.0,0.0031303992388348089843669496139142529296,0.00042606218156565652161655617711721332083
0.31500000000000000222044604925031308085,0.99425578689518815467895318462972933383,0.0,0.0030255104194509723890905882006419891462,0.00042297731347969786918643327281611877014
0.32000000000000000666133814775093924254,0.99444155253824612233717539782537026224,0.0,0.0029281790258464146798574412567409035367,0.00041989242635009113422169013811945146432
0.32500000000000001110223024625156540424,0.99461573130499736956579634783320368068,0.0,0.0028364248965251398716261068645144723085,0.00041680752017665997450529234591959184477
0.33000000000000001554312234475219156593,0.99477900216939647601392826990056191026,0.0,0.002751016842380265165154818445817047285,0.00041372259495922804564298442701717446772
0.33500000000000001998401444325281772763,0.99493216344455403455521767632441992989,0.0,0.002670295265718388726638435408291716843,0.00041063765069761900106325626850984686708
0.34000000000000002442490654175344388932,0.99507760441473155077978548465291769727,0.0,0.0025943873873102905192149330773576271409,0.00040755268739165649201730951155872773408
0.34499999999999997335464740899624302983,0.99521290921516948198697639207942878572,0.0,0.0025230377866570860115270031364523551055,0.00040446770504116420182931402835075937624
0.34999999999999997779553950749686919153,0.9953422226675575544476722600352164751,0.0,0.0024548324757532312103809269605879721338,0.00040138270364596570889542543903950992903
0.35499999999999998223643160599749535322,0.99546437445889973443609409315948752027,0.0,0.0023913247734470914174930797690533652427,0.0003982976832058846921848576694363903808
0.35999999999999998667732370449812151492,0.99557935893853907467232566142092072487,0.0,0.0023306377834527697930410638246714019268,0.00039521264372074479423932334217452602068
0.36499999999999999111821580299874767661,0.99568961796179283444854363288120307492,0.0,0.0022724326729407762797977717893348660557,0.00039212758519036965542307881344782352549
0.36999999999999999555910790149937383831,0.99579441725687991358692531329889182236,0.0,0.0022182549542236233766265219874017626746,0.00038904250761458291392289056704334274375
0.375,0.99589295691719163090439943327925357685,0.0,0.0021661946972999979815711894090489961493,0.00038595741099320820574800160775127367968
0.38000000000000000444089209850062616169,0.99598774385571649210824055003997063017,0.0,0.0021161067486974631339985485718677790469,0.00038287229532606916473009785415250522085
0.38500000000000000888178419700125232339,0.99607894755215880242506941997009015483,0.0,0.0020688846221932410406864650906491163142,0.00037978716061298942252327453078377218624
0.39000000000000001332267629550187848508,0.99616485846534923712919407473312838285,0.0,0.0020239179716264135653737824135789430068,0.00037670200685379260860400255968036721544
0.39500000000000001776356839400250464678,0.99624687450839462897018853434337583825,0.0,0.0019805249047312273067920088673397533719,0.00037361683404830235027109495129640407173
0.40000000000000002220446049250313080847,0.99632602217463850066196401698263263503,0.0,0.001938641448069032433202466780793950546,0.0003705316421963422726456731948026189014
0.40500000000000002664535259100375697017,0.99640242036033147783395308390567061016,0.0,0.0018992982997197809665825695292695029434,0.00036744643129773599867113364776169599365
0.40999999999999997557509345824655611068,0.99647513686417151270279491916090130438,0.0,0.0018615208965978246006447153446354318694,0.00036436120135230718336615287371990145571
0.41499999999999998001598555674718227237,0.99654412948380375291672015757309270871,0.0,0.0018249531843011983344689345491200430155,0.00036127595235987937681270970162927250189
0.41999999999999998445687765524780843407,0.99661091112564241430355284602407245626,0.0,0.0017895505557798997505614817130986848418,0.0003581906843202762296736509114053536611
0.42499999999999998889776975374843459576,0.99667556533442753281967982621154335713,0.0,0.0017557302190176029958737568209155057452,0.00035510539723332135618113621848192300469
0.42999999999999999333866185224906075746,0.99673817242251027627275639803035689678,0.0,0.001723717388055481443898281146284145905,0.00035202009109883836838943214572373240253
0.43499999999999999777955395074968691915,0.9967980210758461955471224288663563974,0.0,0.0016926379651294029733476930900606908757,0.00034893476591665087617487840936669786701
0.44000000000000000222044604925031308085,0.99685481237520302720501089077094049488,0.0,0.0016624611202225484668400606244655943362,0.00034584942168658248723585430433552024164
0.44500000000000000666133814775093924254,0.99690995085478419386331971823119053543,0.0,0.0016331570093787994347748150970788619875,0.00034276405840845680709274508893872278685
0.45000000000000001110223024625156540424,0.99696349289264784948345771681923235785,0.0,0.0016049981768821843424276259598961939231,0.00033967867608209743908790836894109220328
0.45500000000000001554312234475219156593,0.99701549292653265920985779362939773065,0.0,0.0015784325289228911625047490418576276901,0.00033659327470732798438564048101350965584
0.46000000000000001998401444325281772763,0.99706600351505945842271593722880016583,0.0,0.0015525643627259809034546141889465867787,0.00033350785428397204197214287556015832273
0.46500000000000002442490654175344388932,0.99711457667369495916723542596471962073,0.0,0.0015273733906547566995583984599725037047,0.00033042241481185320865548849892309403668
0.46999999999999997335464740899624302983,0.99716058102811955192678518629987074903,0.0,0.0015028398746335185621577585207437374534,0.000327336956290795113321164834518168104
0.47499999999999997779553950749686919153,0.99720538015128588443524031532951629901,0.0,0.001478944614041164372891679163252033943,0.00032425147872062127990994513422607151099
0.47999999999999998223643160599749535322,0.99724901071711191010895002608007711501,0.0,0.0014560957239863729574586571926799278807,0.00032116598210115533295068029206808894762
0.48499999999999998667732370449812151492,0.9972915082971795910960684540985558531,0.0,0.001434393501738475854063808605671980582,0.0003180804664322208605385930477302881729
0.48999999999999999111821580299874767661,0.9973329073899757654581642512175465189,0.0,0.0014131977127521009922082245819317765955,0.00031499493171364144859060953851943811511
0.49499999999999999555910790149937383831,0.99737324144953146308306799593259966212,0.0,0.0013924957061135292844227596055489030942,0.0003119093779452406808453256778314754632
0.50,0.99741254291346648812061237034661495877,0.0,0.0013722751071515128382326824325876999049,0.00030882380512684213886297353299724015024
0.50500000000000000444089209850062616169,0.99744968560890918120593043724186254911,0.0,0.0013525238131051829013826473855956076181,0.00030573821325826940202538770250546626797
0.51000000000000000888178419700125232339,0.99748566509349045813792507401709265633,0.0,0.001333229988822529362626198101284853173,0.00030265260233934604753597169260301497774
0.51500000000000001332267629550187848508,0.99752080702465199195072650128041633004,0.0,0.0013151549718345806210291349793275084233,0.00029956697236989565041966429327233594258
0.52000000000000001776356839400250464678,0.9975551338079013267502002163525439472,0.0,0.0012976287056938849686620423277163715419,0.00029648132334974178352290595358614381808
0.52500000000000002220446049250313080847,0.99758866727424410673255556721987551081,0.0,0.0012804594360931932268303618994891243046,0.00029339565527870801751360515643929637902
0.53000000000000002664535259100375697017,0.99762142869242548623364023106820689469,0.0,0.0012636398252416727817586111622885485892,0.00029030996815661792088110479265786076724
0.53500000000000003108624468950438313186,0.99765343878099483939982904529505447882,0.0,0.0012471626523634960155678067917746391529,0.00028722426198329505993614853448535445829
0.54000000000000003552713678800500929356,0.99768471772019436058163800777699447122,0.0,0.0012310208127188508991728881021960047113,0.0002841385367585629988108472084461474525
0.54500000000000003996802888650563545525,0.99771528516367219380633806183965937701,0.0,0.0012152073166225013803433127240482858799,0.00028105279248224529945864516758601224403
0.55000000000000004440892098500626161695,0.99774464400939885686112723492527597429,0.0,0.001200348869753966728828974648629484056,0.0002779670291541655216542866630898081102
0.55500000000000004884981308350688777864,0.99777270629161277200510699955644027688,0.0,0.0011860739077208385628394439687220603348,0.00027488124677414722299378221527628625188
0.56000000000000005329070518200751394033,0.99780019376286913265688735049361267122,0.0,0.0011720445619128757951902372808763056219,0.0002717954453420139588943749839700023309
0.56499999999999994670929481799248605967,0.99782711965130081287910926766656205427,0.0,0.0011582570540709635958778224105337481651,0.00026870962485758935111369769584681710799
0.56999999999999995115018691649311222136,0.99785349690859958006075099551104937397,0.0,0.0011447076393179264845751796747082752622,0.00026562378532069681367339983490290705286
0.57499999999999995559107901499373838305,0.9978793382142839785181736274874365949,0.0,0.0011313926061813180175654375320392766258,0.00026253792673115996397298820526820849923
0.57999999999999996003197111349436454475,0.99790465597993666206198889995647316422,0.0,0.0011183082766156854295612375045641273952,0.00025945204908880234871430021605134556592
0.58499999999999996447286321199499070644,0.9979294623534108718633539827588552863,0.0,0.0011060917371211060353730654617307837529,0.00025636615239344751242023775838244936386
0.58999999999999996891375531049561686814,0.99795376922300577859777958838452044768,0.0,0.0010944985433767277326367473137919840958,0.00025328023664491899743473357204743223702
0.59499999999999997335464740899624302983,0.99797758822161041335489927773764731532,0.0,0.0010830611437559215094924985040216359091,0.0002501943018430403439227176114992751617
0.59999999999999997779553950749686919153,0.99800093073081592183169833683098624117,0.0,0.0010717781591704676790086090773756817474,0.00024710834798763508987008341124631486595
0.60499999999999998223643160599749535322,0.99802380788499588545764483877962857658,0.0,0.0010606482102623172074337397343570882705,0.00024402237507852677108365445061751717177
0.60999999999999998667732370449812151492,0.99804583632995770620012852323415736026,0.0,0.0010496699174078545692681049968225284034,0.00024093638311553892119115051790472312776
0.61499999999999999111821580299874767661,0.99806691294893929065032885314786522549,0.0,0.0010399127509043236455776314002694977108,0.00023785037209849507164115407388185444874
0.61999999999999999555910790149937383831,0.99808761616348820384322063431687259498,0.0,0.0010307202582220485186711495279609338052,0.00023476434202721875170307661470106480486
0.625,0.99810795314282425991279934244644183919,0.0,0.0010216029884099751826121111762065479231,0.00023167829290153348846712503416582349783
0.63000000000000000444089209850062616169,0.99812793094327524032536416202105539218,0.0,0.001012560945593787728007048652190930004,0.00022859222472126280684426798538091805607
0.63500000000000000888178419700125232339,0.99814755650924751273497932198937519351,0.0,0.0010060003346749222100229520844787414816,0.0002255061374862302295662022417793622812
0.64000000000000001332267629550187848508,0.99816683667419894405592873845326696674,0.0,0.00099986644212906279868023071868882967599,0.00022242003119625927718531905752619629208
0.64500000000000001776356839400250464678,0.99818577816161404988826724974380148311,0.0,0.00099373247425768832700690573475596027922,0.0002193339058511734680746705272991650829
0.65000000000000002220446049250313080847,0.99820438758598132387078166846866253071,0.0,0.00098759843105941126628068819100858611613,0.00021624776145079631842793594544626214371
0.65500000000000002664535259100375697017,0.99822267145377269194887349849368566098,0.0,0.00098146431253284405370057049052659850562,0.0002131615979949513422593881645201246746
0.66000000000000003108624468950438313186,0.99824063616442503793322728148884386351,0.0,0.00097533011867659909238578012694715445417,0.00021007541548346205140385995318926691557
0.66500000000000003552713678800500929356,0.99825828801132374808880321894369004093,0.0,0.00096919584948928875137473339172487992613,0.00020698921391615195551671035352613814165
0.67000000000000003996802888650563545525,0.99827563318278822383286315524225302593,0.0,0.00096306150496952536562398904284479244631,0.00020390299329284456207379103767199184359
0.67500000000000004440892098500626161695,0.99829267776305931293558238575044169391,0.0,0.00095692708511592123600720193498628618505,0.00020081675361336337637141266387855263062
0.68000000000000004884981308350688777864,0.99830942773328861090749710526249526854,0.0,0.00095079258992708862931407661113652258635,0.00019773049487753190152631123192646738841
0.68500000000000005329070518200751394033,0.99832588897252958552477339621601023201,0.0,0.00094465801940163977824932085565156951308,0.00019464421708517363847561443792052721926
0.68999999999999994670929481799248605967,0.99834167385700738218229087380793742241,0.0,0.00093852337353818701764893734944030610853,0.00019155792023611215450657605479976427
0.69499999999999995115018691649311222136,0.99835690948492185748946960029235362669,0.0,0.00093238865233534223961149746916826755967,0.00018847160433017080913789333022777350065
0.69999999999999995559107901499373838305,0.99837191616863875428723864360480967551,0.0,0.00092625385579171771079610494165277473968,0.00018538526936717316529701205238390063314
0.70499999999999996003197111349436454475,0.99838669738222692743191057162245209871,0.0,0.00092011898390592552755701527623464017843,0.00018229891534694271520229023815672575174
0.70999999999999996447286321199499070644,0.99840125656660697962728219319692843887,0.0,0.00091398403667657775215825441058750532425,0.00017921254226930294889230936538617322317
0.71499999999999996891375531049561686814,0.99841559712952549584777405276602892814,0.0,0.00090784901410228641277257203243066901162,0.0001761261501340773542258407239190755024
0.71999999999999997335464740899624302983,0.99842972244552966458317735423621597661,0.0,0.00090171391618166350348039486267806303814,0.00017303973894108941688181176604141341744
0.72499999999999997779553950749686919153,0.99844363585594227868854655108740034493,0.0,0.00089557874291332098426877990002171726419,0.00016995330869016262035927245628721949468
0.72999999999999998223643160599749535322,0.99845734066883710869647999612730132941,0.0,0.00088944349429587078103036762694805641635,0.00016686685938112044597736162062413082847
0.73499999999999998667732370449812151492,0.99847084015901464152297319794623998069,0.0,0.0008833081703279247855623351771853707833,0.00016378039101378637287527329501557803559
0.73999999999999999111821580299874767661,0.99848413756797817757220390482063724898,0.0,0.00087717277100809485556534946458080294642,0.00016069390358798387801222307335959682595
0.74499999999999999555910790149937383831,0.99849723610391027932001006475457414559,0.0,0.00087103729633499281464252027340519244782,0.00015760739710353643616741445480424869946
0.75,0.99851013894164956453044543687886091006,0.0,0.00086490174630723045229835331008412045292,0.00015452087156026751994000519043963731816
0.75500000000000000444089209850062616169,0.99852284922266783733463810798834884865,0.0,0.00085876612092341952393770321635349613691,0.00015143432695800059974907362936650706576
0.76000000000000000888178419700125232339,0.99853537005504755047622936004033714765,0.0,0.00085263042018217175086472654383802660754,0.00014834776329655914383358506414141032445
0.76500000000000001332267629550187848508,0.99854770451345959210292930831717949034,0.0,0.00084649464408209882028183469005091208769,0.0001452611805757666182523580755984299994
0.77000000000000001776356839400250464678,0.99855985563914139055918665982968431448,0.0,0.00084035879262181238528864679581310785726,0.00014217457879544648688403087704744381152
0.77500000000000002220446049250313080847,0.99857182643987533071062810623787531545,0.0,0.00083422286579992406488094260409049457997,0.00013908795795542221142702765784891688556
0.78000000000000002664535259100375697017,0.99858361988996747540677364747432818839,0.0,0.00082808686361504544394961528024729838838,0.00013600131805551725139952492636520916513
0.78500000000000003108624468950438313186,0.99859523893022658576457302616532290233,0.0,0.00082195078606578807327962419371410208976,0.00013291465909555506413941785228838416534
0.79000000000000003552713678800500929356,0.99860668646794343403153102491220084153,0.0,0.00081581463315076346954894766106878879601,0.00012982798107535910480428660834450560106
0.79500000000000003996802888650563545525,0.99861796537687040286359132468222304363,0.0,0.00080967840486858311532753565052875913716,0.00012674128399475282637136271137440841118
0.80000000000000004440892098500626161695,0.99862874176404028244698520315015772663,0.0,0.00080354210121785845907626244785276321007,0.00012365456785355967963749536279093069844
0.80500000000000004884981308350688777864,0.99863927268612152729466338942193166258,0.0,0.00079740572219720091514587928365068824253,0.00012056783265160311321911778841259311356
0.81000000000000005329070518200751394033,0.99864967203259994134521932358821258995,0.0,0.00079126926780522186377596692209964295713,0.00011748107838870657355221357767371220406
0.81499999999999994670929481799248605967,0.99865994117752818967760572713552815208,0.0,0.00078513273804053278735305774763650290013,0.00011439430506469357343263096678286471541
0.81999999999999995115018691649311222136,0.9986700814954311648908366994546609659,0.0,0.00077899613290174472537458378681216065672,0.00011130751267938741785508064608759395757
0.82499999999999995559107901499373838305,0.99868009436130290317033688268363529606,0.0,0.00077285945238746909199782546163015870937,0.00010822070123261161525392002569731095374
0.82999999999999996003197111349436454475,0.9986899811506035401390678219239578227,0.0,0.00076672269649631713100720678576595544233,0.00010513387072418960334299752913890535738
0.83499999999999996447286321199499070644,0.99869974323925630309633003924256058743,0.0,0.00076058586522690005207074367107903044672,0.00010204702115394481765554363025166723883
0.83999999999999996891375531049561686814,0.99870938200364454104808624823178637715,0.0,0.00075444895857782903073899628473190441894,9.8960152521700691544137188655721198168e-05
0.84499999999999997335464740899624302983,0.99871889882060879232900060929570394929,0.0,0.00074831197654771520844402136770384005339,9.5873264827280656180671784596800094579e-05
0.84999999999999997779553950749686919153,0.99872829506744388984552650354258709843,0.0,0.00074217491913516969249832451469756433558,9.2786358070508140556322053167344916426e-05
0.85499999999999998223643160599749535322,0.99873757212189610396905592273885099662,0.0,0.00073603778633880355609381241543735236001,8.9699432251206571481510017903917312048e-05
0.85999999999999998667732370449812151492,0.99874673136216032310782850516347719567,0.0,0.00072990057815722783830074505735681285397,8.6612487369199373585871423760911297369e-05
0.86499999999999999111821580299874767661,0.99875577416687727198598749869783552976,0.0,0.00072376329458905354406668788967471545653,8.352552342430996931822206946055066517e-05
0.86999999999999999555910790149937383831,0.99876470191513076765786350930545786347,0.0,0.00071762593563289164421546394885719969977,8.0438540416361778946524139219158609807e-05
0.875,0.99877351598644501328526480132042884152,0.0,0.00071148850128735307544610594546470560473,7.7351538345178220557852533849686092987e-05
0.88000000000000000444089209850062616169,0.99878221776078192970525516170267872535,0.0,0.00070535099155104874033180831238196570763,7.4264517210582710058361201240485461902e-05
0.88500000000000000888178419700125232339,0.99879080861853852481560692957628797631,0.0,0.0006992134064225895073188792144293981835,7.1177477012398661173249466210315842953e-05
0.89000000000000001332267629550187848508,0.99879928994054430080482773079858151506,0.0,0.00069307574590058621072569251935424079818,6.8090417750449485446728359739566825665e-05
0.89500000000000001776356839400250464678,0.99880766310805869925337475078319096902,0.0,0.00068693800998364965074163973019976517232,6.5003339424558592241986947577686959838e-05
0.90000000000000002220446049250313080847,0.99881592950276858413239003300483088506,0.0,0.00068080019867039059342608187905091090157,6.1916242034549388741158658226803574476e-05
0.90500000000000002664535259100375697017,0.99882409050678576272601431114956590609,0.0,0.00067466231195941977070730138215467887122,5.8829125580245279945287610301520443384e-05
0.91000000000000003108624468950438313186,0.99883214750264454450306527526229955901,0.0,0.00066852434984934788038145385641362314494,5.5741990061469668674294939264879810964e-05
0.91500000000000003552713678800500929356,0.99884010187329933796359894192303203277,0.0,0.00066238631233878558611151989725078061506,5.2654835478045955566945123540475292097e-05
0.92000000000000003996802888650563545525,0.99884795500212228548560995081584668397,0.0,0.00065624819942634351742625681784437758717,4.9567661829797539080812310000702167253e-05
0.92500000000000004440892098500626161695,0.99885570827290093619686815032243833631,0.0,0.00065011001111063226971915034973065239077,4.6480469116547815492246638831131582166e-05
0.93000000000000004884981308350688777864,0.99886336306983595689663476818156689679,0.0,0.00064397174739026240424736630477313296023,4.3393257338120178896340567770995173742e-05
0.93500000000000005329070518200751394033,0.99887092077753888105175179493813879,0.0,0.00063783340826384444813070219849670835529,4.0306026494338021206895195729766631373e-05
0.93999999999999994670929481799248605967,0.99887838278102989572671545793531728251,0.0,0.00063169499372998903065155903940647424593,3.7218776585024800707316898834144063822e-05
0.94499999999999995115018691649311222136,0.99888575046573566746164511522513014428,0.0,0.00062555650378730633805148648431009214855,3.4131507610003767847285746294682831523e-05
0.94999999999999995559107901499373838305,0.99889302521748720464193101408288811483,0.0,0.00061941793843440693133123232107052611516,3.1044219569098376547033667252646147086e-05
0.95499999999999996003197111349436454475,0.99890020842251775969676188070321396612,0.0,0.00061327929766990120105063634043731827841,2.7956912462132009994859548985806734829e-05
0.95999999999999996447286321199499070644,0.99890730146746076865930773702249240906,0.0,0.00060714058149239950362692757390549418588,2.486958628892804919760252866606925174e-05
0.96499999999999996891375531049561686814,0.99891430573934782910998875898630484312,0.0,0.00060100178990051216133367568520351030419,2.1782241049309872980608313232350271828e-05
0.96999999999999997335464740899624302983,0.99892122262560671635895252766810105447,0.0,0.00059486292289284946229974232313436548356,1.8694876743100857987695498639460803036e-05
0.97499999999999997779553950749686919153,0.99892805351405943789041488418512457669,0.0,0.00058872398046802166050823243576821470206,1.5607493370124378681121888482977849621e-05
0.97999999999999998223643160599749535322,0.99893479979292032609130973463362271826,0.0,0.00058258496262463897579544554598482320333,1.2520090930203807341550812000091531546e-05
0.98499999999999998667732370449812151492,0.99894146285079416928648773227875314509,0.0,0.00057644586936131159384982698836419916247,9.4326694231625140680174414464142719716e-06
0.98999999999999999111821580299874767661,0.99894804407667438110250279537668552652,0.0,0.0005703067006766496662109191074237428927,6.3452288488238667778951088487385653468e-06
0.99499999999999999555910790149937383831,0.99895454485994120818182890460934377802,0.0,0.00056416745656926331026831241720025046946,3.2577692070112312068616221337298356998e-06
1.0,0.99896096659035997626915756845036379507,0.0,0.00055802813703776260926059672217510971189,1.702904975479709088655806325408963736e-07
