value,sup,dur,Y,S
0.0,3.1624923645993079287515291494034702039e-38,129.0,0.9960052034833523650051899815876158993,0.89167056238567211467255985980299860999
0.0050000000000000001040834085586084256647,5.061381973079431329144321936423531333e-38,129.0,0.99602279720587028244000105600229718451,0.89034994330380380160785059322295106603
0.010000000000000000208166817117216851329,7.9116448586434505910026504662985972946e-38,129.0,0.99604126356473749881246158368745059525,0.88888399640339364561540224741393205113
0.014999999999999999444888487687421729788,1.21090594045169388560961841692461172e-37,128.0,0.99606168322596595283500268878071619585,0.88726266596824579028193033721099312203
0.020000000000000000416333634234433702659,1.8195996784068654632406687807890631702e-37,128.0,0.99608376999008502281233948841878854298,0.88547596409885513364862019733402344252
0.02500000000000000138777878078144567553,2.6919431046235997963103065935062973273e-37,128.0,0.99610680876268620216078456849959979979,0.88351388847145931557433969183303443183
0.029999999999999998889776975374843459576,3.9314853558511566785654129950203695247e-37,128.0,0.99613379946195817350350688952321780995,0.88178416344329575404985900522479895696
0.035000000000000003330669073875469621271,5.6827441607115599767159158786496866726e-37,128.0,0.99616284786692593127664156507785914735,0.88017625479408853976454888937949467153
0.040000000000000000832667268468867405318,8.1487283319753626523837520392631391573e-37,127.0,0.99619502616487130337396882211583265946,0.87837430545870472511809272933015955937
0.044999999999999998334665463062265189365,1.161639633417124271098246995259587052e-36,127.0,0.99623108820140508769692347857295259185,0.87636559253041298771346611633826463509
0.050000000000000002775557561562891351059,1.6493895356202667915188354782773414353e-36,127.0,0.99627154044981313062110562805999466376,0.87413730305565118481523018309231882874
0.055000000000000000277555756156289135106,2.3365459026986806926697075948079474431e-36,127.0,0.9963174595306813508033439402296332018,0.87221991743093318291130421789806983498
0.059999999999999997779553950749686919153,3.3073013917196084400571343222465016392e-36,127.0,0.99636727878727954859701744203150857228,0.87035075773178886667951950203424618381
0.065000000000000002220446049250313080847,4.6838541854864442469038001973374638966e-36,126.0,0.9964203151050726264610649108000868302,0.86823255876627824616215689404757484569
0.070000000000000006661338147750939242542,6.6449198988423497419312913058060305536e-36,126.0,0.99647575334121901144967287185910506463,0.86584924150349621008352903229033996981
0.074999999999999997224442438437108648941,9.4539986594531161751879432860056763258e-36,126.0,0.99653272379886995104673796101459271242,0.86345789240177587869442820371045417645
0.080000000000000001665334536937734810635,1.3502956838733630624545289523284650838e-35,126.0,0.99659036499006732718111379470018877341,0.86143522297305082087550221084280416901
0.08500000000000000610622663543836097233,1.9379901673285777201471487198381406169e-35,125.0,0.99664869222421412036644022466862668472,0.85910620198335169866373310588289920028
0.089999999999999996669330926124530378729,2.7976010610096220606397044546517323356e-35,125.0,0.99670718892228470982596777610099336828,0.85645080288934190982635073148142400655
0.095000000000000001110223024625156540424,4.0655538699938841687923977388568223259e-35,125.0,0.99676439631595222969683220389899115701,0.85387267618336987033133342714656243104
0.10000000000000000555111512312578270212,5.9529512799488729544028142377955590479e-35,124.0,0.9968216200572231815571623708803046011,0.85155566511973948535107722075893584759
0.10499999999999999611421941381195210852,8.7901719651140889864104581125711633835e-35,124.0,0.99687692095667725445000579071836055629,0.84885502616288164571016288126385123423
0.11000000000000000055511151231257827021,1.3100473294580220912279623296296596785e-34,124.0,0.99693115085784829608912398693969735182,0.84574571200012377002713553310918048194
0.11500000000000000499600361081320443191,1.9723087639275707785369010460450282858e-34,124.0,0.99698306514521407347737900827284497416,0.84328173407216909151095178039792852326
0.11999999999999999555910790149937383831,3.0021988932143629610051409019079496515e-34,123.0,0.9970334541489294663348832854878451803,0.8404481413223157326321391425910643013
0.125,4.6245180968332930979367576828494663386e-34,123.0,0.99708065809828113855442832961621311547,0.83712755764203437399615872556880992796
0.13000000000000000444089209850062616169,7.2152628807960796231208132177569570386e-34,122.0,0.99712641279772974736859296491523711511,0.83431370592181510549611118701864652612
0.13500000000000000888178419700125232339,1.1413160586573132677026473379964255193e-33,122.0,0.99716825480114053821867501243477862716,0.8312120731874139540398992245364947308
0.14000000000000001332267629550187848508,1.8321181518832672969300282195393116517e-33,122.0,0.99720811605085907100205855734048505332,0.82752397717680590205704306305616665362
0.14499999999999999000799277837359113619,2.9877198548646198295529530781776146007e-33,121.0,0.99724424480352979636700179278432205751,0.82457985787555156725440824514224436261
0.14999999999999999444888487687421729788,4.9548770075360382381040736718091752584e-33,121.0,0.99727682370335448578951277695682020524,0.82100989511314801635913370824886263871
0.15499999999999999888977697537484345958,8.3661664874788253976583155089317981737e-33,121.0,0.99730649327830664868775595801176808916,0.81735271077187701883303213261219046775
0.16000000000000000333066907387546962127,1.4399413870566583739004796621549005377e-32,120.0,0.99733122216626505620888385941403418839,0.81384394264668914488582747743869076825
0.16500000000000000777156117237609578297,2.5295662921986905446713031828662606384e-32,120.0,0.99735332687543770979680364073250285123,0.80963741864336710107814010836027717483
0.17000000000000001221245327087672194466,4.5417911878576932143057046995913182304e-32,119.0,0.99737033250466951129826302046486011901,0.80610123306769724233101374638035772084
0.17499999999999998889776975374843459576,8.3469639326680196047095791870928451788e-32,119.0,0.99738301899486416210566469685536260038,0.80162412363017010513706125019722399633
0.17999999999999999333866185224906075746,1.5726766515333626364101410344652684409e-31,118.0,0.99739129546966926609749391148351653627,0.79781539606422036393210091020771095708
0.18499999999999999777955395074968691915,3.0430124972723219173308486582833113198e-31,118.0,0.99739363897524558500799074360432365083,0.79303346082985681313785286735730039569
0.19000000000000000222044604925031308085,6.0579576042195880223264553143103706923e-31,117.0,0.99739192956862655344385827647263264777,0.78895553456980919688251873781744689821
0.19500000000000000666133814775093924254,1.2433104074600037634257829568392184835e-30,116.0,0.99738285197462509831059565594558472147,0.78401236627531960057445541941656743799
0.20000000000000001110223024625156540424,2.6364030025889525630134854012369894201e-30,116.0,0.99736949651498827765904478755909921014,0.77939862683735804809669349893285105372
0.20499999999999998778754672912327805534,5.7896804068933515790716895182993947271e-30,115.0,0.99734764179453639487715422274559423381,0.77440961995212484621811625706014965501
0.20999999999999999222843882762390421703,1.3201772139463744057383123119025541559e-29,114.0,0.99732034000312344606252342858099744963,0.76889817713542975507736784904700691101
0.21499999999999999666933092612453037873,3.1345223063770153970791619517878095073e-29,114.0,0.99728389805609387833864521179906430609,0.76385967847372169015220578847375685771
0.22000000000000000111022302462515654042,7.7734095474601319536457517712718555481e-29,113.0,0.99723931445373685618196741797682944728,0.75830638306325019040955611051143976343
0.22500000000000000555111512312578270212,2.0203036261628511635810202852450983568e-28,112.0,0.99718574243192270636698393093323467002,0.75233737724912597903680541801995478022
0.23000000000000000999200722162640886381,5.5231516960060709344162056791735392967e-28,111.0,0.99712041796751675508438144258571612969,0.74619995555532004042506278784830162863
0.23499999999999998667732370449812151492,1.5946751819188870565806150667038956593e-27,110.0,0.99704431388498568588138064702551565922,0.74013498545902708518824723039944508993
0.23999999999999999111821580299874767661,4.8841054534029897363159935634066049017e-27,110.0,0.99695584309749522936148212447545194857,0.73372115323646112222866644682284734622
0.24499999999999999555910790149937383831,1.5944642061293302312374410922131147233e-26,109.0,0.99685207967391138969140850366927158573,0.72699304058520346937358726255616671929
0.25,5.577526814417667473381390755067531287e-26,108.0,0.99673142085862539812687734041760669464,0.71995948258883525659018350171748557488
0.25500000000000000444089209850062616169,2.102568894985733390849375495694072448e-25,106.0,0.99659187905606304705178889365819826633,0.71259781108587848721957059782018043977
0.26000000000000000888178419700125232339,8.5949159491289470705399355084458671752e-25,105.0,0.99643096248621659838808081168577261667,0.70484822392146879839162555455978542215
0.26500000000000001332267629550187848508,3.8356911297145824949655612658000843747e-24,104.0,0.99624549542310068902914643143582651185,0.69696388796254780782841407921804303382
0.27000000000000001776356839400250464678,1.8824204852929249718176456874011518777e-23,103.0,0.99603133557208158723840082037159714372,0.68886356378139780765729077211696001897
0.27500000000000002220446049250313080847,1.0238906111467352946234456603698544756e-22,101.0,0.99578291127479197258882947343019567346,0.68007308628932030226229193491635715089
0.28000000000000002664535259100375697017,6.2240063099568312950586153792043138533e-22,100.0,0.99549329964979558476553228521447527949,0.67127569198750218897057117427809269244
0.28499999999999997557509345824655611068,4.2656030815544844473326465794747638855e-21,98.0,0.99516231359410231329591834747470294536,0.66178538125118506537809316447348203161
0.28999999999999998001598555674718227237,3.3262356646223359984284569908585092563e-20,96.0,0.99477037454578534471500784870372756277,0.65204935619722142989498101973228851041
0.29499999999999998445687765524780843407,2.978749694318775424275247421137657539e-19,94.0,0.99431814776078910823335411057656402586,0.64198645331647231505765119355676918348
0.29999999999999998889776975374843459576,3.0919121765970572008037283253467176957e-18,92.0,0.99378503909480585525936576628502897026,0.65275012198329258934524636143886385998
0.30499999999999999333866185224906075746,3.7523862656832519301979345941737187563e-17,90.0,0.99315479388515871776149612396280591646,0.67016654955095456549893026853379167882
0.30999999999999999777955395074968691915,5.3646291281502775007289128353813700983e-16,87.0,0.99240460683647269309362931291836693521,0.68773332218137126047792350698616158656
0.31500000000000000222044604925031308085,9.0835232320776629121804559880480751597e-15,84.0,0.99151189512294063506515971210312366464,0.70540070418976512332121649802717502788
0.32000000000000000666133814775093924254,1.8247973965587994833690060685036767416e-13,81.0,0.99043201652075842892145756216022404549,0.72311081437200215747782870681863583079
0.32500000000000001110223024625156540424,4.3317665932820011390749385055273593247e-12,77.0,0.98912755617680199721842603878171188958,0.74079061429394943968010905671610592745
0.33000000000000001554312234475219156593,1.199191445218333035017330292984532487e-10,73.0,0.98753779650285722699189119922614968071,0.75837666336263867034293477230103030634
0.33500000000000001998401444325281772763,3.6799715947639289410991932404229392135e-09,69.0,0.98555919472545172278474215606124648463,0.77576975247126823065241850902717177555
0.34000000000000002442490654175344388932,1.084224144608627490318249860781720886e-07,63.0,0.98310232999868057472046080626701497738,0.79288225218975957113730280728389552869
0.34499999999999997335464740899624302983,2.7835863596183112936856208626469520804e-06,57.0,0.97997847288526150231851633158901596835,0.80960941245932381292563538919376700679
0.34999999999999997779553950749686919153,5.36165342283596863625848774808631876e-05,50.0,0.97598336498256656290697260411448437816,0.82584063899622854513059199601745789542
0.35499999999999998223643160599749535322,0.00060675802234893611912015262327158874988,42.0,0.97075113616939048053692502226995582505,0.84146467312165261413978279633974983952
0.35999999999999998667732370449812151492,0.003323739681510931344526168566376352037,31.0,0.96382209959741298539059529278122702673,0.85633263212486096311191435836259273126
0.36499999999999999111821580299874767661,0.010182703241042578209894020737117273468,0.0,0.95439857864848311202442929374985567904,0.86863667179999056393009627443245990214
0.36999999999999999555910790149937383831,0.022388236037492516595773458128846014407,0.0,0.9412847659761125294640995447081789344,0.85959186840693734375787816789340702746
0.375,0.057998642142124271161436434447554687558,0.0,0.90454972952825361367901572809132479171,0.58136034689224082863485428000779304992
0.38000000000000000444089209850062616169,0.18996521279348766851821387563838967092,0.0,0.77848354550110372662809640187937637712,0.28258755787515241801081931493049291775
0.38500000000000000888178419700125232339,0.43870947808055542140367308988391342371,0.0,0.54360945444450282033758464602384818337,0.14141666848213634465465625184057642973
0.39000000000000001332267629550187848508,0.70723770985383007641522919448558723722,0.0,0.28519223417275517068178868281233039042,0.055930201474026014618669784298001455037
0.39500000000000001776356839400250464678,0.87738610742662256286205595767103412062,0.0,0.11942111951379727511389365072441849455,0.01849311934620298795126126464995354603
0.40000000000000002220446049250313080847,0.95302065911582834747505507101787514706,0.0,0.045576377147363259104050177837851587467,0.0056244946691367971672150684345894391812
0.40500000000000002664535259100375697017,0.98182329611544868460277785385898449148,0.0,0.017547961628639687558882388052151219165,0.0016591743556193988980763594538792755615
0.40999999999999997557509345824655611068,0.99243142873409922918145394835775393951,0.0,0.0072747287311350714746714512344233303251,0.00050566661797406355507402914823525068662
0.41499999999999998001598555674718227237,0.99602693385718176362426550334399567394,0.0,0.0038121992687923526594361206641174662243,0.00049813383315565925576434355958472081568
0.41999999999999998445687765524780843407,0.99717812748383270465220300420182354839,0.0,0.0027057686268238132389927550562386346605,0.00049388183337463512678894210250777715942
0.42499999999999998889776975374843459576,0.99777026234689080988740200029753049021,0.0,0.0021362713417486908557228348358634455093,0.00048962979740775335621314384749379750434
0.42999999999999999333866185224906075746,0.99813813855277712766438436525793245407,0.0,0.0017821094918104231911155802399127870394,0.00048537772525455201249914692504080760418
0.43499999999999999777955395074968691915,0.99838982845620266119847386886779198479,0.0,0.0015392241740981576022051943228090107223,0.00048112561691456915624671673641764318796
0.44000000000000000222044604925031308085,0.99857195793075952325424112014199107434,0.0,0.0013627662341817760665975623538153652365,0.00047687347238734284019301867207996281739
0.44500000000000000666133814775093924254,0.9987076895071179829547772950498387787,0.0,0.001230123037524067001990196108912232365,0.00047262129167241110921245082581533109803
0.45000000000000001110223024625156540424,0.99880887591740776638836353257360039215,0.0,0.0011291979666498444833652152207192915499,0.00046836907476931200031647670461724505709
0.45500000000000001554312234475219156593,0.99887970489781422833388588607919376021,0.0,0.0010544461018846685815433975166214546083,0.00046411682167758354265345793428797644137
0.46000000000000001998401444325281772763,0.99891564332332376010411279133195003245,0.0,0.0010068976525876658836209616643581906586,0.00045986453239676375750848696077010273439
0.46500000000000002442490654175344388932,0.99893108953498497751904616687381557209,0.0,0.00099403317848395553784243647518235823044,0.00045561220692639065830321974720659964057
0.46999999999999997335464740899624302983,0.99893945708403562760845584573296884046,0.0,0.00098557829959192014877587450533142217866,0.00045135984526600229780660760734506301754
0.47499999999999997779553950749686919153,0.99894782572194086954749703486492944426,0.0,0.00097712327758646100972554899594065861617,0.00044710744741513657929153512916824523146
0.47999999999999998223643160599749535322,0.9989561954487283648725177368190689307,0.0,0.00096866811246394452110743754665607566295,0.00044285501337333153979884231523317652408
0.48499999999999998667732370449812151492,0.99896456626442577614921831065856247218,0.0,0.0009602128042207368664551463962447747037,0.00043860254314012516129476608265221392492
0.48999999999999999111821580299874767661,0.99897293816906076687979868906845094722,0.0,0.0009517573528532041062819224186371353546,0.00043435003671505541788127028696254392432
0.49499999999999999555910790149937383831,0.99898131116266100150299800937843617957,0.0,0.0009433017583577121780754471167047180357,0.0004300974940976602757958783935549717556
0.50,0.99898968524525414539413424659823172721,0.0,0.00093484602073062689629263035166504670101,0.00042584491528747769341150614483038140875
0.50500000000000000444089209850062616169,0.99899806041686786486514384846558863121,0.0,0.0009263901399683139523544038080976085695,0.00042159230028404562123629422308373913302
0.51000000000000000888178419700125232339,0.99900567725024213195791399667951201209,0.0,0.00091793411606713891464051419455540657056,0.00041733964908690200191344090911551315416
0.51500000000000001332267629550187848508,0.99900563407412448927524454129443563083,0.0,0.00090947794902346722848431617975639919106,0.00041308696169558477022103473657038231969
0.52000000000000001776356839400250464678,0.99900559089800684659257508590935925107,0.0,0.00090102163883366421616756506433916138025,0.00040883423810963185307188714200310641452
0.52500000000000002220446049250313080847,0.99900554772188920390990563052428287056,0.0,0.00089256518549409507691520918816709900445,0.00040458147832858116951336511067143084875
0.53000000000000002664535259100375697017,0.99900550454577156122723617513920649005,0.0,0.00088410858900112488689018207316554843977,0.00040032868235197063072722381805589843805
0.53500000000000003108624468950438313186,0.99900546136965391854456671975413010954,0.0,0.00087565184935111859918819430167609165298,0.00039607585017933814002943926710644098954
0.54000000000000003552713678800500929356,0.99900541819353627586189726436905372903,0.0,0.00086719496654044104383252513031241622539,0.00039182298181022159287004092121562338695
0.54500000000000003996802888650563545525,0.99900537501741863317922780898397734852,0.0,0.00085873794056545692776881383930204859738,0.00038757007724415887683294433291841289386
0.55000000000000004440892098500626161695,0.99900533184130099049655835359890096801,0.0,0.00085028077142253083485985081729828778197,0.00038331713648068787163578376831834634264
0.55500000000000004884981308350688777864,0.99900528866518334781388889821382458825,0.0,0.00084182345910802722588036838164666578063,0.00037906415951934644912974482723996794077
0.56000000000000005329070518200751394033,0.99900524548906570513121944282874820699,0.0,0.00083336600361831043851183133409025979045,0.00037481114635967247329939705910741033682
0.56499999999999994670929481799248605967,0.99900520231294806244950868984208844068,0.0,0.00082490840494974487513523238097180689208,0.00037055809700120389469959491810630472145
0.56999999999999995115018691649311222136,0.99900515913683041976683923445701206017,0.0,0.0008164506630986942516370409736713554677,0.0003663050114434783727078407863845482808
0.57499999999999995559107901499373838305,0.99900511596071277708416977907193567966,0.0,0.00080799277806152272418248593512480779152,0.00036205188968603384214411627841591988624
0.57999999999999996003197111349436454475,0.9990050727845951344015003236868592999,0.0,0.00079953474983459413802786226994963427459,0.00035779873172840813552485281532730092075
0.58499999999999996447286321199499070644,0.99900502960847749171883086830178291864,0.0,0.00079107657841427221531014627672149427665,0.00035354553757013907749902878312575960579
0.58999999999999996891375531049561686814,0.99900498643235984903616141291670653813,0.0,0.00078261826379692055504178451598342758175,0.00034929230721076448484800212293131797547
0.59499999999999997335464740899624302983,0.99900494325624220635349195753163015837,0.0,0.00077415980597890263310548251358414385952,0.0003450390406498221664853429169349708275
0.59999999999999997779553950749686919153,0.99900490008012456367082250214655377711,0.0,0.00076570120495658180224899319932972681505,0.00034078573788684992345666597008182929173
0.60499999999999998223643160599749535322,0.99900485690400692098815304676147739735,0.0,0.00075724246072632129207990508093306855093,0.00033653239892138554893946338747926168256
0.60999999999999998667732370449812151492,0.99900481372788927830548359137640101684,0.0,0.00074878357328448420906043015324534870557,0.00033227902375296682824293714752990427283
0.61499999999999999111821580299874767661,0.99900477055177163562281413599132463558,0.0,0.00074032454262743353650219154275387179238,0.00032802561238113153880783167078941461923
0.61999999999999999555910790149937383831,0.99900472737565399294014468060624825582,0.0,0.0007318653687515321345610108873305751411,0.00032377216480541745020626638454884010025
0.625,0.99900468419953635025747522522117187531,0.0,0.00072340605165314274023169545121551875649,0.0003195186810253623241415682831414742606
0.63000000000000000444089209850062616169,0.9990046410234187075748057698360954948,0.0,0.00071494659132862796734282497521966738574,0.00031526516104050391444810448397407363223
0.63500000000000000888178419700125232339,0.99900459784730106489213631445101911429,0.0,0.00070648698777435030655153826213127395935,0.00031101160485037996709111477928230761168
0.64000000000000001332267629550187848508,0.99900455467118342220946685906594273378,0.0,0.00069802724098667212533831949731017259998,0.00030675801245452822016654418361031404981
0.64500000000000001776356839400250464678,0.99900451149506577952679740368086635327,0.0,0.00068956735096195566800178430445428821085,0.00030250438385248640390087547701423313856
0.65000000000000002220446049250313080847,0.99900446831894813684412794829578997276,0.0,0.00068110731769656305565346553652266872356,0.00029825071904379224065096174398959222498
0.65500000000000002664535259100375697017,0.99900442514283049416145849291071359301,0.0,0.00067264714118685628621259880179934491141,0.00029399701802798344490385890812241414334
0.66000000000000003108624468950438313186,0.99900438196671285147878903752563721174,0.0,0.00066418682142919723440090772508232166909,0.00028974328080459772327665826246392167634
0.66500000000000003552713678800500929356,0.99900433879059520879611958214056083123,0.0,0.00065572635841994765173738894398200360457,0.00028548950737317277451631899562871073453
0.67000000000000003996802888650563545525,0.99900429561447756611345012675548445148,0.0,0.00064726575215546916653309684031335667909,0.00028123569773324628949950071361626485104
0.67500000000000004440892098500626161695,0.99900425243835992343078067137040807021,0.0,0.00063880500263212328388592800656610659955,0.0002769818518843559512323959573556835798
0.68000000000000004884981308350688777864,0.9990042092622422807481112159853316897,0.0,0.00063034410984627138567540544743727363519,0.00027272796982603943485056271597349737425
0.68500000000000005329070518200751394033,0.99900416608612463806544176060025530994,0.0,0.00062188307379427473055746251641034235617,0.00026847405155783440761875693578444153898
0.68999999999999994670929481799248605967,0.99900412291000699538373100761359554288,0.0,0.0006134218944724946418367391988785724237,0.00026422009707927862338793120008024502259
0.69499999999999995115018691649311222136,0.99900407973388935270106155222851916237,0.0,0.00060496057187729175595449642217124188568,0.00025996610638990954476720657596946420229
0.69999999999999995559107901499373838305,0.99900403655777171001839209684344278186,0.0,0.0005964991060050271497389308987023807655,0.00025571207948926490986429003114115888273
0.70499999999999996003197111349436454475,0.99900399338165406733572264145836640211,0.0,0.00058803749685206158889945144327885501376,0.00025145801637688235445905434502551931846
0.70999999999999996447286321199499070644,0.99900395020553642465305318607329002084,0.0,0.00057957574441475571589579292753974393937,0.0002472039170522995064597327350347362831
0.71499999999999996891375531049561686814,0.99900390702941878197038373068821364033,0.0,0.0005711138486894700499327986264855302698,0.00024294978151505398590275133988885332349
0.71999999999999997335464740899624302983,0.99900386385330113928771427530313726058,0.0,0.00056265180967256498695520229994398535991,0.00023869560976468340495256169866368600499
0.72499999999999997779553950749686919153,0.99900382067718349660504481991806087931,0.0,0.00055418962736040079964241000895703970266,0.00023444140180072536790147322556068071124
0.72999999999999998223643160599749535322,0.99900377750106585392237536453298449956,0.0,0.00054572730174933763740328166707292767739,0.00023018715762271747116948568039858551558
0.73499999999999998667732370449812151492,0.99900373432494821123970590914790811905,0.0,0.00053726483283573552637091232652789448487,0.00022593287723019730330412163482680567477
0.73999999999999999111821580299874767661,0.99900369114883056855703645376283173778,0.0,0.00052880222061595436939741319930175216073,0.0002216785606227024449802589342603162731
0.74499999999999999555910790149937383831,0.99900364797271292587436699837775535803,0.0,0.00052033946508635394604869241303157042886,0.00021742420779977046899996315553600453896
0.75,0.99900360479659528319169754299267897752,0.0,0.00051187656624329391259923550176778719749,0.0002131698187609389402923200602903143679
0.75500000000000000444089209850062616169,0.99900356162047764050902808760760259625,0.0,0.00050341352408313380202688563155702230993,0.00020891539350574541591326804405806555572
0.76000000000000000888178419700125232339,0.99900351844435999782635863222252621649,0.0,0.00049495033860223302400762356083587721181,0.00020466093203372744504543058109232026841
0.76500000000000001332267629550187848508,0.99900347526824235514368917683744983598,0.0,0.00048648700979695086491034733562000204962,0.00020040643434442256899794866490516925432
0.77000000000000001776356839400250464678,0.99900343209212471246101972145237345547,0.0,0.0004780235376636464877916517194727107094,0.00019615190043736832120631324452931029971
0.77500000000000002220446049250313080847,0.99900338891600706977835026606729707496,0.0,0.0004695599221986789323906073582374231868,0.00019189733031210222723219765650029143703
0.78000000000000002664535259100375697017,0.99900334573988942709568081068222069445,0.0,0.00046109616339840711512353967951821366494,0.00018764272396816180476329005255929139576
0.78500000000000003108624468950438313186,0.99900330256377178441301135529714431394,0.0,0.00045263226125918982907880752689274157387,0.00018338808140508456361312582307630979086
0.79000000000000003552713678800500929356,0.99900325938765414173034189991206793343,0.0,0.00044416821577738574401158152884184185517,0.00017913340262240800572092001619363953812
0.79500000000000003996802888650563545525,0.99900321621153649904767244452699155368,0.0,0.00043570402694935340633862220238004960165,0.00017487868761966962515139975268949397843
0.80000000000000004440892098500626161695,0.99900317303541885636500298914191517241,0.0,0.00042723969477145123913305779137133313866,0.00017062393639640690809463663656166118899
0.80500000000000004884981308350688777864,0.9990031298593012136823335337568387919,0.0,0.00041877521924003754211916183951430861506,0.00016636914895215733286587916133105796328
0.81000000000000005329070518200751394033,0.99900308668318357099966407837176241215,0.0,0.00041031060035147049166713049798120800599,0.00016211432528645836990538511206505591665
0.81499999999999994670929481799248605967,0.99900304350706592831795332538510264509,0.0,0.00040184583810210832874493016360717805263,0.00015785946539884757625552438614230616219
0.81999999999999995115018691649311222136,0.99900300033094828563528387000002626533,0.0,0.00039338093248830860708797524256198674695,0.00015360456928886221765233399804602843365
0.82499999999999995559107901499373838305,0.99900295715483064295261441461494988407,0.0,0.00038491588350642932092677820693908994257,0.00014934963695603983538656010669319195611
0.82999999999999996003197111349436454475,0.99900291397871300026994495922987350356,0.0,0.00037645069115282815316299340672213062461,0.00014509466839991786839682159796140255945
0.83499999999999996447286321199499070644,0.9990028708025953575872755038447971238,0.0,0.00036798535542386266331808035681895359306,0.00014083966362003374774590859518346964429
0.83999999999999996891375531049561686814,0.99900282762647771490460604845972074253,0.0,0.00035951987631589028752807945229274568086,0.00013658462261592489662061483548668674594
0.84499999999999997335464740899624302983,0.99900278445036007222193659307464436278,0.0,0.00035105425382526833853838741813680330868,0.00013232954538712873033157004185099140061
0.84999999999999997779553950749686919153,0.99900274127424242953926713768956798227,0.0,0.00034258848794835400569853249357719080605,0.00012807443193318265631307229088587675694
0.85499999999999998223643160599749535322,0.999002698098124786856597682304491601,0.0,0.0003341225786815043549569493508875518836,0.0001238192822536240741229203763259273637
0.85999999999999998667732370449812151492,0.99900265492200714417392822691941522125,0.0,0.00032565652602107632885575374870033553899,0.00011956409634799037544224616824485155832
0.86499999999999999111821580299874767661,0.99900261174588950149125877153433884074,0.0,0.00031719032996342674652551691979869665644,0.00011530887421581894407534696798788288395
0.86999999999999999555910790149937383831,0.99900256856977185880858931614926246023,0.0,0.00030872399050491230368003969337333044281,0.00011105361585664715594951785882242294798
0.875,0.99900252539365421612591986076418607972,0.0,0.00030025750764188957261112635172849883093,0.00010679832127001237911488405230679814031
0.88000000000000000444089209850062616169,0.99900248221753657344325040537910969921,0.0,0.00029179088137071500218335822142150586301,0.00010254299045545197374423323037700262111
0.88500000000000000888178419700125232339,0.9990024390414189307605809499940333187,0.0,0.00028332411168774491782886699881987804128,9.8287623412503292132847883151299979204e-05
0.89000000000000001332267629550187848508,0.99900239586530128807791149460895693819,0.0,0.0002748571985893355215421078100605045466,9.4032220140703678698337642452555969485e-05
0.89500000000000001776356839400250464678,0.99900235268918364539524203922388055843,0.0,0.00026639014207184289187463200539499114731,8.977678063959046998047161104817471909e-05
0.90000000000000002220446049250313080847,0.99900230951306600271257258383880417717,0.0,0.00025792294213162298392985968790548059276,8.552130490870099464101068760751080091e-05
0.90500000000000002664535259100375697017,0.99900226633694836002990312845372779666,0.0,0.00024945559876503162935785197657519117307,8.1265792947572573463539887376629556284e-05
0.91000000000000003108624468950438313186,0.9990022231608307173472336730686514169,0.0,0.00024098811196842453635008300369792408924,7.7010244755742519353300658570288058058e-05
0.91500000000000003552713678800500929356,0.99900217998471307466456421768357503564,0.0,0.00023252048173815728963421164661078920649,7.2754660332748137337023194481009087079e-05
0.92000000000000003996802888650563545525,0.99900213680859543198189476229849865588,0.0,0.00022405270807058535046885299373439768532,6.8499039678126724562758741305120499996e-05
0.92500000000000004440892098500626161695,0.99900209363247778929922530691342227537,0.0,0.00021558479096206405663834954490476892614,6.4243382791415570299711901685632359996e-05
0.93000000000000004884981308350688777864,0.99900205045636014661655585152834589411,0.0,0.00020711673040894862244754214598119819737,5.9987689672151955938072933971824194867e-05
0.93500000000000005329070518200751394033,0.99900200728024250393388639614326951435,0.0,0.00019864852640759413871654065771433023937,5.5731960319873154988850047195414745949e-05
0.93999999999999994670929481799248605967,0.99900196410412486125217564315660974729,0.0,0.00019018017895435576081217348390944355448,5.1476194734116527581082781892145870548e-05
0.94499999999999995115018691649311222136,0.99900192092800721856950618777153336753,0.0,0.00018171168804558795649922660166630746977,4.7220392914419142472954496236370230716e-05
0.94999999999999995559107901499373838305,0.99900187775188957588683673238645698627,0.0,0.00017324305367764563414573208487569189294,4.296455486031834403349751849074354754e-05
0.95499999999999996003197111349436454475,0.99900183457577193320416727700138060576,0.0,0.00016477427584688339058057722718976327667,3.8708680571351374255314724505796112178e-05
0.95999999999999996447286321199499070644,0.999001791399654290521497821616304226,0.0,0.00015630535454965569912176769484400615349,3.4452770047055467250988351439615902336e-05
0.96499999999999996891375531049561686814,0.99900174822353664783882836623122784474,0.0,0.0001478362897823169095711966007556241266,3.0196823286967849252912267030832633779e-05
0.96999999999999997335464740899624302983,0.99900170504741900515615891084615146498,0.0,0.00013936708154122124820941331277183403715,2.5940840290625738613124234587290715166e-05
0.97499999999999997779553950749686919153,0.99900166187130136247348945546107508447,0.0,0.0001308977298227228177903919960522900704,2.1684821057566345803138173690283433915e-05
0.97999999999999998223643160599749535322,0.99900161869518371979082000007599870321,0.0,0.00012242823462317559753629988956987348596,1.7428765587326873413776416614220695347e-05
0.98499999999999998667732370449812151492,0.99900157551906607710815054469092232345,0.0,0.00011395859593893344313226531671408259571,1.3172673879444516155001960461602633985e-05
0.98999999999999999111821580299874767661,0.99900153234294843442548108930584594294,0.0,0.00010548881376635008672114542998125653746,8.9165459334564608557507150131714115799e-06
0.99499999999999999555910790149937383831,0.99900148916683079174281163392076956243,0.0,9.7018888101779136898293689735865329425e-05,4.6603817488998864637637462931135113017e-06
1.0,0.99900144599071314906014217853569318192,0.0,8.8548818941574078706327077027097622327e-05,4.0418132531196404541951584918483401262e-07
