value,sup,dur,Y,S
1.0,6.500770118667155972454301278809594323e-141,132.0,0.99604126356473749881158068547698459539,0.88888399640339364567959965223036112428
0.98999999999999999111821580299874767661,5.1846283310663732764131951932499860208e-140,132.0,0.99545795505641326105159480259303670066,0.88829323990518509415899821081696395681
0.97999999999999998223643160599749535322,2.7655485320764056811529640398119219467e-140,132.0,0.99481566833049334070305872068529322755,0.88765077308428390600530785514658748091
0.96999999999999997335464740899624302983,7.984003806955912966114444964471095239e-147,132.0,0.99411237258716203499063106534205264789,0.88754464930207417729097742133154382829
0.95999999999999996447286321199499070644,3.1541048635196547925020691571114236251e-158,132.0,0.99335742263160875456200402937671392952,0.88739525997492406143212784684159044867
0.94999999999999995559107901499373838305,6.6036287262601403000584879650250045565e-147,132.0,0.99256208506080107848806553887156394421,0.88717215726163251425408312868686976211
0.93999999999999994670929481799248605967,3.2249641683826257146294018738050349758e-137,131.0,0.99175068921206208428442185789312757891,0.88688038190343885135349608807910629885
0.93000000000000004884981308350688777864,7.3510396037139931284930392657206536255e-129,131.0,0.99091918465754924966778215366918330194,0.88652541872288334618605095029086959205
0.92000000000000003996802888650563545525,1.5628524704830290451373749949728079888e-121,131.0,0.99008847729997955821666998767228995711,0.88611301708946640156058602981973100043
0.91000000000000003108624468950438313186,5.1468816845042918484831214383077448759e-115,131.0,0.98925078401582875631615843136530565612,0.88564901546984674761156679414495255733
0.90000000000000002220446049250313080847,3.7897814001228789908454206875192488824e-109,131.0,0.98840754703884245232358187638496839815,0.88513918531282660737316356761141214681
0.89000000000000001332267629550187848508,8.1783685853048367456737940641596097671e-104,131.0,0.9875674154756260448111325790336866023,0.88458910278351847720770695622757045531
0.88000000000000000444089209850062616169,6.3447289674215957392136473630520775771e-99,131.0,0.98673157909971447370374156574601433953,0.88427184604715185957439616392908709901
0.86999999999999999555910790149937383831,2.0715113827064735219857021426594533141e-94,131.0,0.98589447084919304406022663666290325689,0.88405262159619283168644515747654747587
0.85999999999999998667732370449812151492,3.2219614388864333778796800548701515844e-90,131.0,0.98505697314903740186752165796368938489,0.88379607991069888564942751540107661799
0.84999999999999997779553950749686919153,2.6362586099673786575425618992271442232e-86,131.0,0.98421975320296664137955100344881082296,0.88350568802133347304935048254014374254
0.83999999999999996891375531049561686814,1.2299355884952473202279703876869963175e-82,131.0,0.98338332725497749520341669619404364433,0.88318468728103324186090333995301560169
0.82999999999999996003197111349436454475,3.4962910743127345320603189501481680165e-79,131.0,0.982548954366334799288769266235832049,0.88283609190342138362194273077293775595
0.81999999999999995115018691649311222136,6.3996124951639714631127453606024615122e-76,131.0,0.98172459547170673113408502613154146552,0.88246269157628475644579282214834057473
0.81000000000000005329070518200751394033,7.9015177115534674356439706996724691738e-73,131.0,0.98090168666048347358096197928359396429,0.88206705728960164133738766509416082336
0.80000000000000004440892098500626161695,6.8458746261937220643464000039161772344e-70,131.0,0.9800804839421764232977214345263945797,0.88165154959840486792557061351445574961
0.79000000000000003552713678800500929356,4.3052746245801083497653815718287604655e-67,131.0,0.97926120425650184077312497199253685952,0.88121832863760314944511665174836475025
0.78000000000000002664535259100375697017,2.0235199358103086400907332295530595141e-64,131.0,0.97844403393169312078732734526985243497,0.88076936530792160906299560682837176166
0.77000000000000001776356839400250464678,7.2907135478709527460242175610185904693e-62,131.0,0.97762913500868870101729951827367990987,0.88030645315190847435107261136030719333
0.76000000000000000888178419700125232339,2.0588619148203273093550654185106871217e-59,131.0,0.97681665002876195509623684051797045228,0.87983122053174583818309807980572484473
0.75,4.6468340688240155697245887080339025119e-57,131.0,0.97600670570165614248084726137991343403,0.87934514280372243489866731605580625378
0.73999999999999999111821580299874767661,8.5281832191249127485955316722496848282e-55,131.0,0.97519941574841939335824405956694004727,0.87884955425650064599214067169109144149
0.72999999999999998223643160599749535322,1.2923684397820341300281363438772954602e-52,131.0,0.97439488312878307653222257890025222215,0.87834565964159878376933871160700086167
0.71999999999999997335464740899624302983,1.6394260467833420219421997416165756245e-50,131.0,0.97359320180444634750839691543117795618,0.87783454517534190256344790135346628429
0.70999999999999996447286321199499070644,1.7623874007559659344027011129743950911e-48,131.0,0.97279445814865982444511223638204097188,0.87731718893283147341346008226572041404
0.69999999999999995559107901499373838305,1.6233384403875122221846459832793462573e-46,131.0,0.97199873208349158011462254874395270484,0.87679447058736178402480600737699824914
0.68999999999999994670929481799248605967,1.29402846231923572673293665400628817e-44,131.0,0.97120609800539842707661059140810573854,0.87626718047434189595223208057015005055
0.68000000000000004884981308350688777864,9.0079862091237675765868566337738439818e-43,131.0,0.97041662554471342230503612264061210704,0.87583158340176973408821096305729297776
0.67000000000000003996802888650563545525,5.5210971483575068192310310007918065536e-41,131.0,0.96963038019369461583133463191476625828,0.87550084723968361679132550759179277919
0.66000000000000003108624468950438313186,3.0018312980453605418964551281759269807e-39,131.0,0.96885164437599436662736279467190945255,0.87516053992179879401861219948843124372
0.65000000000000002220446049250313080847,1.4577420842168694625097280108430270824e-37,131.0,0.96807628958731021765854033448681677521,0.87481134946025670772703772705571523175
0.64000000000000001332267629550187848508,6.3625453400876312203977099685254284851e-36,131.0,0.96730413231572151379847913712257001013,0.87445391743150671628309730335813350963
0.63000000000000000444089209850062616169,2.5103714738636942411590092786577703129e-34,131.0,0.96653522890629036496425630901972332908,0.87408884186553196533756830640682065061
0.61999999999999999555910790149937383831,9.0013010258484459400551002880068551314e-33,131.0,0.96576963318728874597723818509238534778,0.8737166800090133898761381132748446253
0.60999999999999998667732370449812151492,2.9475323019995754734700531711969077499e-31,131.0,0.96500739674510483106843267608976161545,0.87333795095848057152060753830282502598
0.59999999999999997779553950749686919153,8.854498032287077355059079052547936688e-30,131.0,0.96424856916109108867777347804984904108,0.87295313816163328682391844022397406089
0.58999999999999996891375531049561686814,2.4504361979400240328142912985173694017e-28,131.0,0.96349319821659078381385704497652851359,0.87256269178677605753113704630185931636
0.57999999999999996003197111349436454475,6.2717477214349417627845749474099146403e-27,131.0,0.96274133007122178913434133104897846751,0.87216703096173591255057572377802182955
0.56999999999999995115018691649311222136,1.4899542513735975270770416987769190682e-25,131.0,0.9619930094185760460592483068252568715,0.87176654588477394179756108016534333789
0.56000000000000005329070518200751394033,3.2965712051350239893676216672324623343e-24,131.0,0.9612482796227568853913965024058479749,0.87136159981089367076599051066366259205
0.55000000000000004440892098500626161695,6.8143633548671908292196949638535706839e-23,131.0,0.96050718283858445618128309423503083923,0.87095253091762972460613892422681783735
0.54000000000000003552713678800500929356,1.3198974294835889631371440007497639099e-21,131.0,0.95976976011782123375440521765222613552,0.87053965405490111728944686966094916568
0.53000000000000002664535259100375697017,2.4021724223674657729994027233044717526e-20,131.0,0.95903605150338056425838182459521148121,0.8701232623838630999517005034235730625
0.52000000000000001776356839400250464678,4.1185028859781449140741950656525967435e-19,131.0,0.95830609611316410771536641479588336615,0.86970362890991566617372509992768812962
0.51000000000000000888178419700125232339,6.668053596376242994931565780845481789e-18,131.0,0.95757993221491349252683216734124873969,0.86928100791514705125600532031962161639
0.50,1.0218174429188085943502371920577247968e-16,131.0,0.95685759729324695969498931520651498295,0.86885563629552639861221955878381763146
0.48999999999999999111821580299874767661,8.9870114810863057924360738376924783295e-16,131.0,0.95613912810987411506024277588125536708,0.86842773480812752002821409124457652721
0.47999999999999998223643160599749535322,3.3680517975567795926727304219399282606e-15,130.0,0.95542456075783419946292970887133310468,0.86799750923357947990694382550968786106
0.46999999999999997335464740899624302983,9.5657070513082394838294424152625280961e-15,130.0,0.95471393071047995657244252283904310951,0.86756515145881154787230673923173461255
0.46000000000000001998401444325281772763,2.353961017857545797254807047373687065e-14,130.0,0.95400727286582578375461421132510713243,0.8671308404849999813488700441551981976
0.45000000000000001110223024625156540424,5.2820153424426675606389934027367341412e-14,130.0,0.95330462158679178903533366668935137089,0.86669474336544054522321032754656051988
0.44000000000000000222044604925031308085,1.1108106790453473228295551835674215256e-13,130.0,0.95260601073780191153885857784048954054,0.86625701607787075457387121201535608312
0.42999999999999999333866185224906075746,2.2208310817341156780288590125137062013e-13,130.0,0.95191147371813173624153863862715532043,0.86581780433555511952022648743350759753
0.41999999999999998445687765524780843407,4.2699262420562507020546936585098785159e-13,130.0,0.95122104349234864836875971944889799718,0.86537724434123020505256419538092422564
0.40999999999999997557509345824655611068,7.9226075775012501357705788132476616578e-13,130.0,0.95053475261814149001158963796775954772,0.8649354634877876062278397560313731296
0.40000000000000002220446049250313080847,1.429439253740639218914586792479709927e-12,130.0,0.94985263327179797082829761680534798258,0.86449258100935523243640219165887446268
0.39000000000000001332267629550187848508,2.5167330424537098467745349356175197281e-12,130.0,0.94917471727155453144124903802448187242,0.86404870858622288221310282552208820756
0.38000000000000000444089209850062616169,4.3382953865317650807730139938026646911e-12,130.0,0.94850103609901447677504695444376478014,0.86360395090684893449033409504014606872
0.36999999999999999555910790149937383831,7.301210120606569286132395498932933522e-12,130.0,0.94783162091880495625148115176959744845,0.86315840618998227101403568952613740451
0.35999999999999998667732370449812151492,1.2098895705484154721617725781748875635e-11,126.0,0.94716650259662165671949358386640855932,0.86271216666973860698328661723440471586
0.34999999999999997779553950749686919153,1.9730244850912422055363603667336050053e-11,118.0,0.94650571171579092485325591786018047144,0.86226531904628364156887217796723941034
0.34000000000000002442490654175344388932,3.1621322498122920673796994400662118996e-11,111.0,0.94584927859246236129177394783729394326,0.86181794490459751026915170381343672882
0.33000000000000001554312234475219156593,5.0080905949343111920139141724414147652e-11,104.0,0.94519723328953021716338377491220082894,0.86137012110362606509350407340383712433
0.32000000000000000666133814775093924254,7.8182217281458260396471299345202443553e-11,99.0,0.94454960562936905241940122307633493278,0.86092192013796472177449674606232397096
0.30999999999999999777955395074968691915,1.2043798299242264914306352953958643771e-10,94.0,0.94390642520545753320187613912091544734,0.86047341047406973777220763408794498733
0.29999999999999998889776975374843459576,1.8448820878020963926200436447393502537e-10,90.0,0.94326772139295420742849393073283020072,0.86002465686284998502720614783587002152
0.28999999999999998001598555674718227237,2.769057127647674739334154189967324806e-10,86.0,0.94263352335827997247783887670074043724,0.85957572063035901762151782386151612081
0.28000000000000002664535259100375697017,4.1334364122800707412658190579961659956e-10,82.0,0.94200386006775390067931554841012936418,0.85912665994818243278876911049493963727
0.27000000000000001776356839400250464678,6.1392076734564974433627125238908197187e-10,79.0,0.94137876029532183124112972996121039287,0.85867753008499874525347180921467898342
0.26000000000000000888178419700125232339,8.9491372923154385303346299247554976828e-10,76.0,0.94075825262941072533484306923754036167,0.85822838364068299605413255224650305245
0.25,1.2973737453399677837284177087790743884e-09,73.0,0.94014236547893582886377027003274307057,0.85777927076422051231292074551490506245
0.23999999999999999111821580299874767661,1.8724433505619992976690942369995526776e-09,70.0,0.93953112707848256016488483181628604958,0.85733023935660355512403633332830920784
0.23000000000000000999200722162640886381,2.6784991183831993878748641080697743859e-09,67.0,0.93892456549268023501439924431647751795,0.8568813352597953408568753067997806114
0.22000000000000000111022302462515654042,3.7786775204319834665408056313556811949e-09,64.0,0.93832270861978048384079258378357556492,0.85643260243276391288680342683001409428
0.20999999999999999222843882762390421703,5.3095399889819125849770877667125606061e-09,62.0,0.9377255841944493948825955760148999793,0.8559840831155121565399233812112093426
0.20000000000000001110223024625156540424,7.4315521217380483042364718205047955934e-09,60.0,0.93713321978977888574233820580785025968,0.85553581798195944478777417389269172395
0.19000000000000000222044604925031308085,1.0359524562721578783287091011956991161e-08,58.0,0.93654564281851972592128268369521024856,0.85508784628246476806858075337703258264
0.17999999999999999333866185224906075746,1.4195923416836261084933393011583276373e-08,57.0,0.93596288053353582433504646995560562669,0.85464020597672028973716632921561864728
0.17000000000000001221245327087672194466,1.9385259685038040254535388725511084385e-08,55.0,0.93538496002747684134221834649832553891,0.85419293385768775959200255441997335642
0.16000000000000000333066907387546962127,2.6381132498930752901407853848437331205e-08,54.0,0.93481484588828761097296057478975652804,0.85374606566719790796376133116034457424
0.14999999999999999444888487687421729788,3.5781425589336124086353686944809464721e-08,52.0,0.93425082383327087593916492759558048448,0.85329963620378444335362636094530608288
0.14000000000000001332267629550187848508,4.8371740114919657572626052330038316859e-08,51.0,0.93369185331033341363422584179956620791,0.85285367942327931685258647423889919656
0.13000000000000000444089209850062616169,6.4388304165050894637845161977029576066e-08,49.0,0.93313795878783992184917584494344514183,0.85240822853265434264279167162357383673
0.11999999999999999555910790149937383831,8.5386707935164216021231046338763407323e-08,48.0,0.93258916452346601271146949925613597818,0.8519633160775557369357653471659044236
0.11000000000000000055511151231257827021,1.1289837540991277322133561592868148262e-07,47.0,0.93204549455885246945783315808101461715,0.85151897402394243504640628489238461749
0.10000000000000000555111512312578270212,1.4884057851266748256041892933987166602e-07,46.0,0.93150697271344073082874959891072085431,0.85107523383420606703094979268261191041
0.089999999999999996669330926124530378729,1.9566470882128809409331555404295466296e-07,45.0,0.93097362257747609739552643626519055753,0.85063212653811989560817906291555064778
0.080000000000000001665334536937734810635,2.564821963426519074596264057184550051e-07,44.0,0.93044546750416495795131409634932053477,0.8501896827989357408574950036570179582
0.070000000000000006661338147750939242542,3.312056378538444867917308123372158251e-07,43.0,0.92992253060097233756367589617917491071,0.8497479329749217452761346634677052762
0.059999999999999997779553950749686919153,4.2659620501036183371659690779553166604e-07,42.0,0.92940483472004630507497752593451512919,0.84930690717660964456830816734627492393
0.050000000000000002775557561562891351059,5.4806490023102394797314507086389254805e-07,40.0,0.92889240244775618032214981012436328594,0.84886663531999780661004997399108309703
0.040000000000000000832667268468867405318,7.0235881615020659706591814533370062082e-07,39.0,0.92838525609333211194905293044597091174,0.84842714717593560311831498420122202659
0.029999999999999998889776975374843459576,8.9787073258813448936356143978103616828e-07,38.0,0.92788341767659445774122594865401176582,0.84798847241589556827113370140605117089
0.020000000000000000416333634234433702659,1.1450155712038232281219156893761527119e-06,37.0,0.92738690891476241818500635420399251945,0.84755064065432210200447373081774723408
0.010000000000000000208166817117216851329,1.4544806101314400875644198514474553151e-06,37.0,0.92689575120833265310760688777383413428,0.84711368148772917880907019756074234679
0.0,1.8249270104690157763281242022616084368e-06,36.0,0.92640996562602007196090061360632624369,0.84667762453070446509288128408097541982
