value,sup,dur,Y,S
1.0,1.3117066601152218389419870538718383481e-111,113.0,0.99608517062250971376375689442954661979,0.26945857525651123824616849868608101695
0.98999999999999999111821580299874767661,3.0154839877310270865289616940246108261e-111,113.0,0.99554633201074169869987260986723909218,0.26846466155735967535967134792769153161
0.97999999999999998223643160599749535322,5.3870494728677825329579045006121849861e-112,113.0,0.99490132222142364735836797629543103049,0.26753412769713221217043516422394927083
0.96999999999999997335464740899624302983,5.7796955395058205299342824603907655063e-124,113.0,0.99408746752628433994388444572819891189,0.26648889241083081692584644466992176891
0.95999999999999996447286321199499070644,9.9125678363232892957288653979054525402e-122,113.0,0.99295926100435289086913367517553594028,0.26544778286493465066716309881599255301
0.94999999999999995559107901499373838305,8.9996564311165768553798229451443980012e-114,113.0,0.99170018717569479109773143794538968243,0.26448953215598899643720919653453763231
0.93999999999999994670929481799248605967,1.7754662594243197368877085636957397779e-106,113.0,0.99042700819943233122768847954942172272,0.26341711918804209775227519407078145307
0.93000000000000004884981308350688777864,5.3770286349650618300236253528473129305e-100,113.0,0.98916007748375375550120359114397701966,0.26222607215610846052263011727296529179
0.92000000000000003996802888650563545525,3.2462328742883065161212349018558762169e-94,113.0,0.98790578990501424293500803630148312735,0.26116261674263597317588398403831863711
0.91000000000000003108624468950438313186,5.1696704209184293935091264059162667479e-89,112.0,0.98666563467918452107730881268938949911,0.26006123147049220647916926350268409081
0.90000000000000002220446049250313080847,2.7342755903383857056307865720373895503e-84,112.0,0.98544219010402798803961044520087810961,0.25884596533354246176562233742064687349
0.89000000000000001332267629550187848508,5.7578676641851228275389848112321449216e-80,112.0,0.98423297667472107806737278920901506441,0.25751585927775513534637175736198700011
0.88000000000000000444089209850062616169,5.5660442009625262548679341493441847656e-76,112.0,0.98304100145984451537072031461788878344,0.25635063701676721786001550262790298763
0.86999999999999999555910790149937383831,2.7648879517757073864381631005077019049e-72,112.0,0.98186371293408678358049668647383780929,0.25515132786551738670602365996408622383
0.85999999999999998667732370449812151492,7.7255778830797761734942978285668110437e-69,112.0,0.98070152019408172161929523192932856483,0.25385526841587586382373251018740448141
0.84999999999999997779553950749686919153,1.3067689584730335437544564674540470045e-65,112.0,0.97955613705043616245436168600595635545,0.25246637793923920950532817313966906526
0.83999999999999996891375531049561686814,1.4213067178174520601586532529623704035e-62,112.0,0.97842556299964099177177416113447126119,0.2511244435147242806712130229880708492
0.82999999999999996003197111349436454475,1.045135972092698580256031665920226031e-59,112.0,0.97730978308298855378354620624399101353,0.24990838778602300139167402996434666047
0.81999999999999995115018691649311222136,5.4191391942712968854180491772237671362e-57,112.0,0.97620876071008907890235541699496245124,0.24861875125609102859169434532757322075
0.81000000000000005329070518200751394033,2.0532541695537729359226264335961572652e-54,112.0,0.97512281739647988723940768798191745864,0.24726083497871865779666874980284644674
0.80000000000000004440892098500626161695,5.8605159941791140353731407891226624315e-52,112.0,0.97405262970055220440748743485741741696,0.24584064592402839705224451895628112114
0.79000000000000003552713678800500929356,1.2935835803766338628679098697531711169e-49,112.0,0.97299693627538578706312735476811765251,0.24442792477960440956347505034949749324
0.78000000000000002664535259100375697017,2.2588481808120425108862993758017892132e-47,112.0,0.9719556575672913099914059970485364052,0.24320735583419777730716323348533154794
0.77000000000000001776356839400250464678,3.1828934463330577457905791278682615725e-45,112.0,0.97092870855233752716188757423537771474,0.24193693441799551550660438562116175423
0.76000000000000000888178419700125232339,3.6825881061599456338627492708885331103e-43,112.0,0.96991599984068210470351049337302906448,0.24062160051122613391940523440580707924
0.75,3.5525760555678683072678856702304114539e-41,111.0,0.96891743852816839688378264511129844809,0.23926643374270165551847084295983975931
0.73999999999999999111821580299874767661,2.8966741211188814579215742906361223926e-39,111.0,0.96793292886757209294342372469238827479,0.23787654536290434055834128969627898156
0.72999999999999998223643160599749535322,2.0206076334382741680674792823957563491e-37,111.0,0.96696237280797767107575087346493417576,0.23645698083259391903816696438557345024
0.71999999999999997335464740899624302983,1.2189733030485652905438195164991130028e-35,111.0,0.96600567043554100528197978253044655257,0.23521294197090644619590423598229620072
0.70999999999999996447286321199499070644,6.4218299056061079323216423870033169647e-34,111.0,0.96506272033896946432605811312230024443,0.23399181371038297395872796490867399666
0.69999999999999995559107901499373838305,2.9804366953185641351108942317245332293e-32,111.0,0.96413341991643692146547482263666921506,0.23274413502512830319803413938437318657
0.68999999999999994670929481799248605967,1.2282759113081890780034258969707674592e-30,111.0,0.96321766563615194692756777285092225341,0.231473547634698409634172060672062695
0.68000000000000004884981308350688777864,4.5271435523943051700664326994053778762e-29,111.0,0.96231535325967688452322161710608283037,0.23018357093337522568184449534968252148
0.67000000000000003996802888650563545525,1.5021008785105255558265235684636071409e-27,111.0,0.96142637803489092840724666471003335009,0.22887756920981170127462854133884166032
0.66000000000000003108624468950438313186,4.5133999069990984946842820787288471841e-26,111.0,0.96055063486390586044812047049113461896,0.22755872701000942745831385276076086768
0.65000000000000002220446049250313080847,1.2348058281268622576686133716295654517e-24,110.0,0.95968801845008475737417649853785846606,0.22623003210918919120489092787183118357
0.64000000000000001332267629550187848508,3.0913246988020124569493523126218796805e-23,110.0,0.95883842406531607219260443903905757428,0.22498788011917071663914437049179746075
0.63000000000000000444089209850062616169,7.1141639797219097250503411246497332218e-22,110.0,0.9580017868994768992472674035320185449,0.22382970858386163159299833582345979927
0.61999999999999999555910790149937383831,1.5113240352855457645259942446727382776e-20,110.0,0.95717790449952878028856032588630231046,0.22265987908565253976908188787305376178
0.60999999999999998667732370449812151492,2.9752349983900758146785594347804565198e-19,110.0,0.95636671432247903565904275076004848246,0.22148064576153708949838500660271865233
0.59999999999999997779553950749686919153,5.4470078357149658441771552240896214384e-18,109.0,0.9555681535669194436062979252951855839,0.22029413082284459947844998191478757675
0.58999999999999996891375531049561686814,9.3044313900115698303203247386967012579e-17,109.0,0.95478208992500393616437801318515950173,0.21910232061724735211104192624391123462
0.57999999999999996003197111349436454475,1.4873994737410580193925199371274786069e-15,109.0,0.95400841962567874766893719729567935946,0.2179070643922879630412370718766167599
0.56999999999999995115018691649311222136,2.2314090917509869215364764950048245037e-14,109.0,0.9532470394131518889903977302257972055,0.2167100753093710793105791526679374521
0.56000000000000005329070518200751394033,3.1496055565125235734230917797364884428e-13,108.0,0.95249784660012852044787102138806276501,0.21551293327460389026732016748270281992
0.55000000000000004440892098500626161695,4.192558496957494453973071123863801654e-12,108.0,0.95176073911602216083844456050747772336,0.21431708918569891933198364563904903422
0.54000000000000003552713678800500929356,5.2744982501907633508426807077053906813e-11,108.0,0.95103561555070542115708874359152293721,0.21312387023645218856357455067139299433
0.53000000000000002664535259100375697017,6.2836057949291190420294030780441323012e-10,107.0,0.95032237519428944838421622646182292835,0.2119344859672142526928030402580050404
0.52000000000000001776356839400250464678,7.1010123134976220686193994239152251932e-09,107.0,0.94962091807335807983668248907774585533,0.21086485243550133499953932209920571962
0.51000000000000000888178419700125232339,7.6238415342275969211357464590047631318e-08,106.0,0.9489311449840275655651623778403690263,0.20979788500893876203558759700407122249
0.50,7.7856956128390276480083240262589802158e-07,106.0,0.94825295752215452634025600627223132815,0.20873123366229488634281704182791905981
0.48999999999999999111821580299874767661,7.5678333717528497824907519468813586471e-06,105.0,0.94758625811097181850961448045965568902,0.20766595255978612494262201452137857642
0.47999999999999998223643160599749535322,4.6741877796336638579323788589999936392e-05,105.0,0.94693095002639304292732989514463768836,0.20660301571343424211646614178378131458
0.46999999999999997335464740899624302983,0.00016880204655872568844777487676262364984,104.0,0.94628693742019054161104536394018267802,0.20554332056224822319424869337013508248
0.46000000000000001998401444325281772763,0.00045796293943859723146608687738105168182,103.0,0.94565412534121801374186850175164834488,0.20448769178555492603522430146424427175
0.45000000000000001110223024625156540424,0.0010325025614390959837567046828618999808,85.0,0.94503241975481657768113166530205076372,0.20343688525223176330940393159492992864
0.44000000000000000222044604925031308085,0.0020376973766517298378876788372124643001,62.0,0.94442172756051168781875997560426804835,0.20239159202475826998096283743446754279
0.42999999999999999333866185224906075746,0.0036289128098812632162574640097908538275,44.0,0.94382195660807692598550723383931140964,0.20135244235250777779542773600479927909
0.41999999999999998445687765524780843407,0.0059551161295446036061535742898996207881,29.0,0.94294721487004890187101938329610858296,0.20032000960240304148428034778361859209
0.40999999999999997557509345824655611068,0.009132793968243901165173591413265413947,11.0,0.93760116194737895626087598892637560368,0.19929481408693839021373334808792922613
0.40000000000000002220446049250313080847,0.01325477910993485730722027798151884431,0.0,0.94208726424637753270289868325106794488,0.19827732675969086400743938735910708296
0.39000000000000001332267629550187848508,0.018352573836321003469283332803052034238,0.0,0.94153027623747470216022729188215988485,0.19726797275692442765226553747460800647
0.38000000000000000444089209850062616169,0.024449291375657577292347120799471018629,0.0,0.94098376342381540453043331674527969276,0.19626713477088869930605048214508378101
0.36999999999999999555910790149937383831,0.031474690375126652541769908962399561376,0.0,0.94044763960400412987594341413891269695,0.1952751562460950662444013096926706394
0.35999999999999998667732370449812151492,0.039417534223372304374830030634864459262,0.0,0.93992181959314114932911686539043250912,0.19429234439439055038615402788051575436
0.34999999999999997779553950749686919153,0.048197914436570446447683307464032067411,0.0,0.93940621922455519640302453243119815845,0.19331897302820759341052905888253041019
0.34000000000000002442490654175344388932,0.057739441827638899994578402133088790664,0.0,0.93890075534902806968960015970171960953,0.19235528521409977438907282368970251079
0.33000000000000001554312234475219156593,0.067982191498772395606191501310147546879,0.0,0.93840534583121304015649073422305211232,0.19142494751727244675798158533831667205
0.32000000000000000666133814775093924254,0.078890756146824806812513049965856713176,0.0,0.93791990954290375381284701107643426178,0.19052647423640926302901160255312755757
0.30999999999999999777955395074968691915,0.090255151112181939733227407726985928068,0.0,0.93744436635276458390669950814687777552,0.1896351667850344143841843816552960204
0.29999999999999998889776975374843459576,0.10216177017990562707087922698493248733,0.0,0.93697863711208815080329660078049767477,0.18875131190514906829357383460703357089
0.28999999999999998001598555674718227237,0.11451570959019173427262264711707984752,0.0,0.93652264363610149101019303920793981385,0.18787517079785156983512973710170000815
0.28000000000000002664535259100375697017,0.12722351597201275186660240277448561084,0.0,0.93607649703610310554307696074183084855,0.18700698088542233188428603383130015536
0.27000000000000001776356839400250464678,0.14028295297520299898870341407737636195,0.0,0.9356407013707409717098748013286659524,0.18614695747346432503377673229618140921
0.26000000000000000888178419700125232339,0.15370678705502541961749664545233429465,0.0,0.93521442381347373698136936188360084369,0.18529529531369356321388406250073752168
0.25,0.16725625468152232907220456374211526088,0.0,0.93479758857908019227991443244680619329,0.18445217006881505513089721900195356056
0.23999999999999999111821580299874767661,0.18116642739681094357302796848647319332,0.0,0.93439012067947044005915575342267271555,0.18361773968155254162269226644833484506
0.23000000000000000999200722162640886381,0.1952915347615479340082520736309711455,0.0,0.93399194586635057136918408410320305645,0.18279214565036192976767280685789600933
0.22000000000000000111022302462515654042,0.20946272529453164432143200601185154603,0.0,0.93360299056522752574752694090696247826,0.18197551421468207785426597368779595885
0.20999999999999999222843882762390421703,0.22388504334087321702427591679277625934,0.0,0.93322318180012514594310866499997122451,0.18116795745279116538024374811449475974
0.20000000000000001110223024625156540424,0.23852762008945956451546910329102471773,0.0,0.93285244710841265749316818033199241993,0.1803695742954670288019790681605715071
0.19000000000000000222044604925031308085,0.25326067994878281642294134271641337824,0.0,0.93249071444519425335278121929717787009,0.17958045145871716804486934768966118377
0.17999999999999999333866185224906075746,0.2679878673059244392926862894542859619,0.0,0.93213791207677476097560016739043794752,0.17880066429886660447240872830905824966
0.17000000000000001221245327087672194466,0.28287111672128823530215234617223271399,0.0,0.93179396846280303351837597426640489846,0.17803027759328476584229821892401080833
0.16000000000000000333066907387546962127,0.29789091355800482598852097936177540249,0.0,0.93145881212680304028480139431040860936,0.17726934625000910367986683272226436385
0.14999999999999999444888487687421729788,0.31302983635704689583308571288952797091,0.0,0.9311323715149333876032308346192346659,0.17651791594949361470516501682630847988
0.14000000000000001332267629550187848508,0.3282724061637959576650354891437189868,0.0,0.93081457484296954937416825309940646483,0.1757760237216833976294718715728426701
0.13000000000000000444089209850062616169,0.3434848878888961766658797220215563956,0.0,0.93050534993167929320771710540079975778,0.17504369846159870046071749072154942801
0.11999999999999999555910790149937383831,0.35869915111138623162498541887127458221,0.0,0.93020462403095970431440498937598223949,0.17432096138660842244755681175311523732
0.11000000000000000055511151231257827021,0.37399049151663013069921880110106359835,0.0,0.92991232363332222906930699829966231039,0.17360782643858714588283059038523896173
0.10000000000000000555111512312578270212,0.38934919656443736913808338840541379901,0.0,0.92962837427754793440658777443784270542,0.17290430063418357953679108683666156262
0.089999999999999996669330926124530378729,0.40476665740974633959145796079051922426,0.0,0.92935270034358533666114737078428482935,0.17221038436648209080713832698309947217
0.080000000000000001665334536937734810635,0.42023525348579984495590428328671430168,0.0,0.92908522484002358932118234660564555543,0.17152607166141207874068569086084527219
0.070000000000000006661338147750939242542,0.43574824500099784982066310688109037844,0.0,0.92882586918573948811937563314029965842,0.17085135039235015601048499401288106534
0.059999999999999997779553950749686919153,0.45129967408616702247481063774236593829,0.0,0.92857455298758181845942182890806375949,0.1701862024564642238612764536238953361
0.050000000000000002775557561562891351059,0.46688427485843904714080576256327921429,0.0,0.92833119381621441124402718775172241528,0.16953060391646208564077249794033138689
0.040000000000000000832667268468867405318,0.48249739232262505558275091675140136789,0.0,0.92809570698248272510172239166929026837,0.16888452511152500269305758506063699451
0.029999999999999998889776975374843459576,0.49811209182508587397850510276564506326,0.0,0.92786800531689020510665686250431646198,0.16824793074132241160042448115573044292
0.020000000000000000416333634234433702659,0.51366240469275361031763395784023188822,0.0,0.92764799895496219942521780931293640155,0.16762077992711102945603767998361982528
0.010000000000000000208166817117216851329,0.52923577643868013294832674537426489962,0.0,0.92743602563482642707943534984031522077,0.16700302625401271625642223557554086216
0.0,0.54482900037424545874067700049408280962,0.0,0.92723193507366122871677337274547737527,0.16639461779863327462876891291301359188
