value,sup,dur,Y,S
1.0,8.2066703180748318136483688871510043429e-77,108.0,0.99608517062250971376375689442954661903,0.26945857525651123824616849868608101657
0.98999999999999999111821580299874767661,1.8290741414813470701281895203346430155e-76,108.0,0.99554633201074169869987260986723908917,0.2684646615573596753596713479276915365
0.97999999999999998223643160599749535322,3.1659820485700162785023314146910897469e-77,108.0,0.99490132222142364735836797629543103199,0.26753412769713221217043516422394927309
0.96999999999999997335464740899624302983,3.2890031329961612770415287244637237984e-89,108.0,0.99408746752628433994388444572819891565,0.26648889241083081692584644466992176891
0.95999999999999996447286321199499070644,5.4581139905557771970215087119002450454e-87,108.0,0.99295926100435289086913367517553593803,0.26544778286493465066716309881599255113
0.94999999999999995559107901499373838305,4.7912413726478747068030237265613251348e-79,108.0,0.99170018717569479109773143794538968017,0.26448953215598899643720919653453763494
0.93999999999999994670929481799248605967,9.1314200635255729184034296209953619871e-72,108.0,0.99042700819943233122768847954942172423,0.2634171191880420977522751940707814542
0.93000000000000004884981308350688777864,2.6691634352272825862439673853430528523e-65,108.0,0.9891600774837537555012035911439770174,0.26222607215610846052263011727296529329
0.92000000000000003996802888650563545525,1.5537546341721323885489061518470670037e-59,108.0,0.98790578990501424293500803630148312585,0.26116261674263597317588398403831863673
0.91000000000000003108624468950438313186,2.3831560342189211734467701190398260584e-54,108.0,0.98666563467918452107730881268938950588,0.2600612314704922064791692635026840878
0.90000000000000002220446049250313080847,1.2125022623573553973165607273373740996e-49,108.0,0.98544219010402798803961044520087811112,0.2588459653335424617656223374206468765
0.89000000000000001332267629550187848508,2.4527603976889951542417897442132784137e-45,107.0,0.98423297667472107806737278920901506516,0.25751585927775513534637175736198699936
0.88000000000000000444089209850062616169,2.2741807204739493746525447937026993622e-41,107.0,0.98304100145984451537072031461788878344,0.25635063701676721786001550262790298612
0.86999999999999999555910790149937383831,1.0816590134255122636275672957421502505e-37,107.0,0.9818637129340867835804966864738378123,0.25515132786551738670602365996408622006
0.85999999999999998667732370449812151492,2.888235290985805352455179146940588851e-34,107.0,0.98070152019408172161929523192932856408,0.25385526841587586382373251018740448366
0.84999999999999997779553950749686919153,4.6583492156966412217025007189281685888e-31,107.0,0.97955613705043616245436168600595635394,0.25246637793923920950532817313966906601
0.83999999999999996891375531049561686814,4.8190878494661452652505863978245780817e-28,107.0,0.97842556299964099177177416113447126269,0.25112444351472428067121302298807084995
0.82999999999999996003197111349436454475,3.360866551871070105411788106970763508e-25,107.0,0.97730978308298855378354620624399101202,0.24990838778602300139167402996434665878
0.81999999999999995115018691649311222136,1.6473409744227454469906558435164610524e-22,106.0,0.97620876071008907890235541699496245049,0.24861875125609102859169434532757322131
0.81000000000000005329070518200751394033,5.8778888386464815941809356273377325609e-20,106.0,0.97512281739647988723940768798191745487,0.24726083497871865779666874980284644993
0.80000000000000004440892098500626161695,1.5729607947214861462324181254046342574e-17,106.0,0.97405262970055220440748743485741741545,0.24584064592402839705224451895628112189
0.79000000000000003552713678800500929356,3.2382956003374877752819263525754120945e-15,106.0,0.97299693627538578706312735476811765326,0.24442792477960440956347505034949749136
0.78000000000000002664535259100375697017,5.2413852740734398026308282785647599741e-13,105.0,0.9719556575672913099914059970485364052,0.24320735583419777730716323348533154831
0.77000000000000001776356839400250464678,6.793991114331302246560508999691582585e-11,105.0,0.97092870855233752716188757423537771323,0.24193693441799551550660438562116175423
0.76000000000000000888178419700125232339,7.1623239706991603865839329187461032626e-09,104.0,0.96991599984068210470351049337302905696,0.24062160051122613391940523440580708244
0.75,6.2148978355007102806155536864155800343e-07,104.0,0.96891743852816839688378264511129845185,0.23926643374270165551847084295983975687
0.73999999999999999111821580299874767661,2.9980176927877869658726983109403470955e-05,103.0,0.96793292886757209294342372469238827329,0.23787654536290434055834128969627898344
0.72999999999999998223643160599749535322,0.00024698788793870068493401920664616895714,103.0,0.96696237280797767107575087346493417576,0.23645698083259391903816696438557345062
0.71999999999999997335464740899624302983,0.00095532005583263601909143161474594265708,79.0,0.96600567043554100528197978253044655482,0.23521294197090644619590423598229619846
0.70999999999999996447286321199499070644,0.0024992233750400258767542023216191841941,48.0,0.96506272033896946432605811312230024066,0.23399181371038297395872796490867399779
0.69999999999999995559107901499373838305,0.0051210173610240348364333117073500578621,29.0,0.96388216541881064324057929190267756523,0.2327441350251283031980341393843731877
0.68999999999999994670929481799248605967,0.0088908301034232041149533499792423704608,11.0,0.95876644954048623377145124651179256004,0.23147354763469840963417206067206269481
0.68000000000000004884981308350688777864,0.013726361194803497291726227245595957638,0.0,0.96231535325967688452322161710608283263,0.23018357093337522568184449534968252148
0.67000000000000003996802888650563545525,0.019515173273188910182538029466174892434,0.0,0.96142637803489092840724666471003335611,0.22887756920981170127462854133884165976
0.66000000000000003108624468950438313186,0.02608350949405576330894566135828391031,0.0,0.96055063486390586044812047049113461595,0.22755872701000942745831385276076086711
0.65000000000000002220446049250313080847,0.033316073936528502803487588634980804218,0.0,0.95968801845008475737417649853785847132,0.22623003210918919120489092787183118432
0.64000000000000001332267629550187848508,0.041054797727651790527763900555993425001,0.0,0.95883842406531607219260443903905757654,0.22498788011917071663914437049179745755
0.63000000000000000444089209850062616169,0.049189466073419789434415185701693370875,0.0,0.95800178689947689924726740353201854339,0.2238297085838616315929983358234598019
0.61999999999999999555910790149937383831,0.057659450394754524233051286269997042221,0.0,0.95717790449952878028856032588630231647,0.22265987908565253976908188787305376441
0.60999999999999998667732370449812151492,0.066447968787277892742078312414829335422,0.0,0.95636671432247903565904275076004848773,0.22148064576153708949838500660271865195
0.59999999999999997779553950749686919153,0.075444460335415067155652184233171807455,0.0,0.95556815356691944360629792529518558541,0.22029413082284459947844998191478757731
0.58999999999999996891375531049561686814,0.084616050813662170419420512520175661879,0.0,0.95478208992500393616437801318515949721,0.21910232061724735211104192624391123556
0.57999999999999996003197111349436454475,0.093967072657172968822374251183938274462,0.0,0.95400841962567874766893719729567935795,0.21790706439228796304123707187661676028
0.56999999999999995115018691649311222136,0.10345706823910653852871593900234495656,0.0,0.953247039413151888990397730225797207,0.2167100753093710793105791526679374521
0.56000000000000005329070518200751394033,0.11300504902568843138204011884423539284,0.0,0.95249784660012852044787102138806276351,0.21551293327460389026732016748270282275
0.55000000000000004440892098500626161695,0.12274794394723443141644657743696722586,0.0,0.95176073911602216083844456050747772411,0.21431708918569891933198364563904903122
0.54000000000000003552713678800500929356,0.13249012593313992140391032964582713238,0.0,0.95103561555070542115708874359152293946,0.21312387023645218856357455067139299471
0.53000000000000002664535259100375697017,0.14229255827224817152238036562813954305,0.0,0.9503223751942894483842162264618229261,0.21193448596721425269280304025800504247
0.52000000000000001776356839400250464678,0.15222484843286482214479932376698917058,0.0,0.94962091807335807983668248907774585533,0.21086485243550133499953932209920571887
0.51000000000000000888178419700125232339,0.16226669018590954712888808952452051286,0.0,0.94893114498402756556516237784036902705,0.2097978850089387620355875970040712208
0.50,0.17219417548729297674976885342968038476,0.0,0.94825295752215452634025600627223131913,0.20873123366229488634281704182791906094
0.48999999999999999111821580299874767661,0.18221482020711622507539730162484053029,0.0,0.94758625811097181850961448045965569203,0.20766595255978612494262201452137857736
0.47999999999999998223643160599749535322,0.19231592492075968472318956834859271286,0.0,0.94693095002639304292732989514463768761,0.20660301571343424211646614178378131515
0.46999999999999997335464740899624302983,0.20248652078848933466240889104058533066,0.0,0.94628693742019054161104536394018268403,0.20554332056224822319424869337013508135
0.46000000000000001998401444325281772763,0.21271717040732834446028432600929153277,0.0,0.94565412534121801374186850175164834714,0.20448769178555492603522430146424427194
0.45000000000000001110223024625156540424,0.22284005787927366735168582863784668587,0.0,0.94503241975481657768113166530205076598,0.20343688525223176330940393159492992826
0.44000000000000000222044604925031308085,0.23301709245255002239972993617992556412,0.0,0.94442172756051168781875997560426805286,0.20239159202475826998096283743446754204
0.42999999999999999333866185224906075746,0.2432428892173282858609324931149113021,0.0,0.94382195660807692598550723383931140738,0.20135244235250777779542773600479927702
0.41999999999999998445687765524780843407,0.25351162258354205012696537391790956356,0.0,0.94323301571200927684531998405178625548,0.20032000960240304148428034778361859209
0.40999999999999997557509345824655611068,0.26381822878288882956198306663639305149,0.0,0.94265481466442819655755821704136461227,0.19929481408693839021373334808792922801
0.40000000000000002220446049250313080847,0.27415830638465734806221030183261362598,0.0,0.94208726424637753270289868325106794187,0.19827732675969086400743938735910708089
0.39000000000000001332267629550187848508,0.28452802742730650136279018161755059772,0.0,0.94153027623747470216022729188215988485,0.19726797275692442765226553747460800666
0.38000000000000000444089209850062616169,0.29486667009740366284615014091148244666,0.0,0.94098376342381540453043331674527968975,0.19626713477088869930605048214508378026
0.36999999999999999555910790149937383831,0.30518080058833176179611178046823496788,0.0,0.94044763960400412987594341413891269695,0.1952751562460950662444013096926706409
0.35999999999999998667732370449812151492,0.31552201794021454124464061097584723859,0.0,0.93992181959314114932911686539043250912,0.19429234439439055038615402788051575624
0.34999999999999997779553950749686919153,0.32588759754444899091109618430691159259,0.0,0.93940621922455519640302453243119816823,0.19331897302820759341052905888253040907
0.34000000000000002442490654175344388932,0.33627512491945777643772952082729589586,0.0,0.93890075534902806968960015970171960803,0.19235528521409977438907282368970251003
0.33000000000000001554312234475219156593,0.34668245562543356485477971823589802522,0.0,0.93840534583121304015649073422305211307,0.1914249475172724467579815853383166728
0.32000000000000000666133814775093924254,0.35710768007776149935108712957023925326,0.0,0.93791990954290375381284701107643426254,0.19052647423640926302901160255312755851
0.30999999999999999777955395074968691915,0.36754909277901970394912168489139402092,0.0,0.93744436635276458390669950814687777401,0.18963516678503441438418438165529601682
0.29999999999999998889776975374843459576,0.37800516550029610028540002946064655269,0.0,0.93697863711208815080329660078049767402,0.18875131190514906829357383460703357164
0.28999999999999998001598555674718227237,0.38847452396602033737249182971705428754,0.0,0.9365226436361014910101930392079398131,0.18787517079785156983512973710170000721
0.28000000000000002664535259100375697017,0.39895592762767586445723231368684416155,0.0,0.93607649703610310554307696074183085307,0.18700698088542233188428603383130015743
0.27000000000000001776356839400250464678,0.40944825214700438061433773054165839686,0.0,0.93564070137074097170987480132866594939,0.18614695747346432503377673229618141185
0.26000000000000000888178419700125232339,0.4199504742460373790435339111206816776,0.0,0.93521442381347373698136936188360084821,0.18529529531369356321388406250073752262
0.25,0.43046165861768777429262033522944190696,0.0,0.93479758857908019227991443244680619555,0.18445217006881505513089721900195355999
0.23999999999999999111821580299874767661,0.44093515372321343498780007433232198977,0.0,0.93439012067947044005915575342267271329,0.18361773968155254162269226644833484694
0.23000000000000000999200722162640886381,0.45141154713373248422946526247625183348,0.0,0.93399194586635057136918408410320305721,0.18279214565036192976767280685789600763
0.22000000000000000111022302462515654042,0.46189722118368797371643190872871836409,0.0,0.933602990565227525747526940906962476,0.18197551421468207785426597368779595941
0.20999999999999999222843882762390421703,0.4723913328344389677364655495240307581,0.0,0.93322318180012514594310866499997122226,0.18116795745279116538024374811449476163
0.20000000000000001110223024625156540424,0.48289309822174075242961658171134002239,0.0,0.93285244710841265749316818033199241767,0.18036957429546702880197906816057151029
0.19000000000000000222044604925031308085,0.49340178580787986775756906240008112546,0.0,0.93249071444519425335278121929717786557,0.17958045145871716804486934768966118265
0.17999999999999999333866185224906075746,0.50391671041413303505603482137603149333,0.0,0.93213791207677476097560016739043794451,0.17880066429886660447240872830905825098
0.17000000000000001221245327087672194466,0.51443722802689744573820733038805948834,0.0,0.93179396846280303351837597426640489846,0.17803027759328476584229821892401080588
0.16000000000000000333066907387546962127,0.52496273128379056225551949840454093284,0.0,0.93145881212680304028480139431040861237,0.17726934625000910367986683272226436498
0.14999999999999999444888487687421729788,0.53549264555764634919412953604950977043,0.0,0.9311323715149333876032308346192346659,0.1765179159494936147051650168263084765
0.14000000000000001332267629550187848508,0.54602642556669013690568934347428925004,0.0,0.93081457484296954937416825309940646633,0.17577602372168339762947187157284267085
0.13000000000000000444089209850062616169,0.55656355244832454188651025952137314513,0.0,0.93050534993167929320771710540079975628,0.17504369846159870046071749072154942989
0.11999999999999999555910790149937383831,0.56710353124199020661205824281921336032,0.0,0.93020462403095970431440498937598224325,0.17432096138660842244755681175311523939
0.11000000000000000055511151231257827021,0.57764588873356775451783808099088057563,0.0,0.92991232363332222906930699829966231265,0.17360782643858714588283059038523896136
0.10000000000000000555111512312578270212,0.58819017161985062993756396399358520725,0.0,0.92962837427754793440658777443784270467,0.17290430063418357953679108683666156299
0.089999999999999996669330926124530378729,0.5987359449568359090243888763951021919,0.0,0.9293527003435853366611473707842848301,0.17221038436648209080713832698309947161
0.080000000000000001665334536937734810635,0.609282790860037141526194486534664811,0.0,0.92908522484002358932118234660564555317,0.17152607166141207874068569086084527069
0.070000000000000006661338147750939242542,0.61983030742880311479230745435830716787,0.0,0.92882586918573948811937563314029965315,0.17085135039235015601048499401288106628
0.059999999999999997779553950749686919153,0.63037810786980630192456214592875521188,0.0,0.92857455298758181845942182890806374594,0.17018620245646422386127645362389533704
0.050000000000000002775557561562891351059,0.6409258197975188379490538767822987292,0.0,0.92833119381621441124402718775172241829,0.16953060391646208564077249794033139046
0.040000000000000000832667268468867405318,0.65147308469168896314079504540242009141,0.0,0.92809570698248272510172239166929026085,0.16888452511152500269305758506063699376
0.029999999999999998889776975374843459576,0.66201955749363034301590031065375818962,0.0,0.92786800531689020510665686250431646349,0.16824793074132241160042448115573044029
0.020000000000000000416333634234433702659,0.67256490632460124645372533722549508413,0.0,0.92764799895496219942521780931293639553,0.16762077992711102945603767998361982547
0.010000000000000000208166817117216851329,0.6831088123107334383145874587320288991,0.0,0.9274360256348264270794353498403152155,0.16700302625401271625642223557554086197
0.0,0.69365096949992505862418505322216156399,0.0,0.92723193507366122871677337274547737903,0.16639461779863327462876891291301359038
