value,sup,dur,Y,S
1.0,3.2542499015216151059637742148873948742e-25,101.0,0.99608517062250971376375689442954661903,0.26945857525651123824616849868608101695
0.98999999999999999111821580299874767661,6.1828397863849560837407836150651333909e-25,101.0,0.99554633201074169869987260986723908992,0.26846466155735967535967134792769153688
0.97999999999999998223643160599749535322,9.1183344827242861026251200430438658981e-26,100.0,0.99490132222142364735836797629543103049,0.26753412769713221217043516422394927647
0.96999999999999997335464740899624302983,8.0641381612988124781952631641569631492e-38,100.0,0.99408746752628433994388444572819891866,0.26648889241083081692584644466992177154
0.95999999999999996447286321199499070644,1.1366622031165814716264568400832842651e-35,100.0,0.99295926100435289086913367517553594028,0.26544778286493465066716309881599254963
0.94999999999999995559107901499373838305,8.4245745227590019716213499550129925377e-28,100.0,0.99170018717569479109773143794538968318,0.26448953215598899643720919653453763569
0.93999999999999994670929481799248605967,1.3377643507298346087523571592198783729e-20,99.0,0.99042700819943233122768847954942172046,0.26341711918804209775227519407078145194
0.93000000000000004884981308350688777864,3.1724563297405561057362124928471003993e-14,99.0,0.98916007748375375550120359114397701815,0.26222607215610846052263011727296529404
0.92000000000000003996802888650563545525,1.4191556573660356724768710058888502779e-08,98.0,0.98790578990501424293500803630148313187,0.26116261674263597317588398403831863636
0.91000000000000003108624468950438313186,0.00016912117642343750372942191957295654799,98.0,0.98666563467918452107730881268938950212,0.26006123147049220647916926350268409382
0.90000000000000002220446049250313080847,0.0021432396984855926091459040228085121658,54.0,0.98544219010402798803961044520087811112,0.25884596533354246176562233742064687349
0.89000000000000001332267629550187848508,0.0065166189478440029733585964632854891879,21.0,0.98340000215941082122003856339367567476,0.25751585927775513534637175736198700049
0.88000000000000000444089209850062616169,0.01239025306404181705033288234340439656,0.0,0.98304100145984451537072031461788878193,0.25635063701676721786001550262790298537
0.86999999999999999555910790149937383831,0.019059993133462164005119681795370304859,0.0,0.9818637129340867835804966864738378108,0.25515132786551738670602365996408621931
0.85999999999999998667732370449812151492,0.026201502645250115183245292040656115791,0.0,0.98070152019408172161929523192932856784,0.25385526841587586382373251018740448141
0.84999999999999997779553950749686919153,0.033623419041213608031245056463741838556,0.0,0.97955613705043616245436168600595635921,0.25246637793923920950532817313966906827
0.83999999999999996891375531049561686814,0.041221481645716220435558862947661587452,0.0,0.97842556299964099177177416113447126344,0.25112444351472428067121302298807084958
0.82999999999999996003197111349436454475,0.048953645325268350906604002003635529159,0.0,0.97730978308298855378354620624399100976,0.24990838778602300139167402996434665841
0.81999999999999995115018691649311222136,0.056729078089052231932454338716412584972,0.0,0.97620876071008907890235541699496244899,0.24861875125609102859169434532757322075
0.81000000000000005329070518200751394033,0.064613203438903211778299851453646763274,0.0,0.97512281739647988723940768798191745713,0.24726083497871865779666874980284644768
0.80000000000000004440892098500626161695,0.072563472300841651071168483905758112506,0.0,0.97405262970055220440748743485741741621,0.24584064592402839705224451895628112132
0.79000000000000003552713678800500929356,0.080518522399116790054901971567998970315,0.0,0.97299693627538578706312735476811765401,0.24442792477960440956347505034949748835
0.78000000000000002664535259100375697017,0.088543963036627485945356187850759646523,0.0,0.97195565756729130999140599704853640294,0.24320735583419777730716323348533154944
0.77000000000000001776356839400250464678,0.096599398508764658899052559866180251862,0.0,0.97092870855233752716188757423537771097,0.24193693441799551550660438562116175159
0.76000000000000000888178419700125232339,0.10463756133449164437060810746430360181,0.0,0.96991599984068210470351049337302905846,0.24062160051122613391940523440580707812
0.75,0.11278069977465476301009752900617571434,0.0,0.9689174385281683968837826451112984511,0.23926643374270165551847084295983975837
0.73999999999999999111821580299874767661,0.12087883535421343069422542085030130397,0.0,0.96793292886757209294342372469238827555,0.23787654536290434055834128969627898213
0.72999999999999998223643160599749535322,0.12898646751119859377233381625386104265,0.0,0.96696237280797767107575087346493417651,0.23645698083259391903816696438557344968
0.71999999999999997335464740899624302983,0.13717004049291343936736364719379952757,0.0,0.96600567043554100528197978253044655332,0.23521294197090644619590423598229620185
0.70999999999999996447286321199499070644,0.14539668605915749291959339134475650943,0.0,0.96506272033896946432605811312230024367,0.23399181371038297395872796490867399666
0.69999999999999995559107901499373838305,0.15352403265153234982577830145245046995,0.0,0.9641334199164369214654748226366692113,0.23274413502512830319803413938437318939
0.68999999999999994670929481799248605967,0.161712778827024717062931570505285382,0.0,0.96321766563615194692756777285092225341,0.23147354763469840963417206067206269744
0.68000000000000004884981308350688777864,0.16995395919680193232029500758450921984,0.0,0.96231535325967688452322161710608283113,0.23018357093337522568184449534968252186
0.67000000000000003996802888650563545525,0.17824027800906800848990871930790993469,0.0,0.96142637803489092840724666471003334934,0.22887756920981170127462854133884165919
0.66000000000000003108624468950438313186,0.18647347762149026092032702546965305468,0.0,0.96055063486390586044812047049113461746,0.22755872701000942745831385276076086918
0.65000000000000002220446049250313080847,0.19469553278465167821004020252745230346,0.0,0.95968801845008475737417649853785847057,0.22623003210918919120489092787183118263
0.64000000000000001332267629550187848508,0.20295875922017218934108829099511633721,0.0,0.95883842406531607219260443903905757579,0.22498788011917071663914437049179745605
0.63000000000000000444089209850062616169,0.21125832380378075610215055509196944442,0.0,0.9580017868994768992472674035320185464,0.22382970858386163159299833582345980002
0.61999999999999999555910790149937383831,0.21959017706216687867791446353519937641,0.0,0.95717790449952878028856032588630231346,0.22265987908565253976908188787305376197
0.60999999999999998667732370449812151492,0.22795091278686666764966742845844822422,0.0,0.95636671432247903565904275076004848321,0.22148064576153708949838500660271865082
0.59999999999999997779553950749686919153,0.23624853494070864635780875316418141093,0.0,0.95556815356691944360629792529518558315,0.22029413082284459947844998191478757675
0.58999999999999996891375531049561686814,0.24454892267719533129806489576080219968,0.0,0.95478208992500393616437801318515949797,0.21910232061724735211104192624391123537
0.57999999999999996003197111349436454475,0.25287790210830826150704658105583920164,0.0,0.95400841962567874766893719729567935795,0.21790706439228796304123707187661676084
0.56999999999999995115018691649311222136,0.26123280478954893531908534872891400313,0.0,0.953247039413151888990397730225797204,0.2167100753093710793105791526679374536
0.56000000000000005329070518200751394033,0.26961132439086214213023978926474928011,0.0,0.95249784660012852044787102138806276351,0.2155129332746038902673201674827028218
0.55000000000000004440892098500626161695,0.27801145796441915075278834069954099678,0.0,0.95176073911602216083844456050747772185,0.21431708918569891933198364563904903253
0.54000000000000003552713678800500929356,0.2864314567964982259396564434961374411,0.0,0.95103561555070542115708874359152293871,0.21312387023645218856357455067139299452
0.53000000000000002664535259100375697017,0.2948697854235079475745710368058210617,0.0,0.9503223751942894483842162264618229276,0.21193448596721425269280304025800503946
0.52000000000000001776356839400250464678,0.3032622926221515987949315160327482327,0.0,0.94962091807335807983668248907774585608,0.21086485243550133499953932209920571849
0.51000000000000000888178419700125232339,0.31165126437651434922530658614110402699,0.0,0.9489311449840275655651623778403690248,0.20979788500893876203558759700407122362
0.50,0.32005932400802647158943745242612940406,0.0,0.94825295752215452634025600627223132214,0.20873123366229488634281704182791906132
0.48999999999999999111821580299874767661,0.32848507878141194120340849423072327785,0.0,0.94758625811097181850961448045965569052,0.20766595255978612494262201452137857586
0.47999999999999998223643160599749535322,0.33692728276576079622791775358512424317,0.0,0.94693095002639304292732989514463769062,0.20660301571343424211646614178378131477
0.46999999999999997335464740899624302983,0.34538481590954512608459568321174797363,0.0,0.94628693742019054161104536394018268027,0.20554332056224822319424869337013508154
0.46000000000000001998401444325281772763,0.35385666627413379996161898416959703527,0.0,0.94565412534121801374186850175164834337,0.20448769178555492603522430146424427044
0.45000000000000001110223024625156540424,0.36234191495704228929788788030248124692,0.0,0.94503241975481657768113166530205076447,0.20343688525223176330940393159492992826
0.44000000000000000222044604925031308085,0.37083972329791585827045510271833761388,0.0,0.9444217275605116878187599756042680491,0.20239159202475826998096283743446754524
0.42999999999999999333866185224906075746,0.37934932201682467475095240207214090525,0.0,0.94382195660807692598550723383931140813,0.20135244235250777779542773600479927891
0.41999999999999998445687765524780843407,0.38787000198516479114893339168310830396,0.0,0.94323301571200927684531998405178625473,0.20032000960240304148428034778361859284
0.40999999999999997557509345824655611068,0.39640110637418982229302943715333241199,0.0,0.94265481466442819655755821704136460926,0.19929481408693839021373334808792922631
0.40000000000000002220446049250313080847,0.40492209132096042031057244769754839126,0.0,0.94208726424637753270289868325106794187,0.19827732675969086400743938735910708089
0.39000000000000001332267629550187848508,0.41342057112479771956406291838037629867,0.0,0.94153027623747470216022729188215988259,0.19726797275692442765226553747460800722
0.38000000000000000444089209850062616169,0.42193017095293608077870723592017858191,0.0,0.94098376342381540453043331674527968749,0.19626713477088869930605048214508378007
0.36999999999999999555910790149937383831,0.43045022998325852404594065573786975882,0.0,0.94044763960400412987594341413891269619,0.1952751562460950662444013096926706394
0.35999999999999998667732370449812151492,0.43898013136962839042080056377292403844,0.0,0.93992181959314114932911686539043250912,0.19429234439439055038615402788051575342
0.34999999999999997779553950749686919153,0.447519297029580715037488796574691274,0.0,0.9394062192245551964030245324311981607,0.19331897302820759341052905888253040907
0.34000000000000002442490654175344388932,0.45606718311979071219873946081370798719,0.0,0.93890075534902806968960015970171961104,0.19235528521409977438907282368970251229
0.33000000000000001554312234475219156593,0.46462327610342724876994910011158136774,0.0,0.93840534583121304015649073422305211307,0.19142494751727244675798158533831667149
0.32000000000000000666133814775093924254,0.47318708932700618254036789039223529199,0.0,0.93791990954290375381284701107643426103,0.19052647423640926302901160255312755719
0.30999999999999999777955395074968691915,0.48175816003611841313273066914917028338,0.0,0.9374443663527645839066995081468777853,0.1896351667850344143841843816552960187
0.29999999999999998889776975374843459576,0.49033604676959811395446934328433192963,0.0,0.93697863711208815080329660078049767327,0.18875131190514906829357383460703357051
0.28999999999999998001598555674718227237,0.49892032708050319629866691198361241303,0.0,0.93652264363610149101019303920793980558,0.1878751707978515698351297371017000074
0.28000000000000002664535259100375697017,0.50751059553986765978482552392146463513,0.0,0.93607649703610310554307696074183085081,0.18700698088542233188428603383130015762
0.27000000000000001776356839400250464678,0.5161064619857117612265637414638452624,0.0,0.93564070137074097170987480132866595164,0.18614695747346432503377673229618140959
0.26000000000000000888178419700125232339,0.52470754998539913465103964377229949017,0.0,0.93521442381347373698136936188360083843,0.18529529531369356321388406250073751942
0.25,0.53331349548423908065234241467799644947,0.0,0.93479758857908019227991443244680619179,0.18445217006881505513089721900195355924
0.23999999999999999111821580299874767661,0.54192394561735104122526423500333988394,0.0,0.93439012067947044005915575342267271329,0.1836177396815525416226922664483348475
0.23000000000000000999200722162640886381,0.55053855766533841388347312967595976171,0.0,0.93399194586635057136918408410320304968,0.18279214565036192976767280685789600801
0.22000000000000000111022302462515654042,0.5591569981373391334003175498098386119,0.0,0.93360299056522752574752694090696247073,0.18197551421468207785426597368779595828
0.20999999999999999222843882762390421703,0.56777894196760250307376503632879808771,0.0,0.93322318180012514594310866499997123354,0.18116795745279116538024374811449476106
0.20000000000000001110223024625156540424,0.57640407181394741254448147229921058903,0.0,0.93285244710841265749316818033199241391,0.18036957429546702880197906816057150879
0.19000000000000000222044604925031308085,0.58503207744833458196091590091038926892,0.0,0.93249071444519425335278121929717786708,0.17958045145871716804486934768966117926
0.17999999999999999333866185224906075746,0.59366265523137988140471885661962311365,0.0,0.93213791207677476097560016739043794677,0.17880066429886660447240872830905825267
0.17000000000000001221245327087672194466,0.60229550766398299072003006047421542815,0.0,0.93179396846280303351837597426640489094,0.17803027759328476584229821892401080776
0.16000000000000000333066907387546962127,0.61093034301037369857373523744380076559,0.0,0.93145881212680304028480139431040860485,0.17726934625000910367986683272226436516
0.14999999999999999444888487687421729788,0.61956687498781383644378033672055359458,0.0,0.93113237151493338760323083461923466741,0.1765179159494936147051650168263084765
0.14000000000000001332267629550187848508,0.62820482251895691605893340172293236302,0.0,0.93081457484296954937416825309940646558,0.17577602372168339762947187157284266934
0.13000000000000000444089209850062616169,0.63684390954347533250568375301866265372,0.0,0.93050534993167929320771710540079975252,0.17504369846159870046071749072154942763
0.11999999999999999555910790149937383831,0.64548386488603301622858962261834074534,0.0,0.93020462403095970431440498937598223723,0.17432096138660842244755681175311523808
0.11000000000000000055511151231257827021,0.65412442217802216529217736628240903409,0.0,0.92991232363332222906930699829966230889,0.17360782643858714588283059038523895967
0.10000000000000000555111512312578270212,0.66276531983070509188809113309536882155,0.0,0.92962837427754793440658777443784270091,0.17290430063418357953679108683666156299
0.089999999999999996669330926124530378729,0.67140630105751877489563652097131829632,0.0,0.92935270034358533666114737078428482709,0.17221038436648209080713832698309947292
0.080000000000000001665334536937734810635,0.68004711394331851564308178878740879732,0.0,0.92908522484002358932118234660564555543,0.17152607166141207874068569086084527313
0.070000000000000006661338147750939242542,0.68868751155826803176401573037871028804,0.0,0.92882586918573948811937563314029965616,0.17085135039235015601048499401288106628
0.059999999999999997779553950749686919153,0.69732725211393554412919001986649227163,0.0,0.92857455298758181845942182890806375723,0.17018620245646422386127645362389533591
0.050000000000000002775557561562891351059,0.70596609915894023688941541511888623209,0.0,0.92833119381621441124402718775172240701,0.16953060391646208564077249794033138933
0.040000000000000000832667268468867405318,0.71460382181122090461369739006576930596,0.0,0.92809570698248272510172239166929026913,0.16888452511152500269305758506063699376
0.029999999999999998889776975374843459576,0.72324019502368044359701207211769665662,0.0,0.92786800531689020510665686250431645597,0.16824793074132241160042448115573044311
0.020000000000000000416333634234433702659,0.73187499987961012292322912294808226954,0.0,0.9276479989549621994252178093129364023,0.16762077992711102945603767998361982471
0.010000000000000000208166817117216851329,0.74050802391392823161031260919842507312,0.0,0.92743602563482642707943534984031521776,0.16700302625401271625642223557554086291
0.0,0.74913906145589446245705091755551400433,0.0,0.92723193507366122871677337274547736775,0.16639461779863327462876891291301359207
