value,sup,dur,Y,S
1.0,1.0406141808413487611985241247385430791e-43,104.0,0.99608517062250971376375689442954662054,0.2694585752565112382461684986860810162
0.98999999999999999111821580299874767661,2.1543744846057707569412747365958272421e-43,104.0,0.99554633201074169869987260986723909142,0.268464661557359675359671347927691535
0.97999999999999998223643160599749535322,3.4592981306454424508144405965382164921e-44,104.0,0.99490132222142364735836797629543103124,0.26753412769713221217043516422394927196
0.96999999999999997335464740899624302983,3.3284685753425841879914926814438453064e-56,104.0,0.99408746752628433994388444572819891114,0.26648889241083081692584644466992176966
0.95999999999999996447286321199499070644,5.1058290209250150816061255084849913047e-54,103.0,0.99295926100435289086913367517553594104,0.26544778286493465066716309881599255264
0.94999999999999995559107901499373838305,4.1324483624400140198234411156601423619e-46,103.0,0.99170018717569479109773143794538968243,0.26448953215598899643720919653453763456
0.93999999999999994670929481799248605967,7.2369780898444499967818574554343474824e-39,103.0,0.99042700819943233122768847954942172197,0.26341711918804209775227519407078144931
0.93000000000000004884981308350688777864,1.9348406869798180568175977994150272029e-32,103.0,0.9891600774837537555012035911439770174,0.2622260721561084605226301172729652948
0.92000000000000003996802888650563545525,1.0236137301573852600418522715844627179e-26,102.0,0.98790578990501424293500803630148312961,0.26116261674263597317588398403831863598
0.91000000000000003108624468950438313186,1.4142896350047378560143456370900574775e-21,102.0,0.98666563467918452107730881268938949986,0.26006123147049220647916926350268409118
0.90000000000000002220446049250313080847,6.4011967608635195312508524928618294399e-17,102.0,0.98544219010402798803961044520087811187,0.25884596533354246176562233742064687424
0.89000000000000001332267629550187848508,1.1311191852083619264440828007297304641e-12,102.0,0.98423297667472107806737278920901506892,0.25751585927775513534637175736198699974
0.88000000000000000444089209850062616169,8.9037794274263840611628850427482654345e-09,101.0,0.98304100145984451537072031461788878419,0.25635063701676721786001550262790298199
0.86999999999999999555910790149937383831,2.3679865337712044915930502105183350152e-05,101.0,0.98186371293408678358049668647383780703,0.25515132786551738670602365996408622157
0.85999999999999998667732370449812151492,0.0005916182376399148460144509197881489656,97.0,0.98070152019408172161929523192932856784,0.25385526841587586382373251018740448216
0.84999999999999997779553950749686919153,0.0027059176106380762484431131895519367064,45.0,0.9795561370504361624543616860059563547,0.25246637793923920950532817313966906488
0.83999999999999996891375531049561686814,0.0066136363750385587764373300930595017684,20.0,0.9772073291394186858225028363769959525,0.25112444351472428067121302298807084845
0.82999999999999996003197111349436454475,0.011928126556571729817367472445889843127,0.0,0.97730978308298855378354620624399101578,0.2499083877860230013916740299643466569
0.81999999999999995115018691649311222136,0.01820604823760868745640593628016795704,0.0,0.97620876071008907890235541699496245275,0.24861875125609102859169434532757321962
0.81000000000000005329070518200751394033,0.025099804140822207177360762981639864247,0.0,0.97512281739647988723940768798191745563,0.24726083497871865779666874980284645069
0.80000000000000004440892098500626161695,0.032434783482824793432071022795909647506,0.0,0.97405262970055220440748743485741741245,0.24584064592402839705224451895628112132
0.79000000000000003552713678800500929356,0.040062117326827481362051274224772254293,0.0,0.97299693627538578706312735476811765627,0.24442792477960440956347505034949749324
0.78000000000000002664535259100375697017,0.047892964632706260308124099726643533691,0.0,0.9719556575672913099914059970485364067,0.2432073558341977773071632334853315517
0.77000000000000001776356839400250464678,0.055902488958908011499988119765699900197,0.0,0.97092870855233752716188757423537771624,0.24193693441799551550660438562116175441
0.76000000000000000888178419700125232339,0.064032555995800413840277381197484746193,0.0,0.96991599984068210470351049337302905696,0.24062160051122613391940523440580707887
0.75,0.072208332619713478292861008589521813707,0.0,0.96891743852816839688378264511129844734,0.23926643374270165551847084295983975499
0.73999999999999999111821580299874767661,0.080527736276348524384015063699858601833,0.0,0.96793292886757209294342372469238827254,0.23787654536290434055834128969627898326
0.72999999999999998223643160599749535322,0.088836711367643735149599392238821337806,0.0,0.96696237280797767107575087346493417275,0.2364569808325939190381669643855734493
0.71999999999999997335464740899624302983,0.09723075789819489151581724498392160363,0.0,0.96600567043554100528197978253044655558,0.23521294197090644619590423598229620034
0.70999999999999996447286321199499070644,0.1057173087719045797386303148178792287,0.0,0.96506272033896946432605811312230024292,0.23399181371038297395872796490867399666
0.69999999999999995559107901499373838305,0.11412531832663313143749859485185886224,0.0,0.96413341991643692146547482263666921431,0.23274413502512830319803413938437318807
0.68999999999999994670929481799248605967,0.12263895272398115300006951044355693137,0.0,0.96321766563615194692756777285092225567,0.23147354763469840963417206067206269406
0.68000000000000004884981308350688777864,0.13123989129499075648866173724743656326,0.0,0.96231535325967688452322161710608282962,0.2301835709333752256818444953496825228
0.67000000000000003996802888650563545525,0.13974053244236988963046178896638558794,0.0,0.96142637803489092840724666471003335234,0.2288775692098117012746285413388416622
0.66000000000000003108624468950438313186,0.14829685375764220585254359202349729954,0.0,0.96055063486390586044812047049113461445,0.22755872701000942745831385276076086862
0.65000000000000002220446049250313080847,0.1569192163056661513568389414281952577,0.0,0.95968801845008475737417649853785847132,0.22623003210918919120489092787183118395
0.64000000000000001332267629550187848508,0.16559790437712284651490042837485378143,0.0,0.95883842406531607219260443903905757353,0.22498788011917071663914437049179745661
0.63000000000000000444089209850062616169,0.17422051769432713855056855120688533016,0.0,0.95800178689947689924726740353201854565,0.22382970858386163159299833582345980021
0.61999999999999999555910790149937383831,0.1828379046198902585013410558074872553,0.0,0.95717790449952878028856032588630231346,0.22265987908565253976908188787305376479
0.60999999999999998667732370449812151492,0.19150319327873144860686624130809361087,0.0,0.95636671432247903565904275076004848096,0.22148064576153708949838500660271865007
0.59999999999999997779553950749686919153,0.20021044489014205538390387473282125544,0.0,0.95556815356691944360629792529518558465,0.22029413082284459947844998191478757619
0.58999999999999996891375531049561686814,0.20895465112594847912265332641842090483,0.0,0.95478208992500393616437801318515949646,0.21910232061724735211104192624391123481
0.57999999999999996003197111349436454475,0.21773158182436660321523317561441208927,0.0,0.95400841962567874766893719729567935645,0.21790706439228796304123707187661675952
0.56999999999999995115018691649311222136,0.22641365703727622775693866092756091114,0.0,0.95324703941315188899039773022579720776,0.21671007530937107931057915266793745116
0.56000000000000005329070518200751394033,0.23512871724946526143687655053796919115,0.0,0.95249784660012852044787102138806276426,0.21551293327460389026732016748270282199
0.55000000000000004440892098500626161695,0.2438748670676392668283073147708797947,0.0,0.95176073911602216083844456050747772411,0.21431708918569891933198364563904903272
0.54000000000000003552713678800500929356,0.25264903239816223330350677905973860715,0.0,0.95103561555070542115708874359152293721,0.21312387023645218856357455067139299489
0.53000000000000002664535259100375697017,0.26144855163738002836424876123294132476,0.0,0.9503223751942894483842162264618229276,0.21193448596721425269280304025800504059
0.52000000000000001776356839400250464678,0.27027111230266054866684306924338115506,0.0,0.94962091807335807983668248907774585382,0.21086485243550133499953932209920571812
0.51000000000000000888178419700125232339,0.27911469711640614726965523505127855691,0.0,0.94893114498402756556516237784036902404,0.20979788500893876203558759700407122381
0.50,0.28797131466749939481559942944343439061,0.0,0.94825295752215452634025600627223132439,0.20873123366229488634281704182791906
0.48999999999999999111821580299874767661,0.2967616094046228546977524560151127266,0.0,0.94758625811097181850961448045965568902,0.2076659525597861249426220145213785783
0.47999999999999998223643160599749535322,0.30557331260181921225588130330719472926,0.0,0.94693095002639304292732989514463768987,0.20660301571343424211646614178378131534
0.46999999999999997335464740899624302983,0.31440471724683591089428723138310165209,0.0,0.94628693742019054161104536394018268253,0.20554332056224822319424869337013508248
0.46000000000000001998401444325281772763,0.32325430300737401564754946563676221031,0.0,0.94565412534121801374186850175164834864,0.20448769178555492603522430146424427081
0.45000000000000001110223024625156540424,0.33212071028678766672683185907312180814,0.0,0.94503241975481657768113166530205076673,0.20343688525223176330940393159492992638
0.44000000000000000222044604925031308085,0.34100271796494200621669876885872470267,0.0,0.94442172756051168781875997560426805211,0.20239159202475826998096283743446754279
0.42999999999999999333866185224906075746,0.34989922433436499503916989958349557766,0.0,0.94382195660807692598550723383931140964,0.20135244235250777779542773600479927909
0.41999999999999998445687765524780843407,0.35880923079236528041601171171829257014,0.0,0.94323301571200927684531998405178625774,0.20032000960240304148428034778361859134
0.40999999999999997557509345824655611068,0.36773182790012090729561931097281333441,0.0,0.94265481466442819655755821704136460701,0.1992948140869383902137333480879292265
0.40000000000000002220446049250313080847,0.37666618346779300585547058344312636766,0.0,0.94208726424637753270289868325106794412,0.19827732675969086400743938735910708315
0.39000000000000001332267629550187848508,0.38561153236926614850420386001268003536,0.0,0.94153027623747470216022729188215988485,0.19726797275692442765226553747460800854
0.38000000000000000444089209850062616169,0.3945671678305423308382502388209675047,0.0,0.94098376342381540453043331674527969125,0.19626713477088869930605048214508378007
0.36999999999999999555910790149937383831,0.40350588004077485936435147401479243517,0.0,0.94044763960400412987594341413891269544,0.19527515624609506624440130969267063977
0.35999999999999998667732370449812151492,0.41242807129622100604922478907837139775,0.0,0.93992181959314114932911686539043250611,0.19429234439439055038615402788051575643
0.34999999999999997779553950749686919153,0.42136120528595198404390554336986441043,0.0,0.9394062192245551964030245324311981607,0.19331897302820759341052905888253040662
0.34000000000000002442490654175344388932,0.43030458701207066145078808001370227201,0.0,0.93890075534902806968960015970171961028,0.19235528521409977438907282368970250966
0.33000000000000001554312234475219156593,0.43925756791878670970088455791971458031,0.0,0.93840534583121304015649073422305211232,0.19142494751727244675798158533831667299
0.32000000000000000666133814775093924254,0.44821954043169839733004052267389058642,0.0,0.93791990954290375381284701107643426254,0.19052647423640926302901160255312755757
0.30999999999999999777955395074968691915,0.45718993320237453538502986642573071584,0.0,0.93744436635276458390669950814687777702,0.18963516678503441438418438165529601833
0.29999999999999998889776975374843459576,0.46616820696370164039954986403115355798,0.0,0.93697863711208815080329660078049767778,0.18875131190514906829357383460703357145
0.28999999999999998001598555674718227237,0.47515385091418411501440506902920550249,0.0,0.93652264363610149101019303920793981009,0.18787517079785156983512973710170000946
0.28000000000000002664535259100375697017,0.48414637956058978031852009127514094382,0.0,0.93607649703610310554307696074183085081,0.1870069808854223318842860338313001563
0.27000000000000001776356839400250464678,0.49314532995815216809992011845977105498,0.0,0.9356407013707409717098748013286659524,0.18614695747346432503377673229618141072
0.26000000000000000888178419700125232339,0.50215025929610797966447391767631633685,0.0,0.9352144238134737369813693618836008467,0.18529529531369356321388406250073752243
0.25,0.51116074278380094411326796599553417326,0.0,0.93479758857908019227991443244680619405,0.18445217006881505513089721900195356112
0.23999999999999999111821580299874767661,0.52017637179904280850022753222202406923,0.0,0.93439012067947044005915575342267271254,0.18361773968155254162269226644833484431
0.23000000000000000999200722162640886381,0.52919675226601252241310118814035272613,0.0,0.93399194586635057136918408410320305721,0.18279214565036192976767280685789600839
0.22000000000000000111022302462515654042,0.53822150323479911077493028055149360662,0.0,0.9336029905652275257475269409069624745,0.18197551421468207785426597368779595791
0.20999999999999999222843882762390421703,0.54725025563884923421324778472930660105,0.0,0.93322318180012514594310866499997122677,0.18116795745279116538024374811449476181
0.20000000000000001110223024625156540424,0.55628265121015367041030296265881435659,0.0,0.93285244710841265749316818033199241617,0.18036957429546702880197906816057150766
0.19000000000000000222044604925031308085,0.5653183415350695105858045579242356783,0.0,0.93249071444519425335278121929717786632,0.17958045145871716804486934768966118246
0.17999999999999999333866185224906075746,0.57435698723629368328385965495197184149,0.0,0.93213791207677476097560016739043795655,0.17880066429886660447240872830905825173
0.17000000000000001221245327087672194466,0.58339825726873423711367413748117983733,0.0,0.9317939684628030335183759742664048789,0.17803027759328476584229821892401080833
0.16000000000000000333066907387546962127,0.59244182831891440633508031533817484633,0.0,0.93145881212680304028480139431040861087,0.17726934625000910367986683272226436667
0.14999999999999999444888487687421729788,0.60148738429913368222163295990397051366,0.0,0.93113237151493338760323083461923466139,0.17651791594949361470516501682630847744
0.14000000000000001332267629550187848508,0.61053461592893467289233316331715971369,0.0,0.93081457484296954937416825309940645806,0.17577602372168339762947187157284266991
0.13000000000000000444089209850062616169,0.61958322039751203063842225172130644724,0.0,0.93050534993167929320771710540079975778,0.17504369846159870046071749072154942989
0.11999999999999999555910790149937383831,0.62863290110157751954988363765999535815,0.0,0.93020462403095970431440498937598223573,0.17432096138660842244755681175311523883
0.11000000000000000055511151231257827021,0.63768336745388525533853433411622313105,0.0,0.92991232363332222906930699829966230964,0.17360782643858714588283059038523896192
0.10000000000000000555111512312578270212,0.64673433475814023850748394624341730774,0.0,0.92962837427754793440658777443784270843,0.17290430063418357953679108683666156262
0.089999999999999996669330926124530378729,0.65578552414638119947506695804196536285,0.0,0.92935270034358533666114737078428482709,0.17221038436648209080713832698309947386
0.080000000000000001665334536937734810635,0.6648366625751596348394923766266333499,0.0,0.92908522484002358932118234660564556069,0.17152607166141207874068569086084527276
0.070000000000000006661338147750939242542,0.67388748287694597825358267123621376741,0.0,0.92882586918573948811937563314029965014,0.17085135039235015601048499401288106835
0.059999999999999997779553950749686919153,0.68293772386319489980230083563320877752,0.0,0.9285745529875818184594218289080637467,0.1701862024564642238612764536238953376
0.050000000000000002775557561562891351059,0.69198713047541022710806231943030937591,0.0,0.92833119381621441124402718775172242055,0.1695306039164620856407724979403313882
0.040000000000000000832667268468867405318,0.70103545398037949800871562012507158604,0.0,0.92809570698248272510172239166929026236,0.16888452511152500269305758506063699376
0.029999999999999998889776975374843459576,0.71008245220551369805353767188812872269,0.0,0.92786800531689020510665686250431645145,0.16824793074132241160042448115573044048
0.020000000000000000416333634234433702659,0.71912788980994627075844423295870580534,0.0,0.92764799895496219942521780931293639252,0.16762077992711102945603767998361982603
0.010000000000000000208166817117216851329,0.72817153858673147927336093810462987004,0.0,0.92743602563482642707943534984031521249,0.1670030262540127162564222355755408631
0.0,0.73721317779115378982890100188595948414,0.0,0.92723193507366122871677337274547737527,0.1663946177986332746287689129130135917
