value,sup,dur,Y,S
1.0,3.5402202832773760802876312902124055102e-58,108.0,0.99608547830263100926629743163630466075,0.26949632711198441033307571867437365597
0.98999999999999999111821580299874767661,7.6627669177217643791738925813911813183e-58,108.0,0.99554658986665576070687061943951728959,0.26844180574517996926012714344232394193
0.97999999999999998223643160599749535322,1.2206495287000621725936842747307429469e-58,108.0,0.99490157623363324544111678987920187687,0.26754523188973443695355532917103841209
0.96999999999999997335464740899624302983,3.9403179867557769305044798966531748828e-71,107.0,0.99408777735000146420687942897786902976,0.26653431454092173505625367624277858458
0.95999999999999996447286321199499070644,1.1208353597952399146133569677424984078e-68,107.0,0.99295962883658325018197740825203782967,0.26541784477471118999190866503113883906
0.94999999999999995559107901499373838305,1.4486242328415916534751639361626261603e-60,107.0,0.99170065858299146556910140509721159252,0.26449174182623759155101479628050168022
0.93999999999999994670929481799248605967,3.7520961099604736984682732642507644703e-53,107.0,0.99042742111751952721570095663281890457,0.26345256217253981786065116982094412005
0.93000000000000004884981308350688777864,1.4099858763694769008604452622786550547e-46,107.0,0.98916063185858579422353681009398259733,0.26229605623359183518725051052194795542
0.92000000000000003996802888650563545525,1.0124174686762117735200380806686522968e-40,107.0,0.98790638303726011807137427837655231539,0.26114122046526722117055772377072932286
0.91000000000000003108624468950438313186,1.8541466055645079048521522227522288503e-35,107.0,0.9866666581037869423026300234170814896,0.26007351973799785291822862587586579274
0.90000000000000002220446049250313080847,1.0966133580633424376858477994191270214e-30,106.0,0.98544323034163367882201188719293972012,0.25889353172741143180846048796954312351
0.89000000000000001332267629550187848508,2.5198952804082059244078333975216678337e-26,106.0,0.98423440262535781437491944443590174566,0.25760023190786514181571705625771979358
0.88000000000000000444089209850062616169,2.5993819529511794841460553227442706091e-22,106.0,0.98304234178888571828456337278380306073,0.25632628452528397294456590929250587958
0.86999999999999999555910790149937383831,1.348615327056945395004961446570667296e-18,106.0,0.98186554907187917112880687927477316986,0.25516207669222188125267609485962738402
0.85999999999999998667732370449812151492,3.8512093978403062795921558991423693868e-15,105.0,0.9807035824278626157090752100095221621,0.25390214639594112437378150668344934619
0.84999999999999997779553950749686919153,6.5036443315361224974320720727046095365e-12,105.0,0.97955811363128344227981350593938271211,0.25255008862735216715279672221335203202
0.83999999999999996891375531049561686814,6.8712034830839711269152282263081462724e-09,105.0,0.97842802935354955000482799600564887961,0.25111099852778096333269596647281992745
0.82999999999999996003197111349436454475,4.7220364404748546226932518072520991136e-06,104.0,0.97731274864700267230564489893078741501,0.24989913568905411107874882257812492954
0.81999999999999995115018691649311222136,0.00019152369285507784239624188676243591797,103.0,0.97621223463165695910508546351217940955,0.24864395939855899478795718554777582582
0.81000000000000005329070518200751394033,0.0011380844686941531344902431971087663639,70.0,0.97512643476028180202554927673346447237,0.24732043420630097972356284670030686441
0.80000000000000004440892098500626161695,0.0034129241729455846332624886674110001259,39.0,0.97405604911205970294756369836536293359,0.24593425151525344799544318251126575593
0.79000000000000003552713678800500929356,0.0071607637351597902440415358408126752048,18.0,0.9711519040146100937897747720602477752,0.24449163905959119734327555909935949038
0.78000000000000002664535259100375697017,0.012171220137124246572682758634521037687,0.0,0.97196008819170759989354090625375313085,0.24318687302837220321877898040697336346
0.77000000000000001776356839400250464678,0.018169647612497305253119773228810762686,0.0,0.97093365707600772470100508733343473178,0.2419476070391709308199681757578120469
0.76000000000000000888178419700125232339,0.024864198054917047970498580528568439106,0.0,0.96992147405644222250903090209841619159,0.2406627859556318938128827454534716083
0.75,0.032116416755548549484178851569933810213,0.0,0.96892344594044360129797996649391878009,0.23933730371674370504420186561478977359
0.73999999999999999111821580299874767661,0.039752036935457417825528540470078564698,0.0,0.96793947670330698567535834308605203281,0.23797611363700476433181142023365510976
0.72999999999999998223643160599749535322,0.047664671286049184988872821659599053389,0.0,0.96696946802728940983672596509193563794,0.2365841331599091241871872468554274756
0.71999999999999997335464740899624302983,0.055810586336494656077020086892825075539,0.0,0.96601331974186702189790919577188790259,0.2351805261913906004043913037192331
0.70999999999999996447286321199499070644,0.064193375637765823143751546286972517315,0.0,0.96507093018857688931073848839479216112,0.23398608462589276932489143148943063721
0.69999999999999995559107901499373838305,0.072587091422429958073139481369381449868,0.0,0.96414219652722184957930924655274463841,0.23276421709268413317824226871519286487
0.68999999999999994670929481799248605967,0.081218676925871738958795439506581510427,0.0,0.96322701499569518864233339490237788289,0.23151848660164863486678994224531532801
0.68000000000000004884981308350688777864,0.089814283064851578713708098315638526789,0.0,0.96232528113254641998977173618591123454,0.23025235303035741335354488629677005974
0.67000000000000003996802888650563545525,0.09859862470382837858324396808152301186,0.0,0.96143688996919481402504679649540791171,0.22896913920185280976777148364496041883
0.66000000000000003108624468950438313186,0.107370027872781131689685764730160909,0.0,0.96056173619710601499614916508318066222,0.22767200465099920600512477830322229059
0.65000000000000002220446049250313080847,0.11620114258057577339044481730747765462,0.0,0.95969971431408393518414144758853451062,0.22636392671441346697348580292909120463
0.64000000000000001332267629550187848508,0.12515214329962845796814300727128203145,0.0,0.9588507187529674810038778097808808105,0.22504768829157192762566024050578230115
0.63000000000000000444089209850062616169,0.1340838996632711090610875449425151246,0.0,0.95801464399537135554261413785581951288,0.22382091736792797569769007110887744018
0.61999999999999999555910790149937383831,0.14301633708897452314877485377241800464,0.0,0.95719138467261351341082824661198184184,0.22267134727626951955881734119878406275
0.60999999999999998667732370449812151492,0.15203350963802914976371339248484078459,0.0,0.95638083565558708387481228269387342055,0.22151148644874541576912383521032395428
0.59999999999999997779553950749686919153,0.16112266637205758359885849991459687844,0.0,0.95558289213503265358354433650577800304,0.22034345550026081954119975693300038716
0.58999999999999996891375531049561686814,0.1701932490068158852263720630411495229,0.0,0.95479744969342685764299872115048413825,0.21916924654590849015074821821268672448
0.57999999999999996003197111349436454475,0.17922950724573327923642467008924524611,0.0,0.95402440436951017149903904271770979872,0.21799072081274983248468493929902698458
0.56999999999999995115018691649311222136,0.18832308773002417201636266298727255876,0.0,0.95326365271631954981900120671016145562,0.21680960856291088944256530014233568031
0.56000000000000005329070518200751394033,0.1974665771719131972296121034970536389,0.0,0.95251509185346189956753858093637640473,0.21562751091792633924845405603772796807
0.55000000000000004440892098500626161695,0.20665367407805766819840093255793002748,0.0,0.95177861951425603497523512253584961909,0.21444590319772511771346314977022129565
0.54000000000000003552713678800500929356,0.21587902434578230144252326675368682416,0.0,0.95105413408827932225618806689819965415,0.21326613942225901365391564834729913399
0.53000000000000002664535259100375697017,0.22502061099804163301201628275491696165,0.0,0.95034153465977634896219596383279157855,0.21208945766470690888666473362831494458
0.52000000000000001776356839400250464678,0.23418407583772412083172181664133083079,0.0,0.94964072104231885758835481862462905014,0.21091698598859037930314860554989136037
0.51000000000000000888178419700125232339,0.24338217669207283989656600582166686037,0.0,0.9489515938100455832768137849878185264,0.20981219668843458546770318899187417077
0.5,0.25261126941624859902729033541187291413,0.0,0.94827405432575645444010259851582223564,0.20875907758284794845973560012311532415
0.48999999999999999111821580299874767661,0.26186819178801818286380235928805327234,0.0,0.94760800476608612911547766019130787588,0.20770667758979994835761387433770894301
0.47999999999999998223643160599749535322,0.27115019377004887808168362213426730931,0.0,0.9469533481439359793544009345478881388,0.20665599097958833463847309521803136663
0.46999999999999997335464740899624302983,0.28045487715413849282995247977375756705,0.0,0.94630998832830047199478638584754723637,0.20560793642140504242957574216489475515
0.46000000000000001998401444325281772763,0.28978014364375918296793523496371166333,0.0,0.94567783006158269499968579036453701557,0.20456336045943655581039205626495670532
0.45000000000000001110223024625156540424,0.29904745040866080868908246694854473506,0.0,0.94505677897445393538926957367282365633,0.20352304117320452765446705040660967691
0.44000000000000000222044604925031308085,0.30832018834342525300836089873479076564,0.0,0.94444674159827341466741773459890307497,0.20248769193690329044321589227006444978
0.42999999999999999333866185224906075746,0.31761348520576359371992735579087027709,0.0,0.94384762537504592389039560788840779706,0.20145796520766384478086237085677372444
0.41999999999999998445687765524780843407,0.32692563504339424198949510681894455667,0.0,0.94325933866485741982515618945036407673,0.2004344562862913409292922390474450796
0.40999999999999997557509345824655611068,0.33625511344313205398344122435671976929,0.0,0.94268179075069112126881761891923889929,0.19941770700599715611188497120525040116
0.40000000000000002220446049250313080847,0.34560055318603104166751415498090362525,0.0,0.94211489184048960745270586786284293012,0.1984082093149872000116732474155752673
0.39000000000000001332267629550187848508,0.35496072320680797364281841646410669677,0.0,0.94155855306629185078075256626661569713,0.19740640872755093997374688510073241917
0.38000000000000000444089209850062616169,0.36433451044354942647942703419477415794,0.0,0.94101268648023840442323291130674475327,0.19641270762563997277359647093487363471
0.36999999999999999555910790149937383831,0.3737209042026494319740650911665761541,0.0,0.94047720504720319857655699333899276655,0.1954274683989730987172621723349979137
0.35999999999999998667732370449812151492,0.38311898270348271466129979685830541843,0.0,0.93995202263377743472420289807697695047,0.19445101641661007655569767061351670813
0.34999999999999997779553950749686919153,0.39252790150574828960872736463732129485,0.0,0.93943705399330007384769734305494191594,0.19348364282685019565381861360183707278
0.34000000000000002442490654175344388932,0.40194688355861659024619803538011764613,0.0,0.93893221474660132645047037004731335966,0.19252560718538032655535917453169021569
0.33000000000000001554312234475219156593,0.41137521064415625276679302075502750751,0.0,0.9384374213581009909566002045368044889,0.19157713991395414958681660708911974854
0.32000000000000000666133814775093924254,0.42080284808156968374842580223518698441,0.0,0.93795259110688342673184693079548670656,0.19063844459365086845763366459832561877
0.30999999999999999777955395074968691915,0.43019859979314869690125231708630596567,0.0,0.93747764205235606884540481309744372124,0.18970970009804404197444520610564456895
0.29999999999999998889776975374843459576,0.43960427106392111291868557828930338253,0.0,0.93701296208687636924783152313774423738,0.188811124795936722898550857816574955
0.28999999999999998001598555674718227237,0.44901916964111473536979153379506679549,0.0,0.93655847388036727477226476480926999519,0.18794108936106150315094406748614309748
0.28000000000000002664535259100375697017,0.45844264816660289416175184153577197716,0.0,0.9361136386979849444702403535097026204,0.18707868959303800373775371797879298208
0.27000000000000001776356839400250464678,0.46787409908672578136243819451598067726,0.0,0.93567837608004181784454571487018130632,0.18622415165812804521961812134488388054
0.26000000000000000888178419700125232339,0.47731295021488176591791658619829768186,0.0,0.93525260609447996250657394971473139345,0.18537768036119096542627752332812268395
0.25,0.48675866086410218229951729426185861665,0.0,0.93483624926215694834697303905588479335,0.18453946058033976284348134538829295521
0.23999999999999999111821580299874767661,0.49621071847750670422958035467209307667,0.0,0.93442922647423220439927437690870759427,0.18370965860812005701713737751961698295
0.23000000000000000999200722162640886381,0.505668635693996278390886139962709454,0.0,0.93403145890145696606389587895571257053,0.18288842340146071956125384874263907994
0.22000000000000000111022302462515654042,0.51513194779486352927127094038796735341,0.0,0.93364286789524635102633853406943033511,0.18207588774312537164227008491951531805
0.20999999999999999222843882762390421703,0.52460021048428527444668578812191348214,0.0,0.93326337488050061400190729653123060373,0.18127216931775599970469136833493009756
0.20000000000000001110223024625156540424,0.53407299796300893809205439319498317551,0.0,0.93289290124024401149994269237125573563,0.18047737170586769733679632899734983949
0.19000000000000000222044604925031308085,0.5435499012600474808487452323293779365,0.0,0.93253136819226361543600814550386745897,0.17969158529934767661528786093890441951
0.17999999999999999333866185224906075746,0.55303052679194959983501491467013789615,0.0,0.93217869665805591470052927504359883284,0.17891488814214902724129113311680734951
0.17000000000000001221245327087672194466,0.56251449512329825927382366447303256864,0.0,0.93183480712452492402141767326575687561,0.17814734669996421667601261147163851276
0.16000000000000000333066907387546962127,0.57200143990558684512913445300716912526,0.0,0.93149961949902023141887378481602476317,0.17738901656272643183415093819566496934
0.14999999999999999444888487687421729788,0.58149100697460128795108690355107022345,0.0,0.93117305295845482791777941724318357404,0.17663994308382718736626771312981985032
0.14000000000000001332267629550187848508,0.59098285358896222477470697132430883967,0.0,0.93085502579339822480064983401025367802,0.17590016195996283427759949298221643637
0.13000000000000000444089209850062616169,0.60047664779460891503840632482231219144,0.0,0.9305454552481974988589923033749884235,0.17516969975553564508420939435339827423
0.11999999999999999555910790149937383831,0.60997206790178975983242181843268345111,0.0,0.9302442573583342270098126462282312946,0.17444857437553999665258613416729807612
0.11000000000000000055511151231257827021,0.61946880206260901882668581927551918992,0.0,0.92995134678637527064275799724026140427,0.17373679549086256249565405084111985298
0.10000000000000000555111512312578270212,0.6289665479384047794797834723852604341,0.0,0.92966663665801637067328120219552042582,0.17303436491991808255598380563236630247
0.089999999999999996669330926124530378729,0.63846501244723934382332711409647155576,0.0,0.92939003839984552531922391416900805651,0.17234127697052854765770262747521235408
0.080000000000000001665334536937734810635,0.64796391158260195734105049288263236339,0.0,0.92912146158056425050665568230768526789,0.17165751874593241270904253070524282087
0.070000000000000006661338147750939242542,0.65746297029508608812129114619754505684,0.0,0.92886081375749516988001947775379638298,0.17098307041877987085902647626477017177
0.059999999999999997779553950749686919153,0.66696192242933624494506639891549754469,0.0,0.92860800033027027511814882181051905924,0.17031790547692808198225193425428071363
0.050000000000000002775557561562891351059,0.6764605107089888599182334644131309689,0.0,0.92836292440363223697983993063498732931,0.1696619909447939926152729660707700795
0.040000000000000000832667268468867405318,0.68595848676267976514920266441057472023,0.0,0.92812572319358031730292037408194843627,0.16901528758394955781427572633137057334
0.029999999999999998889776975374843459576,0.6954556111844778691222032793673470573,0.0,0.92789667007666195619937330146868638546,0.16837775007655235336068566127958096912
0.020000000000000000416333634234433702659,0.70495165362235081275408965986599585142,0.0,0.92767504013226297514932037696810644783,0.16774932719509149137811271819674706262
0.010000000000000000208166817117216851329,0.71444639288848846853994815360445889382,0.0,0.92746072553681666525226953899848417425,0.16712996196179279363227429149174740424
0.0,0.7239396170855203282856433005847266587,0.0,0.9272536157205045064054754653553770105,0.16651959180086699837457809175752236103
