value,max_sup,t_max_sup,t_1e_2,t_1e_3,t_1e_4,t_1e_5,t_1e_6,t_1e_7,t_1e_8,t_1e_9,t_1e_10,dur,Y,S
0.0,4.6120556325914124935916387531684474077e-157,470.0,44.0,47.0,50.0,52.0,54.0,56.0,58.0,60.0,62.0,785.0,0.99608517062250971376375689442954661678,0.2694585752565112382461684986860810177
0.010000000000000000208166817117216851329,1.2567591395583237101270558745493898695e-121,399.0,45.0,48.0,51.0,53.0,55.0,57.0,59.0,61.0,63.0,664.0,0.99421547379266034808163895380357922205,0.26841613403896890073778445353705899258
0.020000000000000000416333634234433702659,2.3550995668439710834899826331024719589e-104,365.0,46.0,49.0,52.0,54.0,56.0,58.0,60.0,62.0,64.0,602.0,0.99267653293163016403008840700838532707,0.26735309711323608748493339610302914856
0.029999999999999998889776975374843459576,3.0984070518455583136049539070231636115e-92,340.0,47.0,50.0,53.0,55.0,58.0,60.0,62.0,64.0,65.0,556.0,0.99121694446831844221573686527296601427,0.26652214199381281109773279922133355707
0.040000000000000000832667268468867405318,8.8495882211113207425880649076807021856e-83,319.0,48.0,52.0,54.0,57.0,59.0,61.0,63.0,65.0,67.0,519.0,0.98976935320625810390731016687980595235,0.26565403860695906195638987267804903625
0.050000000000000002775557561562891351059,5.3070680181359190866488275657319014561e-75,302.0,49.0,53.0,56.0,58.0,60.0,62.0,64.0,66.0,68.0,487.0,0.98830017873993466957473270932993746601,0.26503981412440294828395870271783364711
0.059999999999999997779553950749686919153,2.1474392929922616782570956359910091158e-68,288.0,50.0,54.0,57.0,59.0,62.0,64.0,66.0,68.0,70.0,458.0,0.9867935240442648281403008447690743474,0.26447459761771764336982703463174865011
0.070000000000000006661338147750939242542,1.1741871580096727513371202207099589796e-62,275.0,51.0,55.0,58.0,61.0,63.0,65.0,67.0,69.0,72.0,433.0,0.98523657593643766237710743735082155212,0.26401909214911211274586029971863053695
0.080000000000000001665334536937734810635,1.3639812699884115397574072517546174129e-57,263.0,53.0,57.0,60.0,62.0,65.0,67.0,69.0,71.0,73.0,409.0,0.98361225988333374559133529846796678775,0.26370171399580649043951203193027052485
0.089999999999999996669330926124530378729,4.6148315560849420262778616454791764013e-53,253.0,54.0,58.0,61.0,64.0,66.0,69.0,71.0,73.0,75.0,388.0,0.98191485814436039422607025996398901883,0.26352098900692396240839899191060756293
0.10000000000000000555111512312578270212,5.7154914234181078378668300030608129201e-49,243.0,55.0,60.0,63.0,66.0,68.0,70.0,73.0,75.0,77.0,368.0,0.98013078718566325278243128751051251601,0.26344872506570967504544127965055745761
0.11000000000000000055511151231257827021,3.0768113998170259415712907314756270875e-45,235.0,57.0,61.0,65.0,67.0,70.0,72.0,75.0,77.0,79.0,349.0,0.97825129568316431546993700466098665265,0.26361646920216411220167882037355124218
0.11999999999999999555910790149937383831,8.2359796104278576662480614845258513843e-42,227.0,59.0,63.0,66.0,69.0,72.0,74.0,77.0,79.0,82.0,331.0,0.97626413608348720128617041173834287435,0.26392923231572879025436794544866420406
0.13000000000000000444089209850062616169,1.2172954076870318019122359337589240078e-38,220.0,60.0,65.0,68.0,71.0,74.0,77.0,79.0,82.0,84.0,314.0,0.97415777917303490910300431834195615449,0.26445592277526032292872829762914488697
0.14000000000000001332267629550187848508,1.0813897901667958738754364389633902872e-35,214.0,62.0,67.0,71.0,74.0,76.0,79.0,82.0,84.0,87.0,298.0,0.97192560350187036918970599241282279076,0.26523067061419612873591141218587279334
0.14999999999999999444888487687421729788,6.181464770557425205230491599764571511e-33,208.0,64.0,69.0,73.0,76.0,79.0,82.0,84.0,87.0,90.0,283.0,0.96954618478111667848537872717412823473,0.26632324224791937075205178227961621776
0.16000000000000000333066907387546962127,2.409000604471852890558470241784180961e-30,203.0,67.0,72.0,75.0,79.0,82.0,84.0,87.0,90.0,93.0,267.0,0.96700461511329235969337096537587087288,0.26777769909782651164584992107139272983
0.17000000000000001221245327087672194466,6.6963322222639069500160271728695082863e-28,198.0,69.0,74.0,78.0,81.0,84.0,87.0,90.0,93.0,96.0,253.0,0.96428637401648997587161410995285926893,0.26959321396125749757187500562826864419
0.17999999999999999333866185224906075746,1.3836062059146477972532255267130490881e-25,193.0,72.0,77.0,81.0,84.0,88.0,91.0,94.0,97.0,100.0,239.0,0.96136845525297359814220465068673770495,0.27162894122580906166220507826242219609
0.19000000000000000222044604925031308085,2.1936947837952363610648654007144842893e-23,190.0,75.0,80.0,84.0,88.0,91.0,94.0,98.0,101.0,104.0,225.0,0.95822391742778790087911760216531403167,0.27364445687540554496191657314489371672
0.20000000000000001110223024625156540424,2.7410272009314730019139695145024367303e-21,186.0,78.0,83.0,88.0,91.0,95.0,98.0,102.0,105.0,109.0,212.0,0.95483327239154673420585391688939029886,0.27549677720115260252740024280782493716
0.20999999999999999222843882762390421703,2.7688182319274538709620866441526622727e-19,183.0,81.0,87.0,91.0,95.0,99.0,103.0,106.0,110.0,114.0,199.0,0.95116103213082087564739721675298107065,0.27710110242653420715393572017948593735
0.22000000000000000111022302462515654042,2.3034333033527597107407614283427612176e-17,180.0,85.0,91.0,96.0,100.0,104.0,108.0,112.0,116.0,120.0,186.0,0.94717305081103048062654223140850917791,0.27840593220426312650126617675543812024
0.23000000000000000999200722162640886381,1.6008196829923301970126545578076316026e-15,178.0,89.0,96.0,101.0,105.0,109.0,113.0,118.0,123.0,128.0,173.0,0.94281621338732372232080801679435000346,0.27936237367012650800270834848100022154
0.23999999999999999111821580299874767661,9.4166049463890089748181156778636859576e-14,176.0,94.0,101.0,106.0,111.0,115.0,120.0,125.0,130.0,137.0,160.0,0.93804204140732926906292827190750432629,0.27995227412020596293224499444575909397
0.25,4.7151681963544195103439971222595645387e-12,175.0,99.0,106.0,112.0,117.0,122.0,128.0,134.0,141.0,149.0,147.0,0.93279592372156079225996711540795814711,0.28011122390506939669243143960277258415
0.26000000000000000888178419700125232339,2.0179558579996422905338009131485654767e-10,174.0,105.0,113.0,119.0,125.0,131.0,137.0,145.0,156.0,0.0,133.0,0.92697771798188175122375047347251757352,0.27979765666145118856374633283612697992
0.27000000000000001776356839400250464678,7.3382274976229836343847173985679720724e-09,174.0,112.0,120.0,127.0,134.0,141.0,150.0,166.0,0.0,0.0,119.0,0.92049129820864572535694698595179007792,0.27894811374453306294584546472739458208
0.28000000000000002664535259100375697017,2.2378433467971908152443361380302735404e-07,175.0,120.0,129.0,137.0,146.0,157.0,0.0,0.0,0.0,0.0,104.0,0.91321636933624767595628159469162763678,0.27746081262909427649266744854605043181
0.28999999999999998001598555674718227237,5.5131065925651054849695554921207643277e-06,176.0,129.0,140.0,150.0,165.0,0.0,0.0,0.0,0.0,0.0,88.0,0.90497237117728871933820127991122549716,0.27521196374349998837009109929646608909
0.29999999999999998889776975374843459576,0.00010142504139347205438865001926796092726,178.0,140.0,154.0,0.0,0.0,0.0,0.0,0.0,0.0,0.0,71.0,0.89555816713470888762703407657086905974,0.27204148522472680071370207656838969325
0.30999999999999999777955395074968691915,0.0011567017955370095774232681325836180803,181.0,154.0,0.0,0.0,0.0,0.0,0.0,0.0,0.0,0.0,51.0,0.88464714268071982765089407470343495778,0.2676969379475398267207068654557763961
0.32000000000000000666133814775093924254,0.0064828924347962255346664151991492365048,186.0,174.0,0.0,0.0,0.0,0.0,0.0,0.0,0.0,0.0,25.0,0.87181365960124354539146887246051395025,0.2592903706971509817893221564520119579
0.33000000000000001554312234475219156593,0.019043930255337914540731986834585899904,196.0,0.0,0.0,0.0,0.0,0.0,0.0,0.0,0.0,0.0,0.0,0.85640377184863371482894910653199324325,0.25390199572644920367142405863357994178
0.34000000000000002442490654175344388932,0.038679325817252267795172013586904134106,211.0,0.0,0.0,0.0,0.0,0.0,0.0,0.0,0.0,0.0,0.0,0.83742583547803912087527799900936106073,0.24308577008990135733435746666877680088
0.34999999999999997779553950749686919153,0.065735782080026014550740780716595707001,233.0,0.0,0.0,0.0,0.0,0.0,0.0,0.0,0.0,0.0,0.0,0.81314244250656053548229274818069591548,0.22803784640133796473819858610628473164
0.35999999999999998667732370449812151492,0.10318310965513837057743985093997453096,262.0,0.0,0.0,0.0,0.0,0.0,0.0,0.0,0.0,0.0,0.0,0.78029203882324956721057916664121672522,0.20647539580004070090584219977627422285
0.36999999999999999555910790149937383831,0.15917492058723433336499611081982518406,305.0,0.0,0.0,0.0,0.0,0.0,0.0,0.0,0.0,0.0,0.0,0.73165779214611670610479483326461969227,0.17440358450964090120916176812051679412
0.38000000000000000444089209850062616169,0.2580065772380094325662613852753436821,375.0,0.0,0.0,0.0,0.0,0.0,0.0,0.0,0.0,0.0,0.0,0.64639590034680453379221756830963005776,0.12495970342350357356503373436544657338
0.39000000000000001332267629550187848508,0.50878984973356346594892470125297866637,507.0,0.0,0.0,0.0,0.0,0.0,0.0,0.0,0.0,0.0,0.0,0.43180913331382700888604405674957389415,0.052556223808095819486475006286148312838
0.40000000000000002220446049250313080847,0.93215866272830303255054605634275412805,396.0,0.0,0.0,0.0,0.0,0.0,0.0,0.0,0.0,0.0,0.0,0.059073889483489666035906603510724201481,0.0020130349163295789513506570472916524077
0.40999999999999997557509345824655611068,0.97127136767464626536366940709708714404,140.0,0.0,0.0,0.0,0.0,0.0,0.0,0.0,0.0,0.0,0.0,0.024907117518839284555147705514037633303,0.00079241103917766461141647903230497985312
0.41999999999999998445687765524780843407,0.97882470326553213597326320328095774837,93.0,0.0,0.0,0.0,0.0,0.0,0.0,0.0,0.0,0.0,0.0,0.018357575994902992911801189687142161244,0.00064329484788460937768781435627232675572
0.42999999999999999333866185224906075746,0.98278621209949675240318715158832443875,74.0,0.0,0.0,0.0,0.0,0.0,0.0,0.0,0.0,0.0,0.0,0.014924003873665439427915034346598541017,0.00061111942351515043948683764380244519684
0.44000000000000000222044604925031308085,0.9853618363858049890661720583729380406,62.0,0.0,0.0,0.0,0.0,0.0,0.0,0.0,0.0,0.0,0.0,0.012692085103199339512876989071450501582,0.00061111942351515043948683764380244519757
0.45000000000000001110223024625156540424,0.98720633691947283583810334604491423825,55.0,0.0,0.0,0.0,0.0,0.0,0.0,0.0,0.0,0.0,0.0,0.01109358550965177405242776364499659535,0.00061111942351515043948683764380244519904
0.46000000000000001998401444325281772763,0.9886056066776544377876762645341311565,49.0,0.0,0.0,0.0,0.0,0.0,0.0,0.0,0.0,0.0,0.0,0.0098812441653152774855318670930504523224,0.00061111942351515043948683764380244519904
0.46999999999999997335464740899624302983,0.98971047616163718701399856228368760071,44.0,0.0,0.0,0.0,0.0,0.0,0.0,0.0,0.0,0.0,0.0,0.0089244340262128125155386381286587642722,0.00061111942351515047338054179563509845451
0.47999999999999998223643160599749535322,0.99060720867276450965590559471233917003,41.0,0.0,0.0,0.0,0.0,0.0,0.0,0.0,0.0,0.0,0.0,0.00814717019484975351849400171033841123,0.00061111942351515047338054179563509845672
0.48999999999999999111821580299874767661,0.9913522271608491446844558794830569094,38.0,0.0,0.0,0.0,0.0,0.0,0.0,0.0,0.0,0.0,0.0,0.0075018299013931435421135291835975710409,0.00061111942351515047338054179563509845672
0.5,0.99198204359974523549630812176750463217,35.0,0.0,0.0,0.0,0.0,0.0,0.0,0.0,0.0,0.0,0.0,0.0069567055531647280942676669045365763005,0.00061111942351515047338054179563509845745
0.51000000000000000888178419700125232339,0.99252188257820019247857261319000920426,33.0,0.0,0.0,0.0,0.0,0.0,0.0,0.0,0.0,0.0,0.0,0.0064890193427343720756626516438922582809,0.00061111942351515047338054179563509845819
0.52000000000000001776356839400250464678,0.99299059025602556577595637737327276991,31.0,0.0,0.0,0.0,0.0,0.0,0.0,0.0,0.0,0.0,0.0,0.0060832109887098965630748473898626075775,0.00061111942351515047338054179563509845598
0.53000000000000002664535259100375697017,0.99340196896548730101414296057979451898,29.0,0.0,0.0,0.0,0.0,0.0,0.0,0.0,0.0,0.0,0.0,0.0057272961594121080553805894768913173499,0.00061111942351515047338054179563509845525
0.54000000000000003552713678800500929356,0.99376497789808473387941260196590218922,28.0,0.0,0.0,0.0,0.0,0.0,0.0,0.0,0.0,0.0,0.0,0.0054125265084383727816612986161381323252,0.00061111942351515047338054179563509845451
0.55000000000000004440892098500626161695,0.99408943716153680361782732058142626058,27.0,0.0,0.0,0.0,0.0,0.0,0.0,0.0,0.0,0.0,0.0,0.0051319711112895008738219593870809044328,0.00061111942351515047338054179563509845598
0.56000000000000005329070518200751394033,0.99437995050354757759474657491022389372,25.0,0.0,0.0,0.0,0.0,0.0,0.0,0.0,0.0,0.0,0.0,0.0048805711979332269572495187423731486378,0.00061111942351515047338054179563509845819
0.56999999999999995115018691649311222136,0.99464219211335526894993602022893864295,24.0,0.0,0.0,0.0,0.0,0.0,0.0,0.0,0.0,0.0,0.0,0.0046534748261322516965416766104637301607,0.00061111942351515047338054179563509845745
0.57999999999999996003197111349436454475,0.9948802906368919205635883300523749712,23.0,0.0,0.0,0.0,0.0,0.0,0.0,0.0,0.0,0.0,0.0,0.0044473908934276071515148516484943508671,0.00061111942351515047338054179563509845304
0.58999999999999996891375531049561686814,0.99509746299895870947758192149688307762,22.0,0.0,0.0,0.0,0.0,0.0,0.0,0.0,0.0,0.0,0.0,0.0042595235423950635668005588836911625199,0.00061111942351515047338054179563509845525
0.59999999999999997779553950749686919153,0.99529646526200373101133295870217082319,21.0,0.0,0.0,0.0,0.0,0.0,0.0,0.0,0.0,0.0,0.0,0.0040874795710314178936340507357711751366,0.00061111942351515047338054179563509845745
0.60999999999999998667732370449812151492,0.99547954323214693243691898186003998765,21.0,0.0,0.0,0.0,0.0,0.0,0.0,0.0,0.0,0.0,0.0,0.0039291929527839518489171326911904676642,0.00061111942351515047338054179563509845598
0.61999999999999999555910790149937383831,0.99564767421781455119269075250817721361,20.0,0.0,0.0,0.0,0.0,0.0,0.0,0.0,0.0,0.0,0.0,0.0037830263554947227651930360743130865033,0.00061111942351515047338054179563509845378
0.63000000000000000444089209850062616169,0.99580355167046088099338699157191763638,19.0,0.0,0.0,0.0,0.0,0.0,0.0,0.0,0.0,0.0,0.0,0.0036485197537963203691767788383754926126,0.00061111942351515047338054179563509845672
0.64000000000000001332267629550187848508,0.9959487963105960243242690457368466029,18.0,0.0,0.0,0.0,0.0,0.0,0.0,0.0,0.0,0.0,0.0,0.0035232990110822492075389239046377568649,0.00061111942351515047338054179563509845378
0.65000000000000002220446049250313080847,0.99608343077574454913220872011595986123,18.0,0.0,0.0,0.0,0.0,0.0,0.0,0.0,0.0,0.0,0.0,0.0034061491870914667494658325581607602444,0.00061111942351515047338054179563509845451
0.66000000000000003108624468950438313186,0.99620909894500633152613335604568672165,17.0,0.0,0.0,0.0,0.0,0.0,0.0,0.0,0.0,0.0,0.0,0.0032979645836641054422030526832731576779,0.00061111942351515047338054179563509845378
0.67000000000000003996802888650563545525,0.99632728043912210241542763218984587476,17.0,0.0,0.0,0.0,0.0,0.0,0.0,0.0,0.0,0.0,0.0,0.0031959677668532815281811503566792740844,0.00061111942351515047338054179563509845745
0.68000000000000004884981308350688777864,0.99643705240398223091129003338777109372,16.0,0.0,0.0,0.0,0.0,0.0,0.0,0.0,0.0,0.0,0.0,0.0031007951579439505738872461290284314586,0.00061111942351515047338054179563509845598
0.68999999999999994670929481799248605967,0.99654137887914057311556872695665798091,16.0,0.0,0.0,0.0,0.0,0.0,0.0,0.0,0.0,0.0,0.0,0.0030111641232594988970644636512972002132,0.00061111942351515047338054179563509845525
0.69999999999999995559107901499373838305,0.99663818290147000600815209324725998041,15.0,0.0,0.0,0.0,0.0,0.0,0.0,0.0,0.0,0.0,0.0,0.0029269800094468085819207724768890339726,0.00061111942351515047338054179563509845598
0.70999999999999996447286321199499070644,0.99673072554275318815289946618531071131,15.0,0.0,0.0,0.0,0.0,0.0,0.0,0.0,0.0,0.0,0.0,0.0028474428328233120839059843945156643784,0.00061111942351515047338054179563509845598
0.71999999999999997335464740899624302983,0.99681692274334261060539777711443994892,14.0,0.0,0.0,0.0,0.0,0.0,0.0,0.0,0.0,0.0,0.0,0.0027726646395323198504596477299402093618,0.00061111942351515047338054179563509845598
0.72999999999999998223643160599749535322,0.9968993403525049853209036154571295149,14.0,0.0,0.0,0.0,0.0,0.0,0.0,0.0,0.0,0.0,0.0,0.002701371774217373647131338861386116588,0.00061111942351515047338054179563509845598
0.73999999999999999111821580299874767661,0.99697686143246516367596534146888927653,13.0,0.0,0.0,0.0,0.0,0.0,0.0,0.0,0.0,0.0,0.0,0.002634731278032277492264576485526540412,0.00061111942351515047338054179563509845084
0.75,0.99705048500729037436096472445207934419,13.0,0.0,0.0,0.0,0.0,0.0,0.0,0.0,0.0,0.0,0.0,0.0025706207158863612240751649352441226101,0.00061111942351515047338054179563509845598
0.76000000000000000888178419700125232339,0.99712093156101555810127062302740697292,12.0,0.0,0.0,0.0,0.0,0.0,0.0,0.0,0.0,0.0,0.0,0.0025106364435675590471405421103301891602,0.00061111942351515047338054179563509845525
0.77000000000000001776356839400250464678,0.99718682638984794283597576956419551844,12.0,0.0,0.0,0.0,0.0,0.0,0.0,0.0,0.0,0.0,0.0,0.0024532168048372691985883083005887630536,0.00061111942351515047338054179563509845378
0.78000000000000002664535259100375697017,0.99725044156229233238706173674672995763,12.0,0.0,0.0,0.0,0.0,0.0,0.0,0.0,0.0,0.0,0.0,0.002398291921935699084129068547876664966,0.00061111942351515047338054179563509845525
0.79000000000000003552713678800500929356,0.99731055497881533582127634671418830262,11.0,0.0,0.0,0.0,0.0,0.0,0.0,0.0,0.0,0.0,0.0,0.0023468195303852633641737757426759331261,0.00061111942351515047338054179563509845598
0.80000000000000004440892098500626161695,0.99736768414338323696673129043130592792,11.0,0.0,0.0,0.0,0.0,0.0,0.0,0.0,0.0,0.0,0.0,0.0022970159012048477060124508247119460225,0.00061111942351515047338054179563509845451
0.81000000000000005329070518200751394033,0.99742299774340014420334202607912057266,11.0,0.0,0.0,0.0,0.0,0.0,0.0,0.0,0.0,0.0,0.0,0.0022498767299724955815425575678457812644,0.00061111942351515047338054179563509845525
0.81999999999999995115018691649311222136,0.99747470904263516359883804560222378555,10.0,0.0,0.0,0.0,0.0,0.0,0.0,0.0,0.0,0.0,0.0,0.0022051388118819631532660744476687881198,0.00061111942351515047338054179563509845451
0.82999999999999996003197111349436454475,0.99752446634474658417723511413343583136,10.0,0.0,0.0,0.0,0.0,0.0,0.0,0.0,0.0,0.0,0.0,0.0021617243772331741580520662038964793237,0.00061111942351515047338054179563509845525
0.83999999999999996891375531049561686814,0.99757278294867270678524549514193577495,10.0,0.0,0.0,0.0,0.0,0.0,0.0,0.0,0.0,0.0,0.0,0.0021210746350027545239065730857334433982,0.00061111942351515047338054179563509845525
0.84999999999999997779553950749686919153,0.99761739312076607137157189697347710953,9.0,0.0,0.0,0.0,0.0,0.0,0.0,0.0,0.0,0.0,0.0,0.0020820771597581865096620570142377242833,0.00061111942351515047338054179563509845451
0.85999999999999998667732370449812151492,0.9976608309597829621856723036823857595,9.0,0.0,0.0,0.0,0.0,0.0,0.0,0.0,0.0,0.0,0.0,0.0020441199186583514052513870851351357191,0.00061111942351515047338054179563509845157
0.86999999999999999555910790149937383831,0.9977025391434678199037724701463945233,8.0,0.0,0.0,0.0,0.0,0.0,0.0,0.0,0.0,0.0,0.0,0.0020092058616297718894144153102912556421,0.00061111942351515047338054179563509845598
0.88000000000000000444089209850062616169,0.99774131386362867172920788702513856185,8.0,0.0,0.0,0.0,0.0,0.0,0.0,0.0,0.0,0.0,0.0,0.0019752148355032452831713533004938471267,0.00061111942351515047338054179563509845304
0.89000000000000001332267629550187848508,0.99777919855768252333706777469535803413,8.0,0.0,0.0,0.0,0.0,0.0,0.0,0.0,0.0,0.0,0.0,0.0019428207480340526149824430113402073677,0.00061111942351515047338054179563509845672
0.90000000000000002220446049250313080847,0.99781435256092019589209253159250739443,7.0,0.0,0.0,0.0,0.0,0.0,0.0,0.0,0.0,0.0,0.0,0.0019127285492742239741102529474226967174,0.00061111942351515047338054179563509845598
0.91000000000000003108624468950438313186,0.99784783762355818228407926500679379354,7.0,0.0,0.0,0.0,0.0,0.0,0.0,0.0,0.0,0.0,0.0,0.001883244334099389724501912320629164639,0.00061111942351515047338054179563509845745
0.92000000000000003996802888650563545525,0.9978793474175154163065713878840265415,6.0,0.0,0.0,0.0,0.0,0.0,0.0,0.0,0.0,0.0,0.0,0.0018571254185554324604576914154969720449,0.00061111942351515047338054179563509845451
0.93000000000000004884981308350688777864,0.99790822569468706606596070867848646207,6.0,0.0,0.0,0.0,0.0,0.0,0.0,0.0,0.0,0.0,0.0,0.0018315751431508842264718432476871449955,0.00061111942351515047338054179563509845745
0.93999999999999994670929481799248605967,0.99793472041846949480024897707540094314,5.0,0.0,0.0,0.0,0.0,0.0,0.0,0.0,0.0,0.0,0.0,0.0018098986330909404793563233090823231237,0.00061111942351515047338054179563509845525
0.94999999999999995559107901499373838305,0.99795844651773063345890416485079696883,5.0,0.0,0.0,0.0,0.0,0.0,0.0,0.0,0.0,0.0,0.0,0.0017908457398877525446338143212659907348,0.00061111942351515047338054179563509845598
0.95999999999999996447286321199499070644,0.99797879629968428712855223164936876688,4.0,0.0,0.0,0.0,0.0,0.0,0.0,0.0,0.0,0.0,0.0,0.0017767253806769647902752961170131144354,0.00061111942351515047338054179563509845598
0.96999999999999997335464740899624302983,0.99799630819760939918116875222981069014,4.0,0.0,0.0,0.0,0.0,0.0,0.0,0.0,0.0,0.0,0.0,0.0017721441766803716132167069676909188376,0.00061111942351515047338054179563509845966
0.97999999999999998223643160599749535322,0.99801371276876072136896775760934371475,4.0,0.0,0.0,0.0,0.0,0.0,0.0,0.0,0.0,0.0,0.0,0.0017721441766803716132167069676909188273,0.00061111942351515047338054179563509845672
0.98999999999999999111821580299874767661,0.9980294335468223457068948049381906975,3.0,0.0,0.0,0.0,0.0,0.0,0.0,0.0,0.0,0.0,0.0,0.0017721441766803716132167069676909188229,0.00061111942351515047338054179563509845598
1.0,0.9980390627675046488990211435816230345,3.0,0.0,0.0,0.0,0.0,0.0,0.0,0.0,0.0,0.0,0.0,0.0017721441766803716132167069676909188214,0.00061111942351515047338054179563509845451
