value,sup,dur,Y,S
1.0,7.9116448586434504474822005224197578248e-38,129.0,0.99604126356473749881158068547698459163,0.88888399640339364567959965223036112503
0.98999999999999999111821580299874767661,7.1050967465116024312295335273567907977e-38,129.0,0.99615686585254782379657585008012110119,0.88916681726724659141265508085481680659
0.97999999999999998223643160599749535322,6.3851196645677040442090683687213930717e-38,129.0,0.99626667036197970536327186713951721357,0.88944607132556484282255116869949724463
0.96999999999999997335464740899624302983,5.7448819045986729146010990887932891036e-38,129.0,0.99637107731153313466670407459792435923,0.88972188538166165332322245166996466244
0.95999999999999996447286321199499070644,5.1769844577085034581504882565178134522e-38,129.0,0.99647045320139240469491349641572991028,0.88999437555359998356770961475244651409
0.94999999999999995559107901499373838305,4.6740317744411000318445479834940346086e-38,129.0,0.99656513399228710066317944740794723908,0.89026364830455004217689479045588013142
0.93999999999999994670929481799248605967,4.228961223745683903469846696343146737e-38,129.0,0.99665616121030765699633312255499429969,0.8905298013710020729090053282164973164
0.93000000000000004884981308350688777864,3.8352182887452516644526492798762106074e-38,128.0,0.99674304605758793617448214516746944001,0.89079292459927605059300607496323955576
0.92000000000000003996802888650563545525,3.4868347205540364073545217678760016538e-38,128.0,0.9968259532181950451130554650109442554,0.89105310069966349765120048390611853297
0.91000000000000003108624468950438313186,3.1784470840919299181968661685200553807e-38,128.0,0.99690514213300735670782445832857911156,0.89131040592655154184998381504161020384
0.90000000000000002220446049250313080847,2.9052800247124160797607150548684950346e-38,128.0,0.99698085071318392684795643013382026699,0.89159577324791393838177290197944478061
0.89000000000000001332267629550187848508,2.6631099212710954039225665345427057685e-38,128.0,0.99705329743785012515364807305225800974,0.89197620073748105438316041973359904421
0.88000000000000000444089209850062616169,2.4482188783978727324026652358875406077e-38,128.0,0.99712268322617035669431107826051520121,0.89235198146927351605930507767200161811
0.86999999999999999555910790149937383831,2.2573452568960125615962051734838535122e-38,128.0,0.99718919310914069023052954713713396744,0.89272321630370075545398016092910301265
0.85999999999999998667732370449812151492,2.087634487706684245044495968792372454e-38,128.0,0.99725299772366957304138060892960773387,0.89309000166496918642128548343058037022
0.84999999999999997779553950749686919153,1.9365923238430139763363603237281629568e-38,128.0,0.9973142546490000439744176245736972309,0.89345242984261330075108431998857589314
0.83999999999999996891375531049561686814,1.8020416647400244648206470464377122624e-38,128.0,0.99737310960325689570410559968439626972,0.89381058926805105224056732320158796656
0.82999999999999996003197111349436454475,1.6820834445777609146235744398817497207e-38,128.0,0.99742969751586567013509149971767101353,0.89416456476845075301346972993152782384
0.81999999999999995115018691649311222136,1.5750616810968418976658051439121406986e-38,128.0,0.99748414348977198687711772750187970294,0.89451443779997214869158347843440980295
0.81000000000000005329070518200751394033,1.4795325482036989951920526406552290289e-38,128.0,0.99753656366577231824722005249211731382,0.89486028666224315734893402006495900102
0.80000000000000004440892098500626161695,1.3942372070435947456806146748074239462e-38,128.0,0.99758706599983304886366442336635923139,0.89520218669575341916662696459343472604
0.79000000000000003552713678800500929356,1.3180780682473144378810249509590613331e-38,128.0,0.99763575096300573028309493605350799428,0.89554021046368390063219933137877369107
0.78000000000000002664535259100375697017,1.2500981376506973165819098502934835899e-38,128.0,0.99768271217242587034846539756894197728,0.89587442791954664013733761621217949161
0.77000000000000001776356839400250464678,1.1894631024699572058279818643887622186e-38,128.0,0.997728036960894309812442109285426562,0.89620490656187804570675180886289502167
0.76000000000000000888178419700125232339,1.1354458339626058059640125811239158947e-38,128.0,0.99777180689166953067627480200121342081,0.89653171157711186441626257285027941774
0.75,1.0874130091174348067247080519020314713e-38,128.0,0.99781409822433258152227182515622190208,0.8968549059716523115086731402321882163
0.73999999999999999111821580299874767661,1.0448135835456409132569197902481210982e-38,128.0,0.99785498233691153594770529380448529689,0.89717455069407276866764679335409870563
0.72999999999999998223643160599749535322,1.0071688778185291364749154392170488034e-38,128.0,0.99789452610885859285559677070199531952,0.89749070474827979387018440536466457962
0.71999999999999997335464740899624302983,9.740640684477638955793627752109184092e-39,128.0,0.99793279226895034470063439171402169093,0.89780342529840494916934439991729268934
0.70999999999999996447286321199499070644,9.4514090167969766375188890689083091597e-39,128.0,0.99796983971172174118239137796851296794,0.89811276776611727146955152776989617294
0.69999999999999995559107901499373838305,9.2009147288067913024846376946205053077e-39,128.0,0.99800572378563922256538372252781874939,0.89841878592098630440565993342091890333
0.68999999999999994670929481799248605967,8.986529364155530526250931754626928307e-39,128.0,0.99804049655586165556361043518496259273,0.89872153196446878116955969825210743639
0.68000000000000004884981308350688777864,8.8060303062913395309039320110179630806e-39,128.0,0.99807420704412315385068915047905676881,0.89902105660804067471767171614201711092
0.67000000000000003996802888650563545525,8.6575631999093385007238334498134841517e-39,128.0,0.99810690144799441006195159866972975706,0.89931740914594988915449438216133397817
0.66000000000000003108624468950438313186,8.539610718683749753531387845673385056e-39,128.0,0.99813862334153423647288459239136212633,0.89961063752302274010647096219708580925
0.65000000000000002220446049250313080847,8.4509669898556549181620566407899265696e-39,128.0,0.99816941385912664795834598650702154401,0.8999007883979193991606560502375483974
0.64000000000000001332267629550187848508,8.3907171063866332016890914817742174676e-39,128.0,0.99819931186410748388674871586791518791,0.90018790720219884363119558679976782766
0.63000000000000000444089209850062616169,8.3582212640224464529187454428442301749e-39,128.0,0.99822835410361524754455742506308763149,0.90047203819552262319773852864986579324
0.61999999999999999555910790149937383831,8.3531031558799268493565622205178091909e-39,128.0,0.99825657535095083925132763854138571905,0.90075322451729833237966697428195562874
0.60999999999999998667732370449812151492,8.3752423430584409744791818397914399083e-39,128.0,0.99828400853659784974898837677746701915,0.90103150823503789819982423783539024787
0.59999999999999997779553950749686919153,8.4247703981099635714164757996590906635e-39,128.0,0.99831068486893701699461934516356367145,0.90130693038968237078044758643593463816
0.58999999999999996891375531049561686814,8.5020706906545344339595218079203160949e-39,128.0,0.99833663394558354505038435681220263304,0.90157953103812361557236879494078423615
0.57999999999999996003197111349436454475,8.6077817525433861522734172391786712323e-39,128.0,0.99836188385618267411811496266104250426,0.90184934929313394400510919760122109085
0.56999999999999995115018691649311222136,8.7428042251804865971716667601689325746e-39,128.0,0.99838646127741580642560504444664296951,0.90211642336089709995454771840953074432
0.56000000000000005329070518200751394033,8.908311455254449783065324623400757515e-39,128.0,0.99841042577683852142528998864845949026,0.9023807905763179736487630004912847282
0.55000000000000004440892098500626161695,9.1057638684788883902925976335610437954e-39,128.0,0.99843384521154520295848397804577977206,0.90264248743627381944299390829473063096
0.54000000000000003552713678800500929356,9.3369273152171942825892229490630488982e-39,128.0,0.99845666133572702900048709272587723205,0.90290154963095636948546985798365913268
0.53000000000000002664535259100375697017,9.603895648281324301997833970958178368e-39,128.0,0.99847889602569361480972381886295210358,0.90315801207344218668208575781436861014
0.52000000000000001776356839400250464678,9.9091178629450118850451170588763112939e-39,128.0,0.99850057013282093826692734247589178749,0.90341190892761740879121994010940300438
0.51000000000000000888178419700125232339,1.0255430203520725413622210916095380064e-38,128.0,0.99852170354251884713583865567155978106,0.90366327363457297250983847769348963175
0.50,1.0646093720976013794403879247830829334e-38,128.0,0.99854231522918627197091778975946771702,0.90391213893757713625081608186559208153
0.48999999999999999111821580299874767661,1.1084837853326926331102524399538421833e-38,128.0,0.99856242330746743979626430308108318184,0.90415853690572366870218355712047461512
0.47999999999999998223643160599749535322,1.1575910696340528809874354085457439515e-38,128.0,0.99858204508009499222274085409856953833,0.90440249895634633821076670057899311626
0.46999999999999997335464740899624302983,1.2124136737899637209804422641389495189e-38,128.0,0.99860119708258114795940357896676697776,0.90464405587628326298450059134179996408
0.46000000000000001998401444325281772763,1.2734982946842818989208824021531603097e-38,128.0,0.99861989512499564167737470136538866766,0.90488323784206820348591376235105188599
0.45000000000000001110223024625156540424,1.3414634237941128674066960104780860431e-38,128.0,0.99863815433104887779731699483094888987,0.90512007443911995447586783793111924151
0.44000000000000000222044604925031308085,1.4170079480817366820345589278147513063e-38,128.0,0.99865598917468033971536402077397492347,0.90535459467999552874254264514364751592
0.42999999999999999333866185224906075746,1.5009209384140464673041136045394388275e-38,128.0,0.99867341351433560879404640527213867271,0.90558682702176788497266878764858080739
0.41999999999999998445687765524780843407,1.5940927769622899976590942822515600339e-38,128.0,0.99869044062510018866799683464890971257,0.90581679938258433142097687030022953468
0.40999999999999997557509345824655611068,1.6975277955721771603449775549697544749e-38,128.0,0.99870708322884455913427386563495910623,0.90604453915745756623069042246279433628
0.40000000000000002220446049250313080847,1.8123586201247096182003709751666813588e-38,128.0,0.99872335352252235457372618937378143365,0.90627007323333744868470221275714826237
0.39000000000000001332267629550187848508,1.9398624417334863762168419087610057753e-38,128.0,0.99873926320475215682531749487066734603,0.90649342800350806268835378078703663352
0.38000000000000000444089209850062616169,2.0814794645758731254955870310854865488e-38,128.0,0.99875482350080299816615260732813886936,0.90671462938135135039806689481198444966
0.36999999999999999555910790149937383831,2.2388338125959641248116286776799270283e-38,128.0,0.99877004518609419625247104260472910383,0.90693370281351564185152105276394469817
0.35999999999999998667732370449812151492,2.4137572136430655495930051075474288997e-38,128.0,0.99878493860831149040064484425636385041,0.90715067329252460570620559951986148193
0.34999999999999997779553950749686919153,2.6083158202531544102591778510720270692e-38,128.0,0.99879951370823355008106826163864412805,0.90736556536885963424249661240284291315
0.34000000000000002442490654175344388932,2.8248405717133745495801834295837531927e-38,128.0,0.99881378003935570357881684912270057006,0.90757840316254632761225719146892440644
0.33000000000000001554312234475219156593,3.065961552782756187229327147365799984e-38,128.0,0.998827746786391127909582859256575837,0.90778921037427359684145656637155941105
0.32000000000000000666133814775093924254,3.3346468610301379112790049809897534861e-38,128.0,0.99884142278272368950518067098347630449,0.90799801029607189323674214178748054186
0.30999999999999999777955395074968691915,3.6342465577914184972740917929785896587e-38,128.0,0.99885481652688108422668474120872062957,0.90820482582157527994439949274617082714
0.29999999999999998889776975374843459576,3.9685423478870851419621426732099868918e-38,128.0,0.99886793619809183867383696160648515631,0.90840967945589032791472220094431413749
0.28999999999999998001598555674718227237,4.3418037111690744660254963955683291825e-38,128.0,0.9988807896709850708057217666756470528,0.90861259332509328073184847917081858127
0.28000000000000002664535259100375697017,4.7588512954224480487918654798095969899e-38,128.0,0.99889338452948762219068975558169928985,0.90881358918537547953520750065360697466
0.27000000000000001776356839400250464678,5.2251284759190325264551889249167063322e-38,128.0,0.99890572807996923627853430484473662556,0.90901268843185571352666818914001327332
0.26000000000000000888178419700125232339,5.7467820928409783722174103042312626318e-38,128.0,0.99891782736368283301554156046902737228,0.90920991210707690372406307343771459273
0.25,6.3307534947420108471445358583399328047e-38,128.0,0.9989296891685435980778742398370249538,0.90940528090920342434045720479315604652
0.23999999999999999111821580299874767661,6.9848811451156611282054911658458513047e-38,128.0,0.99894132004028753106341435443111143012,0.90959881519993426951852935138326602615
0.23000000000000000999200722162640886381,7.7180161909560059405209026252914590706e-38,128.0,0.99895272629304726719512709725227553442,0.90979053501214631647509109191969464271
0.22000000000000000111022302462515654042,8.5401525479249440228601454529809302746e-38,128.0,0.99896391401938037522331007488241995759,0.90998046005728102410704041884359164288
0.20999999999999999222843882762390421703,9.4625732274071933941992651758050708751e-38,128.0,0.99897488909978292296670959963077999021,0.91016860973248705425961559572356843742
0.20000000000000001110223024625156540424,1.0498014817387301787696514877587697686e-37,128.0,0.99898565721171887631558640984572339471,0.91035500312753053998875228006399980474
0.19000000000000000222044604925031308085,1.1660852232779918745049795619374846952e-37,128.0,0.99899622383819383846730914820714074848,0.91053965903148398523880408308217942409
0.17999999999999999333866185224906075746,1.2967306072642801802506289277503298065e-37,128.0,0.99900659427589973258239220008684725992,0.91072259593920410753685129132651471906
0.17000000000000001221245327087672194466,1.4435675162643939641055217625336462116e-37,128.0,0.99901677364295526999088855896690026498,0.91090383205760832368266992490691797788
0.16000000000000000333066907387546962127,1.6086597122250407953051925545225480656e-37,128.0,0.99902676688626541357318544616070212959,0.91108338531175898287465605788268684902
0.14999999999999999444888487687421729788,1.7943340078317585726716749722379584224e-37,128.0,0.99903657878852153387938985756635140441,0.91126127335076391122656792421731005864
0.14000000000000001332267629550187848508,2.0032128950970909085520699169215420566e-37,128.0,0.99904621397486255414782384348248156687,0.91143751355350134180594344806142279523
0.13000000000000000444089209850062616169,2.2382510064678122912687301134241624414e-37,128.0,0.99905567691921607860270933814001228784,0.91161212303417682202239859652377100058
0.11999999999999999555910790149937383831,2.5027758187872639459705575778732578451e-37,128.0,0.99906497195033729055625341334145193314,0.91178511864771925396813735656913625147
0.11000000000000000055511151231257827021,2.8005330478915630147587454315767496005e-37,128.0,0.99907410325756228544941396494147210913,0.91197384482600860501969397297158718234
0.10000000000000000555111512312578270212,3.1357372214891014454726525044445540078e-37,128.0,0.9990830748962914600869170020377592063,0.91218504399162784140506203505001258208
0.089999999999999996669330926124530378729,3.5131279602800315029437264521410480296e-37,128.0,0.99909189079321760959170087661188808568,0.91239455559331496289058162685378239771
0.080000000000000001665334536937734810635,3.9380325419978596416787891256233412895e-37,128.0,0.999100554751312480781599679906408797,0.91260239870915874754461509528556187185
0.070000000000000006661338147750939242542,4.416435370148903424943020117767225747e-37,128.0,0.99910907045458469012018618876625962261,0.9128085920948511428020582512866784912
0.059999999999999997779553950749686919153,4.9550550186010177988788713062392161726e-37,128.0,0.99911744147262113085907090679415862273,0.91301315419074355260779349076865739132
0.050000000000000002775557561562891351059,5.5614295747033663709367058237861023067e-37,128.0,0.99912567126492326424409138497935641842,0.91321610312870805424540374029210273958
0.040000000000000000832667268468867405318,6.2440110571303335159384112249644701178e-37,128.0,0.99913376318504900871229958021658807234,0.91341745673881034889452241324858838233
0.029999999999999998889776975374843459576,7.0122697399094480214935616680005303324e-37,128.0,0.99914172048457030521137747694368210358,0.91361723255580094536943992261927735649
0.020000000000000000416333634234433702659,7.8768092708328463036737067426947343318e-37,128.0,0.99914954631685584394877932788047651512,0.91381544782543080788126680913613829061
0.010000000000000000208166817117216851329,8.8494935303189130118569485611946352751e-37,128.0,0.9991572437406878832937044233883242155,0.91401211951059742466716519349923421605
0.0,9.9435862353720229198645249873233993725e-37,128.0,0.9991648157237215736491448178590497794,0.91420726429732700526185425667614107798
