value,sup,dur,Y,S
1.0,6.500770118667155972454301278809594323e-141,132.0,0.99604126356473749881158068547698459539,0.88888399640339364567959965223036112428
0.98999999999999999111821580299874767661,5.9635778172126167742979722654559445088e-141,132.0,0.99615686585254782379657585008012110345,0.88916681726724659141265508085481680132
0.97999999999999998223643160599749535322,5.47237096839527144102443698131295588e-141,132.0,0.99626667036197970536327186713951721282,0.88944607132556484282255116869949724538
0.96999999999999997335464740899624302983,5.0256411000886191436196057893981683849e-141,132.0,0.99637107731153313466670407459792435772,0.88972188538166165332322245166996465717
0.95999999999999996447286321199499070644,4.6209241716121322648525348054011190125e-141,132.0,0.99647045320139240469491349641572991028,0.88999437555359998356770961475244651409
0.94999999999999995559107901499373838305,4.2552625319574292471511237576577097567e-141,132.0,0.99656513399228710066317944740794723758,0.89026364830455004217689479045588013217
0.93999999999999994670929481799248605967,3.9255046332988638061642958185281794968e-141,132.0,0.99665616121030765699633312255499430044,0.89052980137100207290900532821649732317
0.93000000000000004884981308350688777864,3.628494991455564846622582293437006686e-141,131.0,0.99674304605758793617448214516746944076,0.89079292459927605059300607496323955275
0.92000000000000003996802888650563545525,3.3611903246472255072267313623343399178e-141,131.0,0.99682595321819504511305546501094425615,0.89105310069966349765120048390611853373
0.91000000000000003108624468950438313186,3.1207264274978290789595799653946302876e-141,131.0,0.99690514213300735670782445832857910705,0.89131040592655154184998381504161020008
0.90000000000000002220446049250313080847,2.9044525344567857753560938142257994129e-141,131.0,0.99698085071318392684795643013382026624,0.89159577324791393838177290197944478136
0.89000000000000001332267629550187848508,2.7099445753802738108566895328910746353e-141,131.0,0.99705329743785012515364807305225800748,0.89197620073748105438316041973359905549
0.88000000000000000444089209850062616169,2.5350050555424798302268508370136930756e-141,131.0,0.99712268322617035669431107826051520272,0.8923519814692735160593050776720016151
0.86999999999999999555910790149937383831,2.3776547749925035466758509436832593639e-141,131.0,0.99718919310914069023052954713713396819,0.89272321630370075545398016092910301265
0.85999999999999998667732370449812151492,2.2361198766280039660772174133720590899e-141,131.0,0.99725299772366957304138060892960773612,0.89309000166496918642128548343058037097
0.84999999999999997779553950749686919153,2.1088165311477179542830779185739210021e-141,131.0,0.99731425464900004397441762457369723166,0.89345242984261330075108431998857589314
0.83999999999999996891375531049561686814,1.9943347604290315758895475956295038145e-141,131.0,0.99737310960325689570410559968439626822,0.89381058926805105224056732320158796957
0.82999999999999996003197111349436454475,1.8914223522205820099730646768517809186e-141,131.0,0.99742969751586567013509149971767101428,0.89416456476845075301346972993152782233
0.81999999999999995115018691649311222136,1.7989694480545664920565609520577319595e-141,131.0,0.99748414348977198687711772750187970219,0.89451443779997214869158347843440980295
0.81000000000000005329070518200751394033,1.7159941376037287056416983493327977618e-141,131.0,0.99753656366577231824722005249211731683,0.89486028666224315734893402006495900252
0.80000000000000004440892098500626161695,1.6416292280996558947134242681503653541e-141,131.0,0.99758706599983304886366442336635923064,0.89520218669575341916662696459343472755
0.79000000000000003552713678800500929356,1.5751102504604587457067268020464395365e-141,131.0,0.99763575096300573028309493605350799503,0.89554021046368390063219933137877368731
0.78000000000000002664535259100375697017,1.515764696165157798878196694097639352e-141,131.0,0.99768271217242587034846539756894197502,0.8958744279195466401373376162121794871
0.77000000000000001776356839400250464678,1.4630024380163142879951774843386267027e-141,131.0,0.997728036960894309812442109285426562,0.89620490656187804570675180886289501941
0.76000000000000000888178419700125232339,1.4163072650170445236998848227306988721e-141,131.0,0.99777180689166953067627480200121342081,0.89653171157711186441626257285027942225
0.75,1.3752294506320526388691463122622152308e-141,131.0,0.99781409822433258152227182515622189681,0.89685490597165231150867314023218822232
0.73999999999999999111821580299874767661,1.3393792705679271965994470729562704031e-141,131.0,0.99785498233691153594770529380448529388,0.89717455069407276866764679335409870488
0.72999999999999998223643160599749535322,1.3084213880690530816378345082795692339e-141,131.0,0.99789452610885859285559677070199532178,0.89749070474827979387018440536466457887
0.71999999999999997335464740899624302983,1.2820700296659972840359142380096974802e-141,131.0,0.99793279226895034470063439171402169469,0.89780342529840494916934439991729269385
0.70999999999999996447286321199499070644,1.2600848810493772941194220885702303631e-141,131.0,0.99796983971172174118239137796851296794,0.89811276776611727146955152776989616993
0.69999999999999995559107901499373838305,1.2422676404287305354670613384784791053e-141,131.0,0.99800572378563922256538372252781874638,0.89841878592098630440565993342091889806
0.68999999999999994670929481799248605967,1.2284591748308440499218667273090536734e-141,131.0,0.99804049655586165556361043518496259348,0.89872153196446878116955969825210744015
0.68000000000000004884981308350688777864,1.218537232962675644476857899505108555e-141,131.0,0.99807420704412315385068915047905676957,0.89902105660804067471767171614201710942
0.67000000000000003996802888650563545525,1.212414676321464089646421326800503874e-141,131.0,0.99810690144799441006195159866972976007,0.89931740914594988915449438216133397666
0.66000000000000003108624468950438313186,1.2100381980883244721402568331062772222e-141,131.0,0.99813862334153423647288459239136212182,0.89961063752302274010647096219708580624
0.65000000000000002220446049250313080847,1.211387506968031078105525521691734236e-141,131.0,0.99816941385912664795834598650702154701,0.89990078839791939916065605023754840041
0.64000000000000001332267629550187848508,1.216474960558911721404752719671330752e-141,131.0,0.99819931186410748388674871586791518941,0.90018790720219884363119558679976782766
0.63000000000000000444089209850062616169,1.2253456401060062758890435931348201399e-141,131.0,0.99822835410361524754455742506308762848,0.90047203819552262319773852864986579776
0.61999999999999999555910790149937383831,1.2380778656825939416313963142528996735e-141,131.0,0.99825657535095083925132763854138572055,0.90075322451729833237966697428195562498
0.60999999999999998667732370449812151492,1.2547841580498988910346337678378028412e-141,131.0,0.99828400853659784974898837677746701839,0.90103150823503789819982423783539025012
0.59999999999999997779553950749686919153,1.2756126607638683327054405973557655048e-141,131.0,0.99831068486893701699461934516356367145,0.90130693038968237078044758643593463665
0.58999999999999996891375531049561686814,1.3007490436425812776103077477840825814e-141,131.0,0.99833663394558354505038435681220263079,0.90157953103812361557236879494078423991
0.57999999999999996003197111349436454475,1.330418916598085538231672554932305141e-141,131.0,0.99836188385618267411811496266104250125,0.90184934929313394400510919760122109913
0.56999999999999995115018691649311222136,1.3648907912011741594800600004779592155e-141,131.0,0.998386461277415806425605044446642968,0.90211642336089709995454771840953074281
0.56000000000000005329070518200751394033,1.4044796363253704585380729157217056638e-141,131.0,0.99841042577683852142528998864845949101,0.90238079057631797364876300049128472594
0.55000000000000004440892098500626161695,1.4495510839567029862006598992023002012e-141,131.0,0.99843384521154520295848397804577977507,0.90264248743627381944299390829473063623
0.54000000000000003552713678800500929356,1.5005263519207989709274286372693216572e-141,131.0,0.99845666133572702900048709272587723355,0.90290154963095636948546985798365913494
0.53000000000000002664535259100375697017,1.557887962045113921440715845091809977e-141,131.0,0.99847889602569361480972381886295209907,0.9031580120734421866820857578143686154
0.52000000000000001776356839400250464678,1.6221863453351931100235508720077494446e-141,131.0,0.99850057013282093826692734247589178599,0.90341190892761740879121994010940299761
0.51000000000000000888178419700125232339,1.6940474403126394024164434275745720473e-141,131.0,0.99852170354251884713583865567155977956,0.90366327363457297250983847769348963476
0.50,1.7741814069738844623350032169557490363e-141,131.0,0.99854231522918627197091778975946771627,0.90391213893757713625081608186559207476
0.48999999999999999111821580299874767661,1.8633925971430567987234289928461200987e-141,131.0,0.99856242330746743979626430308108317883,0.90415853690572366870218355712047461437
0.47999999999999998223643160599749535322,1.9625909425977187220253588932032390273e-141,131.0,0.99858204508009499222274085409856953683,0.90440249895634633821076670057899311776
0.46999999999999997335464740899624302983,2.0728049455634299649404740783548071511e-141,131.0,0.9986011970825811479594035789667669755,0.90464405587628326298450059134179996257
0.46000000000000001998401444325281772763,2.1951964823581004733029547351247391979e-141,131.0,0.99861989512499564167737470136538866766,0.90488323784206820348591376235105188749
0.45000000000000001110223024625156540424,2.3310776605157678054831493569903591225e-141,131.0,0.99863815433104887779731699483094888987,0.90512007443911995447586783793111924828
0.44000000000000000222044604925031308085,2.4819300030716352776160399805517594518e-141,131.0,0.99865598917468033971536402077397492422,0.90535459467999552874254264514364752494
0.42999999999999999333866185224906075746,2.6494262713345022104229319057399916009e-141,131.0,0.99867341351433560879404640527213867271,0.90558682702176788497266878764858080814
0.41999999999999998445687765524780843407,2.8354552799510020870522992189857762406e-141,131.0,0.99869044062510018866799683464890971257,0.90581679938258433142097687030022953919
0.40999999999999997557509345824655611068,3.0421501059789782555389840469723406345e-141,131.0,0.99870708322884455913427386563495910623,0.90604453915745756623069042246279433929
0.40000000000000002220446049250313080847,3.2719201476992818160690847600263853984e-141,131.0,0.99872335352252235457372618937378143215,0.90627007323333744868470221275714826087
0.39000000000000001332267629550187848508,3.5274875497402398896068649731098319529e-141,131.0,0.99873926320475215682531749487066734302,0.90649342800350806268835378078703662675
0.38000000000000000444089209850062616169,3.8119285795760755872332719483902547843e-141,131.0,0.99875482350080299816615260732813886861,0.9067146293813513503980668948119844474
0.36999999999999999555910790149937383831,4.1287206174799101395560167451104076918e-141,131.0,0.99877004518609419625247104260472910157,0.90693370281351564185152105276394470118
0.35999999999999998667732370449812151492,4.4817955085405378580434478407695499812e-141,131.0,0.99878493860831149040064484425636385041,0.90715067329252460570620559951986148269
0.34999999999999997779553950749686919153,4.875600122459942380637288635033893388e-141,131.0,0.99879951370823355008106826163864412655,0.9073655653688596342424966124028429139
0.34000000000000002442490654175344388932,5.3151650757037953916522489363462065637e-141,131.0,0.99881378003935570357881684912270057232,0.90757840316254632761225719146892440569
0.33000000000000001554312234475219156593,5.806182692452440358246451097131982652e-141,131.0,0.99882774678639112790958285925657583624,0.90778921037427359684145656637155941181
0.32000000000000000666133814775093924254,6.3550954170765973399664560944418815439e-141,131.0,0.99884142278272368950518067098347630525,0.9079980102960718932367421417874805396
0.30999999999999999777955395074968691915,6.969196043035748569493889203395628064e-141,131.0,0.99885481652688108422668474120872063032,0.90820482582157527994439949274617083015
0.29999999999999998889776975374843459576,7.6567412927804205175923868829684220365e-141,131.0,0.99886793619809183867383696160648515706,0.9084096794558903279147222009443141405
0.28999999999999998001598555674718227237,8.427080472165915038346428693150419175e-141,131.0,0.99888078967098507080572176667564705204,0.90861259332509328073184847917081857977
0.28000000000000002664535259100375697017,9.2908011329095203860288661627047453637e-141,131.0,0.99889338452948762219068975558169929361,0.90881358918537547953520750065360697316
0.27000000000000001776356839400250464678,1.0259893909723395582908931237641355526e-140,131.0,0.99890572807996923627853430484473662631,0.90901268843185571352666818914001327632
0.26000000000000000888178419700125232339,1.1347938957028830744956855774857900569e-140,131.0,0.99891782736368283301554156046902737078,0.90920991210707690372406307343771459875
0.25,1.2570316695819287854992449178311154273e-140,131.0,0.9989296891685435980778742398370249538,0.9094052809092034243404572047931560405
0.23999999999999999111821580299874767661,1.3944445896613488909536898665816217292e-140,131.0,0.99894132004028753106341435443111143012,0.90959881519993426951852935138326602841
0.23000000000000000999200722162640886381,1.5490052471951736498061187479068710261e-140,131.0,0.9989527262930472671951270972522755269,0.9097905350121463164750910919196946412
0.22000000000000000111022302462515654042,1.7229472734051458760246116262296794126e-140,131.0,0.99896391401938037522331007488241995985,0.90998046005728102410704041884359164213
0.20999999999999999222843882762390421703,1.918799529263599871317397175813311486e-140,131.0,0.99897488909978292296670959963077999171,0.91016860973248705425961559572356843667
0.20000000000000001110223024625156540424,2.1394246227218540744636803281276772931e-140,131.0,0.99898565721171887631558640984572339847,0.91035500312753053998875228006399980323
0.19000000000000000222044604925031308085,2.3880622669918498589752104914774262724e-140,131.0,0.99899622383819383846730914820714074999,0.91053965903148398523880408308217942258
0.17999999999999999333866185224906075746,2.6683780481861513544475684437017654295e-140,131.0,0.99900659427589973258239220008684725992,0.91072259593920410753685129132651471454
0.17000000000000001221245327087672194466,2.9845182300971884805902720416142645781e-140,131.0,0.99901677364295526999088855896690026347,0.91090383205760832368266992490691797562
0.16000000000000000333066907387546962127,3.3411712884023194817337307459859896077e-140,131.0,0.99902676688626541357318544616070213035,0.91108338531175898287465605788268685203
0.14999999999999999444888487687421729788,3.7436369363544983536494831289873419517e-140,131.0,0.99903657878852153387938985756635140667,0.91126127335076391122656792421731005713
0.14000000000000001332267629550187848508,4.1979034792767130567055954193832083747e-140,131.0,0.99904621397486255414782384348248156763,0.91143751355350134180594344806142279899
0.13000000000000000444089209850062616169,4.7107344161128895455520876749716893468e-140,131.0,0.99905567691921607860270933814001228709,0.91161212303417682202239859652377099907
0.11999999999999999555910790149937383831,5.2897652930556772437997771349810239674e-140,131.0,0.99906497195033729055625341334145193163,0.91178511864771925396813735656913625448
0.11000000000000000055511151231257827021,5.9436119069870470399058531347389742878e-140,131.0,0.99907410325756228544941396494147210988,0.91197384482600860501969397297158718309
0.10000000000000000555111512312578270212,6.6819910551937552017375718094844743557e-140,131.0,0.99908307489629146008691700203775920856,0.91218504399162784140506203505001258358
0.089999999999999996669330926124530378729,7.5158551325577948693017004349174664997e-140,131.0,0.99909189079321760959170087661188808493,0.91239455559331496289058162685378239094
0.080000000000000001665334536937734810635,8.457541988100463384789082237309980503e-140,131.0,0.99910055475131248078159967990640879926,0.9126023987091587475446150952855618711
0.070000000000000006661338147750939242542,9.5209415692217990615312793615448368078e-140,131.0,0.99910907045458469012018618876625962261,0.91280859209485114280205825128667848819
0.059999999999999997779553950749686919153,1.0721681003972075678480616321426883953e-139,131.0,0.99911744147262113085907090679415862499,0.91301315419074355260779349076865740261
0.050000000000000002775557561562891351059,1.2077329898856092009698146506559331213e-139,131.0,0.99912567126492326424409138497935641993,0.91321610312870805424540374029210273582
0.040000000000000000832667268468867405318,1.3607627761517524189645600183825133226e-139,131.0,0.9991337631850490087122995802165880746,0.91341745673881034889452241324858838083
0.029999999999999998889776975374843459576,1.5334735593555169263874112705271260675e-139,131.0,0.99914172048457030521137747694368210433,0.91361723255580094536943992261927736101
0.020000000000000000416333634234433702659,1.7283513837909185547868090141060968688e-139,131.0,0.99914954631685584394877932788047651136,0.91381544782543080788126680913613828535
0.010000000000000000208166817117216851329,1.9481829006780297303228730697811603601e-139,131.0,0.999157243740687883293704423388324217,0.91401211951059742466716519349923421681
0.0,2.1960891458785356084933216391459406669e-139,131.0,0.99916481572372157364914481785904977865,0.91420726429732700526185425667614107873
