value,sup,dur,Y,S
1.0,7.5683825683497171666437808426727363966e-61,129.0,0.99604126356473749881158068547698459464,0.88888399640339364567959965223036112879
0.98999999999999999111821580299874767661,6.8333821999118036982359689456115559028e-61,129.0,0.99615686585254782379657585008012110345,0.88916681726724659141265508085481680283
0.97999999999999998223643160599749535322,6.1733576264675693196131986869470361007e-61,129.0,0.99626667036197970536327186713951721282,0.88944607132556484282255116869949724237
0.96999999999999997335464740899624302983,5.5831376490963434515015722954903112046e-61,129.0,0.99637107731153313466670407459792435772,0.88972188538166165332322245166996466094
0.95999999999999996447286321199499070644,5.0568253334220170572178064208247220577e-61,129.0,0.99647045320139240469491349641572991178,0.88999437555359998356770961475244651936
0.94999999999999995559107901499373838305,4.5883495123425597934315041848441635702e-61,129.0,0.99656513399228710066317944740794723758,0.89026364830455004217689479045588013066
0.93999999999999994670929481799248605967,4.1717951973510472955290399535597614252e-61,129.0,0.99665616121030765699633312255499430194,0.89052980137100207290900532821649732467
0.93000000000000004884981308350688777864,3.8015903677910849805836354425885355621e-61,129.0,0.99674304605758793617448214516746943625,0.890792924599276050593006074963239552
0.92000000000000003996802888650563545525,3.4726006257630293382658674509757744937e-61,129.0,0.9968259532181950451130554650109442554,0.89105310069966349765120048390611853448
0.91000000000000003108624468950438313186,3.1801658065763917632161867114160362593e-61,129.0,0.9969051421330073567078244583285791093,0.89131040592655154184998381504161020083
0.90000000000000002220446049250313080847,2.9201010041083148371108992031262693038e-61,129.0,0.9969808507131839268479564301338202685,0.89159577324791393838177290197944478888
0.89000000000000001332267629550187848508,2.6886767054468450625813634159039109899e-61,129.0,0.99705329743785012515364807305225800974,0.89197620073748105438316041973359903969
0.88000000000000000444089209850062616169,2.4825875532483018596792034891378146425e-61,129.0,0.99712268322617035669431107826051520272,0.8923519814692735160593050776720016151
0.86999999999999999555910790149937383831,2.298915812346738605194370374502461766e-61,129.0,0.99718919310914069023052954713713396744,0.89272321630370075545398016092910300964
0.85999999999999998667732370449812151492,2.1350933368385868962907768155815972096e-61,129.0,0.99725299772366957304138060892960773612,0.89309000166496918642128548343058036872
0.84999999999999997779553950749686919153,1.9888643315344496604545271227211733214e-61,129.0,0.9973142546490000439744176245736972309,0.89345242984261330075108431998857589991
0.83999999999999996891375531049561686814,1.8582502200195764104433624671217705461e-61,129.0,0.99737310960325689570410559968439626897,0.89381058926805105224056732320158796882
0.82999999999999996003197111349436454475,1.7415172978160319652374630327949103434e-61,129.0,0.99742969751586567013509149971767101127,0.89416456476845075301346972993152782008
0.81999999999999995115018691649311222136,1.6371474471758010977302633973751761713e-61,129.0,0.99748414348977198687711772750187970444,0.8945144377999721486915834784344098022
0.81000000000000005329070518200751394033,1.5438119417895793259548428010385351591e-61,129.0,0.99753656366577231824722005249211731382,0.89486028666224315734893402006495900177
0.80000000000000004440892098500626161695,1.4603482227038268329275735926182351045e-61,129.0,0.99758706599983304886366442336635923064,0.89520218669575341916662696459343472379
0.79000000000000003552713678800500929356,1.3857394457789223391899054816125635846e-61,129.0,0.99763575096300573028309493605350799428,0.89554021046368390063219933137877368881
0.78000000000000002664535259100375697017,1.3190965625074109766534543860031714215e-61,129.0,0.99768271217242587034846539756894197653,0.89587442791954664013733761621217949311
0.77000000000000001776356839400250464678,1.2596426842090415184429197427228603276e-61,129.0,0.99772803696089430981244210928542656652,0.89620490656187804570675180886289502393
0.76000000000000000888178419700125232339,1.2066994840934523731349631984097312146e-61,129.0,0.99777180689166953067627480200121341931,0.8965317115771118644162625728502794215
0.75,1.1596754055709340965519155221648599291e-61,129.0,0.99781409822433258152227182515622189907,0.89685490597165231150867314023218821856
0.73999999999999999111821580299874767661,1.1180554640410290833797563471045256787e-61,129.0,0.99785498233691153594770529380448529313,0.89717455069407276866764679335409870413
0.72999999999999998223643160599749535322,1.0813924503563233564202084026408165893e-61,129.0,0.99789452610885859285559677070199532253,0.89749070474827979387018440536466457436
0.71999999999999997335464740899624302983,1.0492993654809727253806183832909065753e-61,129.0,0.99793279226895034470063439171402169469,0.89780342529840494916934439991729269385
0.70999999999999996447286321199499070644,1.0214429364913879450450519757374702586e-61,129.0,0.99796983971172174118239137796851296944,0.89811276776611727146955152776989617444
0.69999999999999995559107901499373838305,9.9753808342052943086495402242678847306e-62,129.0,0.99800572378563922256538372252781875089,0.89841878592098630440565993342091890182
0.68999999999999994670929481799248605967,9.7734322425181295459468829272767773391e-62,129.0,0.99804049655586165556361043518496259348,0.89872153196446878116955969825210743865
0.68000000000000004884981308350688777864,9.6065632154102967247705773294428341724e-62,129.0,0.99807420704412315385068915047905676881,0.89902105660804067471767171614201711243
0.67000000000000003996802888650563545525,9.4731158872122793273487728575126750597e-62,129.0,0.99810690144799441006195159866972976308,0.89931740914594988915449438216133397892
0.66000000000000003108624468950438313186,9.3717678723261741175840631180670387324e-62,129.0,0.99813862334153423647288459239136212558,0.89961063752302274010647096219708581151
0.65000000000000002220446049250313080847,9.3015105736197348524225491182843413534e-62,129.0,0.99816941385912664795834598650702154927,0.89990078839791939916065605023754840041
0.64000000000000001332267629550187848508,9.2616323623656006468298031555646043966e-62,129.0,0.99819931186410748388674871586791518866,0.90018790720219884363119558679976782991
0.63000000000000000444089209850062616169,9.2517062596452996282172993085760095828e-62,129.0,0.99822835410361524754455742506308762999,0.90047203819552262319773852864986578948
0.61999999999999999555910790149937383831,9.2715818361356196213948993805514109971e-62,129.0,0.99825657535095083925132763854138571905,0.90075322451729833237966697428195562498
0.60999999999999998667732370449812151492,9.3213811273279734697854663459846403198e-62,129.0,0.9982840085365978497489883767774670214,0.90103150823503789819982423783539025012
0.59999999999999997779553950749686919153,9.4014984360312310914999612677420912111e-62,129.0,0.9983106848689370169946193451635636707,0.90130693038968237078044758643593463891
0.58999999999999996891375531049561686814,9.5126039649298283579131803997711768664e-62,129.0,0.99833663394558354505038435681220263304,0.90157953103812361557236879494078423991
0.57999999999999996003197111349436454475,9.6556512903963117313812656598523772278e-62,129.0,0.99836188385618267411811496266104250426,0.90184934929313394400510919760122109687
0.56999999999999995115018691649311222136,9.8318887560177840557707708236094833855e-62,129.0,0.99838646127741580642560504444664296951,0.90211642336089709995454771840953074883
0.56000000000000005329070518200751394033,1.0042874931674371207809894665312974655e-61,129.0,0.99841042577683852142528998864845948875,0.90238079057631797364876300049128472293
0.55000000000000004440892098500626161695,1.0290498352766680947885380979656007061e-61,129.0,0.99843384521154520295848397804577977357,0.90264248743627381944299390829473062945
0.54000000000000003552713678800500929356,1.0577001825585524929514329429755989838e-61,129.0,0.99845666133572702900048709272587723355,0.90290154963095636948546985798365913268
0.53000000000000002664535259100375697017,1.090501166012363816934783629100659564e-61,129.0,0.99847889602569361480972381886295210057,0.90315801207344218668208575781436860487
0.52000000000000001776356839400250464678,1.1277572272153142871094442503755218525e-61,129.0,0.99850057013282093826692734247589178373,0.90341190892761740879121994010940300137
0.51000000000000000888178419700125232339,1.169818668349744332331268961914984891e-61,129.0,0.99852170354251884713583865567155978031,0.90366327363457297250983847769348963551
0.50,1.217086354455088864738446638868472567e-61,129.0,0.99854231522918627197091778975946771627,0.90391213893757713625081608186559208905
0.48999999999999999111821580299874767661,1.2700171407779650046665434248595235677e-61,129.0,0.99856242330746743979626430308108318109,0.90415853690572366870218355712047461437
0.47999999999999998223643160599749535322,1.3291301096826409551564696814141705399e-61,129.0,0.99858204508009499222274085409856953382,0.90440249895634633821076670057899311626
0.46999999999999997335464740899624302983,1.3950137144732964122514782107615436724e-61,129.0,0.998601197082581147959403578966766974,0.90464405587628326298450059134179996257
0.46000000000000001998401444325281772763,1.4683339418644182824887181202324842477e-61,129.0,0.99861989512499564167737470136538866766,0.90488323784206820348591376235105188599
0.45000000000000001110223024625156540424,1.5498436209304808386870365948686760875e-61,129.0,0.99863815433104887779731699483094889213,0.90512007443911995447586783793111924527
0.44000000000000000222044604925031308085,1.6403930244057530394391013185417428448e-61,129.0,0.99865598917468033971536402077397492573,0.90535459467999552874254264514364752118
0.42999999999999999333866185224906075746,1.7409419284481695702631181287479686205e-61,129.0,0.9986734135143356087940464052721386712,0.90558682702176788497266878764858081491
0.41999999999999998445687765524780843407,1.8525733197121632884052414382627155613e-61,129.0,0.99869044062510018866799683464890971634,0.90581679938258433142097687030022954596
0.40999999999999997557509345824655611068,1.9765089641074856952877394381792201839e-61,129.0,0.99870708322884455913427386563495910623,0.90604453915745756623069042246279434155
0.40000000000000002220446049250313080847,2.1141270802990645039424161978482101032e-61,129.0,0.9987233535225223545737261893737814344,0.90627007323333744868470221275714825936
0.39000000000000001332267629550187848508,2.2669823932060135879647822627999103739e-61,129.0,0.99873926320475215682531749487066734226,0.90649342800350806268835378078703663502
0.38000000000000000444089209850062616169,2.4368288789024085967812130030881515845e-61,129.0,0.9987548235008029981661526073281388656,0.90671462938135135039806689481198444514
0.36999999999999999555910790149937383831,2.6256455528651105509349341173524490363e-61,129.0,0.99877004518609419625247104260472910533,0.90693370281351564185152105276394469968
0.35999999999999998667732370449812151492,2.8356656989545653554666107223709770283e-61,129.0,0.99878493860831149040064484425636384891,0.9071506732925246057062055995198614872
0.34999999999999997779553950749686919153,3.0694099873993037976843322133357242606e-61,129.0,0.99879951370823355008106826163864412505,0.90736556536885963424249661240284290863
0.34000000000000002442490654175344388932,3.3297239869788806485118063192584966237e-61,129.0,0.99881378003935570357881684912270056931,0.90757840316254632761225719146892440042
0.33000000000000001554312234475219156593,3.619820640210191302879757124269230103e-61,129.0,0.99882774678639112790958285925657583775,0.90778921037427359684145656637155941331
0.32000000000000000666133814775093924254,3.9433283413397027910606847541053788958e-61,129.0,0.998841422782723689505180670983476306,0.90799801029607189323674214178748053735
0.30999999999999999777955395074968691915,4.304345336087144710794473839458326651e-61,129.0,0.99885481652688108422668474120872063032,0.90820482582157527994439949274617082714
0.29999999999999998889776975374843459576,4.7075012501908441671666881861854886e-61,129.0,0.99886793619809183867383696160648515255,0.90840967945589032791472220094431413749
0.28999999999999998001598555674718227237,5.1580266517476773180248922710371857987e-61,129.0,0.9988807896709850708057217666756470543,0.90861259332509328073184847917081857977
0.28000000000000002664535259100375697017,5.6618316610585284316585454756608735513e-61,129.0,0.99889338452948762219068975558169929437,0.90881358918537547953520750065360697391
0.27000000000000001776356839400250464678,6.2255947421812260352390701488620889297e-61,129.0,0.99890572807996923627853430484473662255,0.90901268843185571352666818914001328084
0.26000000000000000888178419700125232339,6.8568629437150575543163859193816878502e-61,129.0,0.99891782736368283301554156046902737153,0.909209912107076903724063073437714598
0.25,7.5641650036105997297628577116199891858e-61,129.0,0.99892968916854359807787423983702495531,0.909405280909203424340457204793156039
0.23999999999999999111821580299874767661,8.3571388951867071019915547181617473355e-61,129.0,0.99894132004028753106341435443111142936,0.90959881519993426951852935138326602992
0.23000000000000000999200722162640886381,9.2466755702653127863764093311039405792e-61,129.0,0.99895272629304726719512709725227553066,0.90979053501214631647509109191969464195
0.22000000000000000111022302462515654042,1.02450808516702783817694292394196895e-60,129.0,0.99896391401938037522331007488241995835,0.90998046005728102410704041884359163837
0.20999999999999999222843882762390421703,1.1366257642581458876361959791261916081e-60,129.0,0.99897488909978292296670959963077999021,0.91016860973248705425961559572356843516
0.20000000000000001110223024625156540424,1.2625910855718267134706092335698776747e-60,129.0,0.99898565721171887631558640984572339772,0.910355003127530539988752280063999807
0.19000000000000000222044604925031308085,1.4041777722390215614950862251094591809e-60,129.0,0.99899622383819383846730914820714074924,0.91053965903148398523880408308217942108
0.17999999999999999333866185224906075746,1.5633886421435794784117798581523966546e-60,129.0,0.99900659427589973258239220008684725841,0.91072259593920410753685129132651472207
0.17000000000000001221245327087672194466,1.7424846272296295230831532413744290777e-60,129.0,0.99901677364295526999088855896690026498,0.91090383205760832368266992490691797713
0.16000000000000000333066907387546962127,1.9440173066216943506633908064031012182e-60,129.0,0.99902676688626541357318544616070213185,0.91108338531175898287465605788268685428
0.14999999999999999444888487687421729788,2.1708653466047883224193831446644390241e-60,129.0,0.99903657878852153387938985756635140366,0.91126127335076391122656792421731005788
0.14000000000000001332267629550187848508,2.4262752789451756335685580856253940274e-60,129.0,0.99904621397486255414782384348248156988,0.91143751355350134180594344806142279899
0.13000000000000000444089209850062616169,2.7139070903505738463354328603547492357e-60,129.0,0.99905567691921607860270933814001228784,0.91161212303417682202239859652377099907
0.11999999999999999555910790149937383831,3.037885140154498757723065248860633649e-60,129.0,0.99906497195033729055625341334145193539,0.91178511864771925396813735656913625373
0.11000000000000000055511151231257827021,3.4028549706259804278987440756537346029e-60,129.0,0.99907410325756228544941396494147210612,0.91197384482600860501969397297158718234
0.10000000000000000555111512312578270212,3.8140466246910406738691563289458787392e-60,129.0,0.99908307489629146008691700203775921383,0.91218504399162784140506203505001258433
0.089999999999999996669330926124530378729,4.2773451393146421430262939212854900149e-60,129.0,0.99909189079321760959170087661188808493,0.91239455559331496289058162685378239169
0.080000000000000001665334536937734810635,4.7993689393048206809381671236903351136e-60,129.0,0.99910055475131248078159967990640880001,0.91260239870915874754461509528556187711
0.070000000000000006661338147750939242542,5.3875569157973747519369244272307366783e-60,129.0,0.99910907045458469012018618876625962562,0.91280859209485114280205825128667849195
0.059999999999999997779553950749686919153,6.0502650360460784129742392305591254051e-60,129.0,0.99911744147262113085907090679415862499,0.91301315419074355260779349076865739508
0.050000000000000002775557561562891351059,6.7968733962132208270429201608632342664e-60,129.0,0.99912567126492326424409138497935642143,0.91321610312870805424540374029210274033
0.040000000000000000832667268468867405318,7.6379046964018449037955895734153230077e-60,129.0,0.99913376318504900871229958021658807234,0.91341745673881034889452241324858838534
0.029999999999999998889776975374843459576,8.5851551869012666937345230747380536259e-60,129.0,0.99914172048457030521137747694368210659,0.91361723255580094536943992261927735123
0.020000000000000000416333634234433702659,9.6518392061647688637829781760982768459e-60,129.0,0.99914954631685584394877932788047651136,0.91381544782543080788126680913613828384
0.010000000000000000208166817117216851329,1.0852748503955407380657941618556273911e-59,129.0,0.99915724374068788329370442338832422227,0.9140121195105974246671651934992342153
0.0,1.2204427616848051234015616570438224222e-59,129.0,0.9991648157237215736491448178590497794,0.91420726429732700526185425667614107421
