value,max_sup,t_max_sup,t_1e_2,t_1e_3,t_1e_4,t_1e_5,t_1e_6,t_1e_7,t_1e_8,t_1e_9,t_1e_10,dur,Y,S
0.0,9.9391798037238067405161236988810918705e-119,331.0,20.0,22.0,23.0,24.0,25.0,26.0,27.0,28.0,29.0,604.0,0.99604126356473749881158068547698459464,0.88888399640339364567959965223036112729
0.010000000000000000208166817117216851329,1.1045291613465893898153512480476066643e-66,202.0,20.0,22.0,23.0,24.0,26.0,27.0,28.0,29.0,30.0,345.0,0.99514629991708237399611721520383195035,0.89224966209105872376221753122846192177
0.020000000000000000416333634234433702659,2.3565790308212855058436205049120797436e-62,194.0,21.0,22.0,24.0,25.0,26.0,27.0,28.0,29.0,31.0,330.0,0.99451188001952860350018613830894821625,0.89660736128135727550104071040515403783
0.029999999999999998889776975374843459576,3.8328880722619001960062127019101265331e-59,189.0,21.0,22.0,24.0,25.0,26.0,27.0,29.0,30.0,31.0,320.0,0.99393161748511602766748298765879474732,0.9045414370375077297365193408351398172
0.040000000000000000832667268468867405318,1.8399454497743087937780089128148675345e-56,184.0,21.0,23.0,24.0,25.0,26.0,28.0,29.0,30.0,32.0,311.0,0.99336402377502855663972240166149396741,0.91064678219304040405582724701107806839
0.050000000000000002775557561562891351059,4.1682034287114377306050068441193056725e-54,180.0,21.0,23.0,24.0,25.0,27.0,28.0,29.0,31.0,33.0,303.0,0.99279954164523735461925075431709302448,0.91508463866329842094261618340192752687
0.059999999999999997779553950749686919153,5.5988059103024212669416117741062244926e-52,176.0,21.0,23.0,24.0,26.0,27.0,28.0,30.0,32.0,33.0,295.0,0.99223223892685806910707035822165869717,0.91851450746200525957471879460489868457
0.070000000000000006661338147750939242542,5.0919514266933943262102058665406530051e-50,172.0,21.0,23.0,25.0,26.0,27.0,29.0,30.0,32.0,34.0,289.0,0.99165791911429163924151003891494068698,0.92127639191953735317581023862204026484
0.080000000000000001665334536937734810635,3.3969925194822089096947718948571661823e-48,169.0,22.0,23.0,25.0,26.0,28.0,29.0,31.0,33.0,35.0,281.0,0.99107328190125667294556349449096981839,0.92356560062403526371953232924637722485
0.089999999999999996669330926124530378729,1.7671666420116898989079971568026093202e-46,166.0,22.0,24.0,25.0,27.0,28.0,29.0,31.0,33.0,35.0,275.0,0.99047549079739478411214185730339042046,0.92551229970493077580250441163541738882
0.10000000000000000555111512312578270212,7.4623686762288194513276883288410178877e-45,163.0,22.0,24.0,25.0,27.0,28.0,30.0,32.0,34.0,36.0,270.0,0.98986192121748250099667075895931738912,0.92718932046920476429398570357303742738
0.11000000000000000055511151231257827021,2.6378177184791089037729464810523135236e-43,160.0,22.0,24.0,26.0,27.0,29.0,30.0,32.0,34.0,36.0,264.0,0.98922999570606751903157946035133963763,0.92865276682033436989189439455551679705
0.11999999999999999555910790149937383831,7.9967062366198235131406789922970074487e-42,157.0,22.0,24.0,26.0,27.0,29.0,31.0,33.0,35.0,37.0,259.0,0.98857706307008451861843561048389550749,0.92994659706363187366042419999888223995
0.13000000000000000444089209850062616169,2.1201967496866402479948812283239979173e-40,154.0,23.0,25.0,26.0,28.0,29.0,31.0,33.0,35.0,37.0,252.0,0.98790029937120993491094987595738717818,0.93110206018267684005342691702091958635
0.14000000000000001332267629550187848508,4.9847193883005376491161691857046387655e-39,152.0,23.0,25.0,26.0,28.0,30.0,31.0,33.0,36.0,38.0,247.0,0.9872153012840221604227254750341054879,0.93213747090676255315990544453132052731
0.14999999999999999444888487687421729788,1.0526552469514416654988241720387524019e-37,149.0,23.0,25.0,27.0,28.0,30.0,32.0,34.0,36.0,39.0,242.0,0.98651079746923615204377635435644418502,0.933073552652023504359083484438512945
0.16000000000000000333066907387546962127,2.0216090765631567915916549784954294234e-36,147.0,23.0,25.0,27.0,29.0,30.0,32.0,34.0,37.0,39.0,238.0,0.98577942266817607314179150963611419805,0.93392639953534419214379663938433008667
0.17000000000000001221245327087672194466,3.54963975199310210580594243716806784e-35,144.0,24.0,26.0,27.0,29.0,31.0,33.0,35.0,37.0,40.0,232.0,0.98501799893974772245811075900816956363,0.93470217614202113513559951905966852541
0.17999999999999999333866185224906075746,5.7596461689724863784914886210731331349e-34,142.0,24.0,26.0,28.0,29.0,31.0,33.0,35.0,38.0,40.0,227.0,0.98422289045845648990154836299970332728,0.93541563498474115922739619669007744411
0.19000000000000000222044604925031308085,8.6791949641401025067019834980587788022e-33,139.0,24.0,26.0,28.0,30.0,32.0,34.0,36.0,38.0,41.0,223.0,0.98338990438847832476514513973078249159,0.93607126947394150180265004011437732347
0.20000000000000001110223024625156540424,1.2201016558044696565215097967567128736e-31,137.0,24.0,26.0,28.0,30.0,32.0,34.0,37.0,39.0,42.0,218.0,0.98254485018471289436474774769489441812,0.93667484288847953769637104456432606267
0.20999999999999999222843882762390421703,1.6112893765268644305176362251595486082e-30,135.0,25.0,27.0,29.0,30.0,32.0,35.0,37.0,40.0,42.0,213.0,0.98167416511244600012753429318156298437,0.93723541231300694299865725501712042309
0.22000000000000000111022302462515654042,2.0065345816318634107114263834329757238e-29,133.0,25.0,27.0,29.0,31.0,33.0,35.0,38.0,40.0,43.0,208.0,0.98076093320001370206598042175291574545,0.93775190965234702295243801360474427459
0.23000000000000000999200722162640886381,2.3577153850814560489260972280791377299e-28,130.0,25.0,27.0,29.0,31.0,33.0,36.0,38.0,41.0,44.0,204.0,0.97979958477796071594651751465414572764,0.93823502158702634906239002111125035338
0.23999999999999999111821580299874767661,2.629631451832933391165897570430786767e-27,128.0,25.0,28.0,30.0,32.0,34.0,36.0,39.0,42.0,44.0,200.0,0.97878463835095092858808935176577412007,0.93868083148566795409941513866800155402
0.25,2.7911096796674741914444062114947234627e-26,126.0,26.0,28.0,30.0,32.0,34.0,37.0,39.0,42.0,45.0,194.0,0.97777348823553707413180200013273460484,0.93909908896676821787960550669881731017
0.26000000000000000888178419700125232339,2.8256678073750571490038330777220736433e-25,124.0,26.0,28.0,30.0,33.0,35.0,37.0,40.0,43.0,46.0,190.0,0.9767070549504919208319922527216374763,0.93948626807734960618508469209799787121
0.27000000000000001776356839400250464678,2.733967729321525869967950560766427448e-24,122.0,26.0,29.0,31.0,33.0,35.0,38.0,41.0,44.0,47.0,186.0,0.97557741739394514787076926532049601428,0.93984871725644181024012969998056541642
0.28000000000000002664535259100375697017,2.5325168924984652856226390656854833734e-23,120.0,27.0,29.0,31.0,33.0,36.0,39.0,41.0,44.0,48.0,181.0,0.97438197037670677338683374846867326122,0.94018626632625795111880295588414751413
0.28999999999999998001598555674718227237,2.248673883845347199445912238239631567e-22,117.0,27.0,29.0,32.0,34.0,37.0,39.0,42.0,45.0,48.0,176.0,0.97318699655700274020221841165335806979,0.94049924365430203574889182008352008042
0.29999999999999998889776975374843459576,1.915886649762688866499099675436539024e-21,115.0,27.0,30.0,32.0,35.0,37.0,40.0,43.0,46.0,49.0,172.0,0.97191707479776799958382356549411057393,0.9407938971715301099292755251199816216
0.30999999999999999777955395074968691915,1.5692118036120965352187320109775317068e-20,113.0,28.0,30.0,33.0,35.0,38.0,41.0,44.0,47.0,50.0,167.0,0.97056021960354014082974471023461591155,0.94106677966459754393109169370226669935
0.32000000000000000666133814775093924254,1.2366669757126037353243642394846486229e-19,111.0,28.0,31.0,33.0,36.0,38.0,41.0,45.0,48.0,52.0,163.0,0.96917403078372109721601114383255028059,0.9413196056787975240819823453869118462
0.33000000000000001554312234475219156593,9.3841692849797459834104775761109419045e-19,109.0,28.0,31.0,34.0,36.0,39.0,42.0,46.0,49.0,53.0,159.0,0.96772937021217919184291105266536718671,0.94155522671691226418116685934227527012
0.34000000000000002442490654175344388932,6.8603568475047485176267643893046459293e-18,107.0,29.0,32.0,34.0,37.0,40.0,43.0,47.0,50.0,54.0,154.0,0.96617738368475060613750887856524744465,0.94177395316293314891731282337391710476
0.34999999999999997779553950749686919153,4.8335472325380688769469082858454653753e-17,105.0,29.0,32.0,35.0,38.0,41.0,44.0,48.0,51.0,55.0,149.0,0.96458151442957590703348506000732186931,0.94197541502943586346756502711488223996
0.35999999999999998667732370449812151492,3.2827598008388956675035938111109045802e-16,103.0,30.0,33.0,35.0,38.0,42.0,45.0,49.0,53.0,57.0,144.0,0.9629152142222277133649622797423045933,0.94216043571496904848406559879003085986
0.36999999999999999555910790149937383831,2.1491952785880601717371191127663059562e-15,101.0,30.0,33.0,36.0,39.0,42.0,46.0,50.0,54.0,59.0,140.0,0.96111159365591542971355504032697487984,0.9423296298276412306145964929590625639
0.38000000000000000444089209850062616169,1.356153092288543758564307747776635142e-14,99.0,31.0,34.0,37.0,40.0,43.0,47.0,51.0,56.0,61.0,135.0,0.95929124547403742093920962194278685755,0.94248341633639422278532272950666496136
0.39000000000000001332267629550187848508,8.244991230238637032051979896643620253e-14,97.0,31.0,34.0,37.0,41.0,44.0,48.0,53.0,58.0,63.0,131.0,0.95733582414864689188790099827173203469,0.94262202172744197327845344893464705212
0.40000000000000002220446049250313080847,4.8271343683908888878923583360628159061e-13,95.0,32.0,35.0,38.0,42.0,46.0,50.0,55.0,60.0,66.0,125.0,0.95527272308518051489379705283118937142,0.94274547358551858113417705933811672843
0.40999999999999997557509345824655611068,2.7194872471256671655685241912286786712e-12,93.0,32.0,36.0,39.0,43.0,47.0,51.0,56.0,62.0,69.0,121.0,0.95313414067834014738086919604872263019,0.94285358418938927883857651371812558154
0.41999999999999998445687765524780843407,1.4728865048893458558842785216990219264e-11,91.0,33.0,36.0,40.0,44.0,48.0,53.0,59.0,65.0,74.0,116.0,0.95081716719940052042245997655207562221,0.94294596870937952171769955092832992388
0.42999999999999999333866185224906075746,7.6598428312883312955830638377843443529e-11,89.0,33.0,37.0,41.0,45.0,50.0,55.0,61.0,69.0,83.0,111.0,0.948457072784346771910842494548613265,0.94302470486035823718645209375881418695
0.44000000000000000222044604925031308085,3.8195310659936259814371071966497360739e-10,87.0,34.0,38.0,42.0,46.0,51.0,57.0,64.0,75.0,0.0,106.0,0.94587002169766748408712582847411974989,0.94308662849310153120692593874403120373
0.45000000000000001110223024625156540424,1.8229980780812489724214920008112697795e-09,85.0,35.0,39.0,43.0,48.0,53.0,60.0,69.0,0.0,0.0,100.0,0.94323962772788811918524284944732482014,0.94313230375836393068617303035967713885
0.46000000000000001998401444325281772763,8.3110111671855685635504814667989595023e-09,83.0,35.0,40.0,44.0,49.0,55.0,63.0,78.0,0.0,0.0,96.0,0.94036052349673142923253712209711825933,0.94316091310267442443236992709772741333
0.46999999999999997335464740899624302983,3.6104145569969136057987142700249667296e-08,81.0,36.0,40.0,45.0,51.0,58.0,69.0,0.0,0.0,0.0,90.0,0.9373953371197444223600189705332130348,0.94317219235522859466313632231189912772
0.47999999999999998223643160599749535322,1.4902220869554797976944462446088244069e-07,79.0,37.0,42.0,47.0,53.0,62.0,0.0,0.0,0.0,0.0,85.0,0.93419469933595005693460233019845585322,0.94316398812201773867625161197175000462
0.48999999999999999111821580299874767661,5.8245721885088306092284827771827380768e-07,77.0,38.0,43.0,48.0,56.0,68.0,0.0,0.0,0.0,0.0,79.0,0.93080632750415070249107300006521182282,0.94313533906110234223714244615144578794
0.5,2.1470576263774038208432136457524951978e-06,75.0,39.0,44.0,50.0,60.0,0.0,0.0,0.0,0.0,0.0,73.0,0.9272436239465287796345027758004935228,0.9430845429327130003156964948002927252
0.51000000000000000888178419700125232339,7.4281213726374605480476612735581739929e-06,73.0,40.0,45.0,53.0,67.0,0.0,0.0,0.0,0.0,0.0,68.0,0.92338727459912137833802121096785835971,0.94300905903068439064812876764834943644
0.52000000000000001776356839400250464678,2.3977093498496125499289545011045283504e-05,71.0,41.0,47.0,56.0,0.0,0.0,0.0,0.0,0.0,0.0,62.0,0.91932382828871788960747236286801006908,0.94290610065062371847326564307187737039
0.53000000000000002664535259100375697017,7.1689412161973103068631690527752777861e-05,69.0,42.0,49.0,62.0,0.0,0.0,0.0,0.0,0.0,0.0,56.0,0.91501609099735526484068371075747860121,0.94277265191427298905390341819448339776
0.54000000000000003552713678800500929356,0.00019685183974507265967225775178772610038,67.0,43.0,51.0,0.0,0.0,0.0,0.0,0.0,0.0,0.0,50.0,0.9103769189564265517109839429658251437,0.94260386646543414182811061450528770519
0.55000000000000004440892098500626161695,0.0004919227528320119334606840590877097679,65.0,45.0,55.0,0.0,0.0,0.0,0.0,0.0,0.0,0.0,43.0,0.90539505088690870844271287251992898231,0.9423938000661267339533514220170117956
0.56000000000000005329070518200751394033,0.0011106129196514328967614817264184535272,63.0,46.0,0.0,0.0,0.0,0.0,0.0,0.0,0.0,0.0,37.0,0.90005467178405937967237630480762243144,0.94205368983856415866364356917267936423
0.56999999999999995115018691649311222136,0.0022627893792547974042264012543414641697,61.0,48.0,0.0,0.0,0.0,0.0,0.0,0.0,0.0,0.0,30.0,0.89440005187679523756008288015608955899,0.94109878301551255099500462850829580592
0.57999999999999996003197111349436454475,0.0041607313563871700556400422778559446213,60.0,50.0,0.0,0.0,0.0,0.0,0.0,0.0,0.0,0.0,23.0,0.88831052908685615598015535695685455428,0.9387363101849552242648468538938440545
0.58999999999999996891375531049561686814,0.0070116749780206215254593901038940799917,59.0,53.0,0.0,0.0,0.0,0.0,0.0,0.0,0.0,0.0,14.0,0.88174945739853537313079010847238764129,0.93219057475036176149560687648023309602
0.59999999999999997779553950749686919153,0.010939775906803758154002980955612304575,59.0,0.0,0.0,0.0,0.0,0.0,0.0,0.0,0.0,0.0,0.0,0.87466979753197794230068615881634653121,0.94037408504535337058533041863404424563
0.60999999999999998667732370449812151492,0.016065972525001540406180687862192300548,59.0,0.0,0.0,0.0,0.0,0.0,0.0,0.0,0.0,0.0,0.0,0.86701993443425273653755670877619255843,0.93964858825404499375198484913252390342
0.61999999999999999555910790149937383831,0.022432209252343850233909374521450274858,59.0,0.0,0.0,0.0,0.0,0.0,0.0,0.0,0.0,0.0,0.0,0.85883621715398457374787350994117420072,0.93873885319846643465058143892691460728
0.63000000000000000444089209850062616169,0.030132840513044756978533009271412331799,59.0,0.0,0.0,0.0,0.0,0.0,0.0,0.0,0.0,0.0,0.0,0.8499590645022713437516479784515267266,0.93758299324411925032454691225298511241
0.64000000000000001332267629550187848508,0.039058092302222493399585835286299627754,60.0,0.0,0.0,0.0,0.0,0.0,0.0,0.0,0.0,0.0,0.0,0.84027037452654999625263469278638865553,0.9360951976899627172124741559507505884
0.65000000000000002220446049250313080847,0.049360558728047987562904748963911314997,61.0,0.0,0.0,0.0,0.0,0.0,0.0,0.0,0.0,0.0,0.0,0.82979722567321444840009105736531524757,0.93415263167394396481098170214053184322
0.66000000000000003108624468950438313186,0.061056740387230058321719614472299440175,62.0,0.0,0.0,0.0,0.0,0.0,0.0,0.0,0.0,0.0,0.0,0.8183867522438388099437511420118462111,0.93158114113498649310829928325492866944
0.67000000000000003996802888650563545525,0.074247103093027086398786628269139082747,63.0,0.0,0.0,0.0,0.0,0.0,0.0,0.0,0.0,0.0,0.0,0.80599226477258204408745882961312365069,0.92813701751059421675246193878418623558
0.68000000000000004884981308350688777864,0.088839806333660565462898841526870298299,65.0,0.0,0.0,0.0,0.0,0.0,0.0,0.0,0.0,0.0,0.0,0.79240798737089199800944460966013544835,0.92348319718329041310221764611219871157
0.68999999999999994670929481799248605967,0.10518680291033406279923157449195201644,67.0,0.0,0.0,0.0,0.0,0.0,0.0,0.0,0.0,0.0,0.0,0.77756892818708333028704439433204539957,0.91717285025056792661410286546220169848
0.69999999999999995559107901499373838305,0.12322403528112687762628634495540872401,68.0,0.0,0.0,0.0,0.0,0.0,0.0,0.0,0.0,0.0,0.0,0.76135661832723289097113574732783208541,0.90863195857877988204371938244158139858
0.70999999999999996447286321199499070644,0.14315989173192098148795218388180058363,71.0,0.0,0.0,0.0,0.0,0.0,0.0,0.0,0.0,0.0,0.0,0.74357964135200733796099720996151121423,0.89717281994683125795230225269402487912
0.71999999999999997335464740899624302983,0.16510679760642786685327052767278015301,73.0,0.0,0.0,0.0,0.0,0.0,0.0,0.0,0.0,0.0,0.0,0.72394362880906169957345978899239044988,0.88202612818060188609383349903051156823
0.72999999999999998223643160599749535322,0.18952520337518981586210616757918447374,76.0,0.0,0.0,0.0,0.0,0.0,0.0,0.0,0.0,0.0,0.0,0.70251998110687000895268606212561665839,0.86241190098952668053811363115545698638
0.73999999999999999111821580299874767661,0.21635933662152422806907022864349948424,78.0,0.0,0.0,0.0,0.0,0.0,0.0,0.0,0.0,0.0,0.0,0.67886344239019988886770661048108893531,0.83763318145040420389876193790243979503
0.75,0.24598140450813632253111880543150168373,82.0,0.0,0.0,0.0,0.0,0.0,0.0,0.0,0.0,0.0,0.0,0.65276529316558496860523056061870326825,0.80715623070064572412423234427917930579
0.76000000000000000888178419700125232339,0.27871828673602449435409127547198178368,85.0,0.0,0.0,0.0,0.0,0.0,0.0,0.0,0.0,0.0,0.0,0.62411202100398715603369475189086467123,0.77067760594176093981322659618021382646
0.77000000000000001776356839400250464678,0.31485116205767624430312686540176789746,89.0,0.0,0.0,0.0,0.0,0.0,0.0,0.0,0.0,0.0,0.0,0.59248690425684283002390450042515599903,0.72814831723117330265770612338183245483
0.78000000000000002664535259100375697017,0.35453088238363621342567952198954699659,94.0,0.0,0.0,0.0,0.0,0.0,0.0,0.0,0.0,0.0,0.0,0.55780498327523571089483786987451132706,0.67976397605231424733883732139557310985
0.79000000000000003552713678800500929356,0.3982318064097425568570694657671811628,100.0,0.0,0.0,0.0,0.0,0.0,0.0,0.0,0.0,0.0,0.0,0.51968093443403900941919369553864837438,0.62590408357860156568779990050324516255
0.80000000000000004440892098500626161695,0.44598835864478538807709271140133961854,106.0,0.0,0.0,0.0,0.0,0.0,0.0,0.0,0.0,0.0,0.0,0.47806928974580234168391019532847446954,0.56712015698685309134567838223024384999
0.81000000000000005329070518200751394033,0.49803296688035138564878940813417741582,113.0,0.0,0.0,0.0,0.0,0.0,0.0,0.0,0.0,0.0,0.0,0.43278370300144555131186097988356299766,0.50404956281442780237267715249999741561
0.81999999999999995115018691649311222136,0.55425549223352359800325333429509016454,122.0,0.0,0.0,0.0,0.0,0.0,0.0,0.0,0.0,0.0,0.0,0.38394588071849100284179496273443294296,0.43743714333894647607033501140362284664
0.82999999999999996003197111349436454475,0.61440976081140650164955000985020319633,133.0,0.0,0.0,0.0,0.0,0.0,0.0,0.0,0.0,0.0,0.0,0.33177601176701367639263534818782662121,0.36813526206919561758391707857443802855
0.83999999999999996891375531049561686814,0.67781617867761977127278969398655480242,146.0,0.0,0.0,0.0,0.0,0.0,0.0,0.0,0.0,0.0,0.0,0.27687343207650011856415790248058822471,0.29721027088514071282660475561005592779
0.84999999999999997779553950749686919153,0.74343612760358714556794035013324206083,163.0,0.0,0.0,0.0,0.0,0.0,0.0,0.0,0.0,0.0,0.0,0.22016876216364326384928598143253790396,0.22613188121011755767172524504412352535
0.85999999999999998667732370449812151492,0.8095843247581949152546003741684332369,186.0,0.0,0.0,0.0,0.0,0.0,0.0,0.0,0.0,0.0,0.0,0.16313726931727474146140251893738278764,0.15706984468053027183717791879009021463
0.86999999999999999555910790149937383831,0.87373026276867802904514380988919144945,217.0,0.0,0.0,0.0,0.0,0.0,0.0,0.0,0.0,0.0,0.0,0.10798102032127927473749755298895791077,0.093596382769226837973402613419875029593
0.88000000000000000444089209850062616169,0.93174365106289574756382622409485462437,258.0,0.0,0.0,0.0,0.0,0.0,0.0,0.0,0.0,0.0,0.0,0.058261444931298685524047806715426195884,0.042090440112587563686203557153771480379
0.89000000000000001332267629550187848508,0.97475299618077358936082072998746439383,285.0,0.0,0.0,0.0,0.0,0.0,0.0,0.0,0.0,0.0,0.0,0.021520579248071511002801269957556215665,0.011961502570411537879824049629993273383
0.90000000000000002220446049250313080847,0.99197131680433578242521442006996122189,174.0,0.0,0.0,0.0,0.0,0.0,0.0,0.0,0.0,0.0,0.0,0.0068397884033274171476297647369956134939,0.0031551552024177278928214529873010876669
0.91000000000000003108624468950438313186,0.99533150230707101179653314601679825495,85.0,0.0,0.0,0.0,0.0,0.0,0.0,0.0,0.0,0.0,0.0,0.0039881813815055709387928173584755192819,0.0017566671576247738525838290650048205159
0.92000000000000003996802888650563545525,0.99652532391265105686697191741855701852,56.0,0.0,0.0,0.0,0.0,0.0,0.0,0.0,0.0,0.0,0.0,0.0029781910514833698877399059073927635276,0.0013100467315585484214695456831743395931
0.93000000000000004884981308350688777864,0.99716779333185696000514524735204198592,40.0,0.0,0.0,0.0,0.0,0.0,0.0,0.0,0.0,0.0,0.0,0.0024360885630205614370081798857053474438,0.0010801605981017622416010821086204559951
0.93999999999999994670929481799248605967,0.99756662220111862950831815281333470174,29.0,0.0,0.0,0.0,0.0,0.0,0.0,0.0,0.0,0.0,0.0,0.0021011248258428655546013042497841797103,0.00094396416933057521074079127130196763861
0.94999999999999995559107901499373838305,0.99782323500166625513909746004695652754,19.0,0.0,0.0,0.0,0.0,0.0,0.0,0.0,0.0,0.0,0.0,0.001887981448304296368361774039598770542,0.00086531635883938414324254510715762115105
0.95999999999999996447286321199499070644,0.99796767778660887170873799258414125888,8.0,0.0,0.0,0.0,0.0,0.0,0.0,0.0,0.0,0.0,0.0,0.0017737250360497414631849151346614824267,0.00084242568461295216322679472614770352693
0.96999999999999997335464740899624302983,0.99800882847535719043897287123311426975,4.0,0.0,0.0,0.0,0.0,0.0,0.0,0.0,0.0,0.0,0.0,0.0017628285560227902781898190668276312926,0.00084242568461295216322679472614770352913
0.97999999999999998223643160599749535322,0.99803542175753691091024901077926176429,3.0,0.0,0.0,0.0,0.0,0.0,0.0,0.0,0.0,0.0,0.0,0.0017628285560227902781898190668276312896,0.00084242568461295216322679472614770352693
0.98999999999999999111821580299874767661,0.99804881147245852024301118079147697314,3.0,0.0,0.0,0.0,0.0,0.0,0.0,0.0,0.0,0.0,0.0,0.0017628285560227902781898190668276312852,0.00084242568461295216322679472614770352619
1.0,0.99806219130497754780631228833544372981,3.0,0.0,0.0,0.0,0.0,0.0,0.0,0.0,0.0,0.0,0.0,0.0017628285560227902781898190668276312867,0.00084242568461295216322679472614770352546
