value,sup,dur,Y,S
1.0,3.5402202832773760802876312902124055102e-58,108.0,0.99608547830263100926629743163630466075,0.26949632711198441033307571867437365597
0.98999999999999999111821580299874767661,1.5136957062027174380093527818098456681e-57,107.0,0.99576862892245385214158163513447306701,0.2697816220924672644110772512551775736
0.97999999999999998223643160599749535322,6.4903103605737272140486484438943111248e-57,107.0,0.99545202686103594990773717867925832544,0.27013584192416288165924332916406334252
0.96999999999999997335464740899624302983,2.7879075497430168953776751079775974931e-56,106.0,0.99513656507547094969456942908598047797,0.27055665076414501440657838551801853005
0.95999999999999996447286321199499070644,1.1987345460125594614418757051735473613e-55,105.0,0.99482215755566003098358471007085366321,0.27104130902870938851981647940262423972
0.94999999999999995559107901499373838305,5.1560439352111298919054855575103891687e-55,104.0,0.99450975634166711585429840580625844132,0.27158888243104253591391184831107209598
0.93999999999999994670929481799248605967,2.2173873905016730917994491513601303377e-54,104.0,0.99419917992888117953028901788450794974,0.27222182139941150156509410668353029003
0.93000000000000004884981308350688777864,9.5310345212005949534489572251020982604e-54,103.0,0.99389087422274855969634531381704715165,0.27290197899266996349713127327160507652
0.92000000000000003996802888650563545525,4.0936324576265903292506241003911437708e-53,102.0,0.99358521374155981278896883850812363643,0.27362635044238958148713272695182405042
0.91000000000000003108624468950438313186,1.7566898023339752517287527387244198412e-52,101.0,0.99328250122282088930220555946083051106,0.27439185734363023545378546162000441426
0.90000000000000002220446049250313080847,7.5316851641801147441822723452890775662e-52,101.0,0.99298296608133027700866083436704861718,0.27519536853897798767119084530399497005
0.89000000000000001332267629550187848508,3.2265347737645730415322026787422468661e-51,100.0,0.99268676161029808863776877612744350412,0.27603369660391701597089385734715081818
0.88000000000000000444089209850062616169,1.3813500288799943847569896139082198593e-50,99.0,0.99239396078121901420358748822303340786,0.27690357566455081449226694826278471186
0.86999999999999999555910790149937383831,5.9116345842718496697013791608043320697e-50,98.0,0.99210455045424539132380334709644882048,0.27780162492241363664354418155733097186
0.85999999999999998667732370449812151492,2.5298571855702690767928305055693461717e-49,97.0,0.99181842375608434493196134347797458256,0.27874226500836556268985455684927184011
0.84999999999999997779553950749686919153,1.0830539343727425438200610434503522135e-48,96.0,0.99153705630065268616879332671959194838,0.27973173476973691328761941265293989408
0.83999999999999996891375531049561686814,4.640686001752197371363116464498281715e-48,96.0,0.99125908843990729595346181595782364757,0.28074811060002600700890272595817791871
0.82999999999999996003197111349436454475,1.9912904316265121738445914220925410978e-47,95.0,0.99098489759710877759969055019532207726,0.28178742852292294041645260238771212074
0.81999999999999995115018691649311222136,8.5620644839182025600460360512422177454e-47,94.0,0.99071530871357597354149899812056095599,0.28284531066197856062270917110564595324
0.81000000000000005329070518200751394033,3.6915858539308424004296550343398682916e-46,93.0,0.99044917708811312161446709658294310682,0.28391688319684634714212851909332520339
0.80000000000000004440892098500626161695,1.5972192137463678589454728150738059541e-45,92.0,0.99018776011133309932546073063429564532,0.28499668850235443704794312827945141385
0.79000000000000003552713678800500929356,6.940433122448114144943335093373420007e-45,91.0,0.98993035540373827503128958903870619714,0.28607859086466692545157899809138851488
0.78000000000000002664535259100375697017,3.0315117652142898827055081138392879122e-44,90.0,0.98967638502872863715624881364092499765,0.28715567514221645221665123625264164213
0.77000000000000001776356839400250464678,1.3322613001376905467803728915543357047e-43,89.0,0.98942810951563348598607584422442544856,0.28824299345797220319751114970205318718
0.76000000000000000888178419700125232339,5.8967228756407969518704444063164421316e-43,88.0,0.98918337004579197217413597580331649989,0.28944140669441151824452478949286802973
0.75,2.6313828163497456532124096870654866847e-42,87.0,0.98894235714249854036901689782434288952,0.29062298721351954798428955598231013734
0.73999999999999999111821580299874767661,1.1852170973447712015887254893573673205e-41,85.0,0.98870573439547170154026356631499566781,0.29177711688846708476848521841415975162
0.72999999999999998223643160599749535322,5.3947242693987803216481600831442559287e-41,84.0,0.98847418600521633535947034494965341777,0.29289176069124059505977896171543404275
0.71999999999999997335464740899624302983,2.4845297776958720695263813025024490977e-40,83.0,0.98824659256017735545011850522215272203,0.29410760485091469512386958331475124838
0.70999999999999996447286321199499070644,1.159308896459966960820840309995409423e-39,82.0,0.98802304543608464468886627166383393867,0.29533575883706025731085022189986945259
0.69999999999999995559107901499373838305,5.4883527956732965254530805349862226538e-39,81.0,0.98780360560504498611520169061073954623,0.29649610844418054034558204461809466179
0.68999999999999994670929481799248605967,2.6400584280762270977585865325444667473e-38,80.0,0.98758829744052327470787520391752968818,0.29769560892919113955589958361948239196
0.68000000000000004884981308350688777864,1.2923763817997514842553329222049674959e-37,78.0,0.98737710124049249615728327987901568047,0.29895226094131135529047706581118004491
0.67000000000000003996802888650563545525,6.4488173448884584798075948278154966105e-37,77.0,0.98716994417167562961421727652386118552,0.3000978977611273346678979029039013669
0.66000000000000003108624468950438313186,3.2857670044206204713132711456454804211e-36,76.0,0.9869666892585691570356525772816346443,0.30138514184093244191641228545383502893
0.65000000000000002220446049250313080847,1.7125758377410893990967298123727936226e-35,74.0,0.98676712193783831842223214712587413667,0.30258109313111404569255020722373623065
0.64000000000000001332267629550187848508,9.1485699643967478726214361252561677054e-35,73.0,0.98657164210808975455635030935014019458,0.30383557870656856719461144614937262825
0.63000000000000000444089209850062616169,5.0191138111990756634521006260817742965e-34,71.0,0.98638144249001802179666914282932122955,0.30504388239958221900549909439024954675
0.61999999999999999555910790149937383831,2.8340047249063189220790225761602929123e-33,70.0,0.9861944657665730651363686763232498973,0.30631505651182186423314121276997383446
0.60999999999999998667732370449812151492,1.6506525019434406260426468473231481654e-32,68.0,0.98601009643797546599684615052453171197,0.30747669234782811511400805026951848487
0.59999999999999997779553950749686919153,9.941008604858981181514630024400433762e-32,67.0,0.98583101107115098022824091186544280658,0.30879705128318136909763690134671195657
0.58999999999999996891375531049561686814,6.206165910499448148731590755406035816e-31,65.0,0.98565540970219360201689303133165770006,0.3100205921215354232498134238575547072
0.57999999999999996003197111349436454475,4.0271461549533873558463679204913263318e-30,64.0,0.98548232805434623708053754507258053605,0.3112052301978278457469387983318412838
0.56999999999999995115018691649311222136,2.7238575137225755515474428364001838942e-29,62.0,0.98531472358152773432844559677847984214,0.31251306868039547229505170528264645357
0.56000000000000005329070518200751394033,1.9261486077604866992757258136176435668e-28,60.0,0.98514913345667238276147033413247477377,0.31377384613513023467270924161042733271
0.55000000000000004440892098500626161695,1.4285553074091318145602634820508696105e-27,58.0,0.98498771152628586532809901923976116693,0.31500881766058243178565569711555667989
0.54000000000000003552713678800500929356,1.1149922510353477045419549707387318604e-26,57.0,0.98483047131009026498892649894104158715,0.31623513427440024044913241025506707887
0.53000000000000002664535259100375697017,9.1910573132132818422290477268275693639e-26,55.0,0.98467521661959230174767297074167319991,0.31746525983160404530470601789470505685
0.52000000000000001776356839400250464678,8.031874998881886022213227063047056528e-25,53.0,0.98452269792824574228083301986131179605,0.31870629443762934834233407204273899953
0.51000000000000000888178419700125232339,7.4705493951471366336517085555432041979e-24,51.0,0.98437586144047128889061749589169516135,0.31995915341105364113358132954441044491
0.5,7.4264516577718858698403678477842182393e-23,49.0,0.98423165819728397863541052231798709008,0.32121754596974177251077394811136985534
0.48999999999999999111821580299874767661,7.924722866765534204384806079895546038e-22,46.0,0.98409027429373466471903372131790269299,0.3224666939604478103280805558768833014
0.47999999999999998223643160599749535322,9.117820671560503846869241707324640721e-21,44.0,0.98395165974943957482203826460233483579,0.32368172991283586381879483724522091047
0.46999999999999997335464740899624302983,1.136168812022128900326869068651011744e-19,42.0,0.98381546049290780534545290883999106887,0.32486651789130407445264279567206991455
0.46000000000000001998401444325281772763,1.5400085167463575249228303202843517135e-18,40.0,0.98368397836313048832018460263335329809,0.32616795718925818919252749535625659154
0.45000000000000001110223024625156540424,2.2795331749929225858421230569626454899e-17,37.0,0.98355578406262388027833045348163003671,0.32733842912237253195163786993084184632
0.44000000000000000222044604925031308085,3.6963262653227697382358564753907187668e-16,35.0,0.98341109385231077210538673799896800952,0.32862494813468680107657692653593863368
0.42999999999999999333866185224906075746,6.5765218925115484837862371878872604117e-15,32.0,0.98314181568844640755966669096523148023,0.32979337689021034353285842266776580547
0.41999999999999998445687765524780843407,1.2825360823956651333662824143591503094e-13,29.0,0.98267248352306322214205775254014244076,0.33103080760047875908609119757102514633
0.40999999999999997557509345824655611068,2.72635590465978714041642993401587429e-12,27.0,0.98190413988856674219089597036437483196,0.33227852860256771461504791109527576135
0.40000000000000002220446049250313080847,6.2360257335730251128621821601429361423e-11,24.0,0.98068447339770016033195449881366512112,0.3334991883655029611849655314104940626
0.39000000000000001332267629550187848508,1.4971554667875043812063947560976382443e-09,21.0,0.97877646505248533348417446839467809275,0.33470505616804400924875274211735768024
0.38000000000000000444089209850062616169,3.6139659748347093849330086205025890934e-08,17.0,0.97581049582240244024628020514383991789,0.33588042276713050509343567299866636957
0.36999999999999999555910790149937383831,8.1861121971427798900380087691702822784e-07,14.0,0.97121691485445321599506691903801182452,0.3370879732395740569343297147116616956
0.35999999999999998667732370449812151492,1.5706520806879556653783126684613513501e-05,11.0,0.9641449085509550153417733765459531041,0.33789491752810002844142712179848335597
0.34999999999999997779553950749686919153,0.00022257647516321739065892086452203057631,7.0,0.95339331968408522174143820855754433007,0.3315090733733778178428967055634527186
0.34000000000000002442490654175344388932,0.0020017428985589693716397113253185115454,3.0,0.93740579084702869997981560082145403373,0.31506256025657270033204293309231972375
0.33000000000000001554312234475219156593,0.010389854156682275376043874131987234136,0.0,0.91439640310344062234927997359959030073,0.28942213983822034245170684914729424706
0.32000000000000000666133814775093924254,0.03262451728839425629526570910448801931,0.0,0.88264668032424505235477538201988785966,0.25714125837657238614457164504524491557
0.30999999999999999777955395074968691915,0.071773075877769226689699430331584336151,0.0,0.84094429938701269112822347069902470951,0.22152940514753965501907780301121425401
0.29999999999999998889776975374843459576,0.12636558599209500389464493564482544217,0.0,0.7890442746912196153953392210077842301,0.18573187800248852334353235613445945447
0.28999999999999998001598555674718227237,0.19324233663128945109464987723368331224,0.0,0.72797236069906997343231009890172293469,0.15218579533354695081582889550796825666
0.28000000000000002664535259100375697017,0.26857988918883525910428141938354205537,0.0,0.66000972825149093338411877952794051157,0.12243449164246496580875540412198773822
0.27000000000000001776356839400250464678,0.34819750146762484689420062099300849465,0.0,0.5883181244529931143647898541277742924,0.097176722759742051535008020410384697237
0.26000000000000000888178419700125232339,0.42800944122690586085577236582925969854,0.0,0.51633107433011402149215951134735872129,0.076450711309298287434788003890959327177
0.25,0.5045368072623527711435459599941556351,0.0,0.44713951585832720660235738972548126485,0.059869634798046017745533299065631448751
0.23999999999999999111821580299874767661,0.5752524992491422404326202489544892381,0.0,0.38307147996550350414642992542080004662,0.046838802274479229912621420085585452002
0.23000000000000000999200722162640886381,0.63866874419633017504519467368137169027,0.0,0.32554230132965143010347283924605821581,0.036714544557248810278812541302200882587
0.22000000000000000111022302462515654042,0.6942127940877663131875075573458614278,0.0,0.2751299104516913757611836476982137639,0.028897996562028100207102307872577988521
0.20999999999999999222843882762390421703,0.74199426147389791663985587518219911504,0.0,0.23177271748049110157745969919740749297,0.02287728550326427791985669955115146283
0.20000000000000001110223024625156540424,0.78255741511400549334887776645746580835,0.0,0.19499484987174947808746091872716777313,0.018237046110785173914775726201190913774
0.19000000000000000222044604925031308085,0.81667326700327765554678311338137710963,0.0,0.16410054633422703723859298344816976817,0.014651031549870882763896469712295877919
0.17999999999999999333866185224906075746,0.8451901573156663915706567971569191039,0.0,0.13831588210974771640583855098138363681,0.011868102063088412982815473054878552675
0.17000000000000001221245327087672194466,0.86893942682325605206985216013636144083,0.0,0.11687899586819325542045698171853493553,0.0096972017862872539453732706279060725504
0.16000000000000000333066907387546962127,0.88868369048629418816894086297943037779,0.0,0.099089875654881485845176066209646354124,0.0079938670724019782605979982429310629934
0.14999999999999999444888487687421729788,0.90509412885061872181732678424708917336,0.0,0.08433241226701672994412118444452536195,0.0066491000868954824429721478804678829927
0.14000000000000001332267629550187848508,0.91874560722405629190726806378450186449,0.0,0.072079372147125314998791925266983853179,0.0055806168523684091306161069431710569023
0.13000000000000000444089209850062616169,0.93012163357496508498563935228101870084,0.0,0.061887942336350703187105781794244813507,0.0047261505721994414037384915020224005157
0.11999999999999999555910790149937383831,0.9396239773746316158084335027481705149,0.0,0.053390813324282935096917908087433812236,0.0040384094779568582399437083318975060053
0.11000000000000000055511151231257827021,0.9475838530146225128196412924176422288,0.0,0.046285764696807593936267354531947660616,0.0034813140241107704944488601974943474167
0.10000000000000000555111512312578270212,0.95427296542329508790693793854085422593,0.0,0.040325377743254795448349159353989780178,0.0030272004899472902911374544494990827174
0.089999999999999996669330926124530378729,0.95991358406892280040284285539327237955,0.0,0.03530766578375645065480708447516929472,0.0026547448524932481500177465511506039192
0.080000000000000001665334536937734810635,0.96468731981710139886991684406402248404,0.0,0.031067927374237049469939530431241049919,0.0023474196273926825292821140575715960953
0.070000000000000006661338147750939242542,0.96874255718047358831673347502642802791,0.0,0.027471863518364414519873962618050523826,0.0020923438502654410688046134723612871421
0.059999999999999997779553950749686919153,0.97220063323277564564554327015869873546,0.0,0.024409869473626886827170859820994730821,0.0018794229437768688067756453083069934805
0.050000000000000002775557561562891351059,0.97516091293628824162336947303445880543,0.0,0.021792357614593401709465588225184187041,0.0017007026515064779510180100093723925238
0.040000000000000000832667268468867405318,0.97770492536328203863054102307250260856,0.0,0.019545955017392156665473139879233996066,0.0015498814865264172534267116029327028525
0.029999999999999998889776975374843459576,0.97977577948530959435656383143388278035,0.0,0.017722008016130803846490562121351020871,0.0014219409850071695043296593074394704954
0.020000000000000000416333634234433702659,0.98110004563648021204063929123369813001,0.0,0.016565638083849478147957449800556651167,0.0013128638788129001005380906856311548805
0.010000000000000000208166817117216851329,0.982172718724750266229475754992656733,0.0,0.01562898111735587439341220285583794729,0.0012194181835191519372614650745697482927
0.0,0.9830877171802640232601594471878441392,0.0,0.014829988355776537493475870496220790073,0.0011389909425982014682465569641539432842
