value,sup,dur,Y,S
1.0,3.2542499015216151059637742148873948742e-25,101.0,0.99608517062250971376375689442954661903,0.26945857525651123824616849868608101695
0.98999999999999999111821580299874767661,8.6267161745404167215860020311630791233e-25,100.0,0.99576830060491729658143392630584380773,0.269754327619426878529411673122579533
0.97999999999999998223643160599749535322,2.2713621968440216083918684117071666973e-24,99.0,0.99545164546252499189111512320032212641,0.27012402219414079422420458678545785919
0.96999999999999997335464740899624302983,5.9330602327348532777831110464291723683e-24,98.0,0.99513616174207321864980414006073954408,0.27056390183056106546948037090835018729
0.95999999999999996447286321199499070644,1.5360456473583225512133330873353139444e-23,97.0,0.9948215725687291646686446847041305243,0.27106991890476996109696512366604052408
0.94999999999999995559107901499373838305,3.938341591746666133415977602390734643e-23,97.0,0.99450918029560766213138336183007632749,0.27163784654576184664113772971329602249
0.93999999999999994670929481799248605967,9.9935668568957124881096499111643425785e-23,96.0,0.99419866698329850933229490509588883525,0.27226334424554581359059126781053793398
0.93000000000000004884981308350688777864,2.508400924052243958435221843780231754e-22,95.0,0.99389044046503236030547513984795505209,0.27294198757799624107894687679245742732
0.92000000000000003996802888650563545525,6.2253878442742527136509351242468262112e-22,94.0,0.99358483418513695935679090723554573565,0.27366926993811452670290030461324006587
0.91000000000000003108624468950438313186,1.5272158498970162242723347246661053275e-21,93.0,0.99328209879164902321481448931521773339,0.27444058257385873438743635957898644817
0.90000000000000002220446049250313080847,3.7026631692997092657051157806131318012e-21,92.0,0.99298239863159900785363724436358683828,0.27525117775393419949382090307152128612
0.89000000000000001332267629550187848508,8.8708061183643871937225108446000830607e-21,91.0,0.99268580651341278835277797048314377049,0.2760961187061611962594148047422143643
0.88000000000000000444089209850062616169,2.1000966926222191504453930508879227672e-20,90.0,0.99239264750871889642822747775076508507,0.27697021896451659976723009326313256468
0.86999999999999999555910790149937383831,4.91325299747032207794195934875618727e-20,89.0,0.99210358601549660520803327338941334022,0.27786797296173648637832417415605552765
0.85999999999999998667732370449812151492,1.1360842206357481014620841418668610633e-19,88.0,0.9918177211474074840422918059453610966,0.27878347907784009690610420930778855215
0.84999999999999997779553950749686919153,2.5968740863110619868641579164020218627e-19,87.0,0.9915357164128914418886342501129268147,0.27971035588255143838785256079732918286
0.83999999999999996891375531049561686814,5.8695558373780521959779510415945551292e-19,86.0,0.99125789247852255412329643348835415856,0.28071675942472718530795598791068641551
0.82999999999999996003197111349436454475,1.3122440325970052584190670760933480063e-18,84.0,0.99098361401630626495889469088464305633,0.28177901347033717631001445663226178618
0.81999999999999995115018691649311222136,2.9029845083206146615917113549471757616e-18,83.0,0.99071375375676259420764341563960496914,0.2828421854248176207058041782485979733
0.81000000000000005329070518200751394033,6.357477845556925109758347604665548163e-18,82.0,0.99044796995682663497773540176161096537,0.28389753146634792487010321136442408823
0.80000000000000004440892098500626161695,1.3789450130186118830862534794898159419e-17,81.0,0.9901854787548729733705206607473968155,0.28493530957491779078448635262570343034
0.79000000000000003552713678800500929356,2.9639089517911098950593493172285915906e-17,80.0,0.98992859069657999702982612118705132138,0.28600581408563701836825546176161936699
0.78000000000000002664535259100375697017,6.3167521785826182722811004372173949289e-17,79.0,0.98967537393245241578636779127349178033,0.28717893843116231984293923320695053734
0.77000000000000001776356839400250464678,1.335703823425737071647960283774789027e-16,77.0,0.98942596897518707128065893705958994573,0.2883134397360148533048836057249176339
0.76000000000000000888178419700125232339,2.8042126872610233331455154742790929834e-16,76.0,0.98918055550424828399467651664422781969,0.28939477700402780146121031337964384714
0.75,5.8494368110614259868747238612201042457e-16,75.0,0.9889399549442909145801531236749815124,0.29057562614724457552321116883409626395
0.73999999999999999111821580299874767661,1.2132721517666666273035698884416664444e-15,73.0,0.98870381122441243983003066732484891635,0.29177126135906841296926883746563585581
0.72999999999999998223643160599749535322,2.5043980275534448063194667766996544607e-15,72.0,0.98847173981329934696542582051509561817,0.29287722441337183743992346803558633039
0.71999999999999997335464740899624302983,5.149094134288810885451624234773766698e-15,71.0,0.98824376800385943592784551867751477132,0.29411319204882767537190271807124614457
0.70999999999999996447286321199499070644,1.05546576861848132983293492395026923e-14,69.0,0.98801987434863764072835619237661460426,0.29530003349545321514816184676251392179
0.69999999999999995559107901499373838305,2.1590842455514611868260756158074576295e-14,68.0,0.98779997868842099043878198610488694466,0.29647444416492126443276489823806998027
0.68999999999999994670929481799248605967,4.4122189273978377174165705718041402291e-14,66.0,0.98758392997385398012428425589450509139,0.29771607402101889230068641473221776057
0.68000000000000004884981308350688777864,9.0173955212372075697618252435158573141e-14,65.0,0.98737319997764541238646764933060714767,0.29888639532235283048221185756269219944
0.67000000000000003996802888650563545525,1.8451946687151548673333232442426247557e-13,63.0,0.98716646203616139897380133133185363278,0.30014028100652628495722243445948657207
0.66000000000000003108624468950438313186,3.7850170856638827255835896985381533219e-13,62.0,0.9869632732438890895898338370230467536,0.30135100816955457482920643809736812132
0.65000000000000002220446049250313080847,7.7931729874152779480464503720251596811e-13,60.0,0.98676311775660778477226909702353914379,0.30255337459289854817089181032514559322
0.64000000000000001332267629550187848508,1.6127540805594592082005180381633076929e-12,59.0,0.98656842273916183210030603542750704046,0.30383198906358144291337053643581061035
0.63000000000000000444089209850062616169,3.3592935334716717391683378764416204951e-12,57.0,0.98637735202958266467369675491139433867,0.30502529534381309705113655365723775617
0.61999999999999999555910790149937383831,7.053525873618349275060798286327848474e-12,55.0,0.98618881162975346616432654820203055616,0.3062428260396982240468578533722152318
0.60999999999999998667732370449812151492,1.4953105942213760727800322425143648994e-11,53.0,0.98600629159637896403446506300544494486,0.3075313320959450295449466231903237417
0.59999999999999997779553950749686919153,3.2058951463506968385268188477019863011e-11,52.0,0.98582539757407286069657837916361189155,0.30878027460367324561332076880397883319
0.58999999999999996891375531049561686814,6.9634590085094609524390041763714811408e-11,50.0,0.9856499557874071431674823998981853764,0.31000951931839395390506037254239440151
0.57999999999999996003197111349436454475,1.5351956766582510013931114504843868612e-10,48.0,0.98547764970536583847093986777337401284,0.31123482832619031928847009249822953988
0.56999999999999995115018691649311222136,3.4420003564236653366405526727546296758e-10,46.0,0.98530759793870683344823573080637308002,0.31246726884553837115565250322315693317
0.56000000000000005329070518200751394033,7.8641317942307884591914180540731825447e-10,44.0,0.9851426285797869414420982035319610144,0.31371252665717816277273083300899104892
0.55000000000000004440892098500626161695,1.8348577055921462831489937942634099059e-09,42.0,0.98498150685758059201252855390959314748,0.31497007512731664307605385164683453547
0.54000000000000003552713678800500929356,4.3813857040451215770760562664493984011e-09,40.0,0.98482337253760377677720379303417328667,0.3162321467655599715334990734039466035
0.53000000000000002664535259100375697017,1.0730896657051567323090545649191021319e-08,37.0,0.98466844922426814870181105003662868134,0.31748245153807552679482242421159607808
0.52000000000000001776356839400250464678,2.7016016610077104964940513827586375887e-08,35.0,0.98451675272234881998503425475239474481,0.31869458660043329185895277844586811001
0.51000000000000000888178419700125232339,7.0058228851050465838993751384062599057e-08,33.0,0.98436802974397280590639390513626498156,0.3199097751514631290359155796183290327
0.50,1.8746532175218528780914134912627931385e-07,30.0,0.98422167578142211620004452173648137988,0.32120479350666100130089013122644631113
0.48999999999999999111821580299874767661,5.1826272838964061459638585677705371869e-07,28.0,0.98408071014457679813143751375257220713,0.32236020494871209805496455036768159545
0.47999999999999998223643160599749535322,1.4807731399031364779450865421253025068e-06,25.0,0.98393119594467127712307717967502590299,0.32367772454662830583025478714129721727
0.46999999999999997335464740899624302983,4.3671949769757241874013836311557472159e-06,23.0,0.98367506764613393535409428454182237987,0.32487404049218490833595079942947955832
0.46000000000000001998401444325281772763,1.3244981178375546809041459276315706896e-05,20.0,0.98324042813213209769704449445805151744,0.32608142726084019643568822197497304124
0.45000000000000001110223024625156540424,4.0986579255874732791762724161725081817e-05,17.0,0.98253873439648511956304558661724692178,0.32734921634479871177111590030691543775
0.44000000000000000222044604925031308085,0.00012763005978968530849754537120581778218,14.0,0.98143377926497969336972226566161574043,0.32858441170242038446758348721544953863
0.42999999999999999333866185224906075746,0.00039122798119776775868203180981741360513,11.0,0.97971319532372506193385508632760327981,0.3297987916145815001012018755908245635
0.41999999999999998445687765524780843407,0.0011449271215223885673252311260663459418,8.0,0.97704392850641917333465951522598094824,0.33097633578948537459228589439821604674
0.40999999999999997557509345824655611068,0.0030891737178774069236249305509452990328,4.0,0.97290707705889595269739666021881522098,0.33223392077169432773353152907767860471
0.40000000000000002220446049250313080847,0.007468975318155511926408745695111887871,1.0,0.96651391618785597780658687095148441694,0.33346122305346005045153854901271186577
0.39000000000000001332267629550187848508,0.016005975586162441178848857325628244075,0.0,0.95672230667152251528190029084713362038,0.32951285559783966703774248262195550112
0.38000000000000000444089209850062616169,0.030637491860616613341631878989599830402,0.0,0.9420007856778201031676627922040896782,0.31540752944552568095732140515351596512
0.36999999999999999555910790149937383831,0.053290170293979653576287008198143532672,0.0,0.92051068481430742619785009531028188168,0.2916013329184278206071379297847108716
0.35999999999999998667732370449812151492,0.085683108837293378183804385076713008985,0.0,0.8903658907921602231796280052146163301,0.26041385942501475419920877108909495039
0.34999999999999997779553950749686919153,0.1289998976781501643314116985817191905,0.0,0.85006856261658344670439509457758468226,0.22514754900788007108742634032100439158
0.34000000000000002442490654175344388932,0.18344997575876516616702632288064930249,0.0,0.7990230099709924687399931468385044497,0.18909360399692781009424286139015548586
0.33000000000000001554312234475219156593,0.24792497383600161264443532125949361138,0.0,0.73794327945166003460024542474894437371,0.15489888380578738772995830189406979305
0.32000000000000000666133814775093924254,0.31996925941872280625206807786792907527,0.0,0.66895353883829494333157011609890894288,0.1243185609996092141657471881779480424
0.30999999999999999777955395074968691915,0.39614820696303620037766087656127905484,0.0,0.59528048935620811041255791686009944782,0.098224662208241273721792374170771620953
0.29999999999999998889776975374843459576,0.47269888099974264783456324059767113211,0.0,0.52062431154064851890774693207256694892,0.076768192517079634262316845589818311319
0.28999999999999998001598555674718227237,0.54621307050944432787764478287619176278,0.0,0.44844983155270378870333915003088136738,0.059613977812374221579088561490057110469
0.28000000000000002664535259100375697017,0.61411849559287647571273178799602293691,0.0,0.3814514617542758674213758367155407137,0.04617297378579513675963155857346368576
0.27000000000000001776356839400250464678,0.67485828165955006268962961487369899892,0.0,0.32132081883037043084696463288073785498,0.03578102523597437352869684637847431301
0.26000000000000000888178419700125232339,0.7278120577250967502734206143075029655,0.0,0.26879198162906781551616736296008681994,0.027808930191776233978244903180246284724
0.25,0.77307370891649209184500198576092970666,0.0,0.22385157178223867199989721457093439063,0.021714584877804858777783089812356974228
0.23999999999999999111821580299874767661,0.8111960355790660598342393069532527369,0.0,0.18599622329998827317818873535510629468,0.017057063414069042852240529747955024946
0.23000000000000000999200722162640886381,0.8429704987414466630971283648272751719,0.0,0.15446089884502621008184208426694830939,0.013490423629961921642859718953542273482
0.22000000000000000111022302462515654042,0.86926766760418026180120676818243505251,0.0,0.12838693445087302370635306596873484153,0.010749238163699231435080382542200648891
0.20999999999999999222843882762390421703,0.89093689529915073439344201812021818376,0.0,0.10692893387502385192011132025267947679,0.0086325280528188056949301723481111461197
0.20000000000000001110223024625156540424,0.90875217579790209148411662925951466431,0.0,0.089313181380879026907237629228253154684,0.006989177840750407823961319852964828359
0.19000000000000000222044604925031308085,0.92338932066165637650779665619393137807,0.0,0.074862888176511580587729352321337690508,0.0057058786127720625579513567615079261542
0.17999999999999999333866185224906075746,0.93542212119427020734389242145068371454,0.0,0.063003225157710981667129076294956323298,0.0046976578397608965970074345858434174894
0.17000000000000001221245327087672194466,0.94532873847929820532884820689048407812,0.0,0.053255409884317346667997533008661968348,0.0039006582749456264471075556556995241992
0.16000000000000000333066907387546962127,0.95350271941970680741529696489223222115,0.0,0.045225794754327982690893194173850832797,0.0032667258087521027312340944760418747787
0.14999999999999999444888487687421729788,0.96026535505860823370248694975076331812,0.0,0.038593446044591690653375323589050175028,0.0027593915099246401221400086775602331845
0.14000000000000001332267629550187848508,0.96587762851201272949475058681604441288,0.0,0.033098077414037113490103158377778392952,0.0023509021056992580585001821324050114199
0.13000000000000000444089209850062616169,0.97055093609632835311339246481756495831,0.0,0.028529207705868696892627240630911066828,0.0020200278924236568938192383153318993914
0.11999999999999999555910790149937383831,0.97445629995263404486239076583193319852,0.0,0.024716846406069435197435200623320775526,0.001750442809269105151031311929305542453
0.11000000000000000055511151231257827021,0.97773207338870859445347775621323329038,0.0,0.021523711158032221565610951157132728886,0.0015295242394081911671571120414576985092
0.10000000000000000555111512312578270212,0.98049027402117585677087596244118725,0.0,0.018838840664927182922015231631784973273,0.0013474605892121298254153508554271334633
0.089999999999999996669330926124530378729,0.98282173011040465539109157380013720679,0.0,0.016572413398191676565796519278084425384,0.0011965848960588822913743498392101941242
0.080000000000000001665334536937734810635,0.98480023186483148522281434959249963058,0.0,0.014651575744790193471164717786186831317,0.0010708748954825788116755391781889651388
0.070000000000000006661338147750939242542,0.98648586487909542459009324104641956963,0.0,0.013017098357594428900949194692394541777,0.00096557612912476620526173151161258790619
0.059999999999999997779553950749686919153,0.98781623300027575889050672860001526658,0.0,0.011735314973684957115062400060553217762,0.00087691638680232938631769587703526092227
0.050000000000000002775557561562891351059,0.98874265758876442957121684813330584217,0.0,0.01084602985633346504744663892149951545,0.0008018882590326796311393640024474227344
0.040000000000000000832667268468867405318,0.98948407141168955122690945795556174286,0.0,0.010134200851753328591982003741661279788,0.00073808272587161633509614098088758906521
0.029999999999999998889776975374843459576,0.99010634225844685849930379437669452695,0.0,0.0095367167844527956139448010673014595866,0.00068356117573203404102070589699162528955
0.020000000000000000416333634234433702659,0.99064230906704961943889547359589079005,0.0,0.0090220609504847973569463887111173827444,0.00063675650414872335530789451184446831723
0.010000000000000000208166817117216851329,0.99111209337647996080791783920707948874,0.0,0.008570983407773332937464163463527930786,0.00059639632481016260882996221436025241903
0.0,0.99152908116817637889310719201522513161,0.0,0.0081705845300484530666844611114446779479,0.00056144307553499501806415502744392410223
