value,sup,dur,Y,S
1.0,1.3117066601152218389419870538718383481e-111,113.0,0.99608517062250971376375689442954661979,0.26945857525651123824616849868608101695
0.98999999999999999111821580299874767661,1.1352412923650770854558806858383366398e-110,112.0,0.99576830060491729658143392630584380698,0.26975432761942687852941167312257953187
0.97999999999999998223643160599749535322,9.9984605450288725020669713327939837056e-110,112.0,0.99545164546252499189111512320032212641,0.27012402219414079422420458678545786258
0.96999999999999997335464740899624302983,8.9569648524791280606530805523066754842e-109,111.0,0.99513616174207321864980414006073954333,0.27056390183056106546948037090835018767
0.95999999999999996447286321199499070644,8.159181492988961814579452654840952529e-108,111.0,0.99482157256872916466864468470413052355,0.27106991890476996109696512366604052408
0.94999999999999995559107901499373838305,7.5569237189263422580131204807104263441e-107,110.0,0.99450918029560766213138336183007632673,0.27163784654576184664113772971329602362
0.93999999999999994670929481799248605967,7.1167992479695714452066495077998143977e-106,109.0,0.99419866698329850933229490509588883751,0.27226334424554581359059126781053793247
0.93000000000000004884981308350688777864,6.8165219885390417273637205246373594961e-105,109.0,0.99389044046503236030547513984795505058,0.27294198757799624107894687679245742845
0.92000000000000003996802888650563545525,6.6426423903224464951034970227737647444e-104,108.0,0.99358483418513695935679090723554573565,0.27366926993811452670290030461324006549
0.91000000000000003108624468950438313186,6.589320584353253194281491046135967796e-103,107.0,0.99328209879164902321481448931521773414,0.27444058257385873438743635957898644554
0.90000000000000002220446049250313080847,6.6579569298459392073925359100287669348e-102,107.0,0.99298239863159900785363724436358684205,0.27525117775393419949382090307152128537
0.89000000000000001332267629550187848508,6.8576440270850294860711190706158397859e-101,106.0,0.99268580651341278835277797048314376973,0.27609611870616119625941480474221436731
0.88000000000000000444089209850062616169,7.2065492306070775582548764066002884896e-100,105.0,0.99239264750871889642822747775076508357,0.27697021896451659976723009326313256618
0.86999999999999999555910790149937383831,7.734513176294717519852640492024422183e-99,105.0,0.99210358601549660520803327338941333947,0.27786797296173648637832417415605552728
0.85999999999999998667732370449812151492,8.4874050274142236817542850335788498866e-98,104.0,0.99181772114740748404229180594536109584,0.27878347907784009690610420930778855102
0.84999999999999997779553950749686919153,9.5341842002259670077684249392766323563e-97,103.0,0.99153571641289144188863425011292681545,0.27971035588255143838785256079732918248
0.83999999999999996891375531049561686814,1.0978313450554668414006678017022043339e-95,102.0,0.99125789247852255412329643348835416157,0.28071675942472718530795598791068641287
0.82999999999999996003197111349436454475,1.2976394341915695660994390161013081781e-94,102.0,0.99098361401630626495889469088464305558,0.28177901347033717631001445663226178918
0.81999999999999995115018691649311222136,1.5769122673772589481228957077761047849e-93,101.0,0.99071375375676259420764341563960496689,0.28284218542481762070580417824859797406
0.81000000000000005329070518200751394033,1.9733813426329037024714465879739518357e-92,100.0,0.99044796995682663497773540176161096687,0.28389753146634792487010321136442408747
0.80000000000000004440892098500626161695,2.547569471383034717235733589301092585e-91,99.0,0.99018547875487297337052066074739681926,0.28493530957491779078448635262570343109
0.79000000000000003552713678800500929356,3.399081473642677924930647478818457888e-90,98.0,0.98992859069657999702982612118705132138,0.28600581408563701836825546176161936811
0.78000000000000002664535259100375697017,4.696509046514649921697363007967905367e-89,97.0,0.98967537393245241578636779127349178183,0.28717893843116231984293923320695053847
0.77000000000000001776356839400250464678,6.7340177825205706957957258528967483358e-88,96.0,0.98942596897518707128065893705958994422,0.28831343973601485330488360572491763654
0.76000000000000000888178419700125232339,1.0041946965283182883223857318157223881e-86,95.0,0.98918055550424828399467651664422782345,0.28939477700402780146121031337964384714
0.75,1.5610571417947084920710502387375024014e-85,94.0,0.98893995494429091458015312367498150713,0.29057562614724457552321116883409626131
0.73999999999999999111821580299874767661,2.5359775205509234254386905501309135752e-84,93.0,0.98870381122441243983003066732484891409,0.29177126135906841296926883746563585506
0.72999999999999998223643160599749535322,4.3164299603905563843002178638835667925e-83,92.0,0.98847173981329934696542582051509561742,0.29287722441337183743992346803558633152
0.71999999999999997335464740899624302983,7.7187163362621953376668409151664435998e-82,91.0,0.98824376800385943592784551867751477132,0.29411319204882767537190271807124614608
0.70999999999999996447286321199499070644,1.4543188353073453620612688146745437254e-80,90.0,0.98801987434863764072835619237661459824,0.29530003349545321514816184676251392179
0.69999999999999995559107901499373838305,2.8959415296972423025421754151354616451e-79,89.0,0.98779997868842099043878198610488695068,0.2964744441649212644327648982380699799
0.68999999999999994670929481799248605967,6.1140564198353250527174604850404699155e-78,88.0,0.98758392997385398012428425589450509591,0.29771607402101889230068641473221775907
0.68000000000000004884981308350688777864,1.3732493457721167124566842786040090129e-76,87.0,0.98737319997764541238646764933060714542,0.29888639532235283048221185756269219944
0.67000000000000003996802888650563545525,3.2930806681333465316000472179218754909e-75,86.0,0.98716646203616139897380133133185362977,0.30014028100652628495722243445948657395
0.66000000000000003108624468950438313186,8.4630789944219571056231149430207085426e-74,84.0,0.9869632732438890895898338370230467536,0.30135100816955457482920643809736812395
0.65000000000000002220446049250313080847,2.3402423887870400356303442508011937792e-72,83.0,0.98676311775660778477226909702353914379,0.30255337459289854817089181032514559435
0.64000000000000001332267629550187848508,6.9925072278169038757266176737216817726e-71,82.0,0.98656842273916183210030603542750704271,0.30383198906358144291337053643581061223
0.63000000000000000444089209850062616169,2.2676958926936557455799645071862194339e-69,80.0,0.98637735202958266467369675491139433716,0.30502529534381309705113655365723775692
0.61999999999999999555910790149937383831,8.0199440390206797197228370468609724366e-68,79.0,0.98618881162975346616432654820203055014,0.30624282603969822404685785337221522955
0.60999999999999998667732370449812151492,3.1086388051466499400563573751900827183e-66,77.0,0.98600629159637896403446506300544494486,0.30753133209594502954494662319032373982
0.59999999999999997779553950749686919153,1.3276729943976257658599930624480778871e-64,76.0,0.9858253975740728606965783791636118938,0.30878027460367324561332076880397883432
0.58999999999999996891375531049561686814,6.2832519641735298682800936027399849767e-63,74.0,0.98564995578740714316748239989818537414,0.31000951931839395390506037254239440377
0.57999999999999996003197111349436454475,3.3147552531116045868169143162651834323e-61,73.0,0.98547764970536583847093986777337401058,0.31123482832619031928847009249822954138
0.56999999999999995115018691649311222136,1.9617935861709454379093063761407801118e-59,71.0,0.98530759793870683344823573080637307927,0.31246726884553837115565250322315693355
0.56000000000000005329070518200751394033,1.3113548158538275178560545910658746887e-57,69.0,0.9851426285797869414420982035319610159,0.31371252665717816277273083300899104892
0.55000000000000004440892098500626161695,9.9714631976231089335858364590608193724e-56,68.0,0.98498150685758059201252855390959314673,0.31497007512731664307605385164683453698
0.54000000000000003552713678800500929356,8.6907492736181825949087719893580811704e-54,66.0,0.98482337253760377677720379303417328517,0.31623214676555997153349907340394660237
0.53000000000000002664535259100375697017,8.7515282015799431542023027457984503511e-52,64.0,0.98466844922426814870181105003662868058,0.31748245153807552679482242421159607884
0.52000000000000001776356839400250464678,1.0267847127416292096587420620391423112e-49,62.0,0.98451675272234881998503425475239474631,0.31869458660043329185895277844586811039
0.51000000000000000888178419700125232339,1.4158997150147507512093190052554672654e-47,60.0,0.98436802974397280590639390513626497855,0.31990977515146312903591557961832903458
0.50,2.3154367642031306364157665892736684206e-45,58.0,0.98422167578142211620004452173648137612,0.32120479350666100130089013122644630775
0.48999999999999999111821580299874767661,4.5309029939105175401432617331269079051e-43,56.0,0.98408071014457679813143751375257220563,0.32236020494871209805496455036768159733
0.47999999999999998223643160599749535322,1.0701767422208246626935608754822409508e-40,53.0,0.9839311959446712771230771796750259045,0.32367772454662830583025478714129721878
0.46999999999999997335464740899624302983,3.074820652551883635954865427026324081e-38,51.0,0.98367506764613393535409428454182238062,0.32487404049218490833595079942947955682
0.46000000000000001998401444325281772763,1.0810142802323541535936629903686900703e-35,48.0,0.98324042813213209769704449445805151593,0.32608142726084019643568822197497304237
0.45000000000000001110223024625156540424,4.6614323857920804274427969657398783114e-33,46.0,0.98253873439648511956304558661724692253,0.32734921634479871177111590030691543775
0.44000000000000000222044604925031308085,2.4561365217883930160098655122408358249e-30,43.0,0.98143377926497969336972226566161573967,0.32858441170242038446758348721544954088
0.42999999999999999333866185224906075746,1.5594484016491550960042416799553777027e-27,40.0,0.9797131953237250619338550863276032783,0.32979879161458150010120187559082456387
0.41999999999999998445687765524780843407,1.1577075204542747919942400394342234582e-24,37.0,0.97704392850641917333465951522598094824,0.33097633578948537459228589439821604523
0.40999999999999997557509345824655611068,9.5207131992500719618574503186788863455e-22,34.0,0.97290707705889595269739666021881522173,0.33223392077169432773353152907767860622
0.40000000000000002220446049250313080847,7.9581659865545912783332949997004747361e-19,31.0,0.96651391618785597780658687095148441243,0.33346122305346005045153854901271186614
0.39000000000000001332267629550187848508,5.980629097315866326023400172549644071e-16,27.0,0.95672230667152251528190029084713362038,0.32951285559783966703774248262195550263
0.38000000000000000444089209850062616169,3.4598067425565940480499789132100857494e-13,24.0,0.94200078567782010316766279220408967519,0.31540752944552568095732140515351596136
0.36999999999999999555910790149937383831,1.2971191931382975512787390383518512116e-10,20.0,0.92051068481430742619785009531028187942,0.29160133291842782060713792978471087348
0.35999999999999998667732370449812151492,2.6711077882308665573947537062987252994e-08,16.0,0.89036589079216022317962800521461632483,0.260413859425014754199208771089094944
0.34999999999999997779553950749686919153,2.6362982485608268075654246989280887614e-06,12.0,0.85006856261658344670439509457758468828,0.22514754900788007108742634032100439534
0.34000000000000002442490654175344388932,0.00011356958586813851339067718863821487492,8.0,0.7990230099709924687399931468385044497,0.18909360399692781009424286139015548944
0.33000000000000001554312234475219156593,0.0020421192281683050886497420405519564325,3.0,0.73794327945166003460024542474894438048,0.15489888380578738772995830189406979662
0.32000000000000000666133814775093924254,0.015702904841434858137453203433029260824,0.0,0.66895353883829494333157011609890893912,0.12431856099960921416574718817794804061
0.30999999999999999777955395074968691915,0.0592171703738056735736762984210829422,0.0,0.59528048935620811041255791686009944105,0.098224662208241273721792374170771619448
0.29999999999999998889776975374843459576,0.13654052480964661615032064290270171535,0.0,0.52062431154064851890774693207256694741,0.076768192517079634262316845589818310849
0.28999999999999998001598555674718227237,0.233825281565360538626584687041873574,0.0,0.44844983155270378870333915003088136399,0.059613977812374221579088561490057109576
0.28000000000000002664535259100375697017,0.33598849292755988240875360680650609408,0.0,0.38145146175427586742137583671554071182,0.04617297378579513675963155857346368623
0.27000000000000001776356839400250464678,0.43351281273361429049851043640886621362,0.0,0.32132081883037043084696463288073785348,0.035781025235974373528696846378474313245
0.26000000000000000888178419700125232339,0.52165324142406737008050655018649067061,0.0,0.26879198162906781551616736296008680979,0.027808930191776233978244903180246283525
0.25,0.59864580147371408627460486547490834977,0.0,0.22385157178223867199989721457093438912,0.021714584877804858777783089812356974087
0.23999999999999999111821580299874767661,0.66441914651762774308448757130899300592,0.0,0.18599622329998827317818873535510629242,0.017057063414069042852240529747955024593
0.23000000000000000999200722162640886381,0.71978317357497284256851567678634674541,0.0,0.15446089884502621008184208426694830506,0.01349042362996192164285971895354227313
0.22000000000000000111022302462515654042,0.76593629421533365376095710686375955898,0.0,0.12838693445087302370635306596873484247,0.01074923816369923143508038254220064902
0.20999999999999999222843882762390421703,0.80417919047837592303197416852883643327,0.0,0.10692893387502385192011132025267947773,0.0086325280528188056949301723481111461668
0.20000000000000001110223024625156540424,0.83576032942410026840816955163700720998,0.0,0.089313181380879026907237629228253152521,0.0069891778407504078239613198529648281945
0.19000000000000000222044604925031308085,0.86180263384629503931914312582406968997,0.0,0.074862888176511580587729352321337691166,0.0057058786127720625579513567615079261424
0.17999999999999999333866185224906075746,0.88327759918181384702491223135472458479,0.0,0.063003225157710981667129076294956322451,0.0046976578397608965970074345858434175364
0.17000000000000001221245327087672194466,0.90100526384306606540035789011659926704,0.0,0.053255409884317346667997533008661968207,0.0039006582749456264471075556556995242227
0.16000000000000000333066907387546962127,0.91566684694979397105099944044404051555,0.0,0.04522579475432798269089319417385083369,0.0032667258087521027312340944760418747816
0.14999999999999999444888487687421729788,0.92782241563188707364519885237711964017,0.0,0.038593446044591690653375323589050175028,0.0027593915099246401221400086775602331786
0.14000000000000001332267629550187848508,0.93792942828639502194037225659113189047,0.0,0.033098077414037113490103158377778392059,0.0023509021056992580585001821324050113729
0.13000000000000000444089209850062616169,0.94636008818688104912652603208359553919,0.0,0.028529207705868696892627240630911065982,0.0020200278924236568938192383153318993326
0.11999999999999999555910790149937383831,0.95341663547521409328448131195708074897,0.0,0.024716846406069435197435200623320775832,0.0017504428092691051510313119293055424751
0.11000000000000000055511151231257827021,0.95934435160438787057716076074192737816,0.0,0.021523711158032221565610951157132729592,0.0015295242394081911671571120414576985445
0.10000000000000000555111512312578270212,0.96434237426768096790197775294606982068,0.0,0.018838840664927182922015231631784973014,0.0013474605892121298254153508554271334472
0.089999999999999996669330926124530378729,0.96857256285142011169574592708614363446,0.0,0.01657241339819167656579651927808442529,0.0011965848960588822913743498392101941022
0.080000000000000001665334536937734810635,0.9721666983779857844483324239970524914,0.0,0.014651575744790193471164717786186831447,0.0010708748954825788116755391781889651476
0.070000000000000006661338147750939242542,0.97523229636312730031085042357507705771,0.0,0.013017098357594428900949194692394541424,0.0009655761291247662052617315116125878937
0.059999999999999997779553950749686919153,0.97766377783559343947430299749218888591,0.0,0.011735314973684957115062400060553217551,0.00087691638680232938631769587703526092374
0.050000000000000002775557561562891351059,0.97936268692222306510670949400337758317,0.0,0.010846029856333465047446638921499515345,0.00080188825903267963113936400244742272558
0.040000000000000000832667268468867405318,0.98072227444931792998408060277702858872,0.0,0.010134200851753328591982003741661279765,0.00073808272587161633509614098088758906961
0.029999999999999998889776975374843459576,0.98186335708127972462891857583520906821,0.0,0.0095367167844527956139448010673014592222,0.00068356117573203404102070589699162527853
0.020000000000000000416333634234433702659,0.98284621754735407771772817243639311613,0.0,0.0090220609504847973569463887111173828149,0.0006367565041487233553078945118444683209
0.010000000000000000208166817117216851329,0.98370762610202786722130543611813102881,0.0,0.0085709834077733329374641634635279307507,0.00059639632481016260882996221436025241682
0.0,0.98447223798811505385603547269822750128,0.0,0.0081705845300484530666844611114446781007,0.00056144307553499501806415502744392410884
