value,sup,dur,Y,S
0.0,7.9116448586434504474822005224197578248e-38,129.0,0.99604126356473749881158068547698459163,0.88888399640339364567959965223036112503
0.020000000000000000416333634234433702659,7.9116448586434504474822005224197578248e-38,129.0,0.99604126356473749881158068547698459163,0.88888399640339364567959965223036112503
0.040000000000000000832667268468867405318,7.9116448586434504474822005224197578248e-38,129.0,0.99604126356473749881158068547698459163,0.88888399640339364567959965223036112503
0.059999999999999997779553950749686919153,7.9116448586434504474822005224197578248e-38,129.0,0.99604126356473749881158068547698459163,0.88888399640339364567959965223036112503
0.080000000000000001665334536937734810635,7.9116448586434504474822005224197578248e-38,129.0,0.99604126356473749881158068547698459163,0.88888399640339364567959965223036112503
0.10000000000000000555111512312578270212,7.9116448586434504474822005224197578248e-38,129.0,0.99604126356473749881158068547698459163,0.88888399640339364567959965223036112503
0.11999999999999999555910790149937383831,7.9116448586434504474822005224197578248e-38,129.0,0.99604126356473749881158068547698459163,0.88888399640339364567959965223036112503
0.14000000000000001332267629550187848508,7.9116448586434504474822005224197578248e-38,129.0,0.99604126356473749881158068547698459163,0.88888399640339364567959965223036112503
0.16000000000000000333066907387546962127,7.9116448586434504474822005224197578248e-38,129.0,0.99604126356473749881158068547698459163,0.88888399640339364567959965223036112503
0.17999999999999999333866185224906075746,7.9116448586434504474822005224197578248e-38,129.0,0.99604126356473749881158068547698459163,0.88888399640339364567959965223036112503
0.20000000000000001110223024625156540424,7.9116448586434504474822005224197578248e-38,129.0,0.99604126356473749881158068547698459163,0.88888399640339364567959965223036112503
0.22000000000000000111022302462515654042,7.9116448586434504474822005224197578248e-38,129.0,0.99604126356473749881158068547698459163,0.88888399640339364567959965223036112503
0.23999999999999999111821580299874767661,7.9116448586434504474822005224197578248e-38,129.0,0.99604126356473749881158068547698459163,0.88888399640339364567959965223036112503
0.26000000000000000888178419700125232339,7.9116448586434504474822005224197578248e-38,129.0,0.99604126356473749881158068547698459163,0.88888399640339364567959965223036112503
0.28000000000000002664535259100375697017,7.9116448586434504474822005224197578248e-38,129.0,0.99604126356473749881158068547698459163,0.88888399640339364567959965223036112503
0.29999999999999998889776975374843459576,7.9116448586434504474822005224197578248e-38,129.0,0.99604126356473749881158068547698459163,0.88888399640339364567959965223036112503
0.32000000000000000666133814775093924254,7.9116448586434504474822005224197578248e-38,129.0,0.99604126356473749881158068547698459163,0.88888399640339364567959965223036112503
0.34000000000000002442490654175344388932,7.9116448586434504474822005224197578248e-38,129.0,0.99604126356473749881158068547698459163,0.88888399640339364567959965223036112503
0.35999999999999998667732370449812151492,7.9116448586434504474822005224197578248e-38,129.0,0.99604126356473749881158068547698459163,0.88888399640339364567959965223036112503
0.38000000000000000444089209850062616169,7.9116448586434504474822005224197578248e-38,129.0,0.99604126356473749881158068547698459163,0.88888399640339364567959965223036112503
0.40000000000000002220446049250313080847,7.9116448586434504474822005224197578248e-38,129.0,0.99604126356473749881158068547698459163,0.88888399640339364567959965223036112503
0.41999999999999998445687765524780843407,7.9116448586434504474822005224197578248e-38,129.0,0.99604126356473749881158068547698459163,0.88888399640339364567959965223036112503
0.44000000000000000222044604925031308085,7.9116448586434504474822005224197578248e-38,129.0,0.99604126356473749881158068547698459163,0.88888399640339364567959965223036112503
0.46000000000000001998401444325281772763,7.9116448586434504474822005224197578248e-38,129.0,0.99604126356473749881158068547698459163,0.88888399640339364567959965223036112503
0.47999999999999998223643160599749535322,7.9116448586434504474822005224197578248e-38,129.0,0.99604126356473749881158068547698459163,0.88888399640339364567959965223036112503
0.50,7.9116448586434504474822005224197578248e-38,129.0,0.99604126356473749881158068547698459163,0.88888399640339364567959965223036112503
0.52000000000000001776356839400250464678,7.9116448586434504474822005224197578248e-38,129.0,0.99604126356473749881158068547698459163,0.88888399640339364567959965223036112503
0.54000000000000003552713678800500929356,7.9116448586434504474822005224197578248e-38,129.0,0.99604126356473749881158068547698459163,0.88888399640339364567959965223036112503
0.56000000000000005329070518200751394033,7.9116448586434504474822005224197578248e-38,129.0,0.99604126356473749881158068547698459163,0.88888399640339364567959965223036112503
0.57999999999999996003197111349436454475,7.9116448586434504474822005224197578248e-38,129.0,0.99604126356473749881158068547698459163,0.88888399640339364567959965223036112503
0.59999999999999997779553950749686919153,7.9116448586434504474822005224197578248e-38,129.0,0.99604126356473749881158068547698459163,0.88888399640339364567959965223036112503
0.61999999999999999555910790149937383831,7.9116448586434504474822005224197578248e-38,129.0,0.99604126356473749881158068547698459163,0.88888399640339364567959965223036112503
0.64000000000000001332267629550187848508,7.9116448586434504474822005224197578248e-38,129.0,0.99604126356473749881158068547698459163,0.88888399640339364567959965223036112503
0.66000000000000003108624468950438313186,7.9116448586434504474822005224197578248e-38,129.0,0.99604126356473749881158068547698459163,0.88888399640339364567959965223036112503
0.68000000000000004884981308350688777864,7.9116448586434504474822005224197578248e-38,129.0,0.99604126356473749881158068547698459163,0.88888399640339364567959965223036112503
0.69999999999999995559107901499373838305,7.9116448586434504474822005224197578248e-38,129.0,0.99604126356473749881158068547698459163,0.88888399640339364567959965223036112503
0.71999999999999997335464740899624302983,7.9116448586434504474822005224197578248e-38,129.0,0.99604126356473749881158068547698459163,0.88888399640339364567959965223036112503
0.73999999999999999111821580299874767661,7.9116448586434504474822005224197578248e-38,129.0,0.99604126356473749881158068547698459163,0.88888399640339364567959965223036112503
0.76000000000000000888178419700125232339,7.9116448586434504474822005224197578248e-38,129.0,0.99604126356473749881158068547698459163,0.88888399640339364567959965223036112503
0.78000000000000002664535259100375697017,7.9116448586434504474822005224197578248e-38,129.0,0.99604126356473749881158068547698459163,0.88888399640339364567959965223036112503
0.80000000000000004440892098500626161695,7.9116448586434504474822005224197578248e-38,129.0,0.99604126356473749881158068547698459163,0.88888399640339364567959965223036112503
0.81999999999999995115018691649311222136,7.9116448586434504474822005224197578248e-38,129.0,0.99604126356473749881158068547698459163,0.88888399640339364567959965223036112503
0.83999999999999996891375531049561686814,7.9116448586434504474822005224197578248e-38,129.0,0.99604126356473749881158068547698459163,0.88888399640339364567959965223036112503
0.85999999999999998667732370449812151492,7.9116448586434504474822005224197578248e-38,129.0,0.99604126356473749881158068547698459163,0.88888399640339364567959965223036112503
0.88000000000000000444089209850062616169,7.9116448586434504474822005224197578248e-38,129.0,0.99604126356473749881158068547698459163,0.88888399640339364567959965223036112503
0.90000000000000002220446049250313080847,7.9116448586434504474822005224197578248e-38,129.0,0.99604126356473749881158068547698459163,0.88888399640339364567959965223036112503
0.92000000000000003996802888650563545525,7.9116448586434504474822005224197578248e-38,129.0,0.99604126356473749881158068547698459163,0.88888399640339364567959965223036112503
0.93999999999999994670929481799248605967,7.9116448586434504474822005224197578248e-38,129.0,0.99604126356473749881158068547698459163,0.88888399640339364567959965223036112503
0.95999999999999996447286321199499070644,7.9116448586434504474822005224197578248e-38,129.0,0.99604126356473749881158068547698459163,0.88888399640339364567959965223036112503
0.97999999999999998223643160599749535322,7.9116448586434504474822005224197578248e-38,129.0,0.99604126356473749881158068547698459163,0.88888399640339364567959965223036112503
1.0,7.9116448586434504474822005224197578248e-38,129.0,0.99604126356473749881158068547698459163,0.88888399640339364567959965223036112503
