value,sup,dur,Y,S
0.0,6.500770118667155972454301278809594323e-141,132.0,0.99604126356473749881158068547698459539,0.88888399640339364567959965223036112428
0.020000000000000000416333634234433702659,6.500770118667155972454301278809594323e-141,132.0,0.99604126356473749881158068547698459539,0.88888399640339364567959965223036112428
0.040000000000000000832667268468867405318,6.500770118667155972454301278809594323e-141,132.0,0.99604126356473749881158068547698459539,0.88888399640339364567959965223036112428
0.059999999999999997779553950749686919153,6.500770118667155972454301278809594323e-141,132.0,0.99604126356473749881158068547698459539,0.88888399640339364567959965223036112428
0.080000000000000001665334536937734810635,6.500770118667155972454301278809594323e-141,132.0,0.99604126356473749881158068547698459539,0.88888399640339364567959965223036112428
0.10000000000000000555111512312578270212,6.500770118667155972454301278809594323e-141,132.0,0.99604126356473749881158068547698459539,0.88888399640339364567959965223036112428
0.11999999999999999555910790149937383831,6.500770118667155972454301278809594323e-141,132.0,0.99604126356473749881158068547698459539,0.88888399640339364567959965223036112428
0.14000000000000001332267629550187848508,6.500770118667155972454301278809594323e-141,132.0,0.99604126356473749881158068547698459539,0.88888399640339364567959965223036112428
0.16000000000000000333066907387546962127,6.500770118667155972454301278809594323e-141,132.0,0.99604126356473749881158068547698459539,0.88888399640339364567959965223036112428
0.17999999999999999333866185224906075746,6.500770118667155972454301278809594323e-141,132.0,0.99604126356473749881158068547698459539,0.88888399640339364567959965223036112428
0.20000000000000001110223024625156540424,6.500770118667155972454301278809594323e-141,132.0,0.99604126356473749881158068547698459539,0.88888399640339364567959965223036112428
0.22000000000000000111022302462515654042,6.500770118667155972454301278809594323e-141,132.0,0.99604126356473749881158068547698459539,0.88888399640339364567959965223036112428
0.23999999999999999111821580299874767661,6.500770118667155972454301278809594323e-141,132.0,0.99604126356473749881158068547698459539,0.88888399640339364567959965223036112428
0.26000000000000000888178419700125232339,6.500770118667155972454301278809594323e-141,132.0,0.99604126356473749881158068547698459539,0.88888399640339364567959965223036112428
0.28000000000000002664535259100375697017,6.500770118667155972454301278809594323e-141,132.0,0.99604126356473749881158068547698459539,0.88888399640339364567959965223036112428
0.29999999999999998889776975374843459576,6.500770118667155972454301278809594323e-141,132.0,0.99604126356473749881158068547698459539,0.88888399640339364567959965223036112428
0.32000000000000000666133814775093924254,6.500770118667155972454301278809594323e-141,132.0,0.99604126356473749881158068547698459539,0.88888399640339364567959965223036112428
0.34000000000000002442490654175344388932,6.500770118667155972454301278809594323e-141,132.0,0.99604126356473749881158068547698459539,0.88888399640339364567959965223036112428
0.35999999999999998667732370449812151492,6.500770118667155972454301278809594323e-141,132.0,0.99604126356473749881158068547698459539,0.88888399640339364567959965223036112428
0.38000000000000000444089209850062616169,6.500770118667155972454301278809594323e-141,132.0,0.99604126356473749881158068547698459539,0.88888399640339364567959965223036112428
0.40000000000000002220446049250313080847,6.500770118667155972454301278809594323e-141,132.0,0.99604126356473749881158068547698459539,0.88888399640339364567959965223036112428
0.41999999999999998445687765524780843407,6.500770118667155972454301278809594323e-141,132.0,0.99604126356473749881158068547698459539,0.88888399640339364567959965223036112428
0.44000000000000000222044604925031308085,6.500770118667155972454301278809594323e-141,132.0,0.99604126356473749881158068547698459539,0.88888399640339364567959965223036112428
0.46000000000000001998401444325281772763,6.500770118667155972454301278809594323e-141,132.0,0.99604126356473749881158068547698459539,0.88888399640339364567959965223036112428
0.47999999999999998223643160599749535322,6.500770118667155972454301278809594323e-141,132.0,0.99604126356473749881158068547698459539,0.88888399640339364567959965223036112428
0.50,6.500770118667155972454301278809594323e-141,132.0,0.99604126356473749881158068547698459539,0.88888399640339364567959965223036112428
0.52000000000000001776356839400250464678,6.500770118667155972454301278809594323e-141,132.0,0.99604126356473749881158068547698459539,0.88888399640339364567959965223036112428
0.54000000000000003552713678800500929356,6.500770118667155972454301278809594323e-141,132.0,0.99604126356473749881158068547698459539,0.88888399640339364567959965223036112428
0.56000000000000005329070518200751394033,6.500770118667155972454301278809594323e-141,132.0,0.99604126356473749881158068547698459539,0.88888399640339364567959965223036112428
0.57999999999999996003197111349436454475,6.500770118667155972454301278809594323e-141,132.0,0.99604126356473749881158068547698459539,0.88888399640339364567959965223036112428
0.59999999999999997779553950749686919153,6.500770118667155972454301278809594323e-141,132.0,0.99604126356473749881158068547698459539,0.88888399640339364567959965223036112428
0.61999999999999999555910790149937383831,6.500770118667155972454301278809594323e-141,132.0,0.99604126356473749881158068547698459539,0.88888399640339364567959965223036112428
0.64000000000000001332267629550187848508,6.500770118667155972454301278809594323e-141,132.0,0.99604126356473749881158068547698459539,0.88888399640339364567959965223036112428
0.66000000000000003108624468950438313186,6.500770118667155972454301278809594323e-141,132.0,0.99604126356473749881158068547698459539,0.88888399640339364567959965223036112428
0.68000000000000004884981308350688777864,6.500770118667155972454301278809594323e-141,132.0,0.99604126356473749881158068547698459539,0.88888399640339364567959965223036112428
0.69999999999999995559107901499373838305,6.500770118667155972454301278809594323e-141,132.0,0.99604126356473749881158068547698459539,0.88888399640339364567959965223036112428
0.71999999999999997335464740899624302983,6.500770118667155972454301278809594323e-141,132.0,0.99604126356473749881158068547698459539,0.88888399640339364567959965223036112428
0.73999999999999999111821580299874767661,6.500770118667155972454301278809594323e-141,132.0,0.99604126356473749881158068547698459539,0.88888399640339364567959965223036112428
0.76000000000000000888178419700125232339,6.500770118667155972454301278809594323e-141,132.0,0.99604126356473749881158068547698459539,0.88888399640339364567959965223036112428
0.78000000000000002664535259100375697017,6.500770118667155972454301278809594323e-141,132.0,0.99604126356473749881158068547698459539,0.88888399640339364567959965223036112428
0.80000000000000004440892098500626161695,6.500770118667155972454301278809594323e-141,132.0,0.99604126356473749881158068547698459539,0.88888399640339364567959965223036112428
0.81999999999999995115018691649311222136,6.500770118667155972454301278809594323e-141,132.0,0.99604126356473749881158068547698459539,0.88888399640339364567959965223036112428
0.83999999999999996891375531049561686814,6.500770118667155972454301278809594323e-141,132.0,0.99604126356473749881158068547698459539,0.88888399640339364567959965223036112428
0.85999999999999998667732370449812151492,6.500770118667155972454301278809594323e-141,132.0,0.99604126356473749881158068547698459539,0.88888399640339364567959965223036112428
0.88000000000000000444089209850062616169,6.500770118667155972454301278809594323e-141,132.0,0.99604126356473749881158068547698459539,0.88888399640339364567959965223036112428
0.90000000000000002220446049250313080847,6.500770118667155972454301278809594323e-141,132.0,0.99604126356473749881158068547698459539,0.88888399640339364567959965223036112428
0.92000000000000003996802888650563545525,6.500770118667155972454301278809594323e-141,132.0,0.99604126356473749881158068547698459539,0.88888399640339364567959965223036112428
0.93999999999999994670929481799248605967,6.500770118667155972454301278809594323e-141,132.0,0.99604126356473749881158068547698459539,0.88888399640339364567959965223036112428
0.95999999999999996447286321199499070644,6.500770118667155972454301278809594323e-141,132.0,0.99604126356473749881158068547698459539,0.88888399640339364567959965223036112428
0.97999999999999998223643160599749535322,6.500770118667155972454301278809594323e-141,132.0,0.99604126356473749881158068547698459539,0.88888399640339364567959965223036112428
1.0,6.500770118667155972454301278809594323e-141,132.0,0.99604126356473749881158068547698459539,0.88888399640339364567959965223036112428
